68,24 100 
68,24 4
68,24 2141
68,24 10
2036,6 25 
2061,48 75 
3270,2 72 
3593,91 70 
5342,89 80 
6242,88 250 
6259,75 101 
8272,66 100 
8272,66 4
8272,66 2141
8272,66 10
8272,66 25 
8780,68 75 
9992,91 72 
10058,78 70 
11698,11 80 
13203,52 83 
13637,09 64 434
13822,85 74 165
13822,85 61 165
15337,33 151 
15363,05 69 
16871,77 93 
16883,68 103 
16883,68 101 
18908,07 100 
18908,07 4
18908,07 2141
18908,07 10
20894,13 25 
20921,47 75 
22128,51 72 
22200,33 70 
23726,83 80 
24092,35 83 
25188,23 64 1096
25378,11 74 165
25378,11 63 165
26387,41 151 
26412,64 69 
28424,12 93 
28436,89 103 
28436,89 101 
30464,29 100 
30464,29 4
30464,29 2141
30464,29 10
32449,21 25 
32476,72 75 
33684,04 72 
33755,49 70 
35279,34 80 
36353,83 83 
36915,55 64 563
37096 74 156
37096 61 156
37605,61 151 
37634,54 69 
38543,18 93 
38565,89 103 
38565,89 101 
40596,35 100 
40596,35 4
40596,35 2141
40596,35 11
42578,22 25 
42605,75 75 
43812,48 72 
43884,43 70 
45422,02 80 
46496,28 83 
47144,1 64 648
47337,14 74 175
47337,14 63 175
48848,25 151 
48869,84 69 
49578,18 93 
49601,27 103 
49601,27 101 
51629,83 100 
51629,83 4
51629,83 2141
51629,83 11
53613,63 25 
53641,23 75 
54851,4 72 
54919,83 70 
56445,94 80 
57811,53 83 
58004,92 64 194
58214,56 74 191
58214,56 61 191
59225,41 152 
59252,86 69 
59962,93 93 
59983,57 103 
59983,57 101 
62011,83 100 
62011,83 4
62011,83 2141
62011,83 10
63995,89 25 
64023,13 75 
65231,12 72 
65302,12 70 
66824,21 80 
67194,22 83 
68280,85 64 1087
68483,04 74 183
68483,04 63 183
68992,86 151 
69021,26 69 
69928,96 93 
69939,37 103 
69939,37 101 
71970,17 100 
71970,17 4
71970,17 2141
71970,17 10
73951,67 25 
73992,38 75 
75201,09 72 
75271,38 70 
76801,06 80 
78176,25 83 
78742,18 64 566
78902,95 74 140
78902,95 62 140
80413,77 150 
80442,35 68 
81955,67 92 
81955,67 65 
81974,34 103 
81974,34 101 
82501,31 100 
82501,31 4
82501,31 2141
82501,31 11
84480,67 25 
84627,63 75 
85836,03 72 
85906,79 70 
87430,83 80 
87798,91 83 
88920,31 64 1122
89118,49 74 174
89118,49 61 174
89629,92 150 
89653,31 68 
91662,74 92 
91662,74 65 
91676,98 103 
91676,98 101 
92204,34 100 
92204,34 4
92204,34 2141
92204,34 11
94183,15 25 
94263,54 75 
95472,12 72 
95542,76 70 
97072,6 80 
98141,18 83 
98741,12 64 600
98935,05 74 181
98935,05 61 181
99944,4 150 
99968,22 68 
100880,36 92 
100880,36 65 
100899,66 103 
100899,66 101 
101429,79 100 
101429,79 4
101429,79 2141
101429,79 11
103405,93 25 
103912,86 75 
105124,66 72 
105191,95 70 
106723,28 80 
107817,2 83 
108773,7 64 957
108980,85 74 191
108980,85 61 191
109492,48 150 
109524,21 68 
111032,87 92 
111032,87 65 
111055,36 103 
111055,36 101 
111584,78 100 
111584,78 4
111584,78 2141
111584,78 11
113561,82 25 
113828,66 75 
115035,48 72 
115281,06 70 
116902,43 80 
118266,08 83 
118678,74 64 413
118882,51 74 191
118882,51 61 191
120394,35 150 
120413,03 68 
121125,65 92 
121125,65 65 
121144,44 103 
121144,44 101 
121672,03 100 
121672,03 4
121672,03 2141
121672,03 11
123650,75 25 
123971,02 75 
125181,03 72 
125250,3 70 
126782,64 80 
127155,6 83 
128300,47 64 1145
128470,01 74 155
128470,01 61 155
129479,1 150 
129502,49 68 
131511,9 92 
131511,9 65 
131526,82 103 
131526,82 101 
132062,04 100 
132062,04 4
132062,04 2141
132062,04 10
134046,4 25 
134260,02 75 
135469,2 72 
135539,24 70 
137076,37 80 
138151,07 83 
138787,12 64 636
139039 74 235
139039 63 235
140547,72 151 
140577,74 69 
141290,57 93 
141310,36 103 
141310,36 101 
143338,27 100 
143338,27 4
143338,27 2141
143338,27 10
145321,68 25 
145362,73 75 
146568,57 72 
146641,34 70 
148171,36 80 
148546,67 83 
149653,35 64 1107
149856,02 74 177
149856,02 61 177
150368,59 151 
150386,6 69 
151295,17 93 
151305,27 103 
151305,27 101 
153331,85 100 
153331,85 4
153331,85 2141
153331,85 10
155317,52 25 
155344,72 75 
156550,89 72 
156623,65 70 
158153,63 80 
159515,41 83 
160667,26 64 1152
160853,84 74 166
160853,84 62 166
161860,72 150 
161888,87 68 
163400,02 92 
163400,02 65 
163419,96 103 
163419,96 101 
163954,73 100 
163954,73 4
163954,73 2141
163954,73 11
165939,73 25 
165966,96 75 
167176,73 72 
167245,85 70 
168777,67 80 
170137,52 83 
170544,57 64 408
170730,66 74 167
170730,66 61 167
172240,51 150 
172258,67 68 
172615,19 249
174266,89 92 
174266,89 65 
174282,13 103 
174282,13 101 
174810,1 100 
174810,1 4
174810,1 2141
174810,1 11
176788,49 25 
176815,72 75 
178026,25 72 
178094,63 70 
179627 80 
180000,11 83 
180972,89 64 973
181172,86 74 187
181172,86 61 187
181680,74 150 
181707,26 68 
182616,35 92 
182616,35 65 
182638,58 103 
182638,58 101 
183167,7 100 
183167,7 4
183167,7 2141
183167,7 10
185144,93 25 
185478,38 75 
186687,34 72 
186759,25 70 
188281 80 
189356,06 83 
189755,86 64 400
189965,23 74 196
189965,23 63 196
190977,8 153 
190996,59 68 
191706,55 92 
191706,55 65 
191728,05 103 
191728,05 101 
192260,22 100 
192260,22 4
192260,22 2141
192260,22 10
194234,54 25 
194581,31 75 
195790,97 72 
195860,49 70 
197395,15 80 
198765,46 83 
199190,48 64 426
199384,91 74 180
199384,91 63 180
199894,37 151 
199912,78 69 
201922,73 93 
201937,1 103 
201937,1 101 
203963,19 100 
203963,19 4
203963,19 2141
203963,19 11
205949,43 25 
206269,67 75 
207476,8 72 
207548,95 70 
209075,56 80 
210147,36 83 
210858,15 64 711
211060,12 74 180
211060,12 61 180
212069,97 150 
212094,32 68 
212646,6 249
213606,32 92 
213606,32 65 
213625,55 103 
213625,55 101 
214158,44 100 
214158,44 4
214158,44 2141
214158,44 10
216145,17 25 
216612,19 75 
217819,53 72 
218064,42 70 
219677,8 80 
220049,84 83 
221020,47 64 971
221257,77 74 222
221257,77 63 222
222768,57 151 
222796,53 69 
224306,12 93 
224327,72 103 
224327,72 101 
226361,2 100 
226361,2 4
226361,2 2141
226361,2 11
228339,99 25 
228368,17 75 
229575,8 72 
229646,27 70 
231166,63 80 
231538,35 83 
233084,35 64 1546
233291,49 74 195
233291,49 61 195
234300,86 150 
234324,96 68 
236335,96 92 
236335,96 65 
236349,29 103 
236349,29 101 
236875,47 100 
236875,47 4
236875,47 2141
236875,47 11
238855,64 25 
239029,22 75 
240239,22 72 
240308,37 70 
241835,94 80 
242906,9 83 
243272,04 64 366
243535,27 74 242
243535,27 61 242
245044,69 150 
245067,06 68 
245779,78 92 
245779,78 65 
245798,61 103 
245798,61 101 
246325,51 100 
246325,51 4
246325,51 2141
246325,51 10
248304,91 25 
248931,7 75 
250141,71 72 
250210,85 70 
251735,88 80 
253102,63 83 
253533,58 64 431
253791,21 74 236
253791,21 63 236
254302,35 151 
254330,7 69 
255243,98 93 
255261,32 103 
255261,32 101 
257293,42 100 
257293,42 4
257293,42 2141
257293,42 11
259273,67 25 
259300,85 75 
260508,22 72 
260579,95 70 
262104,35 80 
263471,71 83 
264185,1 64 714
264398,41 74 194
264398,41 61 194
264907,44 152 
264938,76 69 
265651,98 93 
265670,27 103 
265670,27 101 
267699,19 100 
267699,19 4
267699,19 2141
267699,19 11
269682,64 25 
269710,23 75 
270921,11 72 
270988,83 70 
272517,2 80 
272881,13 83 
273992,03 64 1111
274177,21 74 164
274177,21 61 164
275689,2 150 
275707,73 68 
276620,14 92 
276620,14 65 
276639,01 103 
276639,01 101 
277166,23 100 
277166,23 4
277166,23 2141
277166,23 11
279145,32 25 
279172,88 75 
280379,74 72 
280451,5 70 
281986,26 80 
283063,42 83 
283583,22 64 520
283781,92 74 186
283781,92 61 186
284790,74 150 
284810,3 68 
286319,79 92 
286319,79 65 
286341,55 103 
286341,55 101 
286872,23 100 
286872,23 4
286872,23 2141
286872,23 10
288847,91 25 
289208,04 75 
290416,63 72 
290487,26 70 
292011,92 80 
293378,98 83 
293713,8 64 335
293928,26 74 190
293928,26 63 190
295440,78 151 
295459,42 69 
297468,35 93 
297483,52 103 
297483,52 101 
299511,67 100 
299511,67 4
299511,67 2141
299511,67 10
301495,88 25 
301523,28 75 
302730,76 72 
302802,15 70 
304335,54 80 
304707,5 83 
307384,68 64 2678
307577,98 74 165
307577,98 62 165
308586,69 150 
308614,5 68 
309323,86 92 
309323,86 65 
309345,21 103 
309345,21 101 
309872,77 100 
309872,77 4
309872,77 2141
309872,77 10
311851,58 25 
312265,07 75 
313474,78 72 
313544,2 70 
315072,35 80 
316142,73 83 
316590,84 64 449
316765,86 74 157
316765,86 62 157
317276,18 150 
317304,16 68 
319315,06 92 
319315,06 65 
319340,96 103 
319340,96 101 
319875,31 100 
319875,31 4
319875,31 2141
319875,31 11
321860,64 25 
322167,54 75 
323376,38 72 
323619,98 70 
325188,86 80 
326418,43 83 
326881,88 64 464
327097,68 74 200
327097,68 61 200
328609,75 150 
328632,62 68 
330144,66 92 
330144,66 65 
330163,08 103 
330163,08 101 
330690,55 100 
330690,55 4
330690,55 2141
330690,55 11
332669,38 25 
333096,27 75 
334304,25 72 
334375,43 70 
335895,21 80 
337267,11 83 
337548,51 64 282
337751,41 74 179
337751,41 61 179
338260,7 150 
338281,23 68 
338363,86 249
338574,11 171
339190,24 92 
339190,24 65 
339212,6 103 
339212,6 101 
339741,77 100 
339741,77 4
339741,77 2141
339741,77 11
341719,02 25 
342239,02 75 
343444,9 72 
343518,28 70 
345036,61 80 
345383,86 83 
346369,88 64 987
346620,33 74 237
346620,33 61 237
347627,5 150 
347650,51 68 
348252,56 249
348360,37 92 
348360,37 65 
348382,09 103 
348382,09 101 
348915,8 100 
348915,8 4
348915,8 2141
348915,8 10
350888,57 25 
351301,88 75 
352510,17 72 
352581,15 70 
354099,75 80 
355459,43 83 
355850,49 64 392
356062,28 74 190
356062,28 62 190
357569,42 150 
357592,99 68 
358504,29 92 
358504,29 65 
358524,45 103 
358524,45 101 
359050,88 100 
359050,88 4
359050,88 2141
359050,88 10
361030,81 25 
361617,96 75 
362825,19 72 
362896,74 70 
364410,02 80 
365481,98 83 
365924,58 64 443
366086,25 74 138
366086,25 62 138
367097,78 150 
367123,17 68 
368633,7 92 
368633,7 65 
368653,54 103 
368653,54 101 
369181,97 100 
369181,97 4
369181,97 2141
369181,97 10
371159,83 25 
371693,43 75 
372900,96 72 
372972,52 70 
374495,33 80 
374864,68 83 
375843,48 64 980
376031,96 74 168
376031,96 62 168
376543,27 150 
376572,4 68 
378579,77 92 
378579,77 65 
378596,13 103 
378596,13 101 
379129,75 100 
379129,75 4
379129,75 2141
379129,75 11
381115,68 25 
381475,99 75 
382683 72 
382755,1 70 
384275,83 80 
384647,19 83 
385854,51 64 1208
386062,25 74 189
386062,25 61 189
386570,25 152 
386594,12 69 
387302,39 93 
387312,66 103 
387312,66 101 
389340,04 100 
389340,04 4
389340,04 2141
389340,04 11
391324,72 25 
391351,9 75 
392561,84 72 
392630,88 70 
394150,87 80 
395229,35 83 
395783,65 64 555
395973,98 74 172
395973,98 61 172
397485,96 150 
397510,48 68 
399522,56 92 
399522,56 65 
399547,17 103 
399547,17 101 
400073,48 100 
400073,48 4
400073,48 2141
400073,48 10
402053,53 25 
402080,84 75 
403288,41 72 
403359,8 70 
404877,87 80 
406219,7 250 
406237,64 101 
408237,61 100 
408237,61 4
408237,61 2141
408237,61 10
408237,61 25 
408264,81 75 
409472,38 72 
409543,76 70 
411068,08 80 
412435,48 83 
412886,7 64 452
413094,59 74 193
413094,59 62 193
414103,1 150 
414129,32 68 
415042,3 92 
415042,3 65 
415060,65 103 
415060,65 101 
415593,74 100 
415593,74 4
415593,74 2141
415593,74 10
417566,98 25 
417874,01 75 
419080,45 72 
419153,2 70 
420676,69 80 
422044,77 83 
422381,03 64 337
422564,39 74 160
422564,39 62 160
424075,65 150 
424099,21 68 
425612,64 92 
425612,64 65 
425629,56 103 
425629,56 101 
426162,94 100 
426162,94 4
426162,94 2141
426162,94 11
428135,94 25 
428509,43 75 
429717,47 72 
429788,59 70 
431312,73 80 
432547 83 
433015,46 64 468
433238,74 74 199
433238,74 61 199
434249,19 150 
434268,28 68 
435744,81 249
436276,97 92 
436276,97 65 
436291,71 103 
436291,71 101 
436819,03 100 
436819,03 4
436819,03 2141
436819,03 10
438798,12 25 
439198,21 75 
440407,26 72 
440677,38 70 
442261,42 80 
442769,39 83 
443716,97 64 948
443896,82 74 155
443896,82 62 155
444405,05 150 
444436,48 68 
445347 92 
445347 65 
445367,9 103 
445367,9 101 
445898,35 100 
445898,35 4
445898,35 2141
445898,35 11
447874,22 25 
448301,37 75 
449510,5 72 
449580,2 70 
451103,99 80 
452471,93 83 
452932,34 64 460
453119,38 74 168
453119,38 61 168
454631 152 
454658,96 69 
455371,49 93 
455390,33 103 
455390,33 101 
457418,25 100 
457418,25 4
457418,25 2141
457418,25 11
459402,66 25 
459430,6 75 
460639,77 72 
460708,97 70 
462232,51 80 
462601,16 83 
464057,63 64 1457
464253,26 74 173
464253,26 61 173
465266,68 150 
465296,06 68 
465805,44 249
466806,38 92 
466806,38 65 
466825,52 103 
466825,52 101 
467354,32 100 
467354,32 4
467354,32 2141
467354,32 10
469331,8 25 
470118,61 75 
471324,84 72 
471397,82 70 
472919,64 80 
473996,25 83 
474426,08 64 430
474595,9 74 147
474595,9 62 147
475106,7 150 
475130,2 68 
476043,12 92 
476043,12 65 
476061,6 103 
476061,6 101 
476595,06 100 
476595,06 4
476595,06 2141
476595,06 10
478581,22 25 
479034,8 75 
480243,4 72 
480314,04 70 
481845,42 80 
482925,77 83 
483408,52 64 484
483598,11 74 166
483598,11 62 166
485106,53 150 
485126,71 68 
485835,74 92 
485835,74 65 
485857,48 103 
485857,48 101 
486386,27 100 
486386,27 4
486386,27 2141
486386,27 10
488363,79 25 
488910,64 75 
490122,1 72 
490191,71 70 
491710,4 80 
493081,5 83 
493478,61 64 398
493673,35 74 179
493673,35 62 179
494181,42 150 
494202,92 68 
496215,14 92 
496215,14 65 
496239,8 103 
496239,8 101 
496766,51 100 
496766,51 4
496766,51 2141
496766,51 11
498746,18 25 
499319,68 75 
500527,2 72 
500598,74 70 
502130,84 80 
502517,57 83 
504205,23 64 1688
504478,38 74 255
504478,38 61 255
505487,93 150 
505518,16 68 
507027,31 92 
507027,31 65 
507048,55 103 
507048,55 101 
507586,05 100 
507586,05 4
507586,05 2141
507586,05 11
509568,3 25 
509968,48 75 
511176,04 72 
511247,6 70 
512772,1 80 
513832,92 83 
514383,27 64 550
514569,62 74 165
514569,62 61 165
515582,76 150 
515606,4 68 
516315,75 92 
516315,75 65 
516338,06 103 
516338,06 101 
516864,35 100 
516864,35 4
516864,35 2141
516864,35 10
518844,29 25 
519364,53 75 
520572,01 72 
520643,7 70 
522166,1 80 
522535,76 83 
523611,7 64 1077
523817,12 74 189
523817,12 62 189
524326,05 150 
524350,41 68 
525862,12 92 
525862,12 65 
525880,68 103 
525880,68 101 
526408,09 100 
526408,09 4
526408,09 2141
526408,09 11
528386,96 25 
528987,07 75 
530194,69 72 
530266,34 70 
531799,3 80 
533171,23 83 
533648,71 64 478
533888,09 74 224
533888,09 61 224
535401,58 150 
535425,49 68 
537436,41 92 
537436,41 65 
537462,41 103 
537462,41 101 
537993,45 100 
537993,45 4
537993,45 2141
537993,45 10
539982,06 25 
540249,22 75 
541457,5 72 
541528,22 70 
543050,92 80 
544393,21 83 
544864,79 64 472
545064,91 74 179
545064,91 62 179
546577,17 150 
546607,63 68 
547516,46 92 
547516,46 65 
547538,15 103 
547538,15 101 
548064,78 100 
548064,78 4
548064,78 2141
548064,78 11
550044,58 25 
550578,15 75 
551786,26 72 
551857,17 70 
553390,56 80 
553762,62 83 
555220,4 64 1458
555424,67 74 183
555424,67 61 183
556437,33 150 
556456,81 68 
556503,43 249
556831,18 171
557367,7 92 
557367,7 65 
557387,45 103 
557387,45 101 
557915,34 100 
557915,34 4
557915,34 2141
557915,34 11
559893,64 25 
560133,93 75 
561342,88 72 
561413,18 70 
562936,96 80 
564318,11 83 
564947,22 64 629
565195,83 74 225
565195,83 61 225
565708,5 150 
565732,76 68 
566265,82 249
567037,97 171
567745,21 92 
567745,21 65 
567769,68 103 
567769,68 101 
568299,83 100 
568299,83 4
568299,83 2141
568299,83 10
570275,99 25 
570622,88 75 
571831,2 72 
571902,03 70 
573425,4 80 
573794,12 83 
574781,85 64 988
575006,83 74 200
575006,83 62 200
576515,46 150 
576541,58 68 
577253,18 92 
577253,18 65 
577272,33 103 
577272,33 101 
577801,98 100 
577801,98 4
577801,98 2141
577801,98 10
579778,61 25 
580018,97 75 
581226,88 72 
581298,12 70 
582816,81 80 
583896,54 83 
584371,75 64 476
584571,45 74 182
584571,45 62 182
585080,84 150 
585111,47 68 
586618,61 92 
586618,61 65 
586641,72 103 
586641,72 101 
587172,85 100 
587172,85 4
587172,85 2141
587172,85 11
589148,13 25 
589868,09 75 
591075,5 72 
591147,41 70 
592669,16 80 
594052,29 83 
594648,76 64 597
594883,82 74 219
594883,82 61 219
595896,48 150 
595920,17 68 
596628,21 92 
596628,21 65 
596650,83 103 
596650,83 101 
597180,82 100 
597180,82 4
597180,82 2141
597180,82 10
599157,18 25 
599743,92 75 
600951,37 72 
601023,12 70 
602539,72 80 
603914,81 83 
604656,27 64 742
604884,07 74 210
604884,07 62 210
605394,86 150 
605421,97 68 
606929,92 92 
606929,92 65 
606953,13 103 
606953,13 101 
607481,57 100 
607481,57 4
607481,57 2141
607481,57 10
609459,43 25 
609846,52 75 
611054,89 72 
611125,63 70 
612654,24 80 
613724,1 83 
614574,35 64 850
614793,29 74 203
614793,29 62 203
615805,97 150 
615831,63 68 
616742,11 92 
616742,11 65 
616762,4 103 
616762,4 101 
617288,89 100 
617288,89 4
617288,89 2141
617288,89 11
619268,73 25 
619948,78 75 
621157,3 72 
621228,01 70 
622746,8 80 
623120,1 83 
624320,98 64 1201
624589,15 74 243
624589,15 61 243
626101,57 152 
626119,72 69 
627554,59 249 
627771,25 181 
628130,68 93 
628144,2 103 
628144,2 101 
630181,34 100 
630181,34 4
630181,34 2141
630181,34 10
632156,61 25 
632184,39 75 
633393,41 72 
633462,84 70 
634991,77 80 
636061,25 83 
636851,78 64 791
637057,94 74 184
637057,94 62 184
638069,57 150 
638089,05 68 
639599,57 92 
639599,57 65 
639619,39 103 
639619,39 101 
640145,9 100 
640145,9 4
640145,9 2141
640145,9 11
642125,72 25 
642459,24 75 
643669,01 72 
643911,76 70 
645586,77 80 
646083,7 83 
647238,31 64 1155
647471,18 74 215
647471,18 61 215
647982,27 150 
648004,82 68 
650014,23 92 
650014,23 65 
650028,4 103 
650028,4 101 
650556,1 100 
650556,1 4
650556,1 2141
650556,1 10
652534,61 25 
652934,85 75 
654141,93 72 
654214,04 70 
655749,53 80 
657119,08 83 
657566,5 64 448
657756,16 74 171
657756,16 62 171
659268,05 150 
659292,19 68 
660201,24 92 
660201,24 65 
660224,12 103 
660224,12 101 
660755,26 100 
660755,26 4
660755,26 2141
660755,26 11
662730,48 25 
663183,91 75 
664390,74 72 
664463,26 70 
665984,33 80 
666355,19 83 
667532,74 64 1178
667764,42 74 210
667764,42 61 210
669275,45 150 
669302,44 68 
670014,97 92 
670014,97 65 
670033,26 103 
670033,26 101 
670561,88 100 
670561,88 4
670561,88 2141
670561,88 11
672539,54 25 
673206,34 75 
674415,22 72 
674485,51 70 
676022,27 80 
677097,29 83 
678421,61 64 1325
678621,82 74 179
678621,82 61 179
679632,84 150 
679658,2 68 
680568,35 92 
680568,35 65 
680588,77 103 
680588,77 101 
681117,4 100 
681117,4 4
681117,4 2141
681117,4 10
683095,13 25 
683668,6 75 
684877,59 72 
684947,72 70 
686473,1 80 
687839,4 83 
688354,82 64 516
688551,05 74 179
688551,05 62 179
689060,07 152 
689080,82 69 
689791,37 93 
689811,57 103 
689811,57 101 
691847,08 100 
691847,08 4
691847,08 2141
691847,08 11
693823,93 25 
693851,29 75 
695060,14 72 
695130,21 70 
696659,19 80 
698035,13 83 
698847,96 64 813
699084,55 74 211
699084,55 61 211
700593,45 150 
700621,83 68 
700737,91 249
700872,96 171
702632,01 92 
702632,01 65 
702646,17 103 
702646,17 101 
703172,52 100 
703172,52 4
703172,52 2141
703172,52 10
705152,45 25 
705272,76 75 
706480,61 72 
706552,11 70 
708072,22 80 
709150,5 83 
709890,42 64 740
710109,72 74 200
710109,72 62 200
711120,01 150 
711150,83 68 
712659,72 92 
712659,72 65 
712681,92 103 
712681,92 101 
713210,28 100 
713210,28 4
713210,28 2141
713210,28 10
715188,3 25 
715735,1 75 
716943,71 72 
717014,27 70 
718539,41 80 
718906,42 83 
720243,92 64 1338
720402,43 74 137
720402,43 62 137
720913,59 150 
720934,07 68 
721842,76 92 
721842,76 65 
721864,78 103 
721864,78 101 
722393,32 100 
722393,32 4
722393,32 2141
722393,32 11
724371,03 25 
724837,93 75 
726045,83 72 
726117,11 70 
727647,58 80 
728702,28 83 
729434,41 64 732
729690,4 74 242
729690,4 61 242
730697,63 150 
730716,76 68 
731679,76 249
732227,21 92 
732227,21 65 
732247,12 103 
732247,12 101 
732775,35 100 
732775,35 4
732775,35 2141
732775,35 11
734753,43 25 
735180,28 75 
736388,11 72 
736459,43 70 
737982,8 80 
739351,12 83 
739794,01 64 442
740060,19 74 243
740060,19 61 243
741571,16 150 
741591,3 68 
742302,01 92 
742302,01 65 
742322,83 103 
742322,83 101 
742850,42 100 
742850,42 4
742850,42 2141
742850,42 11
744829,09 25 
745389,3 75 
746599,43 72 
746841,74 70 
748475,76 80 
748840,39 83 
750804,88 64 1965
751032,75 74 207
751032,75 61 207
751539,95 152 
751561,16 69 
753572,89 93 
753584,82 103 
753584,82 101 
755618,91 100 
755618,91 4
755618,91 2141
755618,91 10
757597,15 25 
757624,69 75 
758834,61 72 
758903,29 70 
760433,95 80 
760795,4 83 
762111,14 64 1316
762326,63 74 199
762326,63 62 199
763835,1 150 
763862,56 68 
765374,97 92 
765374,97 65 
765393,07 103 
765393,07 101 
765920,48 100 
765920,48 4
765920,48 2141
765920,48 10
767899,47 25 
768312,9 75 
769521,11 72 
769592,12 70 
771115,47 80 
772190,56 83 
773003,96 64 814
773213,19 74 183
773213,19 62 183
774227,53 150 
774258,27 68 
776268,78 92 
776268,78 65 
776295,14 103 
776295,14 101 
776824,26 100 
776824,26 4
776824,26 2141
776824,26 11
778801,49 25 
779388,35 75 
780596,13 72 
780667,58 70 
782194,34 80 
783572,4 83 
784010,68 64 439
784284,03 74 259
784284,03 61 259
784794,65 150 
784813,95 68 
785525,74 92 
785525,74 65 
785544,62 103 
785544,62 101 
786077,5 100 
786077,5 4
786077,5 2141
786077,5 10
788064,24 25 
788317,84 75 
789528,04 72 
789596,98 70 
791118,8 80 
791489,08 83 
792716,89 64 1228
792944,12 74 216
792944,12 62 216
793451,92 150 
793476,9 68 
794391,14 92 
794391,14 65 
794407,5 103 
794407,5 101 
794939,38 100 
794939,38 4
794939,38 2141
794939,38 10
796913,89 25 
798393,6 75 
799599,77 72 
799672,76 70 
801199,98 80 
802577,73 83 
803283,61 64 707
803456,24 74 159
803456,24 62 159
804964,24 150 
804992,14 68 
805904,8 92 
805904,8 65 
805922,66 103 
805922,66 101 
806450,37 100 
806450,37 4
806450,37 2141
806450,37 11
808428,96 25 
808869,17 75 
810077,76 72 
810148,33 70 
811675,2 80 
812746,82 83 
813322,47 64 576
813558,48 74 213
813558,48 61 213
814569,27 150 
814587,95 68 
815297,51 92 
815297,51 65 
815318,78 103 
815318,78 101 
815849,39 100 
815849,39 4
815849,39 2141
815849,39 11
817825,12 25 
818278,52 75 
819487,17 72 
819557,73 70 
821083,14 80 
822156,22 83 
823270,99 64 1115
823513,83 74 225
823513,83 61 225
824522,24 150 
824543,91 68 
825114,88 249
826555,64 92 
826555,64 65 
826580,65 103 
826580,65 101 
827109,59 100 
827109,59 4
827109,59 2141
827109,59 10
829086,99 25 
829287,2 75 
830495,14 72 
830566,48 70 
832102,47 80 
832471,83 83 
833693,96 64 1223
833878,92 74 168
833878,92 62 168
834388,36 150 
834418,84 68 
835930,48 92 
835930,48 65 
835950,08 103 
835950,08 101 
836481,07 100 
836481,07 5
836481,07 2141
836481,07 11
836481,07 78 
836481,07 198 
838456,33 25 
838883,47 75 
840092,75 72 
840164,04 70 
841680,31 80 
843054,02 83 
843671,84 64 618
843898,4 74 205
843898,4 61 205
845407,84 151 
845428,36 69 
846936,94 93 
846958,7 103 
846958,7 101 
848990,27 100 
848990,27 5
848990,27 2141
848990,27 10
850971,04 25 
850999,5 75 
852207,71 72 
852277,3 70 
853807,73 80 
854182,68 83 
855481,37 64 1299
855694,09 74 192
855694,09 62 192
856701,54 151 
856730,3 69 
857642,32 93 
857661,13 103 
857661,13 101 
859688,81 100 
859688,81 5
859688,81 2141
859688,81 10
861673,23 25 
861700,56 75 
862907,92 72 
862979,38 70 
864509,27 80 
865871,18 83 
866393,18 64 522
866572,27 74 155
866572,27 62 155
867081,6 151 
867099,3 69 
867810,79 93 
867829,95 103 
867829,95 101 
869857,06 100 
869857,06 5
869857,06 2141
869857,06 10
871842,33 25 
871869,62 75 
873076,59 72 
873148,51 70 
874677,3 80 
875746,92 83 
876314,61 64 568
876541,09 74 208
876541,09 62 208
878051,42 151 
878081,29 69 
879694,48 249 
880089,67 93 
880105,77 103 
880105,77 101 
882141,12 100 
882141,12 5
882141,12 2141
882141,12 11
884117,1 25 
884144,75 75 
885351,87 72 
885423,31 70 
886947,52 80 
888021,74 83 
888920,95 64 900
889153,3 74 212
889153,3 61 212
890164,74 151 
890195,28 69 
890902,92 93 
890913,52 103 
890913,52 101 
892940,54 100 
892940,54 5
892940,54 2141
892940,54 10
894925,87 25 
894953,69 75 
896162,36 72 
896232,18 70 
897746,79 80 
898110,83 83 
898879,88 64 770
899121,68 74 225
899121,68 61 225
899632,13 151 
899657,97 69 
901167,15 93 
901189,26 103 
901189,26 101 
903218,59 100 
903218,59 5
903218,59 2141
903218,59 11
905201,55 25 
905228,76 75 
906438,76 72 
906507,78 70 
908028,09 80 
909399,54 83 
910705,24 64 1306
910741,98 256 
910971,66 74 254
910971,66 62 254
912480,34 150 
912506,7 68 
913417,39 92 
913417,39 65 
913437,36 103 
913437,36 101 
913968,4 100 
913968,4 5
913968,4 2141
913968,4 11
915943,65 25 
915971,36 75 
917182,88 72 
917249,97 70 
918771,13 80 
919835,02 83 
920517,84 64 683
920720,06 74 179
920720,06 62 179
921230,38 150 
921250,58 68 
923261,26 92 
923261,26 65 
923286,53 103 
923286,53 101 
923814,68 100 
923814,68 5
923814,68 2141
923814,68 11
925792,83 25 
926179,72 75 
927389,48 72 
927458,91 70 
928983,24 80 
930350,61 83 
930723,19 64 373
930899,04 74 162
930899,04 62 162
932409,31 152 
932431,69 69 
934439,71 93 
934455,14 103 
934455,14 101 
936481,35 100 
936481,35 5
936481,35 2141
936481,35 10
938467,51 25 
938495,03 75 
939703,55 72 
939773,82 70 
941298,88 80 
941665,86 83 
942655,27 64 990
942842,25 74 164
942842,25 61 164
943850,95 151 
943880,08 69 
944791,88 93 
944810,86 103 
944810,86 101 
946847,82 100 
946847,82 5
946847,82 2141
946847,82 11
948823,18 25 
948850,46 75 
950058,75 72 
950289,47 70 
951952,6 80 
953487,54 83 
953931,05 64 444
954112,73 74 159
954112,73 62 159
954624,54 150 
954648,95 68 
955359,11 92 
955359,11 65 
955379,75 103 
955379,75 101 
955908,48 100 
955908,48 5
955908,48 2141
955908,48 10
957886,03 25 
958246,22 75 
959454,02 72 
959525,47 70 
961040,85 80 
962097,2 83 
962522,49 64 426
962725,63 74 189
962725,63 63 189
963738,33 150 
963765,14 68 
964291,31 249
965276,89 92 
965276,89 65 
965295,52 103 
965295,52 101 
965825,45 100 
965825,45 5
965825,45 2141
965825,45 11
967801,86 25 
967962,33 75 
969171,68 72 
969241,31 70 
970765,82 80 
971133,36 83 
972140,2 64 1007
972339,42 74 180
972339,42 62 180
973852,01 150 
973880,11 68 
974590,02 92 
974590,02 65 
974611,57 103 
974611,57 101 
975145,42 100 
975145,42 5
975145,42 2141
975145,42 11
977117,98 25 
977265 75 
978473,76 72 
978544,1 70 
980061,6 80 
981129,17 83 
981594,88 64 466
981773,95 74 165
981773,95 62 165
982786,28 150 
982810,42 68 
983719,65 92 
983719,65 65 
983741,06 103 
983741,06 101 
984269,52 100 
984269,52 5
984269,52 2141
984269,52 10
986247,36 25 
986474,5 75 
987682,13 72 
987753,48 70 
989275,56 80 
990645,18 83 
991031,43 64 386
991234,62 74 190
991234,62 63 190
991743,94 150 
991766,71 68 
992352,45 249
993777,45 92 
993777,45 65 
993790,17 103 
993790,17 101 
994317,27 100 
994317,27 5
994317,27 2141
994317,27 10
996296,56 25 
996803,53 75 
998011,36 72 
998082,5 70 
999608,56 80 
999974,62 83 
1000995,27 64 1021
1001297,89 74 284
1001297,89 63 284
1002808,02 150 
1002827,86 68 
1003347,88 249
1004337,97 92 
1004337,97 65 
1004359,09 103 
1004359,09 101 
1004893,85 100 
1004893,85 5
1004893,85 2141
1004893,85 10
1006878,89 25 
1007252,44 75 
1008458,8 72 
1008531,45 70 
1010056,01 80 
1011423,1 83 
1011802,99 64 380
1012010,78 74 188
1012010,78 63 188
1013021,75 150 
1013050,24 68 
1013959,22 92 
1013959,22 65 
1013981,65 103 
1013981,65 101 
1014508,98 100 
1014508,98 5
1014508,98 2141
1014508,98 11
1016488,08 25 
1016954,93 75 
1018163,27 72 
1018234,08 70 
1019747,91 80 
1020805,82 83 
1021383,03 64 578
1021585,46 74 181
1021585,46 62 181
1022098,29 150 
1022126,53 68 
1022837,64 92 
1022837,64 65 
1022857,96 103 
1022857,96 101 
1023385,41 100 
1023385,41 5
1023385,41 2141
1023385,41 11
1025364,32 25 
1025497,93 75 
1026706,82 72 
1026777,09 70 
1028296,35 80 
1028655,87 83 
1029705,97 64 1051
1029889,53 74 168
1029889,53 62 168
1031398,85 152 
1031429,24 69 
1032940,51 93 
1032960,35 103 
1032960,35 101 
1034993,48 100 
1034993,48 5
1034993,48 2141
1034993,48 10
1036972,66 25 
1037000,14 75 
1038210,4 72 
1038280,52 70 
1039797,94 80 
1041170,65 83 
1043778,05 64 2608
1044015,03 74 219
1044015,03 63 219
1045025,52 150 
1045050,91 68 
1045501,58 249
1047062,28 92 
1047062,28 65 
1047087,73 103 
1047087,73 101 
1047618,02 100 
1047618,02 5
1047618,02 2141
1047618,02 10
1049594,09 25 
1050260,77 75 
1051469,71 72 
1051540,01 70 
1053061,26 80 
1053432,11 83 
1054351,03 64 919
1054553,52 74 189
1054553,52 63 189
1056061,35 150 
1056085,38 68 
1056542,17 249
1057598,54 92 
1057598,54 65 
1057616,6 103 
1057616,6 101 
1058144,85 100 
1058144,85 5
1058144,85 2141
1058144,85 11
1060122,99 25 
1060283,34 75 
1061493,51 72 
1061562,46 70 
1063213,24 80 
1064280,88 83 
1067055,45 64 2775
1067239,37 74 160
1067239,37 62 160
1067750,31 150 
1067773,8 68 
1069783,71 92 
1069783,71 65 
1069798,14 103 
1069798,14 101 
1070331,53 100 
1070331,53 5
1070331,53 2141
1070331,53 11
1072317,78 25 
1072598,19 75 
1073806,13 72 
1073877,25 70 
1075401,61 80 
1076768,97 83 
1077451,01 64 682
1077656,95 74 182
1077656,95 62 182
1079168,92 150 
1079196,48 68 
1079905,08 92 
1079905,08 65 
1079927,23 103 
1079927,23 101 
1080455,87 100 
1080455,87 5
1080455,87 2141
1080455,87 11
1082433,63 25 
1086632,17 75 
1087842,08 72 
1087911,39 70 
1089436,81 80 
1090509,81 83 
1091021,36 64 512
1091215,58 74 173
1091215,58 62 173
1092225,55 150 
1092244,41 68 
1093152,43 92 
1093152,43 65 
1093174,98 103 
1093174,98 101 
1093704,58 100 
1093704,58 5
1093704,58 2141
1093704,58 11
1095681,28 25 
1096121,48 75 
1097329,39 72 
1097400,71 70 
1098927,61 80 
1099292,79 83 
1100265,96 64 974
1100451,62 74 173
1100451,62 62 173
1100960,17 150 
1100987,34 68 
1101315,14 249
1101454,75 172 
1102998,9 92 
1102998,9 65 
1103024,18 103 
1103024,18 101 
1103559,23 100 
1103559,23 5
1103559,23 2141
1103559,23 10
1105543,79 25 
1106077,43 75 
1107285,65 72 
1107356,44 70 
1108876,87 80 
1109954,96 83 
1110354,43 64 399
1110552,72 74 185
1110552,72 63 185
1111565,51 150 
1111596,25 68 
1112056,21 249
1112507,4 92 
1112507,4 65 
1112526,84 103 
1112526,84 101 
1113055,04 100 
1113055,04 5
1113055,04 2141
1113055,04 10
1115033,13 25 
1115366,72 75 
1116576 72 
1116645,89 70 
1118168,36 80 
1118538,1 83 
1119818,34 64 1280
1120078,78 74 248
1120078,78 63 248
1121591,17 150 
1121617,83 68 
1122138,14 249
1123129,65 92 
1123129,65 65 
1123149 103 
1123149 101 
1123675,59 100 
1123675,59 5
1123675,59 2141
1123675,59 10
1125655,35 25 
1126388,79 75 
1127597,42 72 
1127667,99 70 
1129191,48 80 
1130559,59 83 
1131215,12 64 656
1131489,93 74 251
1131489,93 63 251
1132003,92 150 
1132026,87 68 
1132353,43 249
1132436,92 173 
1132736,92 92 
1132736,92 65 
1132758,31 103 
1132758,31 101 
1133290,73 100 
1133290,73 5
1133290,73 2141
1133290,73 11
1135277,99 25 
1135864,71 75 
1137074,36 72 
1137143,95 70 
1138671,13 80 
1139742,44 83 
1140337,76 64 596
1140537,13 74 182
1140537,13 62 182
1141044,81 152 
1141064,02 69 
1141974,43 93 
1141994,51 103 
1141994,51 101 
1144023,31 100 
1144023,31 5
1144023,31 2141
1144023,31 10
1146006,74 25 
1147033,44 75 
1148242,33 72 
1148312,62 70 
1149832,66 80 
1151217,73 83 
1151663,56 64 447
1151868,59 74 185
1151868,59 63 185
1152879,17 150 
1152897,99 68 
1153313,93 249
1154908,78 92 
1154908,78 65 
1154935,65 103 
1154935,65 101 
1155466,34 100 
1155466,34 5
1155466,34 2141
1155466,34 10
1157442,05 25 
1157735,55 75 
1158944,08 72 
1159016,54 70 
1160538,46 80 
1160906,86 83 
1161824,01 64 918
1162052,34 74 213
1162052,34 63 213
1163563,24 152 
1163587,58 69 
1164296,55 93 
1164318,36 103 
1164318,36 101 
1166353,31 100 
1166353,31 5
1166353,31 2141
1166353,31 11
1168332,91 25 
1168357,86 75 
1169568,44 72 
1169636,92 70 
1171156,66 80 
1172235,37 83 
1172915,67 64 681
1173149,3 74 221
1173149,3 63 221
1174657,67 151 
1174675,23 69 
1175644,87 249 
1175686,45 183 
1176187,7 93 
1176206,66 103 
1176206,66 101 
1178239,1 100 
1178239,1 5
1178239,1 2141
1178239,1 10
1180219,17 25 
1180246,47 75 
1181455,12 72 
1181525,23 70 
1183059,33 80 
1183430,62 83 
1184409,35 64 979
1184639,92 74 210
1184639,92 63 210
1185150,01 150 
1185177,7 68 
1185720,17 249
1186086,25 92 
1186086,25 65 
1186109,15 103 
1186109,15 101 
1186636,28 100 
1186636,28 5
1186636,28 2141
1186636,28 10
1188615,5 25 
1189002,31 75 
1190212,59 72 
1190281,55 70 
1191813,2 80 
1193186,63 83 
1193565,6 64 380
1193790,8 74 205
1193790,8 63 205
1194801,57 150 
1194827,15 68 
1196839,66 92 
1196839,66 65 
1196864,66 103 
1196864,66 101 
1197397,67 100 
1197397,67 5
1197397,67 2141
1197397,67 11
1199370,9 25 
1199398 75 
1200606,38 72 
1200677,18 70 
1202201,81 80 
1202569,29 83 
1203590,44 64 1022
1203771,37 74 163
1203771,37 62 163
1204285,04 150 
1204303,1 68 
1205812,41 92 
1205812,41 65 
1205834,24 103 
1205834,24 101 
1206361,54 100 
1206361,54 5
1206361,54 2141
1206361,54 11
1208340,49 25 
1208460,8 75 
1209668,34 72 
1209740,09 70 
1211261,93 80 
1212631,64 83 
1212997,77 64 367
1213163,78 74 146
1213163,78 62 146
1214675,94 150 
1214699,36 68 
1215409,43 92 
1215409,43 65 
1215430,13 103 
1215430,13 101 
1215958,03 100 
1215958,03 5
1215958,03 2141
1215958,03 11
1217936,5 25 
1218336,61 75 
1219545,7 72 
1219615,81 70 
1221141,59 80 
1222215,12 83 
1222915,59 64 702
1223084,54 74 151
1223084,54 62 151
1224093,35 150 
1224122,12 68 
1225030,66 92 
1225030,66 65 
1225052,85 103 
1225052,85 101 
1225585,27 100 
1225585,27 5
1225585,27 2141
1225585,27 10
1227559,05 25 
1228212,5 75 
1229421,83 72 
1229491,66 70 
1231014,74 80 
1231383,75 83 
1232688,08 64 1305
1232926,07 74 223
1232926,07 63 223
1233937,43 150 
1233958,06 68 
1234670,16 249
1235469,35 92 
1235469,35 65 
1235488,38 103 
1235488,38 101 
1236014,6 100 
1236014,6 5
1236014,6 2141
1236014,6 11
1237994,69 25 
1238581,54 75 
1239790,2 72 
1239860,73 70 
1241391,12 80 
1242765,69 83 
1243062,37 64 297
1243238,14 74 153
1243238,14 62 153
1243746,82 150 
1243766,47 68 
1244478,89 92 
1244478,89 65 
1244497,9 103 
1244497,9 101 
1245025,83 100 
1245025,83 5
1245025,83 2141
1245025,83 10
1247004,17 25 
1247604,31 75 
1248815,79 72 
1248883,65 70 
1250414,06 80 
1251482,04 83 
1251934,26 64 452
1252196,19 74 248
1252196,19 63 248
1253705,06 150 
1253736,36 68 
1254227,97 249
1255744,26 92 
1255744,26 65 
1255759,82 103 
1255759,82 101 
1256296,28 100 
1256296,28 5
1256296,28 2141
1256296,28 10
1258279,47 25 
1258866,22 75 
1260075,52 72 
1260145,47 70 
1261667,99 80 
1262037,54 83 
1262841,97 64 805
1263075,77 74 213
1263075,77 63 213
1263586,94 150 
1263611,35 68 
1264176,01 249
1265620,18 92 
1265620,18 65 
1265635,72 103 
1265635,72 101 
1266162,13 100 
1266162,13 5
1266162,13 2141
1266162,13 10
1268141,98 25 
1268328,97 75 
1269535,88 72 
1269768,03 70 
1271400,36 80 
1272473,14 83 
1273256,27 64 783
1273499,41 74 227
1273499,41 63 227
1275006,48 150 
1275033,16 68 
1275449,78 249
1275743,87 92 
1275743,87 65 
1275764,73 103 
1275764,73 101 
1276291,23 100 
1276291,23 5
1276291,23 2141
1276291,23 11
1278271 25 
1278551,28 75 
1279760,04 72 
1279830,49 70 
1281354,66 80 
1282722,16 83 
1283050,77 64 329
1283264,17 74 196
1283264,17 62 196
1284274,92 150 
1284296,01 68 
1285807,66 92 
1285807,66 65 
1285827,16 103 
1285827,16 101 
1286357,57 100 
1286357,57 5
1286357,57 2141
1286357,57 10
1288333,44 25 
1288827,02 75 
1290037,02 72 
1290106,23 70 
1291628,81 80 
1291998,25 83 
1293164,14 64 1166
1293390,88 74 207
1293390,88 63 207
1293900,59 150 
1293919,57 68 
1294493,23 249
1294831,73 92 
1294831,73 65 
1294849,99 103 
1294849,99 101 
1295377,77 100 
1295377,77 5
1295377,77 2141
1295377,77 10
1297356,31 25 
1297889,92 75 
1299097,51 72 
1299168,98 70 
1300700,21 80 
1301767,5 83 
1302402,58 64 636
1302652,15 74 232
1302652,15 63 232
1303660,66 150 
1303687,82 68 
1304234,07 249
1304596,88 92 
1304596,88 65 
1304620,37 103 
1304620,37 101 
1305146,57 100 
1305146,57 5
1305146,57 2141
1305146,57 11
1307125,62 25 
1307685,75 75 
1307693,49 250 
1307710,92 101 
1309724,4 100 
1309724,4 5
1309724,4 2141
1309724,4 11
1309724,4 25 
1309751,35 75 
1310962,4 72 
1311030,69 70 
1312555,55 80 
1313922,29 83 
1314380,37 64 458
1314569,78 74 168
1314569,78 62 168
1316082,65 150 
1316109,25 68 
1316454,82 249
1316583,49 172 
1318121,43 92 
1318121,43 65 
1318146,87 103 
1318146,87 101 
1318678,71 100 
1318678,71 5
1318678,71 2141
1318678,71 11
1320653,2 25 
1321053,38 75 
1322263,59 72 
1322332,55 70 
1323856,77 80 
1325237,6 83 
1325878,83 64 642
1326070,7 74 167
1326070,7 62 167
1327082,11 150 
1327105,41 68 
1327454,36 249
1327500,25 172 
1327817,89 92 
1327817,89 65 
1327836,13 103 
1327836,13 101 
1328364,16 100 
1328364,16 5
1328364,16 2141
1328364,16 10
1330342,44 25 
1330676,15 75 
1331886,19 72 
1331955,27 70 
1333487,82 80 
1334567 83 
1335673,63 64 1107
1335897,87 74 199
1335897,87 63 199
1337407,02 150 
1337434,48 68 
1338304,48 249
1338942,03 92 
1338942,03 65 
1338964,76 103 
1338964,76 101 
1339494,93 100 
1339494,93 5
1339494,93 2141
1339494,93 11
1341471,09 25 
1341644,73 75 
1342852,87 72 
1342923,92 70 
1344439,72 80 
1344802,66 83 
1345783,3 64 981
1345981,15 74 179
1345981,15 62 179
1346491,34 152 
1346510,49 69 
1348020,59 93 
1348041 103 
1348041 101 
1350075,55 100 
1350075,55 5
1350075,55 2141
1350075,55 11
1352053,26 25 
1352080,74 75 
1353287,24 72 
1353359,54 70 
1354884,35 80 
1355971,3 83 
1357352,73 64 1382
1357548,28 74 178
1357548,28 62 178
1358057,44 150 
1358078,22 68 
1358789,43 92 
1358789,43 65 
1358809,74 103 
1358809,74 101 
1359342,55 100 
1359342,55 5
1359342,55 2141
1359342,55 11
1361316,08 25 
1361889,84 75 
1363099,13 72 
1363168,71 70 
1364692,63 80 
1365060,87 83 
1367251,76 64 2192
1367507,81 74 235
1367507,81 63 235
1368516,93 151 
1368541,29 69 
1369971,66 249 
1370553,41 93 
1370564,79 103 
1370564,79 101 
1372591,37 100 
1372591,37 5
1372591,37 2141
1372591,37 10
1374577,21 25 
1374605,49 75 
1375813,34 72 
1375883,32 70 
1377575,31 80 
1379081,51 83 
1379437,73 64 357
1379640,37 74 186
1379640,37 63 186
1381149,39 150 
1381175,93 68 
1382089,05 92 
1382089,05 65 
1382106,59 103 
1382106,59 101 
1382642,6 100 
1382642,6 5
1382642,6 2141
1382642,6 11
1384626,23 25 
1384999,77 75 
1386209,82 72 
1386279,06 70 
1387816,44 80 
1388890,78 83 
1389453,64 64 564
1389663,9 74 187
1389663,9 62 187
1390175,3 150 
1390198,77 68 
1390725,61 249
1390880,02 172 
1390908,38 92 
1390908,38 65 
1390929,52 103 
1390929,52 101 
1391457,62 100 
1391457,62 5
1391457,62 2141
1391457,62 10
1393449,16 25 
1393622,79 75 
1394832,45 72 
1394901,96 70 
1396435,12 80 
1396834,14 83 
1398404,72 64 1571
1398619,61 74 200
1398619,61 63 200
1399629,36 150 
1399649,28 68 
1400288,79 249
1401160,55 92 
1401160,55 65 
1401178,55 103 
1401178,55 101 
1401707,18 100 
1401707,18 5
1401707,18 2141
1401707,18 11
1403684,85 25 
1404258,28 75 
1405467,11 72 
1405537,53 70 
1407066,04 80 
1408429,16 83 
1408818,69 64 390
1408994,04 74 152
1408994,04 62 152
1410506,45 150 
1410536,12 68 
1412546 92 
1412546 65 
1412560,43 103 
1412560,43 101 
1413096,61 100 
1413096,61 5
1413096,61 2141
1413096,61 11
1415080,04 25 
1415626,9 75 
1416835,71 72 
1416906,04 70 
1418444,87 80 
1419504,55 83 
1420193,09 64 689
1420422,73 74 212
1420422,73 63 212
1420932,37 151 
1420958,36 69 
1421869,15 93 
1421889,83 103 
1421889,83 101 
1423918,45 100 
1423918,45 5
1423918,45 2141
1423918,45 10
1425902,19 25 
1425929,45 75 
1427139,09 72 
1427208,37 70 
1428743,12 80 
1430126,69 83 
1489191,93 64 59066
1489467,13 74 259
1489467,13 63 259
1490478,63 150 
1490503,27 68 
1491215,39 92 
1491215,39 65 
1491234 103 
1491234 101 
1491762,14 100 
1491762,14 5
1491762,14 2141
1491762,14 10
1493740,42 25 
1494460,39 75 
1495667,71 72 
1495899,44 70 
1497560,17 80 
1498098,13 83 
1499120,02 64 1022
1499336,64 74 200
1499336,64 63 200
1500847,14 152 
1500871,42 69 
1501493,41 249 
1501564,74 183 
1502380,22 93 
1502402,6 103 
1502402,6 101 
1504433,81 100 
1504433,81 5
1504433,81 2141
1504433,81 11
1506414,87 25 
1506442,25 75 
1507649,18 72 
1507721,15 70 
1509235,95 80 
1509586,58 83 
1510570,82 64 985
1510770,88 74 185
1510770,88 62 185
1511283,46 150 
1511307,74 68 
1511692,08 249
1513126,46 172 
1513317,57 92 
1513317,57 65 
1513344,62 103 
1513344,62 101 
1513871,33 100 
1513871,33 5
1513871,33 2141
1513871,33 10
1515850,9 25 
1516850,93 75 
1518058,86 72 
1518130,14 70 
1519645,64 80 
1520701,9 83 
1521246,58 64 545
1521468,71 74 208
1521468,71 63 208
1522478,62 150 
1522503,12 68 
1522950,34 249
1523039,15 173 
1523413,5 92 
1523413,5 65 
1523433,76 103 
1523433,76 101 
1523968,05 100 
1523968,05 5
1523968,05 2141
1523968,05 11
1525940,18 25 
1526326,87 75 
1527538,17 72 
1527606,18 70 
1529121,55 80 
1530484,44 83 
1530956,63 64 473
1531128,22 74 151
1531128,22 62 151
1532636 152 
1532658,77 69 
1533571,38 93 
1533589,43 103 
1533589,43 101 
1535622,68 100 
1535622,68 5
1535622,68 2141
1535622,68 10
1537601,77 25 
1537629,43 75 
1538840,44 72 
1538908,03 70 
1540429,29 80 
1541493,27 83 
1542060,86 64 568
1542232,15 74 153
1542232,15 62 153
1542740,34 151 
1542761,36 69 
1544768,68 93 
1544784,7 103 
1544784,7 101 
1546811,61 100 
1546811,61 5
1546811,61 2141
1546811,61 11
1548797,08 25 
1549397,15 75 
1550604,47 72 
1550676,35 70 
1552201,57 80 
1552555,13 83 
1553837,92 64 1283
1553999,91 74 139
1553999,91 62 139
1555508,29 150 
1555529,1 68 
1556238,78 92 
1556238,78 65 
1556259,85 103 
1556259,85 101 
1556786,34 100 
1556786,34 5
1556786,34 2141
1556786,34 11
1558766,18 25 
1558886,52 75 
1560093,71 72 
1560165,74 70 
1561681,5 80 
1563030,95 83 
1563655,05 64 624
1563858,05 74 188
1563858,05 63 188
1564868,52 151 
1564898,79 69 
1566408,51 93 
1566428,94 103 
1566428,94 101 
1568462,33 100 
1568462,33 5
1568462,33 2141
1568462,33 11
1570442,14 25 
1570468,5 75 
1571676,86 72 
1571747,45 70 
1573267,46 80 
1573626,48 83 
1575173,44 64 1547
1575367,6 74 169
1575367,6 61 169
1576875,89 151 
1576906,85 69 
1578419,02 93 
1578437,2 103 
1578437,2 101 
1580463,96 100 
1580463,96 5
1580463,96 2141
1580463,96 10
1582449,56 25 
1582477,41 75 
1583686,49 72 
1583755,73 70 
1585283,79 80 
1586354,2 83 
1587463,63 64 1110
1587721,72 74 235
1587721,72 63 235
1588233,94 150 
1588261,93 68 
1588969,64 92 
1588969,64 65 
1588992,82 103 
1588992,82 101 
1589521,33 100 
1589521,33 5
1589521,33 2141
1589521,33 10
1591499,05 25 
1591672,74 75 
1592882,16 72 
1592951,92 70 
1594469,25 80 
1595830,26 83 
1596315,96 64 486
1596548,16 74 212
1596548,16 63 212
1597559,89 150 
1597578,25 68 
1598118,23 249
1598486,44 92 
1598486,44 65 
1598508,73 103 
1598508,73 101 
1599041,44 100 
1599041,44 5
1599041,44 2141
1599041,44 11
1601029,18 25 
1601561,87 75 
1602770,89 72 
1602841,08 70 
1604358,83 80 
1604733,12 83 
1605852,69 64 1120
1606108,91 74 242
1606108,91 63 242
1607119,3 151 
1607147,34 69 
1608817,85 249 
1608890,78 183 
1609156,1 93 
1609170,98 103 
1609170,98 101 
1611198,73 100 
1611198,73 5
1611198,73 2141
1611198,73 10
1613185,17 25 
1613211,04 75 
1614420,83 72 
1614729,41 70 
1616488,82 80 
1617834,3 83 
1618184,74 64 351
1618383,13 74 176
1618383,13 61 176
1618892,63 151 
1618915,76 69 
1619824,9 93 
1619846,44 103 
1619846,44 101 
1621872,82 100 
1621872,82 5
1621872,82 2141
1621872,82 10
1623858,82 25 
1623886,08 75 
1625094,5 72 
1625164,96 70 
1626690,68 80 
1628070,02 83 
1628984,14 64 914
1629211,38 74 208
1629211,38 63 208
1630722,5 150 
1630749,96 68 
1631461,72 92 
1631461,72 65 
1631481,57 103 
1631481,57 101 
1632015,92 100 
1632015,92 5
1632015,92 2141
1632015,92 11
1633987,9 25 
1634094,87 75 
1635305,92 72 
1635374,03 70 
1636902,57 80 
1637266,16 83 
1638362,28 64 1096
1638603,55 74 219
1638603,55 61 219
1640111,85 151 
1640133,58 69 
1642141,7 93 
1642157,01 103 
1642157,01 101 
1644183,53 100 
1644183,53 5
1644183,53 2141
1644183,53 10
1646169,35 25 
1646196,82 75 
1647403,76 72 
1647475,61 70 
1649004,83 80 
1650074,06 83 
1650929 64 855
1651106,3 74 153
1651106,3 62 153
1651616,09 151 
1651635,24 69 
1653147,21 93 
1653165,72 103 
1653165,72 101 
1655194,73 100 
1655194,73 5
1655194,73 2141
1655194,73 10
1657178,03 25 
1657818,2 75 
1659027,13 72 
1659097,37 70 
1660628,29 80 
1661989,05 83 
1662355,63 64 367
1662582,16 74 207
1662582,16 63 207
1663592,48 150 
1663616,9 68 
1664527,3 92 
1664527,3 65 
1664547,59 103 
1664547,59 101 
1665081,21 100 
1665081,21 5
1665081,21 2141
1665081,21 10
1667053,9 25 
1667440,83 75 
1668649,88 72 
1668720,03 70 
1670244,68 80 
1671611,7 83 
1672017,26 64 406
1672283,97 74 246
1672283,97 63 246
1673794,99 150 
1673826,02 68 
1674229,18 249
1675837,24 92 
1675837,24 65 
1675862,8 103 
1675862,8 101 
1676389,99 100 
1676389,99 5
1676389,99 2141
1676389,99 11
1678369,99 25 
1679049,29 75 
1680256,8 72 
1680328,37 70 
1681848,37 80 
1682926,86 83 
1683600,71 64 675
1683770,49 74 150
1683770,49 61 150
1684778,7 151 
1684807,96 69 
1685107,87 249 
1685519,5 93 
1685538,75 103 
1685538,75 101 
1687568,11 100 
1687568,11 5
1687568,11 2141
1687568,11 11
1689551,12 25 
1689578,44 75 
1690785,97 72 
1690857,34 70 
1692381,62 80 
1692749,41 83 
1693879,55 64 1131
1694054,15 74 159
1694054,15 62 159
1694564,82 150 
1694589,76 68 
1696100,62 92 
1696100,62 65 
1696120,96 103 
1696120,96 101 
1696657,13 100 
1696657,13 5
1696657,13 2141
1696657,13 10
1698640,63 25 
1699014,39 75 
1700223,36 72 
1700293,44 70 
1701829,29 80 
1703198,35 83 
1703592,35 64 394
1703787,91 74 177
1703787,91 63 177
1704795,96 150 
1704826,44 68 
1705103,17 249
1705537,98 92 
1705537,98 65 
1705557,02 103 
1705557,02 101 
1706083,57 100 
1706083,57 5
1706083,57 2141
1706083,57 11
1708063,26 25 
1708676,79 75 
1709887,2 72 
1709955,91 70 
1711473,34 80 
1711848,18 83 
1712690,72 64 843
1712882,27 74 168
1712882,27 62 168
1713392,78 150 
1713421,84 68 
1713796,07 249
1713915,67 172 
1714335,11 92 
1714335,11 65 
1714353,29 103 
1714353,29 101 
1714879,78 100 
1714879,78 5
1714879,78 2141
1714879,78 11
1716859,67 25 
1717113,19 75 
1718323,22 72 
1718565,64 70 
1720189,26 80 
1721257,39 83 
1721778,37 64 521
1721956,34 74 153
1721956,34 62 153
1723469,65 152 
1723497,65 69 
1725008,17 93 
1725028,8 103 
1725028,8 101 
1727061,46 100 
1727061,46 5
1727061,46 2141
1727061,46 10
1729041,1 25 
1729070,38 75 
1730278,79 72 
1730347,4 70 
1731874,04 80 
1733239,03 83 
1750734,33 64 17495
1751011,05 74 260
1751011,05 63 260
1751523,36 150 
1751553,24 68 
1753562,44 92 
1753562,44 65 
1753576,93 103 
1753576,93 101 
1754106,35 100 
1754106,35 5
1754106,35 2141
1754106,35 10
1756083,06 25 
1756829,79 75 
1758041,37 72 
1758108,98 70 
1759642,87 80 
1760707,45 83 
1761175,35 64 468
1761386,35 74 186
1761386,35 63 186
1762893,93 150 
1762921,73 68 
1763629,9 92 
1763629,9 65 
1763652,5 103 
1763652,5 101 
1764179,33 100 
1764179,33 5
1764179,33 2141
1764179,33 11
1766158,83 25 
1766332,42 75 
1767540,36 72 
1767611,67 70 
1769138,02 80 
1769503,7 83 
1770398,12 64 895
1770587,33 74 164
1770587,33 62 164
1771599,94 150 
1771624,76 68 
1771958,51 249
1772078,84 172 
1773634,88 92 
1773634,88 65 
1773648,3 103 
1773648,3 101 
1774179,94 100 
1774179,94 5
1774179,94 2141
1774179,94 11
1776154,68 25 
1776674,77 75 
1777883,29 72 
1777953,92 70 
1779482,93 80 
1780552,46 83 
1781771,86 64 1220
1781943,69 74 152
1781943,69 62 152
1783455,57 152 
1783486,46 69 
1784398,19 93 
1784417,11 103 
1784417,11 101 
1786445,17 100 
1786445,17 5
1786445,17 2141
1786445,17 11
1788429,48 25 
1788457,77 75 
1789665,31 72 
1789735,61 70 
1791257,7 80 
1791627,89 83 
2221401,32 64 429774
2221598,02 74 178
2221598,02 62 178
2222109,8 150 
2222141,57 68 
2223649,59 92 
2223649,59 65 
2223672,01 103 
2223672,01 101 
2224199,9 100 
2224199,9 5
2224199,9 2141
2224199,9 11
2226178,3 25 
2226431,9 75 
2227638,76 72 
2227871,05 70 
2229490,52 80 
2230856,05 83 
2231393,28 64 537
2231543,42 74 128
2231543,42 62 128
2232556,44 150 
2232577,24 68 
2233286,65 92 
2233286,65 65 
2233308,02 103 
2233308,02 101 
2233840,84 100 
2233840,84 5
2233840,84 2141
2233840,84 10
2235814,45 25 
2236081,26 75 
2237288,53 72 
2237360,45 70 
2238896,58 80 
2239972,29 83 
2240770,81 64 799
2240995,03 74 210
2240995,03 63 210
2241506,05 150 
2241532,69 68 
2243542,99 92 
2243542,99 65 
2243557,11 103 
2243557,11 101 
2244084,86 100 
2244084,86 5
2244084,86 2141
2244084,86 10
2246063,32 25 
2246703,41 75 
2247910,45 72 
2247982,69 70 
2249514,17 80 
2250900,99 83 
2251156,97 64 256
2251396,5 74 217
2251396,5 63 217
2252908,32 150 
2252928,61 68 
2253836,84 92 
2253836,84 65 
2253859,32 103 
2253859,32 101 
2254385,83 100 
2254385,83 5
2254385,83 2141
2254385,83 10
2256365,59 25 
2256512,58 75 
2257722,33 72 
2257791,81 70 
2259321,51 80 
2259683,9 83 
2260940,56 64 1257
2261162,17 74 199
2261162,17 63 199
2262171,92 150 
2262191,51 68 
2263702,85 92 
2263702,85 65 
2263721,83 103 
2263721,83 101 
2264255,87 100 
2264255,87 5
2264255,87 2141
2264255,87 11
2266241,49 25 
2266868,23 75 
2268075,66 72 
2268147,45 70 
2269675,81 80 
2270745,99 83 
2271222,24 64 476
2271403,88 74 165
2271403,88 62 165
2271913,8 150 
2271933,97 68 
2272646,82 92 
2272646,82 65 
2272664,73 103 
2272664,73 101 
2273191,76 100 
2273191,76 5
2273191,76 2141
2273191,76 10
2275171,12 25 
2275345,54 75 
2276553,23 72 
2276623,96 70 
2278150,55 80 
2279515,56 83 
2279820,27 64 305
2280045,99 74 211
2280045,99 63 211
2281556,06 150 
2281583,33 68 
2283094,99 92 
2283094,99 65 
2283113,67 103 
2283113,67 101 
2283642,29 100 
2283642,29 2
2283642,29 2141
2283642,29 11
2283642,29 78 
2283642,29 198 
2285619,96 25 
2286073,45 75 
2287282,3 72 
2287352,74 70 
2288877,36 80 
2289244,8 83 
2290231,21 64 987
2290458,58 74 202
2290458,58 63 202
2291468,53 150 
2291498,99 68 
2292410,52 92 
2292410,52 65 
2292429,79 103 
2292429,79 101 
2292961,72 100 
2292961,72 2
2292961,72 2141
2292961,72 11
2294936,06 25 
2295136,38 75 
2296345,09 72 
2296415,5 70 
2297940,76 80 
2298307,63 83 
2299610,05 64 1303
2299830,94 74 204
2299830,94 63 204
2301340,25 150 
2301361,7 68 
2301740,42 249
2301793,21 173 
2303369,08 92 
2303369,08 65 
2303385,12 103 
2303385,12 101 
2303915,29 100 
2303915,29 2
2303915,29 2141
2303915,29 10
2305891,51 25 
2306424,87 75 
2307632,39 72 
2307704,09 70 
2309219,58 80 
2310276,1 83 
2311049,06 64 773
2311270,33 74 208
2311270,33 63 208
2312282,07 151 
2312303,75 69 
2312557,29 249 
2313014,55 93 
2313034,37 103 
2313034,37 101 
2315062,16 100 
2315062,16 2
2315062,16 2141
2315062,16 11
2317046,75 25 
2317074,21 75 
2318284,08 72 
2318353,14 70 
2319881,63 80 
2321244,62 83 
2321494,37 64 250
2321692,85 74 182
2321692,85 63 182
2322205,33 150 
2322232,87 68 
2324241,78 92 
2324241,78 65 
2324256,33 103 
2324256,33 101 
2324789,93 100 
2324789,93 2
2324789,93 2141
2324789,93 11
2326776,06 25 
2327042,87 75 
2328251,42 72 
2328495,38 70 
2330119,99 80 
2330507,41 83 
2331545,15 64 1038
2331762,27 74 202
2331762,27 63 202
2332272,31 150 
2332295,33 68 
2332972,86 249
2333804 92 
2333804 65 
2333825,61 103 
2333825,61 101 
2334353,1 100 
2334353,1 2
2334353,1 2141
2334353,1 11
2336331,95 25 
2336612,2 75 
2337821,33 72 
2337891,46 70 
2339422,81 80 
2340796,38 83 
2341248,2 64 452
2341466,65 74 205
2341466,65 63 205
2342978,02 150 
2342996,62 68 
2343905,92 92 
2343905,92 65 
2343928,04 103 
2343928,04 101 
2344454,68 100 
2344454,68 2
2344454,68 2141
2344454,68 10
2346434,41 25 
2346887,96 75 
2348096,24 72 
2348167,12 70 
2349689,83 80 
2350765,58 83 
2351460,94 64 696
2351628,81 74 144
2351628,81 62 144
2352637,43 153 
2352659,93 68 
2353570,94 92 
2353570,94 65 
2353590,63 103 
2353590,63 101 
2354122,87 100 
2354122,87 2
2354122,87 2141
2354122,87 10
2356110,26 25 
2356523,75 75 
2357732,91 72 
2357803,12 70 
2359330,8 80 
2359695,1 83 
2360895,3 64 1200
2361081,47 74 174
2361081,47 62 174
2362089,8 151 
2362108,59 69 
2362818,04 93 
2362840,11 103 
2362840,11 101 
2364866,61 100 
2364866,61 2
2364866,61 2141
2364866,61 10
2366852,43 25 
2366879,95 75 
2368089,1 72 
2368158,66 70 
2369682,92 80 
2370757,06 83 
2371232,31 64 475
2371423,05 74 173
2371423,05 62 173
2372934,54 151 
2372957,72 69 
2374719,08 249 
2374818,76 256 
2381521,3 183 
2395099,99 93 
2395119,8 103 
2395119,8 101 
2397146,56 100 
2397146,56 2
2397146,56 2141
2397146,56 10
2399133,22 25 
2399665,62 75 
2400873,22 72 
2400946,68 70 
2402466,98 80 
2403836,59 83 
2404835,27 64 999
2405085,36 74 223
2405085,36 61 223
2405597,12 150 
2405624,28 68 
2407134,19 92 
2407134,19 65 
2407154,77 103 
2407154,77 101 
2407691,88 100 
2407691,88 2
2407691,88 2141
2407691,88 10
2409674,44 25 
2410074,66 75 
2411282,62 72 
2411353,77 70 
2412881,33 80 
2414245,6 83 
2414854,85 64 610
2415045,34 74 174
2415045,34 61 174
2416053,88 150 
2416073,35 68 
2416785,08 92 
2416785,08 65 
2416803,98 103 
2416803,98 101 
2417330,37 100 
2417330,37 2
2417330,37 2141
2417330,37 10
2419311,35 25 
2419563,87 75 
2420772 72 
2420843,09 70 
2422365,47 80 
2422748,5 83 
2423883,72 64 1136
2424126,51 74 219
2424126,51 61 219
2425634,6 150 
2425655,85 68 
2427163,92 92 
2427163,92 65 
2427186,31 103 
2427186,31 101 
2427713,47 100 
2427713,47 2
2427713,47 2141
2427713,47 11
2429692,65 25 
2429799,66 75 
2431009,89 72 
2431252,05 70 
2432886,67 80 
2433957,13 83 
2434588,71 64 632
2434816,94 74 207
2434816,94 63 207
2435328,62 150 
2435358,36 68 
2436265,71 92 
2436265,71 65 
2436289,13 103 
2436289,13 101 
2436820,28 100 
2436820,28 2
2436820,28 2141
2436820,28 11
2438795,49 25 
2438995,84 75 
2440206,48 72 
2440274,91 70 
2441795,4 80 
2442167,05 83 
2443516,87 64 1350
2443717,49 74 179
2443717,49 63 179
2444725,47 150 
2444754,53 68 
2446763,3 92 
2446763,3 65 
2446778,04 103 
2446778,04 101 
2447307,76 100 
2447307,76 2
2447307,76 2141
2447307,76 10
2449284,35 25 
2449831,11 75 
2451040,23 72 
2451110,36 70 
2452640,57 80 
2453722,29 83 
2454438,49 64 717
2454648,62 74 194
2454648,62 61 194
2456159,72 150 
2456189,64 68 
2457099,75 92 
2457099,75 65 
2457120,41 103 
2457120,41 101 
2457648,92 100 
2457648,92 2
2457648,92 2141
2457648,92 11
2459626,7 25 
2459666,99 75 
2460875,88 72 
2460946,17 70 
2462473,55 80 
2463837,88 83 
2464273,33 64 436
2464488,49 74 198
2464488,49 63 198
2464998,72 150 
2465026,89 68 
2465409,23 249
2467034,8 92 
2467034,8 65 
2467049,5 103 
2467049,5 101 
2467583,41 100 
2467583,41 2
2467583,41 2141
2467583,41 11
2469555,98 25 
2469676,2 75 
2470886,26 72 
2470955,34 70 
2472479,41 80 
2473553,76 83 
2474054,11 64 501
2474270,44 74 197
2474270,44 63 197
2474779,72 150 
2474807,73 68 
2475261,03 249
2476315,41 92 
2476315,41 65 
2476338,89 103 
2476338,89 101 
2476866,26 100 
2476866,26 2
2476866,26 2141
2476866,26 11
2478845,29 25 
2479833,03 75 
2481043,12 72 
2481111,12 70 
2482633,02 80 
2484002,68 83 
2484654,99 64 653
2484866,57 74 198
2484866,57 61 198
2485875,45 151 
2485897,33 69 
2486607,33 93 
2486627,91 103 
2486627,91 101 
2488654,73 100 
2488654,73 2
2488654,73 2141
2488654,73 10
2490640,26 25 
2490668,45 75 
2491876,89 72 
2491946,45 70 
2493479,73 80 
2493851,94 83 
2495002,65 64 1151
2495280,41 74 256
2495280,41 63 256
2496790,97 153 
2496811,8 68 
2497246,47 249
2498324,03 92 
2498324,03 65 
2498342,98 103 
2498342,98 101 
2498872,17 100 
2498872,17 2
2498872,17 2141
2498872,17 10
2500849,32 25 
2500876,55 75 
2502083,83 72 
2502155,49 70 
2503674,65 80 
2505047,27 83 
2505607,91 64 561
2505831,3 74 198
2505831,3 63 198
2506838,45 151 
2506861,59 69 
2508317,7 256 
2508377,8 249 
2511047,2 183 
2513047,59 93 
2513070,21 103 
2513070,21 101 
2515102,34 100 
2515102,34 2
2515102,34 2141
2515102,34 11
2517082,43 25 
2517109,7 75 
2518320,04 72 
2518388,88 70 
2519919,92 80 
2521000,53 83 
2521726,91 64 727
2521938,77 74 193
2521938,77 63 193
2523451,19 150 
2523480,57 68 
2524189,55 92 
2524189,55 65 
2524212,07 103 
2524212,07 101 
2524738,39 100 
2524738,39 2
2524738,39 2141
2524738,39 10
2526718,38 25 
2527078,71 75 
2528288,28 72 
2528357,82 70 
2529882,39 80 
2530249,94 83 
2531394,42 64 1144
2531560,36 74 151
2531560,36 62 151
2532071,91 151 
2532091,15 69 
2533000,46 93 
2533021,69 103 
2533021,69 101 
2535056,6 100 
2535056,6 2
2535056,6 2141
2535056,6 10
2537034,03 25 
2537061,4 75 
2538270,25 72 
2538460,3 70 
2539990,79 80 
2541351,89 83 
2541767,25 64 415
2541959,23 74 168
2541959,23 61 168
2542966,9 150 
2542993,11 68 
2544505,9 92 
2544505,9 65 
2544523,52 103 
2544523,52 101 
2545051,59 100 
2545051,59 2
2545051,59 2141
2545051,59 11
2547029,78 25 
2547110,21 75 
2548317,58 72 
2548389,4 70 
2549913,95 80 
2550281,48 83 
2551739,44 64 1458
2551966,28 74 206
2551966,28 63 206
2552475,86 150 
2552495,83 68 
2552846,92 249
2553204,58 92 
2553204,58 65 
2553226,52 103 
2553226,52 101 
2553753,32 100 
2553753,32 2
2553753,32 2141
2553753,32 11
2555732,79 25 
2556412,96 75 
2557621,3 72 
2557692,1 70 
2559209,75 80 
2560277,21 83 
2561094,58 64 818
2561379,51 74 263
2561379,51 63 263
2562890,55 150 
2562917,3 68 
2563828,91 92 
2563828,91 65 
2563848,78 103 
2563848,78 101 
2564382,56 100 
2564382,56 2
2564382,56 2141
2564382,56 11
2566368,37 25 
2566635,31 75 
2567844,7 72 
2567914,43 70 
2569428,35 80 
2570499,59 83 
2571126,95 64 628
2571380,38 74 241
2571380,38 63 241
2572892,72 150 
2572913,9 68 
2574922,86 92 
2574922,86 65 
2574937,56 103 
2574937,56 101 
2575467,84 100 
2575467,84 2
2575467,84 2141
2575467,84 10
2577443,82 25 
2577644,05 75 
2578853,29 72 
2578923,14 70 
2580437,62 80 
2580801,87 83 
2581800,63 64 999
2582028,5 74 215
2582028,5 61 215
2582536,52 150 
2582563,05 68 
2583847,15 249
2584072,56 92 
2584072,56 65 
2584093,54 103 
2584093,54 101 
2584620,09 100 
2584620,09 2
2584620,09 2141
2584620,09 11
2586599,87 25 
2590252 75 
2591460,06 72 
2591531,16 70 
2593046,28 80 
2594396,25 83 
2594762,58 64 367
2595028,17 74 246
2595028,17 63 246
2596038,27 152 
2596063,71 69 
2597404,41 249 
2597446,45 183 
2598075,28 93 
2598087,63 103 
2598087,63 101 
2600121,61 100 
2600121,61 2
2600121,61 2141
2600121,61 10
2602099,99 25 
2602127,55 75 
2603334,76 72 
2603406,14 70 
2604921,35 80 
2605284,96 83 
2606637,37 64 1352
2606859,28 74 202
2606859,28 61 202
2607867,62 150 
2607898,33 68 
2608609,74 92 
2608609,74 65 
2608629,86 103 
2608629,86 101 
2609157,79 100 
2609157,79 2
2609157,79 2141
2609157,79 10
2611136,18 25 
2611523,05 75 
2612731,65 72 
2612802,31 70 
2614321,8 80 
2615693,97 83 
2616104,29 64 410
2616318,35 74 198
2616318,35 61 198
2616830,37 150 
2616855,37 68 
2617765,34 92 
2617765,34 65 
2617785,97 103 
2617785,97 101 
2618316,91 100 
2618316,91 2
2618316,91 2141
2618316,91 10
2620292,32 25 
2620439,26 75 
2621644,72 72 
2621718,48 70 
2623240,6 80 
2624303,67 83 
2625083,62 64 781
2625298,09 74 195
2625298,09 61 195
2626810,36 150 
2626837,89 68 
2628848,64 92 
2628848,64 65 
2628874,66 103 
2628874,66 101 
2629404,94 100 
2629404,94 2
2629404,94 2141
2629404,94 10
2631381,04 25 
2631914,55 75 
2633122,48 72 
2633193,73 70 
2634709,47 80 
2636071,99 83 
2636594,4 64 522
2636835,04 74 217
2636835,04 61 217
2638346,38 150 
2638366,19 68 
2639274,82 92 
2639274,82 65 
2639296,92 103 
2639296,92 101 
2639825,06 100 
2639825,06 2
2639825,06 2141
2639825,06 11
2641803,21 25 
2642376,71 75 
2643585,99 72 
2643815,87 70 
2645386,05 80 
2646667,56 83 
2647287,41 64 620
2647530,26 74 223
2647530,26 63 223
2648544,03 150 
2648575,53 68 
2649206,24 249
2649285,56 92 
2649285,56 65 
2649306,02 103 
2649306,02 101 
2649832,54 100 
2649832,54 2
2649832,54 2141
2649832,54 11
2651812,36 25 
2651892,75 75 
2653102,08 72 
2653171,86 70 
2654692,52 80 
2655077,33 83 
2656930,87 64 1854
2657188,48 74 233
2657188,48 63 233
2657699,06 150 
2657717,34 68 
2659224,65 92 
2659224,65 65 
2659248,55 103 
2659248,55 101 
2659783,88 100 
2659783,88 2
2659783,88 2141
2659783,88 10
2661768,17 25 
2662182 75 
2663391,88 72 
2663462,65 70 
2664987,84 80 
2666365,9 83 
2666695,64 64 330
2666889,19 74 177
2666889,19 61 177
2668401,65 150 
2668420,26 68 
2669330,05 92 
2669330,05 65 
2669350,9 103 
2669350,9 101 
2669879,71 100 
2669879,71 2
2669879,71 2141
2669879,71 11
2671857,27 25 
2671977,61 75 
2673185,45 72 
2673256,73 70 
2674781,03 80 
2675148,88 83 
2676245,74 64 1098
2676482,06 74 214
2676482,06 63 214
2676990,68 150 
2677016,77 68 
2677111,83 249
2677317,18 173 
2678528,82 92 
2678528,82 65 
2678547,12 103 
2678547,12 101 
2679073,59 100 
2679073,59 2
2679073,59 2141
2679073,59 11
2681053,47 25 
2681880,07 75 
2683090,11 72 
2683159,24 70 
2684682,05 80 
2685757,74 83 
2686147,48 64 391
2686366,56 74 197
2686366,56 63 197
2687378,07 150 
2687398,92 68 
2689408,99 92 
2689408,99 65 
2689422,51 103 
2689422,51 101 
2689953,29 100 
2689953,29 2
2689953,29 2141
2689953,29 11
2691928,99 25 
2692595,7 75 
2693803,72 72 
2693874,73 70 
2695399,84 80 
2695780,22 83 
2697973,17 64 2193
2698192,34 74 200
2698192,34 63 200
2699204,11 150 
2699234,85 68 
2699945,81 92 
2699945,81 65 
2699964,71 103 
2699964,71 101 
2700491,88 100 
2700491,88 2
2700491,88 2141
2700491,88 10
2702471,07 25 
2703244,42 75 
2704454,19 72 
2704523,6 70 
2706046,32 80 
2707122,13 83 
2707658,56 64 537
2707832,38 74 151
2707832,38 61 151
2709344,84 150 
2709376,26 68 
2709421,1 249
2710285,36 92 
2710285,36 65 
2710307,03 103 
2710307,03 101 
2710834,85 100 
2710834,85 2
2710834,85 2141
2710834,85 10
2712813,29 25 
2712973,63 75 
2714181,72 72 
2714252,82 70 
2715777,33 80 
2717157,82 83 
2718044,08 64 887
2718310,2 74 246
2718310,2 61 246
2718819,77 152 
2718839,26 69 
2718908,54 249 
2720849,25 93 
2720862,6 103 
2720862,6 101 
2722899,66 100 
2722899,66 2
2722899,66 2141
2722899,66 10
2724874,94 25 
2724902,68 75 
2726110,95 72 
2726181,11 70 
2727700,33 80 
2728086,55 83 
2730342,85 64 2257
2730529,57 74 165
2730529,57 61 165
2731037,88 150 
2731059,81 68 
2731768,27 92 
2731768,27 65 
2731791,3 103 
2731791,3 101 
2732318,85 100 
2732318,85 2
2732318,85 2141
2732318,85 11
2734297,6 25 
2734724,44 75 
2735933,11 72 
2736003,73 70 
2737533,11 80 
2738895,37 83 
2741825,27 64 2930
2742054,49 74 215
2742054,49 63 215
2743064,1 150 
2743095,51 68 
2743540,05 249
2744603,39 92 
2744603,39 65 
2744625,93 103 
2744625,93 101 
2745153,4 100 
2745153,4 2
2745153,4 2141
2745153,4 11
2747132,25 25 
2748678,9 75 
2749887,18 72 
2749957,89 70 
2751773,64 80 
2753116,02 83 
2753786,55 64 671
2753994,77 74 186
2753994,77 62 186
2755505,3 151 
2755529,44 69 
2757541,4 93 
2757553,75 103 
2757553,75 101 
2759583,35 100 
2759583,35 2
2759583,35 2141
2759583,35 10
2761566,09 25 
2761593,33 75 
2762800,36 72 
2762992,38 70 
2764518,71 80 
2764871,14 83 
2769461,32 64 4590
2769625,57 74 144
2769625,57 61 144
2770137,67 150 
2770163,36 68 
2770204,56 249
2770649,81 171
2770873,7 92 
2770873,7 65 
2770894,82 103 
2770894,82 101 
2771421,41 100 
2771421,41 2
2771421,41 2141
2771421,41 11
2773401,14 25 
2774028,14 75 
2775235,58 72 
2775307,14 70 
2776835,61 80 
2777905,6 83 
2778493,38 64 588
2778749,49 74 232
2778749,49 61 232
2780260,31 151 
2780279,55 69 
2781190,02 93 
2781210,55 103 
2781210,55 101 
2783237,95 100 
2783237,95 2
2783237,95 2141
2783237,95 10
2785222,85 25 
2785250,08 75 
2786457,71 72 
2786529,22 70 
2788049,06 80 
2789420,73 83 
2790873,93 64 1454
2791097,43 74 210
2791097,43 61 210
2792110,1 150 
2792127,47 68 
2793639,32 92 
2793639,32 65 
2793658,6 103 
2793658,6 101 
2794192,8 100 
2794192,8 2
2794192,8 2141
2794192,8 10
2796178,23 25 
2796965,01 75 
2798173 72 
2798244,07 70 
2799760,11 80 
2800815,94 83 
2801498,55 64 683
2801726,95 74 205
2801726,95 63 205
2803238,8 151 
2803269,35 69 
2805276,55 93 
2805293,68 103 
2805293,68 101 
2807320,42 100 
2807320,42 2
2807320,42 2141
2807320,42 10
2809306,13 25 
2810772,45 75 
2811981,67 72 
2812051,65 70 
2813575,56 80 
2814956,73 83 
2816984,28 64 2028
2817183,74 74 175
2817183,74 63 175
2817693,09 151 
2817716,18 69 
2818628,08 93 
2818648,03 103 
2818648,03 101 
2820676,39 100 
2820676,39 2
2820676,39 2141
2820676,39 11
2822660,4 25 
2829071,42 75 
2830281,08 72 
2830350,54 70 
2831864,14 80 
2832216,05 83 
2836601,89 64 4386
2836784,06 74 157
2836784,06 62 157
2837794,82 153 
2837815,69 68 
2838526,9 92 
2838526,9 65 
2838546,3 103 
2838546,3 101 
2839076,76 100 
2839076,76 2
2839076,76 2141
2839076,76 11
2841052,69 25 
2841746,03 75 
2842953,85 72 
2843025,26 70 
2844540,79 80 
2845916,92 83 
2846744,53 64 828
2846954,11 74 198
2846954,11 61 198
2847963,47 151 
2847983,79 69 
2849492,64 93 
2849515,03 103 
2849515,03 101 
2851547,7 100 
2851547,7 2
2851547,7 2141
2851547,7 10
2853527,46 25 
2853554,57 75 
2854762,02 72 
2854833,72 70 
2856359,04 80 
2857432,02 83 
2862079,75 64 4648
2862275,25 74 178
2862275,25 61 178
2862783,4 150 
2862805 68 
2864315,55 92 
2864315,55 65 
2864335,43 103 
2864335,43 101 
2864863,26 100 
2864863,26 2
2864863,26 2141
2864863,26 10
2866841,76 25 
2867522,03 75 
2868731,59 72 
2868961 70 
2870533,59 80 
2871106,31 83 
2872442,96 64 1337
2872626,59 74 162
2872626,59 61 162
2874134,66 150 
2874159,58 68 
2876168,07 92 
2876168,07 65 
2876183,8 103 
2876183,8 101 
2876716,28 100 
2876716,28 2
2876716,28 2141
2876716,28 11
2878690,13 25 
2878717,25 75 
2879923,44 72 
2879996,29 70 
2881515,08 80 
2881901,83 83 
2882997,75 64 1097
2883230,96 74 210
2883230,96 61 210
2884742,71 151 
2884768,48 69 
2885676,58 93 
2885686,5 103 
2885686,5 101 
2887714,21 100 
2887714,21 2
2887714,21 2141
2887714,21 11
2889698,79 25 
2889726,8 75 
2890935,99 72 
2891005,08 70 
2892530,32 80 
2893896,74 83 
2897302,56 64 3407
2897474,56 74 153
2897474,56 61 153
2897987,5 151 
2898015,77 69 
2898726,99 93 
2898747,63 103 
2898747,63 101 
2900775,55 100 
2900775,55 2
2900775,55 2141
2900775,55 11
2902759,98 25 
2903200,22 75 
2904408,64 72 
2904479,32 70 
2905999,11 80 
2907064,5 83 
2908804,86 64 1741
2909039,46 74 217
2909039,46 61 217
2910047,95 151 
2910077,72 69 
2910786,27 93 
2910796,29 103 
2910796,29 101 
2912829,09 100 
2912829,09 2
2912829,09 2141
2912829,09 11
2914808,2 25 
2914836,67 75 
2916045,1 72 
2916114,44 70 
2917641,54 80 
2919019,42 83 
2919689,19 64 670
2919862,24 74 150
2919862,24 62 150
2920872,89 151 
2920899,43 69 
2921809,14 93 
2921831,26 103 
2921831,26 101 
2923858,72 100 
2923858,72 2
2923858,72 2141
2923858,72 10
2925844,61 25 
2925870,84 75 
2927079,2 72 
2927149,84 70 
2928675,99 80 
2929041,86 83 
2929936,79 64 895
2930174,18 74 213
2930174,18 61 213
2931682,69 152 
2931709,06 69 
2933217,18 93 
2933239,75 103 
2933239,75 101 
2935266,92 100 
2935266,92 2
2935266,92 2141
2935266,92 11
2937252,1 25 
2937279,9 75 
2938490,88 72 
2938558,31 70 
2940089,62 80 
2941170,12 83 
2942191,86 64 1022
2942371,63 74 163
2942371,63 62 163
2942884,03 151 
2942904,64 69 
2944914,9 93 
2944928,14 103 
2944928,14 101 
2946962,92 100 
2946962,92 2
2946962,92 2141
2946962,92 10
2948940,47 25 
2948981,22 75 
2950189,62 72 
2950260,09 70 
2951782,25 80 
2952152,18 83 
2953164,41 64 1012
2953349,98 74 172
2953349,98 61 172
2954857,47 150 
2954886,26 68 
2955597,12 92 
2955597,12 65 
2955617,02 103 
2955617,02 101 
2956143,41 100 
2956143,41 2
2956143,41 2141
2956143,41 10
2958123,58 25 
2959030,38 75 
2960240,18 72 
2960309,24 70 
2961837,74 80 
2962907,72 83 
2963540,22 64 633
2963729,43 74 170
2963729,43 61 170
2964242,61 150 
2964268,17 68 
2966279,01 92 
2966279,01 65 
2966292,56 103 
2966292,56 101 
2966820,76 100 
2966820,76 6
2966820,76 2141
2966820,76 10
2966820,76 78 
2966820,76 198 
2968812,16 25 
2968972,4 75 
2970181,25 72 
2970251,65 70 
2971775,31 80 
2973143,45 83 
2974046,19 64 903
2974216,64 74 154
2974216,64 61 154
2975227,79 151 
2975250,95 69 
2976162,36 93 
2976181,71 103 
2976181,71 101 
2978213,77 100 
2978213,77 6
2978213,77 2141
2978213,77 11
2980194,05 25 
2980222,08 75 
2981429,75 72 
2981500,27 70 
2983024,57 80 
2984405,25 83 
2984903,44 64 498
2985097,57 74 173
2985097,57 63 173
2986108,63 151 
2986139,01 69 
2987650,29 93 
2987670,14 103 
2987670,14 101 
2989698,06 100 
2989698,06 6
2989698,06 2141
2989698,06 11
2991682,52 25 
2991710,6 75 
2992919,66 72 
2992988,78 70 
2994511,96 80 
2994880,9 83 
2996284,81 64 1405
2996482,63 74 177
2996482,63 63 177
2997992,96 151 
2998013,96 69 
2998922,44 93 
2998932,08 103 
2998932,08 101 
3000959,23 100 
3000959,23 6
3000959,23 2141
3000959,23 10
3002944,39 25 
3002972,38 75 
3004179,63 72 
3004250,68 70 
3005773,59 80 
3006849,1 83 
3007394,48 64 545
3007599,53 74 192
3007599,53 61 192
3008111,77 153 
3008130,08 68 
3009023,41 249
3010138,57 92 
3010138,57 65 
3010154,01 103 
3010154,01 101 
3010685,63 100 
3010685,63 6
3010685,63 2141
3010685,63 10
3012673,64 25 
3013193,9 75 
3014402,51 72 
3014473,04 70 
3015993,97 80 
3017364,73 83 
3018153,63 64 789
3018372,42 74 196
3018372,42 61 196
3019382,8 151 
3019404,56 69 
3020913,7 93 
3020936,15 103 
3020936,15 101 
3022964,6 100 
3022964,6 6
3022964,6 2141
3022964,6 11
3024948,5 25 
3024975,7 75 
3026184,66 72 
3026254,88 70 
3027779,72 80 
3028146,81 83 
3029283,12 64 1137
3029461,93 74 156
3029461,93 62 156
3030974,16 151 
3031000,09 69 
3031708,51 93 
3031718,34 103 
3031718,34 101 
3033747,92 100 
3033747,92 6
3033747,92 2141
3033747,92 11
3035730,67 25 
3035758,61 75 
3036966,6 72 
3037036,83 70 
3038567,14 80 
3039635,27 83 
3040322,23 64 687
3040605,37 74 264
3040605,37 61 264
3041116,23 150 
3041142,51 68 
3041851,56 92 
3041851,56 65 
3041873,97 103 
3041873,97 101 
3042405,12 100 
3042405,12 6
3042405,12 2141
3042405,12 10
3044380,46 25 
3049285,29 75 
3050494,09 72 
3050564,48 70 
3052096,63 80 
3053162,9 83 
3053849,94 64 687
3053992,06 74 123
3053992,06 62 123
3054502,29 151 
3054523,92 69 
3055431,43 93 
3055441,63 103 
3055441,63 101 
3057469,34 100 
3057469,34 6
3057469,34 2141
3057469,34 11
3059453,92 25 
3059481,9 75 
3060690,21 72 
3060760,15 70 
3062296,76 80 
3062665,57 83 
3063618,62 64 954
3063822,23 74 184
3063822,23 63 184
3064831 151 
3064852,84 69 
3066861,19 93 
3066876,8 103 
3066876,8 101 
3068904,85 100 
3068904,85 6
3068904,85 2141
3068904,85 10
3070889,19 25 
3070916,41 75 
3072125,12 72 
3072195,33 70 
3073728,33 80 
3075100,41 83 
3075725,64 64 626
3075890,54 74 151
3075890,54 62 151
3077401,95 151 
3077420,19 69 
3078931,96 93 
3078951,86 103 
3078951,86 101 
3080990,99 100 
3080990,99 6
3080990,99 2141
3080990,99 10
3082964,2 25 
3082991,34 75 
3084199,85 72 
3084430,17 70 
3086097,88 80 
3087308,5 83 
3087907,44 64 599
3088080,41 74 159
3088080,41 61 159
3089593,08 151 
3089615,83 69 
3090328,56 93 
3090346,89 103 
3090346,89 101 
3092374,52 100 
3092374,52 6
3092374,52 2141
3092374,52 10
3094359,24 25 
3094386,42 75 
3095594,14 72 
3095665,46 70 
3097190,99 80 
3097560 83 
3098347,99 64 791
3098513,28 74 143
3098513,28 62 143
3099523,79 151 
3099544,53 69 
3101055,84 93 
3101075,71 103 
3101075,71 101 
3103103,91 100 
3103103,91 6
3103103,91 2141
3103103,91 11
3105088,08 25 
3105674,83 75 
3106881,55 72 
3106954,09 70 
3108477,86 80 
3109845,73 83 
3110358,5 64 514
3110559,37 74 181
3110559,37 63 181
3111071,15 151 
3111100,43 69 
3113110,83 93 
3113124,02 103 
3113124,02 101 
3115156,96 100 
3115156,96 6
3115156,96 2141
3115156,96 10
3117136,38 25 
3117163,58 75 
3118371,63 72 
3118442,51 70 
3119970,51 80 
3120321,32 83 
3121254,5 64 934
3121398,12 74 131
3121398,12 61 131
3122408,21 151 
3122428,97 69 
3123326,34 249 
3123350,87 93 
3123373,07 103 
3123373,07 101 
3125400,17 100 
3125400,17 6
3125400,17 2141
3125400,17 10
3127385,35 25 
3127413,54 75 
3128620,08 72 
3128691,53 70 
3130213,97 80 
3131276,66 83 
3131649,49 64 374
3131801,67 74 139
3131801,67 62 139
3133314,98 153 
3133343,59 68 
3134252,03 92 
3134252,03 65 
3134275,06 103 
3134275,06 101 
3134803,38 100 
3134803,38 6
3134803,38 2141
3134803,38 11
3136781,46 25 
3137088,23 75 
3138295,68 72 
3138367,5 70 
3139883,02 80 
3141246,63 83 
3141665,27 64 420
3141832,6 74 148
3141832,6 61 148
3142339,57 150 
3142367,19 68 
3144375,08 92 
3144375,08 65 
3144390,84 103 
3144390,84 101 
3144922,51 100 
3144922,51 6
3144922,51 2141
3144922,51 11
3146897,21 25 
3147337,46 75 
3148544,56 72 
3148616,48 70 
3150146,36 80 
3151495,24 83 
3152161,18 64 667
3152302,13 74 128
3152302,13 61 128
3153315,08 150 
3153336,01 68 
3153845,66 249
3154847,39 92 
3154847,39 65 
3154866,37 103 
3154866,37 101 
3155393,76 100 
3155393,76 6
3155393,76 2141
3155393,76 10
3157372,7 25 
3157746,3 75 
3158952,86 72 
3159025,46 70 
3160545,16 80 
3161610,64 83 
3162205,06 64 595
3162405,1 74 182
3162405,1 61 182
3162915,07 151 
3162944,46 69 
3163653,65 93 
3163676,02 103 
3163676,02 101 
3165702,56 100 
3165702,56 6
3165702,56 2141
3165702,56 11
3167688,35 25 
3167715,62 75 
3168924,7 72 
3168994,62 70 
3170511,82 80 
3170860,01 83 
3171852,78 64 993
3172030,37 74 157
3172030,37 61 157
3173540,93 150 
3173566,68 68 
3173599,39 249
3173933,35 171
3175577,38 92 
3175577,38 65 
3175591,15 103 
3175591,15 101 
3176125,28 100 
3176125,28 6
3176125,28 2141
3176125,28 11
3178097,31 25 
3178137,61 75 
3179347,49 72 
3179416,8 70 
3180941,59 80 
3182308,56 83 
3182744,84 64 437
3182946,46 74 186
3182946,46 61 186
3183956,83 150 
3183976,46 68 
3184888,62 92 
3184888,62 65 
3184907,03 103 
3184907,03 101 
3185436,62 100 
3185436,62 6
3185436,62 2141
3185436,62 11
3187413,46 25 
3187440,64 75 
3188649,19 72 
3188892,87 70 
3190471,17 80 
3191717,95 83 
3192178,71 64 462
3192351,38 74 154
3192351,38 61 154
3193860,27 150 
3193878,15 68 
3194588,28 92 
3194588,28 65 
3194609,61 103 
3194609,61 101 
3195137,03 100 
3195137,03 6
3195137,03 2141
3195137,03 11
3197129,31 25 
3197302,94 75 
3198510,61 72 
3198582,14 70 
3200095,84 80 
3200447,65 83 
3201398,74 64 952
3201596,05 74 176
3201596,05 61 176
3202105,35 152 
3202128,7 69 
3203637,13 93 
3203659,28 103 
3203659,28 101 
3205694,29 100 
3205694,29 6
3205694,29 2141
3205694,29 10
3207671,57 25 
3207699,67 75 
3208906,68 72 
3208977,91 70 
3210500,62 80 
3211562,89 83 
3212019,66 64 458
3212177,27 74 135
3212177,27 62 135
3213185,43 151 
3213217,47 69 
3214128,23 93 
3214148,06 103 
3214148,06 101 
3216175,26 100 
3216175,26 6
3216175,26 2141
3216175,26 10
3218160,43 25 
3218187,73 75 
3219396,96 72 
3219466,61 70 
3220978,15 80 
3221332,1 83 
3222374,89 64 1043
3222562,87 74 165
3222562,87 62 165
3223074,81 151 
3223093,11 69 
3225103,17 93 
3225116,77 103 
3225116,77 101 
3227143,94 100 
3227143,94 6
3227143,94 2141
3227143,94 10
3229129,17 25 
3229156,55 75 
3230364,89 72 
3230435,44 70 
3231946,54 80 
3233300,35 83 
3233468,57 64 169
3233655,9 74 169
3233655,9 61 169
3235163,82 151 
3235194,86 69 
3236706,87 93 
3236725,22 103 
3236725,22 101 
3238761,59 100 
3238761,59 6
3238761,59 2141
3238761,59 11
3240737,65 25 
3240764,85 75 
3241970,61 72 
3242043,82 70 
3243557,06 80 
3244628,93 83 
3245028,9 64 400
3245191,81 74 150
3245191,81 61 150
3245700,65 150 
3245723,82 68 
3246434,98 92 
3246434,98 65 
3246454,47 103 
3246454,47 101 
3246980,82 100 
3246980,82 6
3246980,82 2141
3246980,82 11
3248960,84 25 
3249574,31 75 
3250781,66 72 
3250853,43 70 
3252372,17 80 
3252718,82 83 
3253758,3 64 1040
3253959,34 74 188
3253959,34 61 188
3255468,16 150 
3255492,85 68 
3256404,39 92 
3256404,39 65 
3256423,63 103 
3256423,63 101 
3256951,1 100 
3256951,1 6
3256951,1 2141
3256951,1 11
3258929,89 25 
3259343,53 75 
3260550,69 72 
3260622,65 70 
3262163,53 80 
3263527,66 83 
3263872,96 64 346
3264097,49 74 210
3264097,49 61 210
3265107,81 150 
3265128,8 68 
3265983,62 249
3266639,72 92 
3266639,72 65 
3266660,35 103 
3266660,35 101 
3267191,04 100 
3267191,04 6
3267191,04 2141
3267191,04 10
3269165,61 25 
3269192,86 75 
3270403,32 72 
3270471,94 70 
3271983,03 80 
3272350,56 83 
3273536,81 64 1187
3273703,11 74 153
3273703,11 62 153
3274714,84 151 
3274737,37 69 
3275448,42 93 
3275468,91 103 
3275468,91 101 
3277495,48 100 
3277495,48 6
3277495,48 2141
3277495,48 10
3279481,24 25 
3280574,56 75 
3281783,59 72 
3281853,82 70 
3283367,05 80 
3284745,35 83 
3285593,23 64 848
3285828,38 74 217
3285828,38 63 217
3286336,58 150 
3286359,18 68 
3286965,12 249
3288366,76 92 
3288366,76 65 
3288383,46 103 
3288383,46 101 
3288916,26 100 
3288916,26 6
3288916,26 2141
3288916,26 10
3290889,8 25 
3291769,8 75 
3292978,61 72 
3293222,29 70 
3294800,7 80 
3296047,26 83 
3296487,73 64 441
3296737,49 74 225
3296737,49 63 225
3298245,76 150 
3298274,19 68 
3300283,73 92 
3300283,73 65 
3300298,42 103 
3300298,42 101 
3300833,68 100 
3300833,68 6
3300833,68 2141
3300833,68 11
3302818,05 25 
3303591,44 75 
3304799,27 72 
3304870,71 70 
3306388,65 80 
3306762,79 83 
3308027,79 64 1266
3308249,24 74 207
3308249,24 61 207
3309756,97 150 
3309776,7 68 
3310485,53 92 
3310485,53 65 
3310507,54 103 
3310507,54 101 
3313993,06 102 
