69,5 100 
69,5 1
69,5 2102
69,5 10
2036,68 25 
2061,32 75 
3268,54 72 
3607,04 70 
5367,96 80 
6032,93 83 
6911,24 64 878
7092,81 74 152
7092,81 62 152
7602,64 151 
7632,76 69 
8542,46 93 
8566,99 103 
8566,99 101 
10591,56 100 
10591,56 1
10591,56 2102
10591,56 11
12577,29 25 
13510,52 75 
14718,1 72 
14789,81 70 
16317,87 80 
17388,22 83 
18192,55 64 805
18398,68 74 183
18398,68 63 183
19411,16 151 
19442,41 69 
20151,99 93 
20173,32 103 
20173,32 101 
22199,61 100 
22199,61 1
22199,61 2102
22199,61 11
24185,62 25 
24212,87 75 
25419,09 72 
25492,02 70 
27021,98 80 
28396,86 83 
28914,21 64 518
29159,15 74 228
29159,15 61 228
30669,91 151 
30690,27 69 
32198,96 93 
32208,5 103 
32208,5 101 
34238,54 100 
34238,54 1
34238,54 2102
34238,54 11
36220,5 25 
36247,95 75 
37454,91 72 
37526,72 70 
39063,23 80 
40138,59 83 
41186,48 64 1048
41429,35 74 225
41429,35 63 225
42440,7 151 
42458,64 69 
42495,48 249 
43204,72 183 
44466,02 93 
44482,97 103 
44482,97 101 
46512,14 100 
46512,14 1
46512,14 2102
46512,14 10
48495,23 25 
48522,81 75 
49729,29 72 
49801,43 70 
51335,44 80 
51707,15 83 
53008,65 64 1302
53216,29 74 190
53216,29 61 190
53726,46 150 
53746,65 68 
55757,16 92 
55757,16 65 
55771,83 103 
55771,83 101 
56300,24 100 
56300,24 1
56300,24 2102
56300,24 11
58277,76 25 
58305,29 75 
59514,32 72 
59584,01 70 
61112,15 80 
62475,74 83 
62875,44 64 400
63123,74 74 235
63123,74 63 235
64635,45 151 
64663,19 69 
65373,23 93 
65394,14 103 
65394,14 101 
67424,41 100 
67424,41 1
67424,41 2102
67424,41 10
69406,38 25 
69434,1 75 
70642,39 72 
70712,59 70 
72242,28 80 
72618,14 83 
73787,32 64 1170
74016,83 74 213
74016,83 61 213
75026,91 150 
75044,68 68 
75952,51 92 
75952,51 65 
75976,32 103 
75976,32 101 
76502,84 100 
76502,84 1
76502,84 2102
76502,84 10
78482,58 25 
78510,04 75 
79715,85 72 
79788,78 70 
81314,74 80 
82693,75 83 
83243,61 64 550
83482,78 74 216
83482,78 61 216
84994,38 152 
85013,65 69 
86525,62 93 
86545,03 103 
86545,03 101 
88573,23 100 
88573,23 1
88573,23 2102
88573,23 10
90557,47 25 
90584,68 75 
91792,68 72 
91863,69 70 
93389,81 80 
94462,14 83 
95218,85 64 757
95400,04 74 166
95400,04 61 166
95911,5 150 
95929,19 68 
96638,09 92 
96638,09 65 
96660,75 103 
96660,75 101 
97192,78 100 
97192,78 1
97192,78 2102
97192,78 11
99167,12 25 
99194,43 75 
100401 72 
100473,26 70 
102005,35 80 
102378,66 83 
103562,44 64 1184
103800,97 74 224
103800,97 62 224
104809,33 150 
104831,97 68 
106844,02 92 
106844,02 65 
106856,49 103 
106856,49 101 
107385,9 100 
107385,9 1
107385,9 2102
107385,9 11
109366,37 25 
109390,3 75 
110596,52 72 
110842,2 70 
112463,68 80 
113547,34 83 
114257,68 64 710
114513,79 74 233
114513,79 62 233
115025,16 150 
115055,39 68 
115963,47 92 
115963,47 65 
115985,88 103 
115985,88 101 
116512,73 100 
116512,73 1
116512,73 2102
116512,73 11
118492,08 25 
118652,4 75 
119861,94 72 
119931,75 70 
121459,32 80 
122836,7 83 
123273,18 64 437
123499,59 74 210
123499,59 62 210
125009,52 150 
125037,14 68 
126544,65 92 
126544,65 65 
126568,09 103 
126568,09 101 
127104,62 100 
127104,62 1
127104,62 2102
127104,62 10
129087,58 25 
129115,54 75 
130323,78 72 
130393,79 70 
131921,41 80 
132299,37 83 
133131,85 64 834
133306,88 74 156
133306,88 61 156
134317,6 150 
134340,17 68 
135247,72 92 
135247,72 65 
135270,97 103 
135270,97 101 
135799,78 100 
135799,78 1
135799,78 2102
135799,78 11
137777,38 25 
137805,24 75 
139012,4 72 
139083,58 70 
140605,36 80 
141695,29 83 
142172,75 64 478
142354,01 74 166
142354,01 61 166
142865,63 151 
142882,43 69 
144393,18 93 
144413,78 103 
144413,78 101 
146440,53 100 
146440,53 1
146440,53 2102
146440,53 10
148426,05 25 
148467,41 75 
149674,96 72 
149745,59 70 
151269,91 80 
152637,31 83 
152768,99 64 132
153022,43 74 239
153022,43 62 239
154534,15 151 
154557,66 69 
156565,24 93 
156581,97 103 
156581,97 101 
158617,68 100 
158617,68 1
158617,68 2102
158617,68 11
160594,33 25 
160621,4 75 
161828,5 72 
161900,54 70 
163427,46 80 
164498,91 83 
164861,62 64 363
165052,19 74 167
165052,19 62 167
165564,32 150 
165592,86 68 
166302,48 92 
166302,48 65 
166324,45 103 
166324,45 101 
166850,61 100 
166850,61 1
166850,61 2102
166850,61 10
168830,73 25 
168858,16 75 
170066,07 72 
170136,95 70 
171677,71 80 
172055,69 83 
172954,89 64 899
173178,26 74 203
173178,26 61 203
174189,24 150 
174216,61 68 
176226,48 92 
176226,48 65 
176240,25 103 
176240,25 101 
176767,54 100 
176767,54 1
176767,54 2102
176767,54 10
178746,51 25 
179186,79 75 
180396,54 72 
180465,89 70 
182002,48 80 
183384,23 83 
183741,72 64 358
184012,23 74 255
184012,23 61 255
185520,42 150 
185544,39 68 
187053,05 92 
187053,05 65 
187075,69 103 
187075,69 101 
187610,92 100 
187610,92 1
187610,92 2102
187610,92 10
189595,27 25 
189622,68 75 
190831,79 72 
190901,4 70 
192436,36 80 
193513,19 83 
193858,55 64 346
194079,7 74 207
194079,7 61 207
194586,92 150 
194607,28 68 
195516,09 92 
195516,09 65 
195538,69 103 
195538,69 101 
196066 100 
196066 1
196066 2102
196066 11
198044,97 25 
198378,55 75 
199587,82 72 
199657,73 70 
201194,68 80 
201563,15 83 
202678,79 64 1116
202964,47 74 269
202964,47 62 269
203975,18 152 
204003,44 69 
204714,36 93 
204734,78 103 
204734,78 101 
206767,04 100 
206767,04 1
206767,04 2102
206767,04 11
208747,17 25 
208774,38 75 
209983,14 72 
210053,41 70 
211580,87 80 
213238,13 83 
213638,53 64 401
213858,13 74 207
213858,13 61 207
215368,35 151 
215398,71 69 
216108,84 93 
216129,9 103 
216129,9 101 
218160,93 100 
218160,93 1
218160,93 2102
218160,93 10
220142,2 25 
220157,09 75 
221366,24 72 
221435,26 70 
222963,36 80 
224326,81 83 
224658,15 64 332
224840,08 74 167
224840,08 61 167
225849,78 150 
225873,87 68 
226782,06 92 
226782,06 65 
226805,34 103 
226805,34 101 
227333,84 100 
227333,84 1
227333,84 2102
227333,84 11
229311,68 25 
229338,82 75 
230545,44 72 
230617,85 70 
232139,24 80 
232513,16 83 
233567,91 64 1059
233857,49 74 268
233857,49 61 268
235366,83 151 
235389,83 69 
236897,64 93 
236907,7 103 
236907,7 101 
238934,94 100 
238934,94 1
238934,94 2102
238934,94 10
240920,1 25 
240947,34 75 
242157,11 72 
242226,3 70 
243748,55 80 
244824,71 83 
245894,98 64 1071
246081,32 74 164
246081,32 62 164
246589,23 151 
246611,78 69 
248622,44 93 
248636,14 103 
248636,14 101 
250671,56 100 
250671,56 1
250671,56 2102
250671,56 11
252648,47 25 
252675,6 75 
253881,48 72 
253954,74 70 
255478,62 80 
256859,66 83 
257599,42 64 740
257797,67 74 179
257797,67 61 179
258310,4 151 
258340,77 69 
259850,04 93 
259871,29 103 
259871,29 101 
261898,57 100 
261898,57 1
261898,57 2102
261898,57 11
263883,55 25 
263910,69 75 
265118,04 72 
265189,78 70 
266714,07 80 
267788,31 83 
268141,44 64 354
268380,89 74 220
268380,89 63 220
269389,88 153 
269415,44 68 
270326,74 92 
270326,74 65 
270346,83 103 
270346,83 101 
270873,95 100 
270873,95 1
270873,95 2102
270873,95 10
272853,07 25 
272866,74 75 
274075,83 72 
274146,02 70 
275673,72 80 
276038,14 83 
277170,4 64 1132
277416,81 74 232
277416,81 62 232
278925,51 151 
278944,62 69 
280955,03 93 
280969 103 
280969 101 
282997,79 100 
282997,79 1
282997,79 2102
282997,79 10
284981,23 25 
285008,53 75 
286214,97 72 
286287,5 70 
287815,03 80 
288179,88 83 
289135,38 64 956
289366,97 74 215
289366,97 62 215
290375,89 151 
290393,86 69 
291100 93 
291111,55 103 
291111,55 101 
293139,42 100 
293139,42 1
293139,42 2102
293139,42 10
295123,61 25 
295150,94 75 
296359,57 72 
296429,82 70 
297955,31 80 
299321,45 83 
299702,28 64 381
299877,81 74 156
299877,81 61 156
301387,39 150 
301415,14 68 
302122,64 92 
302122,64 65 
302146,68 103 
302146,68 101 
302675,14 100 
302675,14 1
302675,14 2102
302675,14 11
304652,97 25 
304680,47 75 
305888,35 72 
305959,1 70 
307481,86 80 
308544,24 83 
309241,38 64 698
309468,96 74 206
309468,96 62 206
309979,94 150 
309998,98 68 
310908,51 92 
310908,51 65 
310929,64 103 
310929,64 101 
311462,73 100 
311462,73 1
311462,73 2102
311462,73 10
313435,98 25 
313463,03 75 
314670,95 72 
314915,41 70 
316724,98 80 
317273,94 83 
318484,96 64 1212
318699,7 74 200
318699,7 61 200
319707,22 150 
319728,16 68 
321737,77 92 
321737,77 65 
321751,63 103 
321751,63 101 
322278,68 100 
322278,68 1
322278,68 2102
322278,68 10
324257,84 25 
324364,81 75 
325571,97 72 
325777,43 70 
327314,28 80 
328389,28 83 
328973,33 64 585
329238,68 74 250
329238,68 61 250
329749,56 152 
329776,8 69 
331287,12 93 
331307,58 103 
331307,58 101 
333334,65 100 
333334,65 1
333334,65 2102
333334,65 11
335319,95 25 
335347,05 75 
336555,11 72 
336626,04 70 
338143,91 80 
339517,82 83 
339706,09 64 189
340029,4 74 299
340029,4 61 299
341537,59 151 
341557,94 69 
342467,07 93 
342476,26 103 
342476,26 101 
344506,48 100 
344506,48 1
344506,48 2102
344506,48 10
346488,43 25 
346515,59 75 
347723,87 72 
347794,75 70 
349314,66 80 
349686,79 83 
350620,29 64 934
350816,49 74 184
350816,49 61 184
352323,4 150 
352340,35 68 
354348,01 92 
354348,01 65 
354364,49 103 
354364,49 101 
354892,08 100 
354892,08 1
354892,08 2102
354892,08 10
356870,8 25 
356911,45 75 
358119,22 72 
358191,77 70 
359726,98 80 
360802,08 83 
361289,83 64 488
361567,37 74 259
361567,37 61 259
362575,18 150 
362602,32 68 
363311,57 92 
363311,57 65 
363334 103 
363334 101 
363863,44 100 
363863,44 1
363863,44 2102
363863,44 11
365840,19 25 
366347,08 75 
367554,97 72 
367626,23 70 
369151,99 80 
370517,99 83 
370970,52 64 453
371160,42 74 176
371160,42 62 176
371671,75 150 
371691,39 68 
373201,59 92 
373201,59 65 
373223,12 103 
373223,12 101 
373759,39 100 
373759,39 1
373759,39 2102
373759,39 10
375742,71 25 
376156,16 75 
377364,48 72 
377435,52 70 
378954,82 80 
380311,69 250 
380327,01 101 
382339,9 100 
382339,9 1
382339,9 2102
382339,9 10
382339,9 25 
382366,82 75 
383574,73 72 
383646,03 70 
385170,68 80 
386537,8 83 
387474,87 64 938
387723,02 74 225
387723,02 61 225
388731,01 150 
388752,15 68 
389463,26 92 
389463,26 65 
389482,79 103 
389482,79 101 
390009,71 100 
390009,71 1
390009,71 2102
390009,71 11
391989,02 25 
392016,11 75 
393227,53 72 
393295,33 70 
394827,93 80 
395200,85 83 
396632,98 64 1433
396868,19 74 215
396868,19 62 215
397379,48 150 
397400,53 68 
398909,44 92 
398909,44 65 
398933,25 103 
398933,25 101 
399459,01 100 
399459,01 1
399459,01 2102
399459,01 11
401438,35 25 
401598,65 75 
402807,65 72 
402877,79 70 
404403,12 80 
405476,3 83 
406499,78 64 1023
406697,77 74 182
406697,77 62 182
408206,21 150 
408236,97 68 
409145,79 92 
409145,79 65 
409167,76 103 
409167,76 101 
409698,53 100 
409698,53 1
409698,53 2102
409698,53 11
411674,11 25 
411914,2 75 
413122,13 72 
413193,59 70 
414720,98 80 
416085,13 83 
416665,38 64 581
417083,9 74 399
417083,9 62 399
418594,39 150 
418618,91 68 
420629,2 92 
420629,2 65 
420656,22 103 
420656,22 101 
421187,2 100 
421187,2 1
421187,2 2102
421187,2 11
423162,47 25 
423389,35 75 
424598,32 72 
424668,62 70 
426194,34 80 
427666,9 83 
428584,44 64 918
428848,08 74 249
428848,08 62 249
429856,75 150 
429880,81 68 
430591,88 92 
430591,88 65 
430611,92 103 
430611,92 101 
431138,11 100 
431138,11 1
431138,11 2102
431138,11 10
433118,41 25 
433171,9 75 
434379,72 72 
434451,08 70 
435981,36 80 
436343,33 83 
437196,99 64 855
437431,58 74 209
437431,58 61 209
437942,34 152 
437970,28 69 
438330,63 249 
438882,89 93 
438901,82 103 
438901,82 101 
440930,72 100 
440930,72 1
440930,72 2102
440930,72 10
442914,02 25 
442941,27 75 
444149,5 72 
444220,26 70 
445748,58 80 
446112,37 83 
447334,01 64 1222
447582,42 74 231
447582,42 62 231
448592,2 151 
448619,05 69 
450126,15 93 
450137,02 103 
450137,02 101 
452164,44 100 
452164,44 1
452164,44 2102
452164,44 11
454149,25 25 
454176,64 75 
455385,08 72 
455455,48 70 
456984,77 80 
458360,54 83 
458836,09 64 476
459076,24 74 223
459076,24 62 223
459586,86 150 
459615,18 68 
461622,14 92 
461622,14 65 
461638,79 103 
461638,79 101 
462167 100 
462167 1
462167 2102
462167 11
464145,01 25 
464318,66 75 
465527,09 72 
465597,93 70 
467136,73 80 
468209,62 83 
468975,28 64 766
469302,99 74 308
469302,99 62 308
470815,53 150 
470837,15 68 
472347,89 92 
472347,89 65 
472367,49 103 
472367,49 101 
472899,61 100 
472899,61 1
472899,61 2102
472899,61 11
474873,84 25 
475353,96 75 
476561,74 72 
476633,11 70 
478165,8 80 
479245,02 83 
479867,96 64 624
480081,46 74 197
480081,46 62 197
481092,45 150 
481112,65 68 
481820,37 92 
481820,37 65 
481843,47 103 
481843,47 101 
482371,51 100 
482371,51 1
482371,51 2102
482371,51 10
484349,69 25 
484563,42 75 
485773,16 72 
485842,61 70 
487370,42 80 
487734,69 83 
488851,09 64 1117
489127,58 74 260
489127,58 61 260
490639,34 150 
490668,64 68 
492681,03 92 
492681,03 65 
492705,54 103 
492705,54 101 
493231,54 100 
493231,54 1
493231,54 2102
493231,54 10
495211,86 25 
495278,83 75 
496487,85 72 
496557,97 70 
498085,62 80 
499451,3 83 
500028,45 64 579
500273,94 74 225
500273,94 61 225
500783,57 150 
500810,18 68 
501374,22 249
501716,93 92 
501716,93 65 
501741,73 103 
501741,73 101 
502274,47 100 
502274,47 1
502274,47 2102
502274,47 11
504247,93 25 
504514,78 75 
505722,31 72 
505794,01 70 
507320,39 80 
508392,6 83 
510046,2 64 1654
510278,39 74 220
510278,39 62 220
510789,5 150 
510820,38 68 
511727,93 92 
511727,93 65 
511750,83 103 
511750,83 101 
512278,28 100 
512278,28 1
512278,28 2102
512278,28 10
514256,99 25 
514323,97 75 
515531,09 72 
515603,33 70 
517129,55 80 
518509,24 83 
519023,11 64 516
519280,18 74 239
519280,18 61 239
520790,97 150 
520815,83 68 
521524,14 92 
521524,14 65 
521546,68 103 
521546,68 101 
522074,01 100 
522074,01 1
522074,01 2102
522074,01 10
524052,89 25 
524613,03 75 
525820,82 72 
525892,11 70 
527420,51 80 
527784,26 83 
529251,87 64 1468
529491,68 74 215
529491,68 61 215
530501,42 150 
530530,48 68 
532538,13 92 
532538,13 65 
532555,23 103 
532555,23 101 
533087,8 100 
533087,8 1
533087,8 2102
533087,8 11
535061,78 25 
535089,58 75 
536296,19 72 
536367,76 70 
537902,85 80 
538273,23 83 
539924,17 64 1652
540183,92 74 246
540183,92 62 246
541692,47 150 
541712,76 68 
543222,35 92 
543222,35 65 
543244 103 
543244 101 
543772,49 100 
543772,49 1
543772,49 2102
543772,49 10
545750,31 25 
545963,93 75 
547172,77 72 
547243 70 
548779,9 80 
549854,98 83 
550561,11 64 707
550831,97 74 258
550831,97 61 258
551343,87 150 
551363,8 68 
553371,86 92 
553371,86 65 
553386,45 103 
553386,45 101 
553914,94 100 
553914,94 1
553914,94 2102
553914,94 10
555892,6 25 
555986,33 75 
557193,3 72 
557265,46 70 
558793,66 80 
560157,2 83 
560616,16 64 460
560858,53 74 222
560858,53 61 222
561867,5 150 
561890,86 68 
562601,5 92 
562601,5 65 
562622,53 103 
562622,53 101 
563151,92 100 
563151,92 1
563151,92 2102
563151,92 10
565128,65 25 
565702,21 75 
566910,83 72 
566981,32 70 
568510,87 80 
569886,46 83 
570346,47 64 460
570633,08 74 268
570633,08 61 268
571140,84 150 
571167,61 68 
571467,13 249
572074,99 92 
572074,99 65 
572098,4 103 
572098,4 101 
572627,12 100 
572627,12 1
572627,12 2102
572627,12 11
574604,65 25 
575044,94 75 
576257,28 72 
576324,03 70 
577851,61 80 
578216,17 83 
579392,65 64 1177
579644,22 74 229
579644,22 62 229
580654,13 150 
580682,94 68 
582193,29 92 
582193,29 65 
582214,16 103 
582214,16 101 
582742,18 100 
582742,18 1
582742,18 2102
582742,18 10
584720,43 25 
584774,07 75 
585980,63 72 
586053,2 70 
587577,04 80 
588651,75 83 
589111,71 64 460
589331,4 74 200
589331,4 61 200
590838,22 150 
590866,16 68 
592376,33 92 
592376,33 65 
592396,42 103 
592396,42 101 
592928,99 100 
592928,99 1
592928,99 2102
592928,99 11
594902,77 25 
595289,6 75 
596497,66 72 
596568,74 70 
598094,5 80 
599167,29 83 
600015,09 64 849
600231,17 74 198
600231,17 62 198
601741,38 152 
601767,91 69 
602679,14 93 
602698,73 103 
602698,73 101 
604725,3 100 
604725,3 1
604725,3 2102
604725,3 11
606710,98 25 
606738,23 75 
607947,51 72 
608017,29 70 
609543,05 80 
609909,4 83 
611168,93 64 1260
611367,72 74 179
611367,72 62 179
611877,52 150 
611897,08 68 
613908,94 92 
613908,94 65 
613933,95 103 
613933,95 101 
614461,29 100 
614461,29 1
614461,29 2102
614461,29 11
616440,25 25 
616493,85 75 
617700,41 72 
617773,07 70 
619304,97 80 
620691,41 83 
621267,65 64 576
621472,74 74 182
621472,74 62 182
622479,92 150 
622505,93 68 
623217,27 92 
623217,27 65 
623236,59 103 
623236,59 101 
623778,34 100 
623778,34 1
623778,34 2102
623778,34 10
625756,2 25 
626343,06 75 
627550,66 72 
627622,2 70 
629156,22 80 
630233,94 83 
630913,79 64 680
631111,7 74 185
631111,7 61 185
632621,97 150 
632648,17 68 
633356,89 92 
633356,89 65 
633379,08 103 
633379,08 101 
633907,85 100 
633907,85 1
633907,85 2102
633907,85 10
635898,52 25 
636126,69 75 
637333,3 72 
637577,94 70 
639385,82 80 
639936,62 83 
641237,85 64 1302
641487,61 74 232
641487,61 61 232
641999,57 150 
642016,7 68 
642864,11 249
642925,28 92 
642925,28 65 
642948,26 103 
642948,26 101 
643475,33 100 
643475,33 1
643475,33 2102
643475,33 11
645454,48 25 
645708,05 75 
646916,54 72 
647120,59 70 
648758,44 80 
650305,64 83 
650940,47 64 635
651149,09 74 191
651149,09 62 191
652158,97 152 
652186,11 69 
654196,85 93 
654210,16 103 
654210,16 101 
656239,97 100 
656239,97 1
656239,97 2102
656239,97 11
658222,42 25 
658249,94 75 
659457,53 72 
659528,76 70 
661202,89 80 
662273,89 83 
662829,79 64 556
663102,35 74 256
663102,35 62 256
663612,67 150 
663634,17 68 
665143,99 92 
665143,99 65 
665165,56 103 
665165,56 101 
665692,63 100 
665692,63 1
665692,63 2102
665692,63 10
667672,65 25 
668031,91 75 
669239,25 72 
669311,16 70 
670844,84 80 
671229,96 83 
672418,64 64 1189
672703,21 74 261
672703,21 61 261
673712,37 150 
673737,23 68 
674446,98 92 
674446,98 65 
674468,12 103 
674468,12 101 
674997,2 100 
674997,2 1
674997,2 2102
674997,2 11
676974,46 25 
677574,56 75 
678782,17 72 
678853,76 70 
680389,65 80 
681772,06 83 
682316,44 64 545
682529,54 74 198
682529,54 61 198
684040,77 151 
684066,27 69 
684974,99 93 
684997,02 103 
684997,02 101 
687028,23 100 
687028,23 1
687028,23 2102
687028,23 11
689009,32 25 
689036,56 75 
690245,33 72 
690315,51 70 
691846,57 80 
692913,98 83 
694399,55 64 1486
694649,62 74 230
694649,62 61 230
696157,65 151 
696180,19 69 
697691,18 93 
697711,58 103 
697711,58 101 
699740,6 100 
699740,6 1
699740,6 2102
699740,6 10
701723,97 25 
701751,06 75 
702960,46 72 
703030,09 70 
704555,44 80 
705935,15 83 
706884,84 64 950
707099,66 74 192
707099,66 62 192
708108,78 151 
708136,15 69 
710143,57 93 
710159,68 103 
710159,68 101 
712189,23 100 
712189,23 1
712189,23 2102
712189,23 10
714172,07 25 
714199,99 75 
715406,99 72 
715478,29 70 
717009,36 80 
717383,62 83 
718742,85 64 1359
719031,79 74 275
719031,79 63 275
719539,95 151 
719558,03 69 
721028,72 249 
723189,68 256 
723716,67 183 
725635,64 93 
725646,64 103 
725646,64 101 
727680,14 100 
727680,14 1
727680,14 2102
727680,14 11
729658,75 25 
730538,65 75 
731746,22 72 
731817,8 70 
733346,13 80 
734722,89 83 
735390,04 64 668
735583,85 74 169
735583,85 62 169
737094,17 150 
737123,48 68 
738030,05 92 
738030,05 65 
738054,41 103 
738054,41 101 
738583,76 100 
738583,76 1
738583,76 2102
738583,76 10
740560,72 25 
740707,79 75 
741916,49 72 
741986,89 70 
743511,7 80 
743879,06 83 
744891,56 64 1013
745215,88 74 311
745215,88 61 311
745727,52 150 
745746,73 68 
746328,82 249
747255,2 92 
747255,2 65 
747277,16 103 
747277,16 101 
747805,4 100 
747805,4 1
747805,4 2102
747805,4 10
749783,41 25 
750316,91 75 
751527,38 72 
751596,08 70 
753128,75 80 
754207,85 83 
755366,96 64 1160
755620,69 74 240
755620,69 61 240
756633,1 150 
756661,24 68 
757371,16 92 
757371,16 65 
757392,84 103 
757392,84 101 
757925,47 100 
757925,47 1
757925,47 2102
757925,47 10
759913,59 25 
759979,77 75 
761189,34 72 
761432,02 70 
763073,27 80 
764577,02 83 
765240,07 64 664
765543,52 74 287
765543,52 61 287
766050,86 152 
766071,36 69 
766112,65 249 
766781,87 93 
766802,26 103 
766802,26 101 
768830,3 100 
768830,3 1
768830,3 2102
768830,3 11
770814,59 25 
770841,65 75 
772050,51 72 
772120,7 70 
773642,23 80 
774719,18 83 
775284,04 64 566
775513,39 74 208
775513,39 62 208
777021,78 150 
777039,44 68 
778547,87 92 
778547,87 65 
778570,5 103 
778570,5 101 
779098,47 100 
779098,47 1
779098,47 2102
779098,47 10
781076,97 25 
781157,04 75 
782363,91 72 
782436,24 70 
783964,23 80 
784328,57 83 
785456,08 64 1128
785682,26 74 208
785682,26 61 208
786695 150 
786715,98 68 
787625,24 92 
787625,24 65 
787646,68 103 
787646,68 101 
788179,78 100 
788179,78 1
788179,78 2102
788179,78 11
790166,36 25 
790593,13 75 
791804,13 72 
791872,28 70 
793394,27 80 
794470,89 83 
795113,35 64 643
795326,9 74 191
795326,9 62 191
796337,53 150 
796364,07 68 
798374,16 92 
798374,16 65 
798389,03 103 
798389,03 101 
798918,07 100 
798918,07 1
798918,07 2102
798918,07 10
800894,99 25 
801508,53 75 
802717,35 72 
802787,69 70 
804313,96 80 
805679,38 83 
806044,38 64 365
806258,24 74 193
806258,24 61 193
807765,94 150 
807786,78 68 
809295,19 92 
809295,19 65 
809317,46 103 
809317,46 101 
809844,12 100 
809844,12 1
809844,12 2102
809844,12 11
811823,82 25 
811850,99 75 
813057,69 72 
813129,98 70 
814661,1 80 
815035,36 83 
816456,32 64 1421
816661,26 74 187
816661,26 62 187
817172,48 150 
817196,63 68 
818106,22 92 
818106,22 65 
818127,02 103 
818127,02 101 
818658,86 100 
818658,86 1
818658,86 2102
818658,86 11
820633,22 25 
820780,27 75 
821989,14 72 
822059,43 70 
823589,18 80 
824977,73 83 
825429,1 64 452
825657,69 74 214
825657,69 62 214
826164,95 150 
826192,53 68 
828202,5 92 
828202,5 65 
828229,39 103 
828229,39 101 
828758,87 100 
828758,87 1
828758,87 2102
828758,87 11
830735,59 25 
830909,31 75 
832117,58 72 
832188,56 70 
833724,82 80 
834094,01 83 
835285,5 64 1192
835494,56 74 188
835494,56 62 188
837003,97 150 
837027,79 68 
837738,91 92 
837738,91 65 
837758,81 103 
837758,81 101 
838289,63 100 
838289,63 1
838289,63 2102
838289,63 10
840265,04 25 
840878,25 75 
842087,73 72 
842157,56 70 
843679,17 80 
844755,99 83 
846031,92 64 1276
846212,29 74 164
846212,29 61 164
847219,96 150 
847251,23 68 
849262,04 92 
849262,04 65 
849287,06 103 
849287,06 101 
849817,72 100 
849817,72 1
849817,72 2102
849817,72 10
851793,35 25 
851847,11 75 
853053,82 72 
853126,25 70 
854654,32 80 
855724,72 83 
856218,76 64 494
856592,11 74 348
856592,11 61 348
858100,17 150 
858125,55 68 
859637,34 92 
859637,34 65 
859656,02 103 
859656,02 101 
860183,23 100 
860183,23 1
860183,23 2102
860183,23 10
862162,18 25 
862322,57 75 
863531,72 72 
863801,66 70 
865481,25 80 
866000,4 83 
867126,62 64 1126
867369,12 74 223
867369,12 61 223
868382,28 152 
868400,35 69 
869311,12 93 
869331,93 103 
869331,93 101 
871358,19 100 
871358,19 1
871358,19 2102
871358,19 10
873344,2 25 
873371,3 75 
874580,09 72 
874650,43 70 
876183,48 80 
877568,66 83 
878033,95 64 466
878287,19 74 239
878287,19 61 239
878800,54 150 
878822,37 68 
879529,98 92 
879529,98 65 
879554,17 103 
879554,17 101 
880087,9 100 
880087,9 1
880087,9 2102
880087,9 11
882073,78 25 
882447,37 75 
883657,04 72 
883726,61 70 
885259,59 80 
885632,01 83 
886783,33 64 1152
886974,55 74 170
886974,55 62 170
887484,56 150 
887513,01 68 
888222,28 92 
888222,28 65 
888243,88 103 
888243,88 101 
888770,65 100 
888770,65 1
888770,65 2102
888770,65 11
890750,04 25 
890830,42 75 
892037,7 72 
892109,58 70 
893631,22 80 
895014,6 83 
895519,04 64 505
895712,1 74 178
895712,1 62 178
896720,16 150 
896748,96 68 
897659,27 92 
897659,27 65 
897679,86 103 
897679,86 101 
898207,22 100 
898207,22 1
898207,22 2102
898207,22 10
900186,12 25 
900892,81 75 
902100,61 72 
902171,98 70 
903700,1 80 
904770,42 83 
905873,33 64 1103
906087,54 74 198
906087,54 61 198
907596,45 150 
907624,5 68 
909632,95 92 
909632,95 65 
909648,03 103 
909648,03 101 
910180,37 100 
910180,37 1
910180,37 2102
910180,37 11
912154,34 25 
912394,69 75 
913602,83 72 
913673,77 70 
915201,71 80 
915565,93 83 
916974,42 64 1409
917209,42 74 218
917209,42 62 218
918220,42 150 
918245,87 68 
919754,89 92 
919754,89 65 
919777,11 103 
919777,11 101 
920304,6 100 
920304,6 1
920304,6 2102
920304,6 11
922283,33 25 
922483,79 75 
923694,34 72 
923762,86 70 
925285,15 80 
926667,77 83 
927119,73 64 452
927355,97 74 223
927355,97 62 223
927866,38 150 
927895,83 68 
928805,82 92 
928805,82 65 
928826,61 103 
928826,61 101 
929353,86 100 
929353,86 1
929353,86 2102
929353,86 11
931332,9 25 
931892,93 75 
933101,43 72 
933172,11 70 
934701,95 80 
935784,04 83 
936686,52 64 903
936901,74 74 185
936901,74 62 185
938410,04 150 
938437,97 68 
939949,32 92 
939949,32 65 
939968,64 103 
939968,64 101 
940505,67 100 
940505,67 1
940505,67 2102
940505,67 10
942488,02 25 
942688,34 75 
943896,45 72 
943967,5 70 
945502,7 80 
945873,04 83 
947406,52 64 1534
947665,9 74 248
947665,9 61 248
948676,27 150 
948700,3 68 
950711,83 92 
950711,83 65 
950737,24 103 
950737,24 101 
951264,85 100 
951264,85 1
951264,85 2102
951264,85 11
953243,55 25 
953403,83 75 
954611,76 72 
954683,08 70 
956210,94 80 
957281,46 83 
957823,45 64 542
958159,64 74 319
958159,64 61 319
958672,91 151 
958695,33 69 
959402,53 93 
959413,63 103 
959413,63 101 
961440,49 100 
961440,49 1
961440,49 2102
961440,49 10
963425,76 25 
963439,7 75 
964648,7 72 
964718,81 70 
966240,58 80 
967983,63 83 
968357,76 64 374
968593,12 74 210
968593,12 61 210
970102,05 150 
970130,4 68 
971638,92 92 
971638,92 65 
971661,63 103 
971661,63 101 
972198,18 100 
972198,18 1
972198,18 2102
972198,18 10
974181,21 25 
974408,08 75 
975616,13 72 
975874,03 70 
977455,05 80 
978712,4 83 
979472,35 64 760
979729,27 74 244
979729,27 61 244
980238,77 150 
980260,24 68 
981170,52 92 
981170,52 65 
981190,92 103 
981190,92 101 
981717,95 100 
981717,95 1
981717,95 2102
981717,95 11
983697,16 25 
984097,37 75 
985304,35 72 
985376,54 70 
986907,67 80 
988268,22 83 
988997,19 64 730
989219,22 74 205
989219,22 62 205
990728,64 152 
990749,08 69 
991459,6 93 
991479,9 103 
991479,9 101 
993506,75 100 
993506,75 1
993506,75 2102
993506,75 11
995492,23 25 
995519,73 75 
996726,49 72 
996798,39 70 
998321,43 80 
998690,49 83 
999701,68 64 1011
999960,15 74 244
999960,15 62 244
1000970,61 150 
1000998,06 68 
1003008,95 92 
1003008,95 65 
1003021,7 103 
1003021,7 101 
1003557,61 100 
1003557,61 1
1003557,61 2102
1003557,61 10
1005541,31 25 
1005888,22 75 
1007097,31 72 
1007167,33 70 
1008689,88 80 
1009059,5 83 
1010328,45 64 1269
1010623,72 74 272
1010623,72 61 272
1011132,09 150 
1011153,8 68 
1012662,59 92 
1012662,59 65 
1012684,18 103 
1012684,18 101 
1013212,07 100 
1013212,07 1
1013212,07 2102
1013212,07 10
1015203,97 25 
1015364,14 75 
1016572,94 72 
1016643,39 70 
1018160,35 80 
1019228,4 83 
1020378,35 64 1150
1020606,31 74 205
1020606,31 62 205
1022117,81 151 
1022135,31 69 
1023418,85 249 
1024143,64 93 
1024159,41 103 
1024159,41 101 
1026186,03 100 
1026186,03 1
1026186,03 2102
1026186,03 11
1028171,64 25 
1028199,03 75 
1029406,42 72 
1029477,89 70 
1031008,6 80 
1032369,46 83 
1033154,57 64 785
1033359,58 74 191
1033359,58 62 191
1034370,88 150 
1034397,2 68 
1034869,76 249
1035057,83 172 
1035105,2 92 
1035105,2 65 
1035127,98 103 
1035127,98 101 
1035659,31 100 
1035659,31 1
1035659,31 2102
1035659,31 11
1037634,17 25 
1037861,16 75 
1039068,55 72 
1039140,31 70 
1040660,4 80 
1041032,5 83 
1042324,21 64 1292
1042610,15 74 272
1042610,15 62 272
1043120,91 150 
1043140,14 68 
1043715,08 249
1043783,51 172 
1044049,96 92 
1044049,96 65 
1044070,8 103 
1044070,8 101 
1044601,86 100 
1044601,86 6
1044601,86 2102
1044601,86 10
1044601,86 78 
1044601,86 198 
1046577,18 25 
1046830,77 75 
1048038,99 72 
1048109,89 70 
1049632,29 80 
1050708,47 83 
1051603,19 64 895
1051878,64 74 251
1051878,64 61 251
1053387,06 151 
1053414,88 69 
1053705,61 249 
1054227,06 181 
1054326,19 93 
1054346,55 103 
1054346,55 101 
1056375,16 100 
1056375,16 6
1056375,16 2102
1056375,16 10
1058358,79 25 
1058386,06 75 
1059593,36 72 
1059665,03 70 
1061187,92 80 
1062556,6 83 
1063147,64 64 591
1063385,19 74 216
1063385,19 61 216
1064396,55 151 
1064424,33 69 
1065933,27 93 
1065954,8 103 
1065954,8 101 
1067984,15 100 
1067984,15 6
1067984,15 2102
1067984,15 11
1069967,23 25 
1069994,65 75 
1071202,84 72 
1071273,37 70 
1072803,96 80 
1074164,99 83 
1074478,39 64 314
1074732,81 74 235
1074732,81 62 235
1076242,83 151 
1076272,66 69 
1076983,69 93 
1077003,44 103 
1077003,44 101 
1079030,34 100 
1079030,34 6
1079030,34 2102
1079030,34 11
1081015,75 25 
1086120,62 75 
1087330,44 72 
1087586,4 70 
1089169,5 80 
1090478,11 83 
1091067,95 64 591
1091366,62 74 276
1091366,62 61 276
1091877,32 150 
1091905,92 68 
1093912,77 92 
1093912,77 65 
1093929,73 103 
1093929,73 101 
1094455,77 100 
1094455,77 6
1094455,77 2102
1094455,77 11
1096435,93 25 
1097049,49 75 
1098257,76 72 
1098328,51 70 
1099856,63 80 
1100220,61 83 
1101426,47 64 1206
1101635,14 74 189
1101635,14 61 189
1102641,86 150 
1102661,61 68 
1103369,54 92 
1103369,54 65 
1103392,18 103 
1103392,18 101 
1103927,92 100 
1103927,92 6
1103927,92 2102
1103927,92 11
1105911,9 25 
1106338,63 75 
1107545,4 72 
1107618 70 
1109144,74 80 
1110522,89 83 
1111250,68 64 728
1111575,99 74 308
1111575,99 61 308
1112087,09 150 
1112109,93 68 
1113022,89 92 
1113022,89 65 
1113041,53 103 
1113041,53 101 
1113568,52 100 
1113568,52 6
1113568,52 2102
1113568,52 10
1115547,8 25 
1115894,76 75 
1117102,14 72 
1117173,74 70 
1118700,74 80 
1119772,28 83 
1120451,99 64 681
1120663,75 74 198
1120663,75 61 198
1121674,29 151 
1121692,9 69 
1123201,69 93 
1123210,51 103 
1123210,51 101 
1125237,16 100 
1125237,16 6
1125237,16 2102
1125237,16 10
1127222,75 25 
1127250,21 75 
1128458,61 72 
1128528,98 70 
1130059,69 80 
1130421,19 83 
1131252,87 64 832
1131518,55 74 245
1131518,55 61 245
1133026,61 151 
1133047,81 69 
1135055,88 93 
1135072,07 103 
1135072,07 101 
1137105,92 100 
1137105,92 6
1137105,92 2102
1137105,92 11
1139084,31 25 
1139111,51 75 
1140318,81 72 
1140390,66 70 
1141924,83 80 
1143002,69 83 
1143460,6 64 458
1143744,02 74 263
1143744,02 61 263
1144255,85 150 
1144283,6 68 
1146293,69 92 
1146293,69 65 
1146307,34 103 
1146307,34 101 
1146834,79 100 
1146834,79 6
1146834,79 2102
1146834,79 10
1148813,69 25 
1148840,79 75 
1150047,93 72 
1150119,78 70 
1151648,3 80 
1152025,29 83 
1153665,69 64 1641
1153863,54 74 173
1153863,54 62 173
1155374,7 153 
1155399,01 68 
1156306,97 92 
1156306,97 65 
1156329,69 103 
1156329,69 101 
1156857,9 100 
1156857,9 6
1156857,9 2102
1156857,9 11
1158835,89 25 
1159022,93 75 
1160230,15 72 
1160302,09 70 
1161829,77 80 
1163207,13 83 
1163953,95 64 748
1164200,45 74 234
1164200,45 61 234
1165208,28 150 
1165234,7 68 
1165945 92 
1165945 65 
1165965,55 103 
1165965,55 101 
1166497,87 100 
1166497,87 6
1166497,87 2102
1166497,87 10
1168471,94 25 
1168765,54 75 
1169976,03 72 
1170044,69 70 
1171571,1 80 
1172643,06 83 
1173257,96 64 616
1173543,48 74 261
1173543,48 61 261
1174052,49 151 
1174070,84 69 
1175578,07 93 
1175588,21 103 
1175588,21 101 
1177616,37 100 
1177616,37 6
1177616,37 2102
1177616,37 10
1179600,57 25 
1179627,91 75 
1180834,41 72 
1180906,69 70 
1182444,85 80 
1182825,51 83 
1183921,42 64 1096
1184208,54 74 264
1184208,54 61 264
1185215,74 151 
1185239,55 69 
1186146,6 93 
1186157,25 103 
1186157,25 101 
1188183,68 100 
1188183,68 6
1188183,68 2102
1188183,68 10
1190169,27 25 
1190196,58 75 
1191403,36 72 
1191475,48 70 
1193312,16 80 
1194966,87 83 
1195516,75 64 550
1195758,9 74 219
1195758,9 62 219
1197267,81 151 
1197287,84 69 
1198794,77 93 
1198804,95 103 
1198804,95 101 
1200836,99 100 
1200836,99 6
1200836,99 2102
1200836,99 11
1202817,41 25 
1202844,38 75 
1204052,65 72 
1204123,55 70 
1205649,48 80 
1206028,83 83 
1207369,1 64 1341
1207581,17 74 193
1207581,17 61 193
1208593,11 150 
1208615,96 68 
1210627,39 92 
1210627,39 65 
1210653,27 103 
1210653,27 101 
1211183,76 100 
1211183,76 6
1211183,76 2102
1211183,76 10
1213159,61 25 
1213546,28 75 
1214755,27 72 
1214825,52 70 
1216348,97 80 
1217424,06 83 
1218088,05 64 665
1218366,31 74 263
1218366,31 61 263
1219877,5 151 
1219904,33 69 
1220611,69 93 
1220622,31 103 
1220622,31 101 
1222648,91 100 
1222648,91 6
1222648,91 2102
1222648,91 11
1224634,62 25 
1228326,72 75 
1229533,83 72 
1229605,99 70 
1231141,18 80 
1232524,3 83 
1233028,06 64 505
1233278,92 74 236
1233278,92 62 236
1233790,59 153 
1233819,01 68 
1235330,06 92 
1235330,06 65 
1235349,36 103 
1235349,36 101 
1235878,89 100 
1235878,89 6
1235878,89 2102
1235878,89 11
1237855,62 25 
1238029,18 75 
1239236,5 72 
1239308,59 70 
1240832,13 80 
1241906,99 83 
1242602,86 64 696
1242836,43 74 210
1242836,43 62 210
1243844,59 151 
1243867,92 69 
1244576,38 93 
1244585,54 103 
1244585,54 101 
1246612,98 100 
1246612,98 6
1246612,98 2102
1246612,98 11
1248597,82 25 
1248624,95 75 
1249831,65 72 
1249904,06 70 
1251434,42 80 
1252810,27 83 
1254187,31 64 1379
1254386,81 74 178
1254386,81 61 178
1254899,06 150 
1254929,79 68 
1256940,14 92 
1256940,14 65 
1256966,86 103 
1256966,86 101 
1257493,96 100 
1257493,96 6
1257493,96 2102
1257493,96 10
1259473,15 25 
1259699,98 75 
1260909,05 72 
1260979,26 70 
1262503,76 80 
1262871,4 83 
1264536,49 64 1665
1264761,24 74 211
1264761,24 61 211
1266270,03 151 
1266298 69 
1267206,8 93 
1267215,96 103 
1267215,96 101 
1269256,14 100 
1269256,14 6
1269256,14 2102
1269256,14 11
1271228,15 25 
1271255,27 75 
1272464,02 72 
1272534,37 70 
1274066,04 80 
1274439,88 83 
1289965,79 64 15526
1290208,35 74 229
1290208,35 61 229
1291716,25 150 
1291740,83 68 
1292042,66 249
1292131,93 171
1293749,49 92 
1293749,49 65 
1293764,57 103 
1293764,57 101 
1294291,42 100 
1294291,42 6
1294291,42 2102
1294291,42 11
1296270,77 25 
1296630,96 75 
1297839,62 72 
1298083,48 70 
1299675,87 80 
1300935,15 83 
1301281,17 64 347
1301496,7 74 202
1301496,7 61 202
1302006,49 150 
1302029,77 68 
1303541,24 92 
1303541,24 65 
1303560,41 103 
1303560,41 101 
1304088,45 100 
1304088,45 6
1304088,45 2102
1304088,45 11
1306066,63 25 
1306147 75 
1307355,31 72 
1307639,35 70 
1309226,56 80 
1310757,85 83 
1311322,15 64 565
1311592,68 74 249
1311592,68 61 249
1312604,38 150 
1312625,31 68 
1313533,04 92 
1313533,04 65 
1313556,05 103 
1313556,05 101 
1314087,18 100 
1314087,18 6
1314087,18 2102
1314087,18 11
1316062,37 25 
1319607,95 75 
1320817,81 72 
1320887,09 70 
1322415,09 80 
1323792,07 83 
1324362,77 64 571
1324605,34 74 214
1324605,34 61 214
1326114,69 150 
1326139,75 68 
1326848,94 92 
1326848,94 65 
1326870,38 103 
1326870,38 101 
1327396,67 100 
1327396,67 6
1327396,67 2102
1327396,67 10
1329376,66 25 
1329577,02 75 
1330787,33 72 
1330856,21 70 
1332385,38 80 
1333454,58 83 
1334330,59 64 876
1334553,09 74 206
1334553,09 62 206
1335564,25 151 
1335588,54 69 
1337097,22 93 
1337106,05 103 
1337106,05 101 
1339133,58 100 
1339133,58 6
1339133,58 2102
1339133,58 10
1341118,33 25 
1341145,78 75 
1342354,08 72 
1342424,67 70 
1343953,31 80 
1344316,65 83 
1345408,49 64 1092
1345640,75 74 218
1345640,75 61 218
1346152,47 151 
1346171,38 69 
1346956,95 249 
1348179,65 93 
1348194,75 103 
1348194,75 101 
1350226,3 100 
1350226,3 6
1350226,3 2102
1350226,3 10
1352207,01 25 
1362206,59 254 
1362215,38 101 
1364227,76 100 
1364227,76 6
1364227,76 2102
1364227,76 10
1364227,76 25 
1374228,67 254 
1374236,89 101 
1376249,31 100 
1376249,31 6
1376249,31 2102
1376249,31 10
1376249,31 25 
1386253,91 254 
1386271,73 101 
1388271,07 100 
1388271,07 6
1388271,07 2102
1388271,07 10
1388271,07 25 
1398271,31 254 
1398280,02 101 
1400292,48 100 
1400292,48 6
1400292,48 2102
1400292,48 10
1400292,48 25 
1410294,61 254 
1410301,82 101 
1412313,99 100 
1412313,99 6
1412313,99 2102
1412313,99 10
1412313,99 25 
1422314,43 254 
1422323,08 101 
1424322,32 100 
1424322,32 6
1424322,32 2102
1424322,32 10
1424322,32 25 
1434325,89 254 
1434344,68 101 
1436357,06 100 
1436357,06 6
1436357,06 2102
1436357,06 10
1436357,06 25 
1446359 254 
1446366,35 101 
1448378,62 100 
1448378,62 6
1448378,62 2102
1448378,62 10
1448378,62 25 
1458381,65 254 
1458401,07 101 
1460413,49 100 
1460413,49 6
1460413,49 2102
1460413,49 10
1460413,49 25 
1470414,08 254 
1470422,72 101 
1472435,02 100 
1472435,02 6
1472435,02 2102
1472435,02 10
1472435,02 25 
1473102,55 75 
1474310,46 72 
1474568,32 70 
1476200,83 80 
1476567,08 83 
1478212,32 64 1646
1478459,42 74 227
1478459,42 61 227
1479967,35 151 
1479993,44 69 
1480706,79 93 
1480724,92 103 
1480724,92 101 
1482752,5 100 
1482752,5 6
1482752,5 2102
1482752,5 10
1484737,21 25 
1484764,54 75 
1485971,32 72 
1486043,49 70 
1487567,08 80 
1488935,07 83 
1489612,44 64 678
1489886,61 74 259
1489886,61 63 259
1490896,64 150 
1490922,34 68 
1491833,87 92 
1491833,87 65 
1491853,57 103 
1491853,57 101 
1492382,41 100 
1492382,41 6
1492382,41 2102
1492382,41 11
1494359,73 25 
1494386,95 75 
1495595,87 72 
1495666,06 70 
1497193,65 80 
1498264,48 83 
1498985,33 64 721
1499181,73 74 171
1499181,73 62 171
1499692,76 151 
1499718,92 69 
1500630,42 93 
1500649,78 103 
1500649,78 101 
1502680,58 100 
1502680,58 6
1502680,58 2102
1502680,58 10
1504662,01 25 
1504689,88 75 
1505897,45 72 
1505968,27 70 
1507494,52 80 
1508860,08 83 
1509598,46 64 738
1509886,43 74 267
1509886,43 63 267
1511397,44 152 
1511420,65 69 
1512129,74 93 
1512151,64 103 
1512151,64 101 
1514181,85 100 
1514181,85 6
1514181,85 2102
1514181,85 10
1516163,93 25 
1516191,56 75 
1517400,25 72 
1517470,08 70 
1518999,21 80 
1519362,18 83 
1521433 64 2072
1521670,12 74 216
1521670,12 61 216
1522679,4 151 
1522708,95 69 
1524216,76 93 
1524226,62 103 
1524226,62 101 
1526253,96 100 
1526253,96 6
1526253,96 2102
1526253,96 10
1528238,71 25 
1528266,01 75 
1529473,91 72 
1529544,92 70 
1531079,61 80 
1532156,67 83 
1533000,59 64 844
1533302,66 74 280
1533302,66 63 280
1533811,72 150 
1533837,79 68 
1535849,46 92 
1535849,46 65 
1535874,84 103 
1535874,84 101 
1536409,17 100 
1536409,17 6
1536409,17 2102
1536409,17 11
1538394,31 25 
1538421,59 75 
1539631,09 72 
1539700,68 70 
1541222,34 80 
1541592,94 83 
1543676,91 64 2085
1543947,24 74 249
1543947,24 63 249
1544957,97 151 
1544979,7 69 
1546987,54 93 
1547003,42 103 
1547003,42 101 
1549031,04 100 
1549031,04 6
1549031,04 2102
1549031,04 10
1551015,68 25 
1551043,03 75 
1552251,01 72 
1552321,92 70 
1553855,72 80 
1555226,84 83 
1556328,12 64 1102
1556640,91 74 295
1556640,91 61 295
1558152,3 153 
1558173,67 68 
1559681,56 92 
1559681,56 65 
1559704,68 103 
1559704,68 101 
1560231,92 100 
1560231,92 6
1560231,92 2102
1560231,92 10
1562210,86 25 
1562304,59 75 
1563511,67 72 
1563583,78 70 
1565116,41 80 
1566195,51 83 
1566854,72 64 659
1567102,78 74 228
1567102,78 61 228
1567613,75 151 
1567636,76 69 
1568545,5 93 
1568554,32 103 
1568554,32 101 
1570589,21 100 
1570589,21 6
1570589,21 2102
1570589,21 11
1572568,09 25 
1572593,77 75 
1573801 72 
1573872,65 70 
1575400,74 80 
1576058,15 83 
1577087,49 64 1030
1577375,88 74 266
1577375,88 63 266
1577883,96 151 
1577912,27 69 
1578621,96 93 
1578643,23 103 
1578643,23 101 
1580671,14 100 
1580671,14 6
1580671,14 2102
1580671,14 10
1582655,54 25 
1582683,03 75 
1583889,06 72 
1583962,18 70 
1585505,89 80 
1586881,01 83 
1587396,99 64 518
1587672,22 74 260
1587672,22 63 260
1588684,6 150 
1588707,74 68 
1589619,61 92 
1589619,61 65 
1589638,62 103 
1589638,62 101 
1590165,9 100 
1590165,9 6
1590165,9 2102
1590165,9 11
1592144,92 25 
1592265,26 75 
1593475,07 72 
1593544,31 70 
1595071,3 80 
1596129,5 83 
1596738,89 64 610
1597032,52 74 277
1597032,52 63 277
1598544,68 151 
1598570,3 69 
1600579,61 93 
1600593,9 103 
1600593,9 101 
1602623,98 100 
1602623,98 6
1602623,98 2102
1602623,98 11
1604606,34 25 
1604633,77 75 
1605841,49 72 
1605912,36 70 
1607431,79 80 
1608510,94 83 
1609331,45 64 821
1609610,26 74 260
1609610,26 63 260
1611120,63 151 
1611139,6 69 
1612647,67 93 
1612668,82 103 
1612668,82 101 
1614698,1 100 
1614698,1 6
1614698,1 2102
1614698,1 11
1616681,13 25 
1616708,31 75 
1617916,87 72 
1617987,35 70 
1619514,28 80 
1619879,41 83 
1621000 64 1121
1621213,77 74 202
1621213,77 62 202
1621725,79 151 
1621748,14 69 
1622457,13 93 
1622477,93 103 
1622477,93 101 
1624509,48 100 
1624509,48 6
1624509,48 2102
1624509,48 11
1626490,26 25 
1626517,49 75 
1627726,63 72 
1627796,36 70 
1629315,66 80 
1630701,51 83 
1631222,73 64 521
1631491,82 74 244
1631491,82 61 244
1632502,21 150 
1632529,23 68 
1634039,97 92 
1634039,97 65 
1634059,7 103 
1634059,7 101 
1634589,51 100 
1634589,51 6
1634589,51 2102
1634589,51 10
1636565,89 25 
1636726,32 75 
1637933,13 72 
1638005,43 70 
1639526 80 
1639897,58 83 
1642743,15 64 2846
1643036,79 74 274
1643036,79 63 274
1644047,66 152 
1644070,95 69 
1644980,82 93 
1645001,7 103 
1645001,7 101 
1647028,55 100 
1647028,55 6
1647028,55 2102
1647028,55 10
1649013,99 25 
1649054,67 75 
1650262,31 72 
1650333,49 70 
1651858,97 80 
1653225,18 83 
1653811,3 64 587
1654073,9 74 250
1654073,9 61 250
1655581,18 151 
1655599,6 69 
1656310,56 93 
1656330,16 103 
1656330,16 101 
1658357,55 100 
1658357,55 6
1658357,55 2102
1658357,55 10
1660342,53 25 
1660370,28 75 
1661579 72 
1661648,76 70 
1663174,89 80 
1664247,23 83 
1664689 64 443
1664901,19 74 188
1664901,19 62 188
1665411,24 151 
1665435,18 69 
1667442,95 93 
1667458,75 103 
1667458,75 101 
1669493,15 100 
1669493,15 6
1669493,15 2102
1669493,15 11
1671471,1 25 
1672231,16 75 
1673438,49 72 
1673510,31 70 
1675038,34 80 
1675402,44 83 
1676109,53 64 707
1676347,58 74 226
1676347,58 61 226
1677856,06 150 
1677883,17 68 
1679891,18 92 
1679891,18 65 
1679906,77 103 
1679906,77 101 
1680434,05 100 
1680434,05 6
1680434,05 2102
1680434,05 11
1682413,03 25 
1682466,73 75 
1683675,61 72 
1683879,22 70 
1685419,54 80 
1686490,98 83 
1687463,57 64 973
1687727,83 74 251
1687727,83 61 251
1688238,49 150 
1688265,34 68 
1689773,24 92 
1689773,24 65 
1689796,02 103 
1689796,02 101 
1690323,36 100 
1690323,36 6
1690323,36 2102
1690323,36 11
1692302,33 25 
1693008,92 75 
1694216,3 72 
1694288,15 70 
1695818,14 80 
1697193,15 83 
1697686,2 64 494
1697967,27 74 268
1697967,27 61 268
1698978,37 150 
1699007,59 68 
1699915,64 92 
1699915,64 65 
1699938,26 103 
1699938,26 101 
1700469,01 100 
1700469,01 6
1700469,01 2102
1700469,01 11
1702444,54 25 
1702658,29 75 
1703866,11 72 
1703937,32 70 
1705465,89 80 
1706828,97 83 
1707819,59 64 991
1708064,59 74 223
1708064,59 61 223
1709072,47 150 
1709096,57 68 
1709807,58 92 
1709807,58 65 
1709827,44 103 
1709827,44 101 
1710354,22 100 
1710354,22 6
1710354,22 2102
1710354,22 10
1712333,74 25 
1712813,81 75 
1714023,25 72 
1714092,95 70 
1715617,12 80 
1715985,25 83 
1717142,1 64 1158
1717418,88 74 262
1717418,88 63 262
1717932,34 150 
1717960,6 68 
1718668,93 92 
1718668,93 65 
1718690,32 103 
1718690,32 101 
1719216,77 100 
1719216,77 6
1719216,77 2102
1719216,77 10
1721196,54 25 
1721343,53 75 
1722551,13 72 
1722622,68 70 
1724143,14 80 
1725221,19 83 
1726002,87 64 782
1726239,69 74 219
1726239,69 61 219
1727749,22 151 
1727768,72 69 
1729277,19 93 
1729299,24 103 
1729299,24 101 
1731336,51 100 
1731336,51 6
1731336,51 2102
1731336,51 11
1733311,44 25 
1733352,27 75 
1734559,66 72 
1734631 70 
1736159,03 80 
1737229,39 83 
1738261,11 64 1032
1738487,96 74 206
1738487,96 61 206
1738998,35 150 
1739017,15 68 
1739925,33 92 
1739925,33 65 
1739947,86 103 
1739947,86 101 
1740475,58 100 
1740475,58 6
1740475,58 2102
1740475,58 11
1742454,11 25 
1742694,58 75 
1743901,46 72 
1743973,6 70 
1745501,76 80 
1746878,67 83 
1747110,51 64 232
1747349,46 74 218
1747349,46 61 218
1748856,62 150 
1748879,64 68 
1750891,28 92 
1750891,28 65 
1750916,6 103 
1750916,6 101 
1751445,42 100 
1751445,42 6
1751445,42 2102
1751445,42 10
1753422,9 25 
1753729,77 75 
1754936,31 72 
1755008,97 70 
1756537,38 80 
1756901,1 83 
1758004,68 64 1104
1758331,96 74 312
1758331,96 61 312
1759343,01 151 
1759368,56 69 
1759588,79 249 
1760267,34 181 
1760290,41 93 
1760312,61 103 
1760312,61 101 
1762341,9 100 
1762341,9 6
1762341,9 2102
1762341,9 10
1764324,89 25 
1764352,23 75 
1765559,96 72 
1765631,2 70 
1767152,59 80 
1768229,5 83 
1769197,01 64 968
1769406,54 74 191
1769406,54 61 191
1769915,32 151 
1769937,23 69 
1770644,38 93 
1770654,88 103 
1770654,88 101 
1772681,76 100 
1772681,76 6
1772681,76 2102
1772681,76 11
1774667,12 25 
1775147,23 75 
1776355,7 72 
1776426,56 70 
1777945,2 80 
1779318,17 83 
1779782,4 64 465
1779992,88 74 196
1779992,88 62 196
1781001,11 151 
1781025,9 69 
1782536,93 93 
1782556,47 103 
1782556,47 101 
1784585,44 100 
1784585,44 6
1784585,44 2102
1784585,44 10
1786568,7 25 
1787049,03 75 
1788257,12 72 
1788461,35 70 
1790098,44 80 
1790700,07 83 
1791486,37 64 787
1791728,31 74 229
1791728,31 61 229
1793239,33 151 
1793260,8 69 
1793354,68 249 
1794166,14 181 
1795269,41 93 
1795284,36 103 
1795284,36 101 
1797317,74 100 
1797317,74 6
1797317,74 2102
1797317,74 10
1799296,71 25 
1799337,22 75 
1800545,75 72 
1800749,47 70 
1802427,81 80 
1802961,53 83 
1805377,15 64 2416
1805712,18 74 312
1805712,18 63 312
1807223 152 
1807254,77 69 
1809265,61 93 
1809278,38 103 
1809278,38 101 
1811306,95 100 
1811306,95 6
1811306,95 2102
1811306,95 10
1813290,66 25 
1813318,03 75 
1813445,27 250 
1813462,83 101 
1815476,42 100 
1815476,42 6
1815476,42 2102
1815476,42 10
1815476,42 25 
1815503,17 75 
1816712,03 72 
1816782,61 70 
1818313,23 80 
1819687,81 83 
1820569,83 64 882
1820794,47 74 201
1820794,47 61 201
1821305,52 151 
1821328,92 69 
1822839,4 93 
1822859,28 103 
1822859,28 101 
1824886,08 100 
1824886,08 6
1824886,08 2102
1824886,08 11
1826872,93 25 
1826899,06 75 
1828105,92 72 
1828177,81 70 
1829703,82 80 
1830776,29 83 
1831527,62 64 752
1831732,92 74 185
1831732,92 61 185
1832741,48 150 
1832763,92 68 
1833471,95 92 
1833471,95 65 
1833494,84 103 
1833494,84 101 
1834026,44 100 
1834026,44 6
1834026,44 2102
1834026,44 11
1836001,1 25 
1836068,15 75 
1837278,57 72 
1837347,3 70 
1838877,87 80 
1840238,94 83 
1840694,41 64 456
1840950,38 74 232
1840950,38 61 232
1841961,27 150 
1841986,69 68 
1842893,9 92 
1842893,9 65 
1842917,43 103 
1842917,43 101 
1843450,01 100 
1843450,01 6
1843450,01 2102
1843450,01 11
1845423,69 25 
1845797,22 75 
1847004,35 72 
1847076,42 70 
1848614,66 80 
1849674,92 83 
1850232,63 64 558
1850450,71 74 203
1850450,71 61 203
1851957,99 150 
1851982,05 68 
1853489,82 92 
1853489,82 65 
1853512,96 103 
1853512,96 101 
1854040,08 100 
1854040,08 6
1854040,08 2102
1854040,08 11
1856019,14 25 
1856459,21 75 
1857668,8 72 
1857738,54 70 
1859267,03 80 
1859643,92 83 
1861321,24 64 1678
1861623,24 74 287
1861623,24 61 287
1862133,2 152 
1862164,97 69 
1863075,12 93 
1863095,42 103 
1863095,42 101 
1865126,83 100 
1865126,83 6
1865126,83 2102
1865126,83 10
1867107,76 25 
1867135,22 75 
1868346,35 72 
1868413,96 70 
1869943,94 80 
1871012,45 83 
1872385,15 64 1373
1872588,17 74 190
1872588,17 62 190
1873597,54 151 
1873626,45 69 
1874337,3 93 
1874357,33 103 
1874357,33 101 
1876383,91 100 
1876383,91 6
1876383,91 2102
1876383,91 10
1878369,63 25 
1879329,59 75 
1880537,39 72 
1880608,89 70 
1882138,65 80 
1883527,15 83 
1884345,84 64 819
1884597,4 74 231
1884597,4 61 231
1886107,65 151 
1886127,89 69 
1888137,7 93 
1888151,47 103 
1888151,47 101 
1890181,12 100 
1890181,12 6
1890181,12 2102
1890181,12 11
1892163,92 25 
1892191,58 75 
1893399,31 72 
1893469,94 70 
1895002,73 80 
1895388,73 83 
1896452,14 64 1064
1896693 74 226
1896693 61 226
1897206,88 150 
1897229,81 68 
1897939,14 92 
1897939,14 65 
1897960,63 103 
1897960,63 101 
1898494,07 100 
1898494,07 6
1898494,07 2102
1898494,07 11
1900480,27 25 
1900694 75 
1901901,69 72 
1901972,97 70 
1903501,78 80 
1905237,9 83 
1905788,14 64 551
1906161,54 74 351
1906161,54 61 351
1907672,23 150 
1907692,05 68 
1908600,45 92 
1908600,45 65 
1908622,82 103 
1908622,82 101 
1909150,34 100 
1909150,34 6
1909150,34 2102
1909150,34 10
1911128,99 25 
1911489,17 75 
1912697,03 72 
1912955,1 70 
1914538,84 80 
1915100,31 83 
1916199,2 64 1099
1916396,73 74 177
1916396,73 61 177
1917408,78 151 
1917434,47 69 
1918944,99 93 
1918965,01 103 
1918965,01 101 
1920992,37 100 
1920992,37 6
1920992,37 2102
1920992,37 10
1922977,36 25 
1923004,46 75 
1924210,86 72 
1924283,54 70 
1925812,62 80 
1926868,73 83 
1927661,88 64 794
1927886,27 74 205
1927886,27 61 205
1928393,26 151 
1928416,49 69 
1930425,11 93 
1930440,08 103 
1930440,08 101 
1932472,22 100 
1932472,22 6
1932472,22 2102
1932472,22 10
1934452,4 25 
1934479,94 75 
1935687,74 72 
1935758,66 70 
1937283,33 80 
1938650,32 83 
1938966,44 64 316
1939196,55 74 213
1939196,55 61 213
1940709,01 151 
1940731,34 69 
1942738,87 93 
1942754,91 103 
1942754,91 101 
1944781,35 100 
1944781,35 6
1944781,35 2102
1944781,35 11
1946767,24 25 
1946794,5 75 
1948001,18 72 
1948073,47 70 
1949599,1 80 
1949965,5 83 
1951052,67 64 1087
1951267,28 74 196
1951267,28 62 196
1951773,98 151 
1951793,35 69 
1952704,67 93 
1952724,1 103 
1952724,1 101 
1954754,03 100 
1954754,03 3
1954754,03 2102
1954754,03 10
1954754,03 78 
1954754,03 198 
1956736,25 25 
1956763,63 75 
1957969,93 72 
1958042,55 70 
1959561,89 80 
1960640,95 83 
1961356,44 64 716
1961386,61 256 
1961721,51 74 348
1961721,51 63 348
1962730,05 151 
1962748,23 69 
1963458 93 
1963479,49 103 
1963479,49 101 
1965511,04 100 
1965511,04 3
1965511,04 2102
1965511,04 11
1967491,7 25 
1968118,45 75 
1969326,54 72 
1969397,58 70 
1970924,91 80 
1972289,3 83 
1972851,62 64 562
1973054,49 74 179
1973054,49 62 179
1974064,03 151 
1974090,39 69 
1975099,25 249 
1975600,29 93 
1975620,91 103 
1975620,91 101 
1977647,08 100 
1977647,08 3
1977647,08 2102
1977647,08 11
1979633,18 25 
1979846,86 75 
1981054,23 72 
1981125,97 70 
1982649,13 80 
1983018,08 83 
1984471,17 64 1454
1984772,73 74 289
1984772,73 61 289
1985284,08 151 
1985311,58 69 
1987319,47 93 
1987335,97 103 
1987335,97 101 
1989361,9 100 
1989361,9 3
1989361,9 2102
1989361,9 10
1991348,21 25 
1991375,38 75 
1992583,83 72 
1992654,48 70 
1994179,73 80 
1995252,88 83 
1996049,95 64 798
1996296,39 74 231
1996296,39 61 231
1997807,57 151 
1997827,01 69 
1998535,42 93 
1998557,77 103 
1998557,77 101 
2000588,6 100 
2000588,6 3
2000588,6 2102
2000588,6 10
2002570,11 25 
2005782,48 75 
2006992,51 72 
2007061,65 70 
2008592,95 80 
2009660,19 83 
2010208,03 64 549
2010477,3 74 245
2010477,3 63 245
2010986,84 151 
2011007,68 69 
2011917,73 93 
2011938,86 103 
2011938,86 101 
2013966,74 100 
2013966,74 3
2013966,74 2102
2013966,74 11
2015951,02 25 
2015978,33 75 
2017187,28 72 
2017524,07 70 
2019305,56 80 
2020948,58 83 
2021614,98 64 667
2021868,77 74 240
2021868,77 61 240
2022879,12 153 
2022909,59 68 
2024419,97 92 
2024419,97 65 
2024440,14 103 
2024440,14 101 
2024967,06 100 
2024967,06 3
2024967,06 2102
2024967,06 11
2026946,4 25 
2026973,64 75 
2028181,54 72 
2028252,63 70 
2029783,09 80 
2030158,12 83 
2031382,88 64 1226
2031626,17 74 229
2031626,17 61 229
2033133,65 151 
2033158,29 69 
2035166,02 93 
2035182,2 103 
2035182,2 101 
2037212,3 100 
2037212,3 3
2037212,3 2102
2037212,3 10
2039194,56 25 
2039221,86 75 
2040429,4 72 
2040500,83 70 
2042024,43 80 
2043099,18 83 
2043833,17 64 735
2044053,36 74 195
2044053,36 62 195
2044561,85 150 
2044593,61 68 
2045503,87 92 
2045503,87 65 
2045524,66 103 
2045524,66 101 
2046051,22 100 
2046051,22 3
2046051,22 2102
2046051,22 10
2048030,82 25 
2048444,27 75 
2049651,81 72 
2049723,5 70 
2051259,68 80 
2052628,49 83 
2053038,47 64 410
2053231,01 74 177
2053231,01 62 177
2054740,54 150 
2054762,65 68 
2055201,17 249
2056273,43 92 
2056273,43 65 
2056293,22 103 
2056293,22 101 
2056819,78 100 
2056819,78 3
2056819,78 2102
2056819,78 11
2058799,44 25 
2059013,18 75 
2060221,27 72 
2060292,47 70 
2061821,84 80 
2062184,43 83 
2063396,07 64 1212
2063599,4 74 189
2063599,4 61 189
2064610,09 151 
2064638,58 69 
2065351,48 93 
2065370,78 103 
2065370,78 101 
2067409,7 100 
2067409,7 3
2067409,7 2102
2067409,7 11
2069394,95 25 
2069422,23 75 
2070631,03 72 
2070701,21 70 
2072229,1 80 
2073606,23 83 
2077934,4 64 4329
2078153,75 74 203
2078153,75 61 203
2079162,71 151 
2079192,38 69 
2080700,79 93 
2080709,51 103 
2080709,51 101 
2082736,36 100 
2082736,36 3
2082736,36 2102
2082736,36 10
2084721,74 25 
2085455,32 75 
2086664,11 72 
2086734,44 70 
2088269,14 80 
2089346,19 83 
2089954,12 64 609
2090243,18 74 271
2090243,18 61 271
2091752,36 151 
2091773,66 69 
2093780,9 93 
2093797,22 103 
2093797,22 101 
2095824,2 100 
2095824,2 3
2095824,2 2102
2095824,2 11
2097809,59 25 
2107811,98 254 
2107831,19 101 
2109843,65 100 
2109843,65 3
2109843,65 2102
2109843,65 11
2109843,65 25 
2119847,01 254 
2119866,1 101 
2121878,57 100 
2121878,57 3
2121878,57 2102
2121878,57 11
2121878,57 25 
2127917,15 75 
2129124,58 72 
2129369,64 70 
2131000,86 80 
2131368,24 83 
2137818,73 64 6451
2138042,62 74 211
2138042,62 61 211
2138551,91 151 
2138580,39 69 
2139291,06 93 
2139311,38 103 
2139311,38 101 
2141339,62 100 
2141339,62 3
2141339,62 2102
2141339,62 10
2143323,46 25 
2144097,83 75 
2145307,11 72 
2145376,11 70 
2146903,14 80 
2148267,87 83 
2148934,49 64 667
2149203,13 74 256
2149203,13 63 256
2149714,33 151 
2149735,58 69 
2150647,07 93 
2150666,35 103 
2150666,35 101 
2152693,83 100 
2152693,83 3
2152693,83 2102
2152693,83 11
2154678,72 25 
2154705,81 75 
2155913,16 72 
2155986,59 70 
2157510 80 
2157877,03 83 
2159066,35 64 1190
2159302,36 74 213
2159302,36 61 213
2160311,93 151 
2160331,26 69 
2162340,59 93 
2162354,75 103 
2162354,75 101 
2164383,07 100 
2164383,07 3
2164383,07 2102
2164383,07 10
2166367,09 25 
2166394,43 75 
2167602,11 72 
2167673,35 70 
2169202,71 80 
2170271,71 83 
2171093,36 64 822
2171359,85 74 249
2171359,85 62 249
2172868,63 150 
2172898,27 68 
2173611,88 92 
2173611,88 65 
2173629,95 103 
2173629,95 101 
2174160,75 100 
2174160,75 3
2174160,75 2102
2174160,75 10
2176136,32 25 
2176163,42 75 
2177373,16 72 
2177442,48 70 
2178972,04 80 
2180040,91 83 
2180584,01 64 544
2180771,61 74 171
2180771,61 62 171
2181780,43 152 
2181802,12 69 
2183310,05 93 
2183332,5 103 
2183332,5 101 
2185359,18 100 
2185359,18 3
2185359,18 2102
2185359,18 11
2187344,71 25 
2187931,46 75 
2189138,61 72 
2189210,72 70 
2190740,22 80 
2192115,79 83 
2192893,08 64 778
2193121,42 74 206
2193121,42 61 206
2193632,35 151 
2193650,36 69 
2194560,29 93 
2194581,01 103 
2194581,01 101 
2196612,12 100 
2196612,12 3
2196612,12 2102
2196612,12 11
2198593,4 25 
2198620,43 75 
2199827,93 72 
2199899,53 70 
2201433,68 80 
2201818,31 83 
2203217,93 64 1400
2203393,5 74 163
2203393,5 62 163
2204901,95 151 
2204925,38 69 
2205637,09 93 
2205656,29 103 
2205656,29 101 
2207686,4 100 
2207686,4 3
2207686,4 2102
2207686,4 10
2209668,6 25 
2209696,43 75 
2210903,51 72 
2210974,89 70 
2212506,65 80 
2212880,37 83 
2213986,33 64 1107
2214230,61 74 231
2214230,61 63 231
2215738,92 151 
2215760,46 69 
2217269,54 93 
2217291,38 103 
2217291,38 101 
2219321,09 100 
2219321,09 3
2219321,09 2102
2219321,09 11
2221303,65 25 
2221330,77 75 
2222538,5 72 
2222609,86 70 
2224140,45 80 
2225208,4 83 
2225899,96 64 692
2226086,49 74 172
2226086,49 62 172
2227095,52 151 
2227116,15 69 
2228026,79 93 
2228046,75 103 
2228046,75 101 
2230074,04 100 
2230074,04 3
2230074,04 2102
2230074,04 11
2232058,97 25 
2232659,29 75 
2233867,18 72 
2234071,68 70 
2235751,45 80 
2237269,87 83 
2237838,01 64 569
2238107,05 74 252
2238107,05 62 252
2238619,68 153 
2238644,4 68 
2239052,49 249
2239176,94 172 
2240653,58 92 
2240653,58 65 
2240668,28 103 
2240668,28 101 
2241201,46 100 
2241201,46 3
2241201,46 2102
2241201,46 10
2243187,69 25 
2243215,25 75 
2244425,56 72 
2244493,92 70 
2246024,6 80 
2247385,57 83 
2248046,94 64 662
2248273,76 74 209
2248273,76 61 209
2249284,47 151 
2249306,3 69 
2250016,28 93 
2250037,39 103 
2250037,39 101 
2252065,46 100 
2252065,46 3
2252065,46 2102
2252065,46 10
2254049,81 25 
2254077,08 75 
2255285,8 72 
2255355,91 70 
2256881,48 80 
2257954,46 83 
2258764,01 64 810
2259091,48 74 311
2259091,48 63 311
2260601,45 151 
2260621,71 69 
2262130,12 93 
2262152,26 103 
2262152,26 101 
2264178,5 100 
2264178,5 3
2264178,5 2102
2264178,5 11
2266164,57 25 
2266191,83 75 
2267398,46 72 
2267470,74 70 
2269005,82 80 
2269389,52 83 
2270214,37 64 825
2270464,83 74 237
2270464,83 62 237
2270973,34 151 
2271003,97 69 
2272288,32 249 
2273012,36 93 
2273027,65 103 
2273027,65 101 
2275064,1 100 
2275064,1 3
2275064,1 2102
2275064,1 10
2277039,94 25 
2277067,08 75 
2278275,64 72 
2278346,26 70 
2279880,56 80 
2281251,17 83 
2281566,58 64 316
2281838,28 74 254
2281838,28 61 254
2282345,13 151 
2282371,83 69 
2283280,07 93 
2283290,15 103 
2283290,15 101 
2285316,57 100 
2285316,57 3
2285316,57 2102
2285316,57 10
2287302,22 25 
2287329,83 75 
2288537,9 72 
2288608,39 70 
2290140,34 80 
2290513,89 83 
2291915,87 64 1402
2292149,61 74 210
2292149,61 62 210
2293661,06 150 
2293687,7 68 
2294597,49 92 
2294597,49 65 
2294618,51 103 
2294618,51 101 
2295145,51 100 
2295145,51 3
2295145,51 2102
2295145,51 10
2297124,69 25 
2297178,34 75 
2298385,72 72 
2298457,62 70 
2299983,09 80 
2301056,07 83 
2301810,83 64 755
2302034,87 74 207
2302034,87 62 207
2303046 150 
2303070,43 68 
2303781,38 92 
2303781,38 65 
2303801,13 103 
2303801,13 101 
2304335,28 100 
2304335,28 3
2304335,28 2102
2304335,28 11
2306334,2 25 
2306494,37 75 
2307702,71 72 
2307773,61 70 
2309307,52 80 
2310678,64 83 
2311281,35 64 603
2311500,57 74 196
2311500,57 61 196
2312510,82 151 
2312532,9 69 
2314542,51 93 
2314556,64 103 
2314556,64 101 
2316583,05 100 
2316583,05 3
2316583,05 2102
2316583,05 11
2318568,95 25 
2318596,18 75 
2319804,95 72 
2319875,15 70 
2321402,08 80 
2321767,39 83 
2323420,75 64 1654
2323637,4 74 191
2323637,4 62 191
2324147,75 151 
2324168,1 69 
2325150,61 249 
2325679,14 93 
2325698,53 103 
2325698,53 101 
2327730,02 100 
2327730,02 3
2327730,02 2102
2327730,02 10
2329710,77 25 
2329738,06 75 
2330943,85 72 
2331017,06 70 
2332538,19 80 
2333615,54 83 
2334142,5 64 527
2334345,87 74 185
2334345,87 62 185
2335857,28 152 
2335882,45 69 
2336591,72 93 
2336613,89 103 
2336613,89 101 
2338646,79 100 
2338646,79 3
2338646,79 2102
2338646,79 10
2340626,17 25 
2340653,46 75 
2341861,7 72 
2342105,69 70 
2343699,39 80 
2344957,28 83 
2345939,92 64 981
2346183,84 74 227
2346183,84 62 227
2347197,17 150 
2347224,86 68 
2348132,05 92 
2348132,05 65 
2348155,62 103 
2348155,62 101 
2348682,91 100 
2348682,91 3
2348682,91 2102
2348682,91 11
2350661,97 25 
2351462,03 75 
2352669,51 72 
2352741,12 70 
2354275,2 80 
2354659,97 83 
2355493,21 64 834
2355723,59 74 211
2355723,59 61 211
2356233,41 151 
2356261,38 69 
2358268,96 93 
2358284,98 103 
2358284,98 101 
2360312,46 100 
2360312,46 3
2360312,46 2102
2360312,46 11
2362296,98 25 
2366988,79 75 
2368197,39 72 
2368267,81 70 
2369793,5 80 
2371159,48 83 
2371722,91 64 564
2372016,52 74 271
2372016,52 61 271
2373527,01 151 
2373547,17 69 
2375054,85 93 
2375064,21 103 
2375064,21 101 
2377099,99 100 
2377099,99 3
2377099,99 2102
2377099,99 11
2379076,41 25 
2379104,05 75 
2380310,02 72 
2380382,72 70 
2381913,42 80 
2382288,24 83 
2383539,85 64 1253
2383762,38 74 209
2383762,38 62 209
2385271,07 151 
2385302,12 69 
2386210,84 93 
2386232,83 103 
2386232,83 101 
2388260,94 100 
2388260,94 3
2388260,94 2102
2388260,94 11
2390245,09 25 
2390272,42 75 
2391481,15 72 
2391551,2 70 
2393074,09 80 
2394442,93 83 
2395455 64 1013
2395777,83 74 309
2395777,83 61 309
2396787,81 151 
2396817,02 69 
2397526,3 93 
2397547,92 103 
2397547,92 101 
2399574,48 100 
2399574,48 3
2399574,48 2102
2399574,48 10
2401560,25 25 
2401587,9 75 
2402796,6 72 
2402866,44 70 
2404384,65 80 
2405464,88 83 
2406181,37 64 717
2406413,47 74 216
2406413,47 62 216
2406922,77 150 
2406945,2 68 
2407954,43 249
2408956,82 92 
2408956,82 65 
2408969,86 103 
2408969,86 101 
2409502,13 100 
2409502,13 3
2409502,13 2102
2409502,13 10
2411476,08 25 
2411503,56 75 
2412710,6 72 
2412782,34 70 
2414304,94 80 
2414674,36 83 
2415727,61 64 1053
2415950,52 74 210
2415950,52 62 210
2417461,08 150 
2417487,57 68 
2418036,6 249
2418380,75 172 
2418997,48 92 
2418997,48 65 
2419018,84 103 
2419018,84 101 
2419548,2 100 
2419548,2 3
2419548,2 2102
2419548,2 11
2421525,02 25 
2421832,09 75 
2423038,97 72 
2423111,21 70 
2424631,38 80 
2425696,3 83 
2426995,57 64 1299
2427212,55 74 197
2427212,55 61 197
2428222,3 151 
2428243,74 69 
2429153,45 93 
2429174,52 103 
2429174,52 101 
2431202,18 100 
2431202,18 3
2431202,18 2102
2431202,18 10
2433186,77 25 
2433214,61 75 
2434423,02 72 
2434492,91 70 
2436018,89 80 
2437384,69 83 
2438114,15 64 730
2438336,01 74 206
2438336,01 62 206
2438845,68 150 
2438865,85 68 
2440374,09 92 
2440374,09 65 
2440396,37 103 
2440396,37 101 
2440931,67 100 
2440931,67 3
2440931,67 2102
2440931,67 10
2442915,91 25 
2443036,3 75 
2444246,08 72 
2444315,46 70 
2445848,54 80 
2446927,27 83 
2447510,24 64 584
2447883,05 74 357
2447883,05 62 357
2448394,76 152 
2448421,48 69 
2449130,25 93 
2449139,37 103 
2449139,37 101 
2451167,02 100 
2451167,02 3
2451167,02 2102
2451167,02 11
2453151,7 25 
2453178,96 75 
2454387,35 72 
2454657,76 70 
2456256,59 80 
2457775,96 83 
2459100,7 64 1325
2459373,72 74 252
2459373,72 63 252
2460385,71 150 
2460403,4 68 
2460983,9 249
2461071,84 173 
2462415,05 92 
2462415,05 65 
2462440,48 103 
2462440,48 101 
2462969,44 100 
2462969,44 3
2462969,44 2102
2462969,44 11
2464946,6 25 
2464974,38 75 
2466183,55 72 
2466252,77 70 
2467779,42 80 
2468158,21 83 
2469132,37 64 975
2469425,42 74 268
2469425,42 63 268
2470936,64 150 
2470958,86 68 
2471437,71 249
2471476,88 173 
2472470,36 92 
2472470,36 65 
2472489,32 103 
2472489,32 101 
2473023,25 100 
2473023,25 3
2473023,25 2102
2473023,25 10
2475008,95 25 
2475142,69 75 
2476351,58 72 
2476421,81 70 
2477947,49 80 
2478313,92 83 
2479830,85 64 1517
2480041,24 74 195
2480041,24 62 195
2481553,35 150 
2481581,04 68 
2483591,39 92 
2483591,39 65 
2483604,64 103 
2483604,64 101 
2484131,57 100 
2484131,57 3
2484131,57 2102
2484131,57 11
2486110,85 25 
2486324,53 75 
2487531,18 72 
2487603,7 70 
2489138,45 80 
2490228,82 83 
2490677,43 64 449
2490954,02 74 259
2490954,02 63 259
2491965,44 150 
2491990,08 68 
2492899,63 92 
2492899,63 65 
2492920,65 103 
2492920,65 101 
2493449,01 100 
2493449,01 3
2493449,01 2102
2493449,01 10
2495426,91 25 
2495733,9 75 
2496940,68 72 
2497013,02 70 
2498541,93 80 
2499918,13 83 
2500642,56 64 725
2500938,39 74 274
2500938,39 63 274
2501447,71 151 
2501478,69 69 
2502185,85 93 
2502196,7 103 
2502196,7 101 
2504231,72 100 
2504231,72 3
2504231,72 2102
2504231,72 10
2506210,07 25 
2506249,64 75 
2507457,85 72 
2507528,68 70 
2509062,43 80 
2510140,37 83 
2510638,96 64 499
2510901,54 74 242
2510901,54 63 242
2512412,39 151 
2512435,22 69 
2514444,66 93 
2514458,17 103 
2514458,17 101 
2516484,97 100 
2516484,97 3
2516484,97 2102
2516484,97 11
2518470,43 25 
2518498 75 
2519704,01 72 
2519776,75 70 
2521310,25 80 
2522681,79 83 
2523353,74 64 672
2523642,66 74 268
2523642,66 63 268
2524151,05 150 
2524176,12 68 
2525687,63 92 
2525687,63 65 
2525706,7 103 
2525706,7 101 
2526234,91 100 
2526234,91 3
2526234,91 2102
2526234,91 11
2528213 25 
2528240,26 75 
2529450,11 72 
2529519,15 70 
2531045,99 80 
2531411,42 83 
2532532,5 64 1121
2532803,07 74 246
2532803,07 63 246
2533814,99 150 
2533838,74 68 
2534550 92 
2534550 65 
2534569,6 103 
2534569,6 101 
2535100,66 100 
2535100,66 3
2535100,66 2102
2535100,66 10
2537075,82 25 
2537342,87 75 
2538552,53 72 
2538621,93 70 
2540149,23 80 
2541527,1 83 
2542050,9 64 525
2542371,03 74 298
2542371,03 63 298
2542881,21 151 
2542902,76 69 
2543812,01 93 
2543832,33 103 
2543832,33 101 
2545864,15 100 
2545864,15 3
2545864,15 2102
2545864,15 10
2547844,64 25 
2548364,81 75 
2549572,86 72 
2549643,98 70 
2551185,06 80 
2552255,71 83 
2554306,44 64 2051
2554519,09 74 198
2554519,09 62 198
2556027,82 150 
2556055,94 68 
2556428,56 249
2556497,26 172 
2556768,82 92 
2556768,82 65 
2556786,87 103 
2556786,87 101 
2557314,26 100 
2557314,26 3
2557314,26 2102
2557314,26 11
2559293,18 25 
2559653,3 75 
2560860,53 72 
2560932,46 70 
2562456,71 80 
2562837,95 83 
2564801,46 64 1964
2565084,5 74 261
2565084,5 63 261
2566096,77 150 
2566118,62 68 
2568129,44 92 
2568129,44 65 
2568142,01 103 
2568142,01 101 
2568673,74 100 
2568673,74 3
2568673,74 2102
2568673,74 10
2570648,29 25 
2570901,82 75 
2572109,46 72 
2572181,04 70 
2573704,46 80 
2575072,74 83 
2575927,18 64 855
2576191,89 74 240
2576191,89 63 240
2577702,36 151 
2577726,79 69 
2578637,43 93 
2578657,53 103 
2578657,53 101 
2580685,83 100 
2580685,83 3
2580685,83 2102
2580685,83 10
2582669,79 25 
2582697,11 75 
2583906,53 72 
2583976,04 70 
2585513,15 80 
2586587,81 83 
2587108 64 521
2587327,67 74 207
2587327,67 62 207
2587838,33 150 
2587869,28 68 
2589378,47 92 
2589378,47 65 
2589399,64 103 
2589399,64 101 
2589930,32 100 
2589930,32 3
2589930,32 2102
2589930,32 11
2591905,9 25 
2592359,42 75 
2593568,11 72 
2593638,62 70 
2595174,43 80 
2595557,33 83 
2597634,91 64 2078
2597891,3 74 242
2597891,3 63 242
2598902,48 150 
2598930,95 68 
2600943,2 92 
2600943,2 65 
2600968,05 103 
2600968,05 101 
2601502,58 100 
2601502,58 3
2601502,58 2102
2601502,58 11
2603487,58 25 
2603569,24 75 
2604776,3 72 
2604847,04 70 
2606384,33 80 
2607458,86 83 
2607915,1 64 457
2608130,46 74 192
2608130,46 62 192
2609640,01 151 
2609659,77 69 
2610368,46 93 
2610377,32 103 
2610377,32 101 
2612404,72 100 
2612404,72 3
2612404,72 2102
2612404,72 11
2614389,62 25 
2614417,29 75 
2615623,41 72 
2615695,86 70 
2617229,27 80 
2618600,79 83 
2619041,15 64 441
2619235,5 74 182
2619235,5 62 182
2620244,18 151 
2620268,38 69 
2621759,3 249 
2621777,04 93 
2621785,88 103 
2621785,88 101 
2623813,59 100 
2623813,59 3
2623813,59 2102
2623813,59 10
2625798,08 25 
2625811,87 75 
2627016,88 72 
2627090,96 70 
2628614,26 80 
2628996,4 83 
2638204,95 64 9209
2638412,77 74 194
2638412,77 62 194
2638922,92 150 
2638940,8 68 
2639847,77 92 
2639847,77 65 
2639871,44 103 
2639871,44 101 
2640407,88 100 
2640407,88 3
2640407,88 2102
2640407,88 11
2642391,16 25 
2642684,63 75 
2643893,24 72 
2643963,95 70 
2645492,57 80 
2646868,81 83 
2647458,64 64 590
2647727,61 74 246
2647727,61 63 246
2649239,62 152 
2649268,85 69 
2650776,4 93 
2650786,83 103 
2650786,83 101 
2652814,81 100 
2652814,81 3
2652814,81 2102
2652814,81 10
2654799,03 25 
2654826,78 75 
2656036,96 72 
2656105,59 70 
2657625,32 80 
2658983,63 83 
2660398,38 64 1415
2660664,84 74 243
2660664,84 62 243
2661177,63 150 
2661198,04 68 
2661909,42 92 
2661909,42 65 
2661928,76 103 
2661928,76 101 
2662458,92 100 
2662458,92 3
2662458,92 2102
2662458,92 11
2664435 25 
2664861,82 75 
2666070,04 72 
2666140,98 70 
2667666,59 80 
2668033,26 83 
2669022,94 64 991
2669253,89 74 209
2669253,89 63 209
2670261,16 150 
2670287,45 68 
2671482,88 249
2672297,04 92 
2672297,04 65 
2672310,98 103 
2672310,98 101 
2672839,92 100 
2672839,92 3
2672839,92 2102
2672839,92 10
2674817,43 25 
2674844,74 75 
2676054,1 72 
2676123,52 70 
2677659,52 80 
2679041,74 83 
2679344 64 303
2679647,25 74 286
2679647,25 63 286
2680158,16 151 
2680189,75 69 
2681100,97 93 
2681120,72 103 
2681120,72 101 
2683149,24 100 
2683149,24 3
2683149,24 2102
2683149,24 10
2685132,89 25 
2685160,27 75 
2686367,33 72 
2686439,06 70 
2687970,62 80 
2689050,85 83 
2690650,83 64 1600
2690681,01 256 
2690897,39 74 234
2690897,39 62 234
2691906,96 150 
2691930,83 68 
2692841,81 92 
2692841,81 65 
2692862,27 103 
2692862,27 101 
2693390,02 100 
2693390,02 3
2693390,02 2102
2693390,02 11
2695368,49 25 
2695702,01 75 
2696911,59 72 
2696981,33 70 
2698516,74 80 
2698886,99 83 
2699945,4 64 1059
2700251,7 74 286
2700251,7 63 286
2701762,22 150 
2701793,94 68 
2702503,11 92 
2702503,11 65 
2702524,75 103 
2702524,75 101 
2703058,44 100 
2703058,44 3
2703058,44 2102
2703058,44 11
2705031,02 25 
2705177,92 75 
2706386,71 72 
2706457,15 70 
2707986,64 80 
2709348,92 83 
2710225,7 64 877
2710507,23 74 266
2710507,23 63 266
2711515,18 152 
2711536,13 69 
2713425,65 249 
2713545,73 93 
2713560,18 103 
2713560,18 101 
2715588,76 100 
2715588,76 3
2715588,76 2102
2715588,76 11
2717572,32 25 
2717599,65 75 
2718807,19 72 
2718878,62 70 
2720407,32 80 
2721476,99 83 
2724451,07 64 2975
2724661,56 74 186
2724661,56 62 186
2726172,29 151 
2726196,06 69 
2727706,61 93 
2727727,42 103 
2727727,42 101 
2729756,2 100 
2729756,2 3
2729756,2 2102
2729756,2 11
2731739,61 25 
2731780,76 75 
2732988,52 72 
2733059,2 70 
2734587,01 80 
2734964,59 83 
2736636,88 64 1672
2736836,15 74 180
2736836,15 62 180
2737346,88 151 
2737365,78 69 
2738077,58 93 
2738096,24 103 
2738096,24 101 
2740128,26 100 
2740128,26 3
2740128,26 2102
2740128,26 10
2742108,52 25 
2742135,8 75 
2743342,3 72 
2743414,82 70 
2744942,84 80 
2746306,47 83 
2746573,15 64 267
2746766,36 74 180
2746766,36 62 180
2747277,59 150 
2747307,8 68 
2749315,57 92 
2749315,57 65 
2749331,5 103 
2749331,5 101 
2749858,44 100 
2749858,44 3
2749858,44 2102
2749858,44 10
2751837,82 25 
2751864,96 75 
2753071,19 72 
2753144,09 70 
2754674,79 80 
2755049,53 83 
2755989,05 64 940
2756232,86 74 225
2756232,86 62 225
2757741,35 150 
2757770,19 68 
2759283,04 92 
2759283,04 65 
2759300,68 103 
2759300,68 101 
2759826,68 100 
2759826,68 3
2759826,68 2102
2759826,68 10
2761806,82 25 
2761873,8 75 
2763082,5 72 
2763326,47 70 
2764967,23 80 
2766044,76 83 
2766444,12 64 400
2766712,61 74 255
2766712,61 62 255
2767721,86 150 
2767753,63 68 
2768666,25 92 
2768666,25 65 
2768683,29 103 
2768683,29 101 
2769224,14 100 
2769224,14 3
2769224,14 2102
2769224,14 11
2771202,84 25 
2771403,16 75 
2772609,5 72 
2772682,35 70 
2774210,41 80 
2775294,97 83 
2776789,4 64 1496
2777033,94 74 221
2777033,94 63 221
2777541,42 150 
2777561,71 68 
2778471,07 92 
2778471,07 65 
2778492,5 103 
2778492,5 101 
2779019,75 100 
2779019,75 3
2779019,75 2102
2779019,75 11
2780998,63 25 
2781438,95 75 
2782646,82 72 
2782718,24 70 
2784254,87 80 
2784623,51 83 
2786894,22 64 2271
2787187,25 74 272
2787187,25 63 272
2788695,28 150 
2788716,93 68 
2789429,77 92 
2789429,77 65 
2789447,74 103 
2789447,74 101 
2789975,82 100 
2789975,82 3
2789975,82 2102
2789975,82 10
2791953,96 25 
2792034,36 75 
2793242,94 72 
2793313,63 70 
2794843,05 80 
2796205,17 83 
2796696,52 64 492
2796946,18 74 235
2796946,18 62 235
2797955 150 
2797979,63 68 
2798408,17 249
2798696,58 172 
2799990,64 92 
2799990,64 65 
2800003,31 103 
2800003,31 101 
2800535,97 100 
2800535,97 3
2800535,97 2102
2800535,97 10
2802509,56 25 
2802829,73 75 
2804037,84 72 
2804109,01 70 
2805644,77 80 
2806027,82 83 
2807278,28 64 1251
2807509,45 74 216
2807509,45 62 216
2808518,5 152 
2808548,35 69 
2810058,99 93 
2810078,92 103 
2810078,92 101 
2812105,92 100 
2812105,92 3
2812105,92 2102
2812105,92 10
2814091,31 25 
2814119,13 75 
2815327,35 72 
2815397,45 70 
2816928,76 80 
2817995,97 83 
2818663,65 64 668
2818945,41 74 270
2818945,41 62 270
2819457,38 150 
2819477,12 68 
2821489,71 92 
2821489,71 65 
2821514,17 103 
2821514,17 101 
2822041,86 100 
2822041,86 3
2822041,86 2102
2822041,86 11
2824020,37 25 
2824048,45 75 
2825255,83 72 
2825326,6 70 
2826854,99 80 
2828218,22 83 
2829874,59 64 1657
2830147,24 74 250
2830147,24 63 250
2831658,17 150 
2831685,28 68 
2832594,22 92 
2832594,22 65 
2832616,07 103 
2832616,07 101 
2833149,82 100 
2833149,82 3
2833149,82 2102
2833149,82 11
2835122,48 25 
2835309,28 75 
2836516,3 72 
2836588,49 70 
2838108,7 80 
2839186,87 83 
2839953,15 64 767
2840253,85 74 282
2840253,85 63 282
2841763,03 150 
2841787,77 68 
2842496,38 92 
2842496,38 65 
2842518,51 103 
2842518,51 101 
2843045,86 100 
2843045,86 3
2843045,86 2102
2843045,86 11
2845024,8 25 
2845052,09 75 
2846259,98 72 
2846330,97 70 
2847859,11 80 
2849235,94 83 
2849645,23 64 410
2849922,3 74 260
2849922,3 63 260
2850434,51 150 
2850463,9 68 
2851975,11 92 
2851975,11 65 
2851994,47 103 
2851994,47 101 
2852522,55 100 
2852522,55 3
2852522,55 2102
2852522,55 10
2854500,74 25 
2854847,58 75 
2856057,66 72 
2856126,8 70 
2857654,54 80 
2858018,99 83 
2859609,61 64 1591
2859814,19 74 183
2859814,19 62 183
2860821,93 150 
2860846,24 68 
2862357,46 92 
2862357,46 65 
2862376,8 103 
2862376,8 101 
2862907,71 100 
2862907,71 3
2862907,71 2102
2862907,71 10
2864882,99 25 
2865189,88 75 
2866399,87 72 
2866655,76 70 
2868347 80 
2869600,75 83 
2870128,64 64 528
2870357,02 74 211
2870357,02 62 211
2871364,6 150 
2871388,19 68 
2872095,9 92 
2872095,9 65 
2872119,21 103 
2872119,21 101 
2872648,28 100 
2872648,28 5
2872648,28 2102
2872648,28 10
2872648,28 78 
2872648,28 198 
2874625,48 25 
2875039 75 
2876248,3 72 
2876318,24 70 
2877995,1 80 
2879369,9 83 
2880351,16 64 981
2880561,36 74 192
2880561,36 62 192
2881074,53 151 
2881104,39 69 
2882014,27 93 
2882035,05 103 
2882035,05 101 
2884063,14 100 
2884063,14 5
2884063,14 2102
2884063,14 10
2886047,29 25 
2886074,54 75 
2887283,63 72 
2887353,54 70 
2888883,18 80 
2889245,67 83 
2890168,98 64 924
2890419,75 74 228
2890419,75 62 228
2891933,84 153 
2891952,95 68 
2892411,19 249
2892538,82 172 
2893964,05 92 
2893964,05 65 
2893990,04 103 
2893990,04 101 
2894527,01 100 
2894527,01 5
2894527,01 2102
2894527,01 10
2896509,49 25 
2896537,43 75 
2897743,41 72 
2897815,81 70 
2899354,34 80 
2900734,22 83 
2901270 64 537
2901484,8 74 191
2901484,8 62 191
2902997,07 151 
2903014,92 69 
2903925,27 93 
2903945,79 103 
2903945,79 101 
2905971,77 100 
2905971,77 5
2905971,77 2102
2905971,77 11
2907958,17 25 
2907985,18 75 
2909193,08 72 
2909264,22 70 
2910792,71 80 
2911156,29 83 
2912981,2 64 1826
2913193,94 74 199
2913193,94 62 199
2913702,36 150 
2913730,55 68 
2915739,67 92 
2915739,67 65 
2915753,99 103 
2915753,99 101 
2916280,26 100 
2916280,26 5
2916280,26 2102
2916280,26 10
2918260,23 25 
2918314,06 75 
2919522,5 72 
2919593,05 70 
2921126,09 80 
2922204,99 83 
2923314,72 64 1110
2923527,23 74 190
2923527,23 62 190
2924535,9 151 
2924565,78 69 
2925274,28 93 
2925283,31 103 
2925283,31 101 
2927317,93 100 
2927317,93 5
2927317,93 2102
2927317,93 11
2929295,61 25 
2929322,74 75 
2930531,23 72 
2930601,79 70 
2932123,25 80 
2932494,04 83 
2934948,19 64 2455
2935177,42 74 205
2935177,42 62 205
2936691,09 150 
2936720,76 68 
2938229,21 92 
2938229,21 65 
2938251,14 103 
2938251,14 101 
2938780,42 100 
2938780,42 5
2938780,42 2102
2938780,42 11
2940757,35 25 
2940837,64 75 
2942044,03 72 
2942116,86 70 
2943653,91 80 
2944728,61 83 
2945657,8 64 929
2945921,7 74 247
2945921,7 62 247
2946432,13 150 
2946449,82 68 
2947157,94 92 
2947157,94 65 
2947180,65 103 
2947180,65 101 
2947706,7 100 
2947706,7 5
2947706,7 2102
2947706,7 11
2949686,86 25 
2949980,36 75 
2951189,35 72 
2951259,58 70 
2952782,94 80 
2954164,7 83 
2954630,71 64 466
2954834,1 74 190
2954834,1 62 190
2955843,01 150 
2955872,45 68 
2956283,2 249
2956435,84 172 
2956783,11 92 
2956783,11 65 
2956803,18 103 
2956803,18 101 
2957334,62 100 
2957334,62 5
2957334,62 2102
2957334,62 11
2959309,4 25 
2959936,32 75 
2961144,07 72 
2961215,5 70 
2962748,69 80 
2964133,68 83 
2964564,09 64 431
2964798,64 74 212
2964798,64 62 212
2965309,08 150 
2965335,05 68 
2966842,63 92 
2966842,63 65 
2966865,6 103 
2966865,6 101 
2967392,83 100 
2967392,83 5
2967392,83 2102
2967392,83 10
2969371,75 25 
2969572,27 75 
2970780,24 72 
2970851,39 70 
2972379,65 80 
2972756,87 83 
2973800,56 64 1044
2974012,36 74 190
2974012,36 62 190
2975021,61 151 
2975051 69 
2977058,58 93 
2977074,58 103 
2977074,58 101 
2979106,53 100 
2979106,53 5
2979106,53 2102
2979106,53 10
2981089,39 25 
2984245,93 75 
2985454,73 72 
2985698,34 70 
2987382,75 80 
2988616,83 83 
2989060,75 64 444
2989267,15 74 185
2989267,15 62 185
2990775,81 151 
2990804,2 69 
2991469,02 249 
2991712,09 93 
2991721,61 103 
2991721,61 101 
2993751,99 100 
2993751,99 5
2993751,99 2102
2993751,99 10
2995734,09 25 
2995761,45 75 
2996970,6 72 
2997040,23 70 
2998574,13 80 
2998946,12 83 
3000294,5 64 1349
3000624,99 74 307
3000624,99 63 307
3001135,33 150 
3001159,98 68 
3003171,02 92 
3003171,02 65 
3003183,57 103 
3003183,57 101 
3003710,99 100 
3003710,99 5
3003710,99 2102
3003710,99 11
3005690,75 25 
3005717,25 75 
3006923,07 72 
3006995,94 70 
3008526,88 80 
3009607,78 83 
3010199,83 64 592
3010421,5 74 201
3010421,5 62 201
3011431,77 150 
3011462,27 68 
3012172,21 92 
3012172,21 65 
3012192,94 103 
3012192,94 101 
3012719,03 100 
3012719,03 5
3012719,03 2102
3012719,03 11
3014699,19 25 
3014726,69 75 
3015935,45 72 
3016005,37 70 
3017542,55 80 
3018910,42 83 
3019279,79 64 369
3019487,66 74 191
3019487,66 62 191
3020997,12 150 
3021018,12 68 
3022529,79 92 
3022529,79 65 
3022548,53 103 
3022548,53 101 
3023081,74 100 
3023081,74 5
3023081,74 2102
3023081,74 10
3025054,72 25 
3025614,81 75 
3026822,39 72 
3026894,1 70 
3028422,07 80 
3029492,55 83 
3031071,88 64 1579
3031346,43 74 255
3031346,43 62 255
3032355,2 153 
3032386,4 68 
3033096,19 92 
3033096,19 65 
3033117,37 103 
3033117,37 101 
3033645,96 100 
3033645,96 5
3033645,96 2102
3033645,96 10
3035623,65 25 
3035837,22 75 
3037044,77 72 
3037116,38 70 
3038639,82 80 
3039008,51 83 
3040407,48 64 1399
3040643,07 74 222
3040643,07 62 222
3041151,91 151 
3041181,97 69 
3042090,22 93 
3042100,22 103 
3042100,22 101 
3044128,03 100 
3044128,03 5
3044128,03 2102
3044128,03 10
3046112,52 25 
3046139,68 75 
3047346,84 72 
3047418,69 70 
3048953,32 80 
3050323,67 83 
3050788,63 64 465
3051094,11 74 291
3051094,11 63 291
3052603,67 150 
3052631,23 68 
3054141,54 92 
3054141,54 65 
3054161,81 103 
3054161,81 101 
3054693,52 100 
3054693,52 5
3054693,52 2102
3054693,52 11
3056668,03 25 
3056935,02 75 
3058143,51 72 
3058214,08 70 
3059739,51 80 
3060106,27 83 
3061074,41 64 969
3061291 74 199
3061291 62 199
3062798,87 150 
3062827,07 68 
3063284,81 249
3063443,57 172 
3064835,12 92 
3064835,12 65 
3064850,53 103 
3064850,53 101 
3068079,15 102 
