75,27 100 
75,27 2
75,27 2142
75,27 11
2039,59 25 
2063,09 75 
3272,67 72 
3582,17 70 
5191,33 80 
6247,98 83 
6592,07 64 343
6839,64 74 231
6839,64 61 231
8349,87 151 
8380,87 69 
10390,97 93 
10407,79 103 
10407,79 101 
12431,77 100 
12431,77 2
12431,77 2142
12431,77 11
14418,35 25 
14445,5 75 
15651,91 72 
15724,58 70 
17250,23 80 
18616,21 83 
18949,3 64 333
19152,63 74 189
19152,63 63 189
20163,01 150 
20189,22 68 
20900,64 92 
20900,64 65 
20921,6 103 
20921,6 101 
21448,84 100 
21448,84 2
21448,84 2142
21448,84 11
23427,86 25 
23455,28 75 
24662,29 72 
24734,08 70 
26253,14 80 
26626,24 83 
27494,76 64 869
27711,87 74 193
27711,87 63 193
28220,3 150 
28239,92 68 
28579,6 249
29149,51 92 
29149,51 65 
29171,45 103 
29171,45 101 
29700,34 100 
29700,34 2
29700,34 2142
29700,34 10
31677,78 25 
32091,24 75 
33298,78 72 
33370,42 70 
34892,74 80 
35262,55 83 
36319,77 64 1058
36490,97 74 149
36490,97 61 149
36999,09 150 
37023,02 68 
38534,65 92 
38534,65 65 
38554,14 103 
38554,14 101 
39081,93 100 
39081,93 2
39081,93 2142
39081,93 10
41060,4 25 
41140,84 75 
42349,29 72 
42419,98 70 
43931,88 80 
45298,3 83 
45968,49 64 670
46149,82 74 159
46149,82 61 159
47660,45 152 
47685,09 69 
49505,99 256 
60017,55 249 
60298,06 181 
73701,55 93 
73712,65 103 
73712,65 101 
75739,76 100 
75739,76 2
75739,76 2142
75739,76 11
77724,96 25 
77765,64 75 
78972,24 72 
79044,57 70 
80563,57 80 
81616,38 83 
82160,63 64 544
82391,78 74 216
82391,78 63 216
83402,73 150 
83430,86 68 
83820,27 249
84340,34 92 
84340,34 65 
84361,5 103 
84361,5 101 
84891,8 100 
84891,8 2
84891,8 2142
84891,8 11
86867,78 25 
87054,78 75 
88262,62 72 
88333,94 70 
89847,93 80 
91212,33 83 
91846,25 64 634
92075,87 74 211
92075,87 63 211
92586,5 150 
92612,86 68 
93050,42 249
93320,48 92 
93320,48 65 
93344,46 103 
93344,46 101 
93870,23 100 
93870,23 2
93870,23 2142
93870,23 10
95850,73 25 
95877,82 75 
97087,35 72 
97156,89 70 
98676,65 80 
99742,08 83 
100183,56 64 441
100345,57 74 137
100345,57 61 137
101355,48 150 
101382,52 68 
102892,23 92 
102892,23 65 
102913,73 103 
102913,73 101 
103445,48 100 
103445,48 2
103445,48 2142
103445,48 10
105420 25 
105527,28 75 
106736,06 72 
106992,8 70 
108647,42 80 
109204,7 83 
110625,89 64 1422
110831,8 74 188
110831,8 61 188
112339,47 150 
112364,59 68 
113273,3 92 
113273,3 65 
113296,01 103 
113296,01 101 
113825,37 100 
113825,37 2
113825,37 2142
113825,37 10
115802,27 25 
115869,26 75 
117077,6 72 
117148,46 70 
118665,97 80 
119733,78 83 
120293,05 64 560
120451,39 74 145
120451,39 61 145
121962,36 150 
121987,13 68 
123997,95 92 
123997,95 65 
124011,48 103 
124011,48 101 
124538,4 100 
124538,4 2
124538,4 2142
124538,4 11
126517,84 25 
126545,02 75 
127753,3 72 
127823,98 70 
129349,15 80 
130715,69 83 
131117,87 64 403
131315,03 74 173
131315,03 63 173
132327,39 150 
132356,02 68 
132782,6 249
133867,21 92 
133867,21 65 
133887,33 103 
133887,33 101 
134413,3 100 
134413,3 2
134413,3 2142
134413,3 10
136393,6 25 
136421,48 75 
137627,7 72 
137699,8 70 
139220,24 80 
139591,96 83 
140638,66 64 1047
140820,88 74 163
140820,88 61 163
141329,93 150 
141352,27 68 
142063,66 92 
142063,66 65 
142083,86 103 
142083,86 101 
142617,1 100 
142617,1 2
142617,1 2142
142617,1 10
144603,49 25 
145243,56 75 
146451,97 72 
146522,82 70 
148041,61 80 
148401,61 83 
149492,19 64 1091
149670,53 74 163
149670,53 61 163
150178,8 152 
150203,42 69 
151114,74 93 
151133,5 103 
151133,5 101 
153161,74 100 
153161,74 2
153161,74 2142
153161,74 10
155145,73 25 
155173,07 75 
156380,02 72 
156451,94 70 
157976,84 80 
159050,43 83 
159749,45 64 699
159912,7 74 143
159912,7 61 143
161421,52 150 
161450,51 68 
162961,49 92 
162961,49 65 
162981,72 103 
162981,72 101 
163508,43 100 
163508,43 2
163508,43 2142
163508,43 10
165488,02 25 
165728,39 75 
166936 72 
167007,47 70 
168526,29 80 
169885,84 83 
170366,01 64 481
170594,58 74 202
170594,58 63 202
171605,56 151 
171632,85 69 
173640,13 93 
173657,23 103 
173657,23 101 
175691,52 100 
175691,52 2
175691,52 2142
175691,52 11
177669,57 25 
177696,84 75 
178904,65 72 
178975,79 70 
180496,66 80 
181547,57 83 
182071,34 64 524
182241,78 74 149
182241,78 61 149
183750,06 151 
183775,21 69 
184483,68 93 
184506,01 103 
184506,01 101 
186534,05 100 
186534,05 2
186534,05 2142
186534,05 11
188518,34 25 
188545,63 75 
189752,79 72 
189824,59 70 
191345,29 80 
192716,22 83 
193282,09 64 566
193446,24 74 144
193446,24 61 144
194455,98 151 
194476,56 69 
195185,53 93 
195194,9 103 
195194,9 101 
197221,65 100 
197221,65 2
197221,65 2142
197221,65 11
199207,15 25 
199234,56 75 
200441,6 72 
200513,37 70 
202040,71 80 
202405,61 83 
203322,64 64 917
203544,17 74 206
203544,17 63 206
204054,73 150 
204072,54 68 
204491,51 249
205581,33 92 
205581,33 65 
205603,76 103 
205603,76 101 
206132,43 100 
206132,43 2
206132,43 2142
206132,43 11
208110,04 25 
208137,37 75 
209345,63 72 
209656,18 70 
211312,26 80 
212587,85 83 
212827,07 64 240
213035,92 74 196
213035,92 63 196
214545,93 150 
214574,77 68 
215483,7 92 
215483,7 65 
215506,29 103 
215506,29 101 
216033,12 100 
216033,12 2
216033,12 2142
216033,12 10
218012,55 25 
218386,11 75 
219594,26 72 
219665,35 70 
221184,78 80 
221544,07 83 
222489,98 64 947
222687,62 74 184
222687,62 61 184
223698,6 150 
223717,63 68 
225728,53 92 
225728,53 65 
225741,97 103 
225741,97 101 
226272,97 100 
226272,97 2
226272,97 2142
226272,97 10
228248,24 25 
228661,84 75 
229868,95 72 
229940,97 70 
231458,14 80 
232819,31 83 
233230,09 64 411
233417,31 74 172
233417,31 61 172
233925,86 150 
233953,32 68 
234661,35 92 
234661,35 65 
234684,85 103 
234684,85 101 
235215,94 100 
235215,94 2
235215,94 2142
235215,94 11
237191,17 25 
237578,05 75 
238784,24 72 
238857,2 70 
240372,92 80 
241442,37 83 
241885,33 64 443
242092,6 74 184
242092,6 63 184
243104,24 150 
243122,75 68 
244630,09 92 
244630,09 65 
244654 103 
244654 101 
245179,93 100 
245179,93 2
245179,93 2142
245179,93 10
247160,25 25 
247493,87 75 
248701,78 72 
248773,05 70 
250292,32 80 
250651,82 83 
251541,75 64 891
251754,98 74 197
251754,98 61 197
252265,06 150 
252292,21 68 
254300,63 92 
254300,63 65 
254316,56 103 
254316,56 101 
254842,73 100 
254842,73 2
254842,73 2142
254842,73 10
256822,87 25 
257089,79 75 
258299,13 72 
258369,04 70 
259884,12 80 
261248,3 83 
261670,38 64 422
261866,92 74 180
261866,92 61 180
263377,34 150 
263407,52 68 
263924,19 249
264316,34 92 
264316,34 65 
264339,01 103 
264339,01 101 
264872,23 100 
264872,23 2
264872,23 2142
264872,23 11
266858,71 25 
267112,26 75 
268320,64 72 
268391,45 70 
269907,65 80 
271269,82 83 
271634,79 64 366
271846,09 74 190
271846,09 63 190
273357,78 150 
273376,72 68 
274086,21 92 
274086,21 65 
274108,28 103 
274108,28 101 
274635,29 100 
274635,29 2
274635,29 2142
274635,29 11
276614,53 25 
276734,83 75 
277944,14 72 
278014,12 70 
279541,4 80 
280612,51 83 
281310,01 64 698
281511,17 74 179
281511,17 63 179
282519,98 150 
282546,28 68 
283035,82 249
283457,77 92 
283457,77 65 
283477,67 103 
283477,67 101 
284005,53 100 
284005,53 2
284005,53 2142
284005,53 11
285983,95 25 
286130,86 75 
287339,15 72 
287410,07 70 
288937,36 80 
289302,27 83 
290488,56 64 1186
290705,54 74 204
290705,54 63 204
291213,31 150 
291235,83 68 
293246,33 92 
293246,33 65 
293260,19 103 
293260,19 101 
293789,94 100 
293789,94 2
293789,94 2142
293789,94 10
295766,5 25 
296100,03 75 
297309,1 72 
297379,24 70 
298904,98 80 
299964,37 83 
300409,81 64 446
300617,54 74 187
300617,54 61 187
301627,43 152 
301644,82 69 
303155,2 93 
303176,01 103 
303176,01 101 
305202,67 100 
305202,67 2
305202,67 2142
305202,67 11
307188,31 25 
307361,96 75 
308570,91 72 
308641,22 70 
310164,79 80 
311546,32 83 
311863,3 64 317
312073,16 74 194
312073,16 63 194
312582,33 150 
312600,13 68 
313078,81 249
313509,9 92 
313509,9 65 
313531,73 103 
313531,73 101 
314057,61 100 
314057,61 2
314057,61 2142
314057,61 10
316037,89 25 
316424,82 75 
317634,91 72 
317703,97 70 
319226,43 80 
319596,13 83 
320740,34 64 1144
320921,08 74 166
320921,08 61 166
322430,74 150 
322449,34 68 
323959,64 92 
323959,64 65 
323980,62 103 
323980,62 101 
324516,07 100 
324516,07 2
324516,07 2142
324516,07 10
326500,16 25 
326713,79 75 
327923,32 72 
327993 70 
329513,91 80 
329885,11 83 
330955,81 64 1071
331167,78 74 191
331167,78 61 191
331678,1 150 
331698,71 68 
332189,03 249
332405,67 92 
332405,67 65 
332430,36 103 
332430,36 101 
332956,16 100 
332956,16 2
332956,16 2142
332956,16 11
334936,6 25 
335310,15 75 
336517,78 72 
336589,4 70 
338119,2 80 
339187,83 83 
339591,88 64 405
339777,42 74 163
339777,42 63 163
340789,51 150 
340814,98 68 
341324,75 249
342824,17 92 
342824,17 65 
342839,28 103 
342839,28 101 
343367,61 100 
343367,61 2
343367,61 2142
343367,61 11
345345,6 25 
345772,46 75 
346981,14 72 
347051,63 70 
348574,81 80 
349943,28 83 
350316,83 64 374
350519,38 74 190
350519,38 63 190
352027,01 152 
352050,14 69 
354060,22 93 
354074,56 103 
354074,56 101 
356105,41 100 
356105,41 2
356105,41 2142
356105,41 10
358086,87 25 
358100,56 75 
359307,7 72 
359379,81 70 
360904,48 80 
362271,44 83 
362689,06 64 418
362881,82 74 171
362881,82 61 171
363891,04 150 
363911,84 68 
364311,8 249
364620,05 92 
364620,05 65 
364643,47 103 
364643,47 101 
365172,07 100 
365172,07 2
365172,07 2142
365172,07 11
367149,69 25 
367190,15 75 
368398,14 72 
368469,3 70 
369990,26 80 
371054,39 83 
371750,83 64 697
371974,88 74 201
371974,88 63 201
373483,06 150 
373507,79 68 
373965,39 249
374417,05 92 
374417,05 65 
374439,3 103 
374439,3 101 
374966,01 100 
374966,01 2
374966,01 2142
374966,01 11
376945,62 25 
377292,54 75 
378500,39 72 
378571,74 70 
380094,25 80 
380463,94 83 
381507,27 64 1044
381765,98 74 237
381765,98 63 237
382277,32 150 
382304,14 68 
382701,11 249
383812,59 92 
383812,59 65 
383835,36 103 
383835,36 101 
384368,78 100 
384368,78 2
384368,78 2142
384368,78 10
386354,99 25 
386648,53 75 
387857,65 72 
387927,74 70 
389459,79 80 
390539,6 83 
391024,3 64 485
391216,82 74 172
391216,82 61 172
392225,65 150 
392246,7 68 
393155,56 92 
393155,56 65 
393178,08 103 
393178,08 101 
393704,21 100 
393704,21 2
393704,21 2142
393704,21 10
395684,35 25 
396071,23 75 
397280,47 72 
397350,42 70 
398870,27 80 
400242,14 83 
400533,42 64 291
400746,46 74 198
400746,46 63 198
401255,73 151 
401283,71 69 
403293,13 93 
403307,19 103 
403307,19 101 
405334,23 100 
405334,23 2
405334,23 2142
405334,23 10
407319,47 25 
407346,76 75 
408553,06 72 
408625,66 70 
410145,13 80 
410504,44 83 
411841,13 64 1337
412051,68 74 189
412051,68 61 189
413564,51 150 
413585,06 68 
414296,56 92 
414296,56 65 
414315,91 103 
414315,91 101 
414847,62 100 
414847,62 2
414847,62 2142
414847,62 11
416822,36 25 
417435,62 75 
418642,23 72 
418714,76 70 
420232,82 80 
420593,59 83 
421950,17 64 1357
422155,14 74 189
422155,14 63 189
423662,65 150 
423686,71 68 
424169,04 249
425197,43 92 
425197,43 65 
425217,92 103 
425217,92 101 
425747,88 100 
425747,88 2
425747,88 2142
425747,88 10
427724,19 25 
427844,5 75 
429053,21 72 
429123,69 70 
430640,66 80 
431695,54 83 
432109,58 64 414
432319,05 74 184
432319,05 61 184
433328,07 150 
433349,27 68 
435361,64 92 
435361,64 65 
435387,04 103 
435387,04 101 
435915,56 100 
435915,56 2
435915,56 2142
435915,56 11
437893,24 25 
438200,18 75 
439407,98 72 
439479,34 70 
440998,59 80 
442371,05 83 
442767,02 64 397
443012,7 74 229
443012,7 63 229
443521,99 150 
443545,01 68 
443933,67 249
445056,33 92 
445056,33 65 
445076,21 103 
445076,21 101 
445607,89 100 
445607,89 2
445607,89 2142
445607,89 10
447582,48 25 
448022,78 75 
449229,76 72 
449301,92 70 
450825,03 80 
452193,6 83 
452547,23 64 354
452729,15 74 163
452729,15 61 163
453238,47 150 
453260,9 68 
454168,42 92 
454168,42 65 
454192,4 103 
454192,4 101 
454718,53 100 
454718,53 2
454718,53 2142
454718,53 11
456698,65 25 
457072,16 75 
458278,59 72 
458351,37 70 
459881,49 80 
460243,61 83 
461303,22 64 1060
461513,61 74 191
461513,61 63 191
463025,04 150 
463043,42 68 
463751,05 92 
463751,05 65 
463775,03 103 
463775,03 101 
464301,59 100 
464301,59 2
464301,59 2142
464301,59 11
466281,3 25 
466681,46 75 
467888,18 72 
467960,67 70 
469480,04 80 
470532,51 83 
471198,39 64 666
471390,81 74 179
471390,81 63 179
472398,16 152 
472426,17 69 
473134,07 93 
473144,4 103 
473144,4 101 
475176,63 100 
475176,63 2
475176,63 2142
475176,63 11
477156,68 25 
477183,9 75 
478392,84 72 
478464,56 70 
479980,83 80 
480341,75 83 
481371,01 64 1030
481600,14 74 206
481600,14 63 206
482610,12 150 
482635,22 68 
483027,52 249
484645,05 92 
484645,05 65 
484659,52 103 
484659,52 101 
485185,61 100 
485185,61 2
485185,61 2142
485185,61 10
487165,84 25 
487486,02 75 
488695,87 72 
488765,24 70 
490293,58 80 
491656,89 83 
491930,38 64 274
492157,91 74 208
492157,91 61 208
493666,17 150 
493683,81 68 
495195,02 92 
495195,02 65 
495215,07 103 
495215,07 101 
495740,92 100 
495740,92 2
495740,92 2142
495740,92 10
497721,34 25 
498294,88 75 
499504,17 72 
499574,08 70 
501094,73 80 
502159,14 83 
502867,21 64 708
503075,97 74 184
503075,97 61 184
503584,35 150 
503612,99 68 
504522,54 92 
504522,54 65 
504544,52 103 
504544,52 101 
505078,03 100 
505078,03 2
505078,03 2142
505078,03 11
507064,14 25 
507584,28 75 
508793,67 72 
508863,46 70 
510378,63 80 
511448,57 83 
511971,69 64 524
512160,56 74 166
512160,56 63 166
513669,88 150 
513688,72 68 
514598,1 92 
514598,1 65 
514620,22 103 
514620,22 101 
515147,13 100 
515147,13 2
515147,13 2142
515147,13 10
517126,6 25 
517340,17 75 
518547,96 72 
518619,33 70 
520139,77 80 
520511,46 83 
521583,96 64 1073
521795,85 74 192
521795,85 61 192
522302,8 150 
522325,17 68 
523837,18 92 
523837,18 65 
523856,34 103 
523856,34 101 
524383,17 100 
524383,17 2
524383,17 2142
524383,17 10
526362,61 25 
526816,31 75 
528021,74 72 
528095,32 70 
529625,4 80 
530987,08 83 
531760,49 64 774
531941,3 74 168
531941,3 61 168
532953,08 150 
532974,3 68 
534982,26 92 
534982,26 65 
534998,34 103 
534998,34 101 
535528,02 100 
535528,02 2
535528,02 2142
535528,02 10
537504,72 25 
538091,58 75 
539301,39 72 
539370,58 70 
540893,5 80 
541969,06 83 
542687 64 719
542847,54 74 144
542847,54 61 144
543358,21 150 
543382,96 68 
544091,83 92 
544091,83 65 
544114,47 103 
544114,47 101 
544642,17 100 
544642,17 2
544642,17 2142
544642,17 11
546620,75 25 
546900,99 75 
548107 72 
548180,24 70 
549697,85 80 
550059,09 83 
551092,4 64 1034
551317,62 74 206
551317,62 63 206
552827,38 150 
552845,62 68 
553322,69 249
554856,67 92 
554856,67 65 
554870,08 103 
554870,08 101 
555396 100 
555396 2
555396 2142
555396 10
557376,27 25 
557696,46 75 
558904,89 72 
558975,68 70 
560504,39 80 
561867,45 83 
562238,23 64 371
562446,39 74 193
562446,39 61 193
563453,97 150 
563482,19 68 
564192,44 92 
564192,44 65 
564212,75 103 
564212,75 101 
564742,21 100 
564742,21 2
564742,21 2142
564742,21 11
566718,92 25 
566905,96 75 
568112,85 72 
568185,11 70 
569704,75 80 
570783,61 83 
571561,05 64 778
571803,14 74 220
571803,14 63 220
573314,99 150 
573343,6 68 
573814,11 249
574252,52 92 
574252,52 65 
574275,1 103 
574275,1 101 
574802,23 100 
574802,23 2
574802,23 2142
574802,23 10
576781,39 25 
577301,67 75 
578510,24 72 
578580,71 70 
580100,16 80 
580459,6 83 
581538,59 64 1079
581762,1 74 210
581762,1 61 210
582274,79 150 
582299,89 68 
582360,53 249
583809,51 92 
583809,51 65 
583831,07 103 
583831,07 101 
584357,51 100 
584357,51 2
584357,51 2142
584357,51 11
586337,39 25 
586670,91 75 
587878,91 72 
587950,09 70 
589468,97 80 
590828,6 83 
591140,01 64 312
591350,32 74 189
591350,32 63 189
592359,41 152 
592389,6 69 
593900,22 93 
593920,27 103 
593920,27 101 
595949,93 100 
595949,93 2
595949,93 2142
595949,93 10
597932,49 25 
597959,82 75 
599166,16 72 
599238,67 70 
600759,99 80 
601823,91 83 
602278,18 64 455
602462,17 74 172
602462,17 61 172
602973,36 150 
602997,86 68 
603706,38 92 
603706,38 65 
603729,38 103 
603729,38 101 
604256,21 100 
604256,21 2
604256,21 2142
604256,21 11
606235,62 25 
606529,26 75 
607736,11 72 
607808,44 70 
609327,51 80 
609687,21 83 
611030,33 64 1343
611253,2 74 207
611253,2 63 207
612763,76 150 
612794,66 68 
613703,15 92 
613703,15 65 
613725,16 103 
613725,16 101 
614252,85 100 
614252,85 2
614252,85 2142
614252,85 11
616231,47 25 
616738,22 75 
617945,22 72 
618244 70 
619899,6 80 
621468,88 83 
621750,41 64 282
621963,17 74 188
621963,17 63 188
622970,27 150 
622989,39 68 
623487,62 249
624999,76 92 
624999,76 65 
625013,78 103 
625013,78 101 
625552,22 100 
625552,22 2
625552,22 2142
625552,22 11
627533,37 25 
627946,88 75 
629154,17 72 
629226,02 70 
630755,55 80 
631118,23 83 
632080,1 64 962
632283,08 74 179
632283,08 61 179
633291,36 151 
633319,06 69 
633477,34 249 
635134,96 181 
635326,29 93 
635342,72 103 
635342,72 101 
637371,55 100 
637371,55 2
637371,55 2142
637371,55 10
639355,05 25 
639382,39 75 
640592,18 72 
640661,22 70 
642182,52 80 
643552,97 83 
643866,32 64 314
644039,61 74 153
644039,61 61 153
644551,28 150 
644580,26 68 
645490,42 92 
645490,42 65 
645511,74 103 
645511,74 101 
646038,09 100 
646038,09 2
646038,09 2142
646038,09 10
648018,06 25 
648471,55 75 
649680,06 72 
649750,78 70 
651273,57 80 
652350,15 83 
652730,46 64 381
652946,69 74 198
652946,69 61 198
654455,32 152 
654483,42 69 
655994,67 93 
656014 103 
656014 101 
658045,1 100 
658045,1 2
658045,1 2142
658045,1 11
660026,33 25 
660067,09 75 
661277,4 72 
661345,86 70 
662867,05 80 
664237,56 83 
664533,15 64 296
664749,02 74 192
664749,02 63 192
665759,49 150 
665785,39 68 
666152,1 249
666219,87 173 
666492,67 92 
666492,67 65 
666516,26 103 
666516,26 101 
667044,42 100 
667044,42 2
667044,42 2142
667044,42 11
669022,48 25 
669476,85 75 
670684,11 72 
670755,24 70 
672268,05 80 
672634,07 83 
673540,35 64 907
673780,45 74 227
673780,45 63 227
675289,63 150 
675314 68 
676022,07 92 
676022,07 65 
676045,6 103 
676045,6 101 
676574,23 100 
676574,23 2
676574,23 2142
676574,23 11
678551,81 25 
678846,23 75 
680054,87 72 
680124,61 70 
681647,04 80 
682723,14 83 
683117,17 64 394
683305,71 74 170
683305,71 63 170
683813,7 150 
683830,44 68 
684454,31 249
685839,44 92 
685839,44 65 
685854,75 103 
685854,75 101 
686386,36 100 
686386,36 2
686386,36 2142
686386,36 10
688361,09 25 
688494,66 75 
689701,01 72 
689773,87 70 
691291,31 80 
692652,24 83 
693060,28 64 408
693246,21 74 168
693246,21 61 168
694254,8 150 
694279,28 68 
695789,34 92 
695789,34 65 
695810,6 103 
695810,6 101 
696337,04 100 
696337,04 2
696337,04 2142
696337,04 10
698316,84 25 
698916,97 75 
700124,17 72 
700196,12 70 
701716 80 
702781,28 83 
703578,19 64 797
703735,74 74 142
703735,74 61 142
705245,34 150 
705274,65 68 
706187,55 92 
706187,55 65 
706206,18 103 
706206,18 101 
706734,44 100 
706734,44 2
706734,44 2142
706734,44 11
708712,47 25 
709165,98 75 
710373,65 72 
710445,19 70 
711964,06 80 
712323,98 83 
713686,21 64 1363
713861,72 74 153
713861,72 63 153
714372,66 150 
714390,93 68 
714891,29 249
715901,96 92 
715901,96 65 
715922,09 103 
715922,09 101 
716451,01 100 
716451,01 2
716451,01 2142
716451,01 10
718428,36 25 
718855,25 75 
720063,53 72 
720374,43 70 
721993,75 80 
722359,68 83 
723346,29 64 987
723544,86 74 186
723544,86 61 186
724554,76 150 
724573,18 68 
725284,92 92 
725284,92 65 
725304,81 103 
725304,81 101 
725832,74 100 
725832,74 6
725832,74 2142
725832,74 10
725832,74 78 
725832,74 198 
727812,04 25 
728491,19 75 
729697,81 72 
729770,36 70 
731292,1 80 
732662,08 83 
733133 64 472
733332,75 74 178
733332,75 61 178
733843,9 151 
733863,3 69 
733895,48 249 
734770,98 93 
734781,05 103 
734781,05 101 
736807,85 100 
736807,85 6
736807,85 2142
736807,85 10
738793,11 25 
738820,35 75 
740030,07 72 
740099,4 70 
741620,15 80 
742697,82 83 
743363,68 64 667
743552,63 74 175
743552,63 61 175
745062,61 151 
745084,57 69 
747092,97 93 
747108,93 103 
747108,93 101 
749140,45 100 
749140,45 6
749140,45 2142
749140,45 11
751121,49 25 
751361,67 75 
752567,85 72 
752640,78 70 
754161,32 80 
755239,19 83 
755734,29 64 495
755954,89 74 197
755954,89 63 197
756967,71 151 
756986,17 69 
757896,33 93 
757917,74 103 
757917,74 101 
759943,86 100 
759943,86 6
759943,86 2142
759943,86 10
761930,03 25 
761957,51 75 
763166,07 72 
763236,25 70 
764755,2 80 
765115,03 83 
765991,1 64 877
766186,5 74 179
766186,5 61 179
767694,01 153 
767715,03 68 
768425,52 92 
768425,52 65 
768446,59 103 
768446,59 101 
768972,55 100 
768972,55 6
768972,55 2142
768972,55 11
770952,88 25 
771153,22 75 
772362,56 72 
772432,39 70 
773950,73 80 
775324,05 83 
775735,59 64 412
775966,35 74 216
775966,35 63 216
776473,68 151 
776497,99 69 
778504,73 93 
778522,4 103 
778522,4 101 
780557,28 100 
780557,28 6
780557,28 2142
780557,28 11
782534,79 25 
782562,05 75 
783768,97 72 
783841,02 70 
785361,71 80 
786426,1 83 
786911,66 64 486
787187,19 74 255
787187,19 63 255
788198,08 151 
788226,44 69 
789005,44 249 
789734,43 93 
789744,33 103 
789744,33 101 
791770,39 100 
791770,39 6
791770,39 2142
791770,39 10
793756,59 25 
793784,96 75 
794992,46 72 
795062,89 70 
796580,7 80 
797941,21 83 
798193,47 64 252
798373,8 74 167
798373,8 61 167
799882,52 151 
799901,51 69 
800611,39 93 
800633,05 103 
800633,05 101 
802660,14 100 
802660,14 6
802660,14 2142
802660,14 11
804645,38 25 
805125,52 75 
806332,97 72 
806404,71 70 
807923,09 80 
808283,55 83 
810722,66 64 2439
810965,34 74 230
810965,34 61 230
811473,8 150 
811496,56 68 
812058,74 249
812403,35 92 
812403,35 65 
812428,12 103 
812428,12 101 
812960,95 100 
812960,95 6
812960,95 2142
812960,95 11
814947,74 25 
815614,57 75 
816823,99 72 
816893,72 70 
818418,45 80 
818785,77 83 
820647,58 64 1862
820858,86 74 195
820858,86 63 195
821368,2 151 
821399,21 69 
822910,38 93 
822930,33 103 
822930,33 101 
824957,84 100 
824957,84 6
824957,84 2142
824957,84 10
826942,64 25 
826969,94 75 
828177,16 72 
828435,47 70 
829966,76 80 
831020,65 83 
831566,97 64 547
831746,04 74 166
831746,04 61 166
832756,91 151 
832781,77 69 
834533,97 249 
834790,95 93 
834805,35 103 
834805,35 101 
836836,52 100 
836836,52 6
836836,52 2142
836836,52 11
838817,65 25 
838831,35 75 
840039 72 
840110,52 70 
841646,25 80 
843015,73 83 
843464,28 64 449
843617,34 74 135
843617,34 62 135
845127,48 151 
845149,06 69 
846059,18 93 
846080,6 103 
846080,6 101 
848111,54 100 
848111,54 6
848111,54 2142
848111,54 11
850092,87 25 
850120,03 75 
851327,65 72 
851399,07 70 
852919,39 80 
854290,81 83 
854711,5 64 421
854929,2 74 199
854929,2 61 199
855937,01 152 
855958,22 69 
857468 93 
857489,08 103 
857489,08 101 
859516,25 100 
859516,25 6
859516,25 2142
859516,25 11
861501,38 25 
861528,85 75 
862738,59 72 
862807,63 70 
864328,74 80 
864700,04 83 
865766,63 64 1067
865964,93 74 186
865964,93 63 186
867472,58 151 
867499,65 69 
868884,81 249 
868934,86 183 
869508,93 93 
869524,05 103 
869524,05 101 
871550 100 
871550 6
871550 2142
871550 10
873536,38 25 
873563,71 75 
874771,17 72 
874842,61 70 
876373,42 80 
877441,08 83 
877976,64 64 536
878170,48 74 170
878170,48 61 170
878681,19 151 
878708,96 69 
879420,26 93 
879439,85 103 
879439,85 101 
881471,21 100 
881471,21 6
881471,21 2142
881471,21 10
883452,15 25 
883479,55 75 
884689,71 72 
884758,39 70 
886275,16 80 
886650,47 83 
887370,11 64 720
887544,93 74 162
887544,93 62 162
889053,46 151 
889077,27 69 
890586,64 93 
890608,64 103 
890608,64 101 
892636,99 100 
892636,99 6
892636,99 2142
892636,99 10
894620,78 25 
894648,13 75 
895856,55 72 
895927,04 70 
897443,18 80 
898805,37 83 
899251,96 64 447
899409,57 74 138
899409,57 61 138
899917,44 151 
899940,03 69 
899973,1 249 
900647,75 93 
900657,57 103 
900657,57 101 
902684,38 100 
902684,38 6
902684,38 2142
902684,38 10
904669,89 25 
904697,07 75 
905905,55 72 
905976,1 70 
907496,01 80 
908547,93 83 
909027,51 64 479
909251,75 74 212
909251,75 63 212
910258,66 150 
910281,59 68 
911187,85 92 
911187,85 65 
911213,14 103 
911213,14 101 
911743,34 100 
911743,34 6
911743,34 2142
911743,34 10
913719,4 25 
913746,51 75 
914954,73 72 
915025,59 70 
916547,67 80 
917610,77 83 
918086,96 64 477
918280,62 74 177
918280,62 63 177
918791,49 150 
918811,39 68 
919368,14 249
920825,33 92 
920825,33 65 
920849,09 103 
920849,09 101 
921377,85 100 
921377,85 6
921377,85 2142
921377,85 11
923355,41 25 
923449 75 
924656,09 72 
924728,24 70 
926250,7 80 
926620,29 83 
928235,74 64 1616
928431,08 74 172
928431,08 61 172
929941,58 150 
929966,92 68 
931976,05 92 
931976,05 65 
931991,02 103 
931991,02 101 
932518,02 100 
932518,02 6
932518,02 2142
932518,02 11
934497,37 25 
934897,51 75 
936104,14 72 
936389,96 70 
938006,01 80 
939374,96 83 
939633,06 64 259
939849,47 74 195
939849,47 61 195
940858,39 150 
940882,03 68 
941265,15 249
942389,28 92 
942389,28 65 
942413,3 103 
942413,3 101 
942947,88 100 
942947,88 6
942947,88 2142
942947,88 10
944932,9 25 
945053,22 75 
946261,01 72 
946332,43 70 
947854,71 80 
949224,09 83 
949525,86 64 302
949726,46 74 183
949726,46 61 183
950737,85 151 
950757,83 69 
951468,82 93 
951489,47 103 
951489,47 101 
953516,74 100 
953516,74 6
953516,74 2142
953516,74 10
955501,83 25 
955529,2 75 
956735,8 72 
956807,98 70 
958333,3 80 
958700,22 83 
959842,97 64 1143
960066,28 74 207
960066,28 63 207
961575,86 150 
961593,37 68 
962502,35 92 
962502,35 65 
962524,82 103 
962524,82 101 
963053,72 100 
963053,72 6
963053,72 2142
963053,72 10
965031,11 25 
965364,71 75 
966574,53 72 
966643,95 70 
968172,37 80 
969242,37 83 
969871,19 64 629
970093,47 74 198
970093,47 63 198
970601,95 152 
970629,49 69 
971594,24 249 
972061,02 183 
972637,9 93 
972653,9 103 
972653,9 101 
974682,09 100 
974682,09 6
974682,09 2142
974682,09 10
976666,21 25 
976693,5 75 
977901,41 72 
977972,39 70 
979488,17 80 
980864,11 83 
981194,96 64 331
981367,54 74 157
981367,54 61 157
982876,93 151 
982905,12 69 
984415,17 93 
984435,6 103 
984435,6 101 
986462,35 100 
986462,35 6
986462,35 2142
986462,35 11
988447,97 25 
988475,31 75 
989682,71 72 
989754,18 70 
991275,48 80 
991632,96 83 
992727,17 64 1095
992956,62 74 217
992956,62 61 217
993468,91 150 
993486,64 68 
994396,72 92 
994396,72 65 
994418,06 103 
994418,06 101 
994945,91 100 
994945,91 6
994945,91 2142
994945,91 10
996924,36 25 
997191,36 75 
998400,86 72 
998470,48 70 
999991,85 80 
1001068,96 83 
1001491,97 64 424
1001705,52 74 197
1001705,52 63 197
1002716,25 150 
1002735,97 68 
1003218,2 249
1003446,66 92 
1003446,66 65 
1003467,68 103 
1003467,68 101 
1004001,29 100 
1004001,29 6
1004001,29 2142
1004001,29 11
1005988,03 25 
1006014,9 75 
1007222,37 72 
1007293,42 70 
1008812,26 80 
1010171,76 83 
1010529,22 64 358
1010751,46 74 207
1010751,46 61 207
1011763,26 150 
1011785,55 68 
1012329,97 249
1012493,29 92 
1012493,29 65 
1012517,08 103 
1012517,08 101 
1013043,06 100 
1013043,06 6
1013043,06 2142
1013043,06 11
1015023,36 25 
1015370,33 75 
1016578,43 72 
1016649,45 70 
1018170,34 80 
1018541,61 83 
1019359,82 64 819
1019616,96 74 236
1019616,96 61 236
1021124,99 150 
1021141,73 68 
1022051,51 92 
1022051,51 65 
1022073,06 103 
1022073,06 101 
1022599,96 100 
1022599,96 6
1022599,96 2142
1022599,96 11
1024579,35 25 
1024912,89 75 
1026118,73 72 
1026192,1 70 
1027709,61 80 
1028763,97 83 
1029133,72 64 371
1029321,07 74 171
1029321,07 61 171
1029830,01 150 
1029857,94 68 
1030025,83 249
1031366,35 92 
1031366,35 65 
1031389,15 103 
1031389,15 101 
1031918,64 100 
1031918,64 6
1031918,64 2142
1031918,64 11
1033895,43 25 
1034282,27 75 
1035488,74 72 
1035561,59 70 
1037083,62 80 
1038466,47 83 
1038892,85 64 427
1039077,13 74 171
1039077,13 61 171
1040088,59 150 
1040106,87 68 
1042116,92 92 
1042116,92 65 
1042131,29 103 
1042131,29 101 
1042660,58 100 
1042660,58 6
1042660,58 2142
1042660,58 11
1044637,63 25 
1044877,85 75 
1046086,75 72 
1046157,03 70 
1047679,56 80 
1049048,68 83 
1049125,13 64 77
1049484,69 74 344
1049484,69 61 344
1050995,02 152 
1051022,28 69 
1052532,13 93 
1052553,54 103 
1052553,54 101 
1054582,22 100 
1054582,22 6
1054582,22 2142
1054582,22 11
1056565,91 25 
1056593,6 75 
1057802,47 72 
1057872,1 70 
1059387,22 80 
1059750,88 83 
1060697,2 64 947
1060867,44 74 157
1060867,44 61 157
1061377,65 150 
1061404,6 68 
1062316,27 92 
1062316,27 65 
1062336,12 103 
1062336,12 101 
1062867,22 100 
1062867,22 6
1062867,22 2142
1062867,22 10
1064842,4 25 
1065335,97 75 
1066544,11 72 
1066615,1 70 
1068138,01 80 
1069200,26 83 
1069667,7 64 468
1069884,01 74 205
1069884,01 63 205
1070394,3 150 
1070414,45 68 
1070831,6 249
1071123,99 92 
1071123,99 65 
1071146,81 103 
1071146,81 101 
1071672,85 100 
1071672,85 6
1071672,85 2142
1071672,85 10
1073652 25 
1074172,12 75 
1075379,46 72 
1075451,36 70 
1076965,64 80 
1078330,54 83 
1078760,36 64 431
1078995,74 74 214
1078995,74 61 214
1080504,84 151 
1080530,66 69 
1081899,7 249 
1082541,6 93 
1082554,25 103 
1082554,25 101 
1084581,12 100 
1084581,12 6
1084581,12 2142
1084581,12 10
1086566,58 25 
1086593,92 75 
1087803,32 72 
1087872,86 70 
1089397,32 80 
1089764,85 83 
1091368,92 64 1605
1091579,56 74 189
1091579,56 63 189
1092591,16 150 
1092618,11 68 
1093529,02 92 
1093529,02 65 
1093549,63 103 
1093549,63 101 
1094083,34 100 
1094083,34 6
1094083,34 2142
1094083,34 11
1096069,22 25 
1096256,15 75 
1097466,29 72 
1097535,44 70 
1099054,8 80 
1100120,51 83 
1100526,75 64 407
1100744,7 74 199
1100744,7 61 199
1101754,73 150 
1101774,26 68 
1102354,02 249
1103783,8 92 
1103783,8 65 
1103798,63 103 
1103798,63 101 
1104327,13 100 
1104327,13 6
1104327,13 2142
1104327,13 10
1106304,94 25 
1106838,51 75 
1108046,38 72 
1108117,59 70 
1109643,24 80 
1110009,73 83 
1111021,32 64 1012
1111214,71 74 180
1111214,71 61 180
1112723,36 151 
1112743,13 69 
1114255,86 93 
1114274,24 103 
1114274,24 101 
1116300,94 100 
1116300,94 6
1116300,94 2142
1116300,94 11
1118286,58 25 
1118314 75 
1119523,19 72 
1119592,8 70 
1121112,98 80 
1122484,48 83 
1122872,02 64 388
1123046,17 74 149
1123046,17 61 149
1123557,88 150 
1123578,36 68 
1124289,14 92 
1124289,14 65 
1124310,07 103 
1124310,07 101 
1124844,27 100 
1124844,27 6
1124844,27 2142
1124844,27 11
1126829,59 25 
1127016,53 75 
1128226,07 72 
1128295,74 70 
1129809,74 80 
1131174,09 83 
1131499,99 64 326
1131740,42 74 220
1131740,42 63 220
1133250,65 151 
1133268,53 69 
1134776,54 93 
1134798,92 103 
1134798,92 101 
1136825,08 100 
1136825,08 6
1136825,08 2142
1136825,08 10
1138811,21 25 
1139464,71 75 
1140674,4 72 
1140743,99 70 
1142268,78 80 
1143342,35 83 
1143683,7 64 342
1143877,97 74 176
1143877,97 61 176
1144890,07 151 
1144916,77 69 
1145627,03 93 
1145647,73 103 
1145647,73 101 
1147676,01 100 
1147676,01 6
1147676,01 2142
1147676,01 10
1149659,99 25 
1149687,32 75 
1150895,25 72 
1151152,76 70 
1152814,88 80 
1153378,13 83 
1155164,99 64 1787
1155378,34 74 201
1155378,34 63 201
1155886,86 150 
1155911,42 68 
1157920,09 92 
1157920,09 65 
1157935,85 103 
1157935,85 101 
1158467,6 100 
1158467,6 6
1158467,6 2142
1158467,6 10
1160468,85 25 
1160709,04 75 
1161917,98 72 
1161988,29 70 
1163507,1 80 
1164866,59 83 
1165273,65 64 407
1165463,87 74 172
1165463,87 61 172
1165975,11 151 
1166000,53 69 
1166910,52 93 
1166932,03 103 
1166932,03 101 
1168960,88 100 
1168960,88 6
1168960,88 2142
1168960,88 10
1170944,39 25 
1170971,66 75 
1172180,77 72 
1172250,58 70 
1173769,79 80 
1174849,1 83 
1182579,1 64 7731
1182776,01 74 184
1182776,01 61 184
1184285,66 151 
1184313,59 69 
1185825,76 93 
1185844,09 103 
1185844,09 101 
1187870,05 100 
1187870,05 6
1187870,05 2142
1187870,05 11
1189856,39 25 
1189883,93 75 
1191090,07 72 
1191162,57 70 
1192683,32 80 
1193054,72 83 
1193691,75 64 638
1193859,49 74 152
1193859,49 61 152
1194867,33 150 
1194895,02 68 
1194991,03 249
1195249,36 171
1195606,58 92 
1195606,58 65 
1195626,6 103 
1195626,6 101 
1196157,25 100 
1196157,25 6
1196157,25 2142
1196157,25 11
1198132,91 25 
1198413,11 75 
1199621,42 72 
1199692,43 70 
1201215,93 80 
1201584,44 83 
1202640,32 64 1056
1202835,55 74 172
1202835,55 61 172
1204348,18 150 
1204371,04 68 
1204723,84 249
1204900,57 171
1205280,14 92 
1205280,14 65 
1205302,54 103 
1205302,54 101 
1205830,16 100 
1205830,16 6
1205830,16 2142
1205830,16 11
1207808,87 25 
1208235,76 75 
1209442,63 72 
1209514,84 70 
1211036,51 80 
1212100,05 83 
1212550,72 64 452
1212773,56 74 207
1212773,56 61 207
1213783,45 150 
1213807,79 68 
1214052,93 249
1214142,98 171
1215818,65 92 
1215818,65 65 
1215844,77 103 
1215844,77 101 
1216370,84 100 
1216370,84 6
1216370,84 2142
1216370,84 10
1218352,04 25 
1218444,81 75 
1219653,02 72 
1219723,93 70 
1221247,02 80 
1222615,58 83 
1222971,49 64 356
1223198,29 74 210
1223198,29 63 210
1223707,55 152 
1223736,88 69 
1224644,85 93 
1224654,37 103 
1224654,37 101 
1226685,71 100 
1226685,71 6
1226685,71 2142
1226685,71 10
1228666,7 25 
1228707,25 75 
1229915,32 72 
1229986,25 70 
1231503,81 80 
1232864,66 83 
1233768,75 64 905
1233995,88 74 212
1233995,88 63 212
1234507,59 150 
1234532,35 68 
1235062,03 249
1236539,87 92 
1236539,87 65 
1236556,03 103 
1236556,03 101 
1237081,97 100 
1237081,97 6
1237081,97 2142
1237081,97 11
1239062,36 25 
1239235,97 75 
1240443,1 72 
1240515,13 70 
1242032,2 80 
1242394,04 83 
1243301,92 64 909
1243492,4 74 179
1243492,4 61 179
1245004 150 
1245033,87 68 
1245740,73 92 
1245740,73 65 
1245765,45 103 
1245765,45 101 
1246291,88 100 
1246291,88 6
1246291,88 2142
1246291,88 11
1248272,6 25 
1248551,97 75 
1249759,28 72 
1249831,18 70 
1251350,2 80 
1252416,49 83 
1252838,86 64 422
1253081,22 74 225
1253081,22 61 225
1254091,27 150 
1254110,08 68 
1254364,74 249
1255620,52 92 
1255620,52 65 
1255641,36 103 
1255641,36 101 
1256177,46 100 
1256177,46 6
1256177,46 2142
1256177,46 10
1258160,92 25 
1258694,39 75 
1259901,78 72 
1259973,6 70 
1261496,19 80 
1262865,32 83 
1263381,07 64 516
1263587,35 74 189
1263587,35 63 189
1264094,76 150 
1264119,22 68 
1264605,33 249
1265027,96 92 
1265027,96 65 
1265050,67 103 
1265050,67 101 
1265577,22 100 
1265577,22 6
1265577,22 2142
1265577,22 10
1267556,95 25 
1267770,61 75 
1268978,04 72 
1269049,76 70 
1270569,55 80 
1270928,54 83 
1272422,63 64 1494
1272636,89 74 190
1272636,89 63 190
1273647,27 152 
1273675,22 69 
1274383,46 93 
1274393,41 103 
1274393,41 101 
1276422,78 100 
1276422,78 6
1276422,78 2142
1276422,78 11
1278405,74 25 
1278433,25 75 
1279641,72 72 
1279711,95 70 
1281234,53 80 
1282297,4 83 
1312251,71 64 29955
1312468,04 74 197
1312468,04 61 197
1313977,3 150 
1314004,89 68 
1316017,09 92 
1316017,09 65 
1316042,52 103 
1316042,52 101 
1316571,57 100 
1316571,57 6
1316571,57 2142
1316571,57 10
1318548,86 25 
1318949,08 75 
1320156 72 
1320228,19 70 
1321747,86 80 
1322826,69 83 
1323361,02 64 535
1323580,69 74 208
1323580,69 63 208
1325091,67 150 
1325120,96 68 
1325530,6 249
1326629,78 92 
1326629,78 65 
1326651,4 103 
1326651,4 101 
1327179,59 100 
1327179,59 6
1327179,59 2142
1327179,59 11
1329157,67 25 
1329584,51 75 
1330793,22 72 
1330863,72 70 
1332388,01 80 
1333755,38 83 
1334104,25 64 349
1334312,1 74 184
1334312,1 61 184
1335319,91 150 
1335342,54 68 
1337351,91 92 
1337351,91 65 
1337366,89 103 
1337366,89 101 
1337893,75 100 
1337893,75 6
1337893,75 2142
1337893,75 11
1339873,21 25 
1340033,48 75 
1341240,86 72 
1341312,72 70 
1342830,68 80 
1343191,39 83 
1344379,19 64 1188
1344582,83 74 179
1344582,83 61 179
1345094,75 150 
1345125,79 68 
1345837,03 92 
1345837,03 65 
1345856,74 103 
1345856,74 101 
1346387,14 100 
1346387,14 6
1346387,14 2142
1346387,14 10
1348362,9 25 
1348709,78 75 
1349915,93 72 
1349988,96 70 
1351508,33 80 
1352560,84 83 
1353496,75 64 937
1353689,03 74 169
1353689,03 63 169
1354695,8 150 
1354721,78 68 
1355847,11 249
1356232,97 92 
1356232,97 65 
1356252,3 103 
1356252,3 101 
1356778,93 100 
1356778,93 6
1356778,93 2142
1356778,93 11
1358758,53 25 
1359438,59 75 
1360644,75 72 
1360717,79 70 
1362235,98 80 
1362596,64 83 
1364015,12 64 1419
1364207,58 74 172
1364207,58 61 172
1365720,33 150 
1365742,99 68 
1366650,92 92 
1366650,92 65 
1366674,53 103 
1366674,53 101 
1367201,4 100 
1367201,4 6
1367201,4 2142
1367201,4 10
1369180,87 25 
1369661,21 75 
1370867,39 72 
1370940,16 70 
1372453,4 80 
1373818,57 83 
1374391,84 64 574
1374572,39 74 167
1374572,39 61 167
1375081,79 151 
1375099,28 69 
1377110,74 93 
1377123,45 103 
1377123,45 101 
1379153,96 100 
1379153,96 6
1379153,96 2142
1379153,96 11
1381135,76 25 
1381162,99 75 
1382369,81 72 
1382441,95 70 
1383972,96 80 
1385333,72 83 
1385774,33 64 441
1385992,07 74 206
1385992,07 61 206
1387501,41 150 
1387520,55 68 
1388229,42 92 
1388229,42 65 
1388252,12 103 
1388252,12 101 
1388783,4 100 
1388783,4 1
1388783,4 2142
1388783,4 11
1388783,4 78 
1388783,4 198 
1390758,35 25 
1390971,98 75 
1392179,44 72 
1392251,23 70 
1393769,02 80 
1394822,99 83 
1397441,59 64 2619
1397632,98 74 172
1397632,98 61 172
1398640,97 151 
1398663,28 69 
1400171,24 93 
1400180,5 103 
1400180,5 101 
1402206,9 100 
1402206,9 1
1402206,9 2142
1402206,9 11
1404192,77 25 
1404219,93 75 
1405427,69 72 
1405498,92 70 
1407019,73 80 
1407377,83 83 
1414499,38 64 7122
1414725,06 74 204
1414725,06 61 204
1415233,56 151 
1415256,23 69 
1416163,77 93 
1416173,65 103 
1416173,65 101 
1418206,35 100 
1418206,35 1
1418206,35 2142
1418206,35 11
1420185,96 25 
1420213,18 75 
1421419,71 72 
1421492,17 70 
1423008,89 80 
1424370,6 83 
1424696,48 64 326
1424881,06 74 165
1424881,06 61 165
1425391,92 151 
1425411,93 69 
1427418,87 93 
1427435,61 103 
1427435,61 101 
1429461,56 100 
1429461,56 1
1429461,56 2142
1429461,56 10
1431447,91 25 
1431475,69 75 
1432681,92 72 
1432754,12 70 
1434275,52 80 
1435352,57 83 
1435735,67 64 383
1435940,17 74 188
1435940,17 63 188
1436951,02 151 
1436980,42 69 
1437771,25 249 
1437886,74 93 
1437897,83 103 
1437897,83 101 
1439923,61 100 
1439923,61 1
1439923,61 2142
1439923,61 11
1441910,25 25 
1443003,38 75 
1444212,05 72 
1444282,56 70 
1445804,27 80 
1446161,53 83 
1447639,57 64 1478
1447888,59 74 235
1447888,59 61 235
1449401,23 153 
1449427,77 68 
1449525,16 249
1449730,84 171
1450936,68 92 
1450936,68 65 
1450958,97 103 
1450958,97 101 
1451492,16 100 
1451492,16 1
1451492,16 2142
1451492,16 11
1453478,64 25 
1453852,12 75 
1455059,39 72 
1455131,33 70 
1456652,64 80 
1458049,7 83 
1458387,65 64 338
1458589,33 74 180
1458589,33 61 180
1459099 151 
1459117,01 69 
1459826,85 93 
1459848,6 103 
1459848,6 101 
1461875,93 100 
1461875,93 1
1461875,93 2142
1461875,93 10
1463860,91 25 
1463888,12 75 
1465093,97 72 
1465167,11 70 
1466693,97 80 
1467045,86 83 
1467940,91 64 896
1468176,53 74 211
1468176,53 63 211
1469188,32 151 
1469206,93 69 
1469914,55 93 
1469924,34 103 
1469924,34 101 
1471952,24 100 
1471952,24 1
1471952,24 2142
1471952,24 10
1473936,64 25 
1473964,05 75 
1475171,49 72 
1475242,87 70 
1476760,49 80 
1477814,72 83 
1479341,28 64 1527
1479623,68 74 263
1479623,68 63 263
1481135,75 151 
1481161,83 69 
1482223,84 249 
1482670,17 93 
1482679,24 103 
1482679,24 101 
1484708,75 100 
1484708,75 1
1484708,75 2142
1484708,75 10
1486691,26 25 
1486718,85 75 
1487925,39 72 
1487997,52 70 
1489520,1 80 
1489876,26 83 
1490703,67 64 827
1490848,96 74 134
1490848,96 62 134
1491859,4 151 
1491876,48 69 
1493884,97 93 
1493900,9 103 
1493900,9 101 
1495926,6 100 
1495926,6 1
1495926,6 2142
1495926,6 10
1497913,23 25 
1498779,86 75 
1499990,03 72 
1500059,06 70 
1501578,83 80 
1502923,21 250 
1502937,34 101 
1504950,36 100 
1504950,36 1
1504950,36 2142
1504950,36 10
1504950,36 25 
1505643,68 75 
1506853,21 72 
1506922,84 70 
1508445,86 80 
1509814,62 83 
1510888,28 64 1074
1511089,26 74 182
1511089,26 61 182
1512601,26 150 
1512627,77 68 
1513537,42 92 
1513537,42 65 
1513559,29 103 
1513559,29 101 
1514088,57 100 
1514088,57 1
1514088,57 2142
1514088,57 11
1516065,64 25 
1516092,87 75 
1517301,56 72 
1517371,81 70 
1518890,79 80 
1519943,62 83 
1521231,36 64 1288
1521460,54 74 211
1521460,54 61 211
1521968,89 151 
1521998,01 69 
1522351,76 249 
1523506,14 93 
1523528,41 103 
1523528,41 101 
1525558,27 100 
1525558,27 1
1525558,27 2142
1525558,27 10
1527540,71 25 
1528020,92 75 
1529228 72 
1529300,07 70 
1530817,14 80 
1531178,89 83 
1531838,11 64 660
1532011,41 74 153
1532011,41 62 153
1533022,89 153 
1533045,9 68 
1533955 92 
1533955 65 
1533977,34 103 
1533977,34 101 
1534504,53 100 
1534504,53 1
1534504,53 2142
1534504,53 10
1536483,61 25 
1536657,23 75 
1537866,65 72 
1537936,48 70 
1539461,08 80 
1540521,57 83 
1541066,79 64 546
1541230,13 74 149
1541230,13 62 149
1542740,93 151 
1542761,72 69 
1544387,34 249 
1544769,26 93 
1544786,14 103 
1544786,14 101 
1546811,9 100 
1546811,9 1
1546811,9 2142
1546811,9 10
1548798,43 25 
1548826,51 75 
1550035,49 72 
1550104,68 70 
1551626,6 80 
1552996,34 83 
1553446,56 64 450
1553619,53 74 157
1553619,53 62 157
1554126,44 151 
1554157,01 69 
1554864,29 93 
1554875,2 103 
1554875,2 101 
1556908,03 100 
1556908,03 1
1556908,03 2142
1556908,03 10
1558888,39 25 
1558914,74 75 
1560120,66 72 
1560193,78 70 
1561710,67 80 
1563064,27 250 
1563084,99 101 
1565084,93 100 
1565084,93 1
1565084,93 2142
1565084,93 10
1565084,93 25 
1565112,01 75 
1565345,73 250 
1565363,7 101 
1567377,32 100 
1567377,32 1
1567377,32 2142
1567377,32 10
1567377,32 25 
1567403,76 75 
1568611,84 72 
1568923,52 70 
1570591,76 80 
1572174,94 83 
1572737,15 64 563
1572947,91 74 187
1572947,91 61 187
1573459,97 150 
1573482,93 68 
1574393,06 92 
1574393,06 65 
1574413,69 103 
1574413,69 101 
1574940,98 100 
1574940,98 1
1574940,98 2142
1574940,98 10
1576919,94 25 
1577373,52 75 
1578579,71 72 
1578652,63 70 
1580173,14 80 
1580544,76 83 
1581366,45 64 822
1581626 74 242
1581626 63 242
1582634,58 151 
1582665,66 69 
1583376,12 93 
1583396,55 103 
1583396,55 101 
1585425,11 100 
1585425,11 1
1585425,11 2142
1585425,11 11
1587408,83 25 
1587435,99 75 
1588642,8 72 
1588715,06 70 
1590230,38 80 
1591300,18 83 
1591761,21 64 461
1591926,56 74 147
1591926,56 62 147
1593437,08 150 
1593461,1 68 
1595472,55 92 
1595472,55 65 
1595484,79 103 
1595484,79 101 
1596018,2 100 
1596018,2 1
1596018,2 2142
1596018,2 11
1597991,02 25 
1598018,17 75 
1599226,34 72 
1599297,33 70 
1600818,78 80 
1601189,42 83 
1602181,55 64 992
1602344,05 74 142
1602344,05 62 142
1603355,16 150 
1603376,93 68 
1604888,15 92 
1604888,15 65 
1604907,48 103 
1604907,48 101 
1605434,77 100 
1605434,77 1
1605434,77 2142
1605434,77 11
1607413,72 25 
1607534,14 75 
1608741,78 72 
1608813,36 70 
1610330,25 80 
1611385,05 83 
1612218,28 64 834
1612400,66 74 164
1612400,66 62 164
1612909,77 150 
1612932,86 68 
1613642,13 92 
1613642,13 65 
1613663,82 103 
1613663,82 101 
1614189,99 100 
1614189,99 1
1614189,99 2142
1614189,99 11
1616170,03 25 
1616570,21 75 
1617779,7 72 
1617849,43 70 
1619364,23 80 
1620727,8 83 
1621178,72 64 452
1621324,95 74 131
1621324,95 62 131
1622836,8 150 
1622862,07 68 
1624370,38 92 
1624370,38 65 
1624392,58 103 
1624392,58 101 
1624925,62 100 
1624925,62 1
1624925,62 2142
1624925,62 11
1626912,18 25 
1627379,01 75 
1628587,57 72 
1628659,74 70 
1630181,73 80 
1631549,89 83 
1632490,56 64 941
1632649,39 74 140
1632649,39 62 140
1633159,53 150 
1633177,66 68 
1634087,74 92 
1634087,74 65 
1634108,46 103 
1634108,46 101 
1634635,48 100 
1634635,48 1
1634635,48 2142
1634635,48 11
1636614,77 25 
1636948,31 75 
1638154,93 72 
1638227,49 70 
1639750,46 80 
1640119,68 83 
1641101,97 64 983
1641259,73 74 141
1641259,73 62 141
1642267,26 152 
1642293,93 69 
1644304,21 93 
1644317,5 103 
1644317,5 101 
1646345,3 100 
1646345,3 1
1646345,3 2142
1646345,3 11
1648330,69 25 
1648357,18 75 
1649566,03 72 
1649636,06 70 
1651166,16 80 
1652221,16 83 
1652627,68 64 407
1652782,53 74 135
1652782,53 62 135
1654295,46 150 
1654315,55 68 
1656325,24 92 
1656325,24 65 
1656339,32 103 
1656339,32 101 
1656871,36 100 
1656871,36 1
1656871,36 2142
1656871,36 10
1658858,71 25 
1658886,21 75 
1660094,26 72 
1660164,94 70 
1661684,12 80 
1663043,29 83 
1663454,81 64 412
1663666,24 74 197
1663666,24 61 197
1665176,38 150 
1665204,17 68 
1665915,16 92 
1665915,16 65 
1665935,06 103 
1665935,06 101 
1666462,22 100 
1666462,22 1
1666462,22 2142
1666462,22 10
1668441,34 25 
1669081,44 75 
1670288,85 72 
1670360,72 70 
1671883,9 80 
1673278,99 83 
1673679,21 64 401
1673846,86 74 155
1673846,86 61 155
1674356,43 150 
1674386,3 68 
1675293,98 92 
1675293,98 65 
1675317,85 103 
1675317,85 101 
1675846,12 100 
1675846,12 1
1675846,12 2142
1675846,12 11
1677824,05 25 
1678450,84 75 
1679658,2 72 
1679730,03 70 
1681252,19 80 
1681622,21 83 
1682521,52 64 899
1682762,45 74 221
1682762,45 62 221
1683772,9 150 
1683795,67 68 
1685303,84 92 
1685303,84 65 
1685326,89 103 
1685326,89 101 
1685861,07 100 
1685861,07 1
1685861,07 2142
1685861,07 10
1687846,47 25 
1688206,7 75 
1689415,41 72 
1689485,93 70 
1691005,04 80 
1692377,59 83 
1692824,94 64 448
1692997,68 74 155
1692997,68 61 155
1694506,92 150 
1694525,13 68 
1695016,77 249
1695434,39 92 
1695434,39 65 
1695455,94 103 
1695455,94 101 
1695981,94 100 
1695981,94 1
1695981,94 2142
1695981,94 11
1697962,25 25 
1698602,37 75 
1699811,27 72 
1699881,52 70 
1701397,51 80 
1702453,49 83 
1703001,92 64 549
1703167,4 74 141
1703167,4 62 141
1703678,6 150 
1703707,24 68 
1705217,82 92 
1705217,82 65 
1705238,52 103 
1705238,52 101 
1705764,42 100 
1705764,42 1
1705764,42 2142
1705764,42 10
1707744,89 25 
1708411,56 75 
1709619,52 72 
1709690,73 70 
1711215,59 80 
1711582,86 83 
1712631,92 64 1050
1712801,01 74 153
1712801,01 61 153
1713810,8 150 
1713837,33 68 
1715848,15 92 
1715848,15 65 
1715874,2 103 
1715874,2 101 
1716403,58 100 
1716403,58 1
1716403,58 2142
1716403,58 10
1718380,35 25 
1719020,58 75 
1720228,49 72 
1720299,6 70 
1721811,24 80 
1722178,4 83 
1723105,92 64 928
1723271,33 74 147
1723271,33 62 147
1723782,73 151 
1723806,15 69 
1724514,08 93 
1724537,04 103 
1724537,04 101 
1726568,34 100 
1726568,34 1
1726568,34 2142
1726568,34 10
1728549,34 25 
1728576,72 75 
1729783,74 72 
1729855,58 70 
1731375,28 80 
1732440,72 83 
1732832,46 64 392
1732968,55 74 115
1732968,55 61 115
1733979,66 150 
1734001,12 68 
1734347,19 249
1734444,42 171
1736010,26 92 
1736010,26 65 
1736025,58 103 
1736025,58 101 
1736551,33 100 
1736551,33 1
1736551,33 2142
1736551,33 10
1738531,77 25 
1738852,09 75 
1740058,62 72 
1740131,23 70 
1741652,18 80 
1743022,93 83 
1743418,79 64 397
1743592,96 74 158
1743592,96 61 158
1745102,38 150 
1745129,78 68 
1746638,49 92 
1746638,49 65 
1746661,03 103 
1746661,03 101 
1747190,86 100 
1747190,86 1
1747190,86 2142
1747190,86 10
1749167,3 25 
1749754,15 75 
1750960,81 72 
1751033,32 70 
1752562,12 80 
1752925,42 83 
1754392,52 64 1467
1754609,44 74 205
1754609,44 61 205
1755118,26 152 
1755139,25 69 
1755684,89 249 
1755847,37 93 
1755857,15 103 
1755857,15 101 
1757884,5 100 
1757884,5 1
1757884,5 2142
1757884,5 11
1759869,49 25 
1759896,68 75 
1761104,35 72 
1761175,72 70 
1762688,32 80 
1763760,84 83 
1764410,27 64 650
1764586,92 74 160
1764586,92 62 160
1765596,8 150 
1765614,66 68 
1766522,62 92 
1766522,62 65 
1766546,08 103 
1766546,08 101 
1767071,99 100 
1767071,99 1
1767071,99 2142
1767071,99 10
1769052,3 25 
1769159,23 75 
1770368,46 72 
1770438,45 70 
1771964,96 80 
1773343,47 83 
1773881,5 64 538
1774105,91 74 203
1774105,91 61 203
1775615 150 
1775637,65 68 
1776140,9 249
1776347,9 92 
1776347,9 65 
1776368,52 103 
1776368,52 101 
1776902,3 100 
1776902,3 1
1776902,3 2142
1776902,3 11
1778888,14 25 
1779181,68 75 
1780388,95 72 
1780647,5 70 
1782299,18 80 
1783552,48 83 
1784155,41 64 603
1784330,44 74 152
1784330,44 62 152
1785838,16 150 
1785859,34 68 
1787370,18 92 
1787370,18 65 
1787390,56 103 
1787390,56 101 
1787917,38 100 
1787917,38 1
1787917,38 2142
1787917,38 11
1789896,82 25 
1790083,84 75 
1791292,46 72 
1791362,99 70 
1792880,31 80 
1793241,76 83 
1794243,49 64 1002
1794437,97 74 171
1794437,97 62 171
1795448,54 150 
1795469,42 68 
1797478,04 92 
1797478,04 65 
1797492,94 103 
1797492,94 101 
1798019,5 100 
1798019,5 1
1798019,5 2142
1798019,5 11
1799999,26 25 
1800026,48 75 
1801235,6 72 
1801305,48 70 
1802822,89 80 
1804183,83 83 
1804538,28 64 355
1804702,71 74 147
1804702,71 62 147
1805210,64 150 
1805238,76 68 
1806148,44 92 
1806148,44 65 
1806169,35 103 
1806169,35 101 
1806702,87 100 
1806702,87 1
1806702,87 2142
1806702,87 10
1808688,95 25 
1808942,48 75 
1810151,25 72 
1810221,76 70 
1811744,68 80 
1812806,95 83 
1813476,09 64 670
1813675,39 74 176
1813675,39 61 176
1814687,64 150 
1814714,6 68 
1815406,53 249
1815422,89 92 
1815422,89 65 
1815445,44 103 
1815445,44 101 
1815972,32 100 
1815972,32 1
1815972,32 2142
1815972,32 11
1817951,68 25 
1818498,48 75 
1819705,59 72 
1819777,79 70 
1821295,68 80 
1822656,02 83 
1822869,24 64 214
1823063,41 74 181
1823063,41 62 181
1823573,85 150 
1823603,58 68 
1825612,01 92 
1825612,01 65 
1825627,75 103 
1825627,75 101 
1826155,02 100 
1826155,02 1
1826155,02 2142
1826155,02 11
1828134,03 25 
1829400,52 75 
1830607,24 72 
1830679,78 70 
1832207,45 80 
1832558,57 83 
1833608,51 64 1050
1833792,31 74 168
1833792,31 62 168
1835304,29 150 
1835332,51 68 
1836243,87 92 
1836243,87 65 
1836263,29 103 
1836263,29 101 
1836792,94 100 
1836792,94 1
1836792,94 2142
1836792,94 10
1838770,53 25 
1839476,29 75 
1840684,99 72 
1840755,48 70 
1842278,03 80 
1843354,03 83 
1845402,15 64 2049
1845714,78 74 296
1845714,78 62 296
1846224,59 153 
1846247,89 68 
1847757,39 92 
1847757,39 65 
1847778,46 103 
1847778,46 101 
1848305,42 100 
1848305,42 1
1848305,42 2142
1848305,42 11
1850284,73 25 
1850378,41 75 
1851584,95 72 
1851657,54 70 
1853180,58 80 
1854549,24 83 
1862844,25 64 8295
1863017,21 74 152
1863017,21 62 152
1864024,38 150 
1864053,8 68 
1864764,04 92 
1864764,04 65 
1864784,71 103 
1864784,71 101 
1865311,62 100 
1865311,62 1
1865311,62 2142
1865311,62 10
1867290,92 25 
1867531,14 75 
1868740,52 72 
1868810,34 70 
1870329,13 80 
1870702,52 83 
1949861,56 64 79159
1950020,33 74 138
1950020,33 62 138
1951530,98 151 
1951549,43 69 
1952458,68 93 
1952467,75 103 
1952467,75 101 
1954498,77 100 
1954498,77 1
1954498,77 2142
1954498,77 11
1956479,95 25 
1956507,22 75 
1957716,56 72 
1957786,16 70 
1959304,22 80 
1959665 83 
1960293,99 64 630
1960458,01 74 141
1960458,01 62 141
1960970,99 150 
1960999,53 68 
1961329,66 249
1961388,78 172 
1963012,92 92 
1963012,92 65 
1963036,53 103 
1963036,53 101 
1963566,25 100 
1963566,25 1
1963566,25 2142
1963566,25 10
1965542,86 25 
1965876,33 75 
1967085,07 72 
1967155,59 70 
1968673,46 80 
1969727,36 83 
1970146,45 64 419
1970299,11 74 132
1970299,11 61 132
1971310,74 150 
1971328,61 68 
1972837,25 92 
1972837,25 65 
1972859,05 103 
1972859,05 101 
1973386,12 100 
1973386,12 1
1973386,12 2142
1973386,12 10
1975365,38 25 
1975898,83 75 
1977106,41 72 
1977178,04 70 
1978703,99 80 
1980069,82 83 
1980627,17 64 558
1980853,23 74 211
1980853,23 61 211
1982360,46 150 
1982377,31 68 
1983885,79 92 
1983885,79 65 
1983907,73 103 
1983907,73 101 
1984437,01 100 
1984437,01 1
1984437,01 2142
1984437,01 11
1986413,99 25 
1986627,63 75 
1987834,05 72 
1987906,81 70 
1989424,03 80 
1990785,24 83 
1991085,4 64 300
1991264,49 74 160
1991264,49 62 160
1992272,15 150 
1992293,85 68 
1993205,4 92 
1993205,4 65 
1993223,81 103 
1993223,81 101 
1993749,8 100 
1993749,8 1
1993749,8 2142
1993749,8 11
1995731,05 25 
1996370,15 75 
1997579,17 72 
1997649,34 70 
1999167,24 80 
2000221,17 83 
2000745,55 64 524
2000920,47 74 152
2000920,47 62 152
2002427,89 150 
2002448,71 68 
2004458,98 92 
2004458,98 65 
2004472,42 103 
2004472,42 101 
2004998,81 100 
2004998,81 1
2004998,81 2142
2004998,81 10
2006978,65 25 
2007005,83 75 
2008213,83 72 
2008284,9 70 
2009806,06 80 
2010177,07 83 
2011311,16 64 1135
2011496,05 74 160
2011496,05 61 160
2012008,32 150 
2012031,35 68 
2012738,73 92 
2012738,73 65 
2012762,23 103 
2012762,23 101 
2013301,5 100 
2013301,5 1
2013301,5 2142
2013301,5 11
2015281,85 25 
2015508,8 75 
2016718,46 72 
2016788 70 
2018309,54 80 
2019373,1 83 
2019784,35 64 411
2019948,39 74 149
2019948,39 62 149
2021456,01 150 
2021480,72 68 
2022388,46 92 
2022388,46 65 
2022411,54 103 
2022411,54 101 
2022938,42 100 
2022938,42 1
2022938,42 2142
2022938,42 10
2024917,79 25 
2025224,68 75 
2026432,68 72 
2026503,94 70 
2028026,94 80 
2029395,57 83 
2030021,73 64 627
2030212,06 74 177
2030212,06 61 177
2030721,73 150 
2030743,55 68 
2031452,72 92 
2031452,72 65 
2031474,34 103 
2031474,34 101 
2032000,77 100 
2032000,77 1
2032000,77 2142
2032000,77 11
2033980,62 25 
2034420,93 75 
2035630,11 72 
2035700,05 70 
2037216,66 80 
2037578,79 83 
2038562,71 64 985
2038735,92 74 158
2038735,92 62 158
2039746,75 150 
2039766,47 68 
2041774,57 92 
2041774,57 65 
2041790,01 103 
2041790,01 101 
2042320,8 100 
2042320,8 1
2042320,8 2142
2042320,8 11
2044296,33 25 
2044376,69 75 
2045583,13 72 
2045655,84 70 
2047177,85 80 
2047534,55 83 
2048260,91 64 727
2048465,4 74 185
2048465,4 62 185
2048977,1 150 
2049003,35 68 
2050511,77 92 
2050511,77 65 
2050532,98 103 
2050532,98 101 
2051060,14 100 
2051060,14 1
2051060,14 2142
2051060,14 11
2053039,25 25 
2053559,45 75 
2054769,6 72 
2055078,5 70 
2056693,05 80 
2057756,95 83 
2058182,3 64 425
2058342,22 74 146
2058342,22 62 146
2059351,67 152 
2059371,03 69 
2060879,95 93 
2060901,95 103 
2060901,95 101 
2062928,99 100 
2062928,99 1
2062928,99 2142
2062928,99 10
2064914,28 25 
2064941,53 75 
2066148,99 72 
2066220,57 70 
2067746,82 80 
2069112,24 83 
2076289,78 64 7178
2076490,72 74 182
2076490,72 61 182
2078001,48 150 
2078030,27 68 
2080042,52 92 
2080042,52 65 
2080067,22 103 
2080067,22 101 
2080598,21 100 
2080598,21 1
2080598,21 2142
2080598,21 11
2082573,51 25 
2082920,4 75 
2084126,66 72 
2084199,58 70 
2085718,34 80 
2086771,43 83 
2087133,52 64 362
2087303,44 74 146
2087303,44 62 146
2088813,6 150 
2088838,99 68 
2089750,72 92 
2089750,72 65 
2089769,78 103 
2089769,78 101 
2090297,9 100 
2090297,9 1
2090297,9 2142
2090297,9 10
2092276,08 25 
2092756,35 75 
2093967,36 72 
2094035,41 70 
2095553,23 80 
2096913,79 83 
2097294,13 64 381
2097491,07 74 178
2097491,07 61 178
2098002,03 150 
2098021,77 68 
2098732,62 92 
2098732,62 65 
2098752,66 103 
2098752,66 101 
2099279,64 100 
2099279,64 1
2099279,64 2142
2099279,64 10
2101258,97 25 
2101286,3 75 
2102495,26 72 
2102565,17 70 
2104090,64 80 
2104457,28 83 
2105583,06 64 1126
2105799,1 74 196
2105799,1 61 196
2106809,38 150 
2106831,48 68 
2107539,48 92 
2107539,48 65 
2107562,3 103 
2107562,3 101 
2108092,2 100 
2108092,2 1
2108092,2 2142
2108092,2 10
2110068,58 25 
2110296,52 75 
2111505,12 72 
2111574,74 70 
2113089,05 80 
2114453,09 83 
2114975 64 523
2115159,23 74 160
2115159,23 61 160
2116668,7 150 
2116694,02 68 
2117604,5 92 
2117604,5 65 
2117624,72 103 
2117624,72 101 
2118152,67 100 
2118152,67 1
2118152,67 2142
2118152,67 10
2120131 25 
2120464,53 75 
2121674,56 72 
2121743,78 70 
2123268,02 80 
2123635,82 83 
2124647,44 64 1012
2124834,68 74 173
2124834,68 61 173
2125345,48 152 
2125370,54 69 
2125403,07 249 
2126880 93 
2126900,8 103 
2126900,8 101 
2128928,17 100 
2128928,17 1
2128928,17 2142
2128928,17 10
2130913,17 25 
2130940,31 75 
2132147,52 72 
2132219,31 70 
2133738,58 80 
2134791,14 83 
2135292,04 64 501
2135481,91 74 172
2135481,91 61 172
2136494,27 150 
2136525,67 68 
2137247,26 249
2138537,48 92 
2138537,48 65 
2138562,61 103 
2138562,61 101 
2139095,26 100 
2139095,26 1
2139095,26 2142
2139095,26 11
2141082,15 25 
2141509,03 75 
2142717,39 72 
2142788,22 70 
2144303,36 80 
2145653,33 83 
2145989,79 64 337
2146165,84 74 153
2146165,84 62 153
2147174,94 150 
2147200,37 68 
2149212,63 92 
2149212,63 65 
2149238,14 103 
2149238,14 101 
2149764,09 100 
2149764,09 1
2149764,09 2142
2149764,09 10
2151744,37 25 
2152064,55 75 
2153274,32 72 
2153343,73 70 
2154861,19 80 
2156288,75 83 
2157096,65 64 808
2157305,04 74 191
2157305,04 61 191
2158815,58 150 
2158836,11 68 
2160344,86 92 
2160344,86 65 
2160366,72 103 
2160366,72 101 
2160892,57 100 
2160892,57 1
2160892,57 2142
2160892,57 10
2162872,99 25 
2163459,98 75 
2164667,74 72 
2164952,23 70 
2166612,45 80 
2167177,62 83 
2168500,34 64 1323
2168682,67 74 160
2168682,67 61 160
2169191,14 150 
2169218,54 68 
2170126,68 92 
2170126,68 65 
2170149,25 103 
2170149,25 101 
2170683,2 100 
2170683,2 1
2170683,2 2142
2170683,2 11
2172668,83 25 
2173175,74 75 
2174383,02 72 
2174454,94 70 
2175979,62 80 
2177040,01 83 
2177923,68 64 884
2178089,35 74 143
2178089,35 62 143
2179100,39 150 
2179121 68 
2179828,4 92 
2179828,4 65 
2179852,97 103 
2179852,97 101 
2180378,82 100 
2180378,82 1
2180378,82 2142
2180378,82 10
2182358,29 25 
2182918,56 75 
2184126,21 72 
2184197,4 70 
2185716,91 80 
2186076,17 83 
2187269,9 64 1194
2187449,05 74 161
2187449,05 61 161
2187960,1 150 
2187983,91 68 
2189494,23 92 
2189494,23 65 
2189514,39 103 
2189514,39 101 
2190040,67 100 
2190040,67 1
2190040,67 2142
2190040,67 11
2192020,67 25 
2192953,99 75 
2194160,3 72 
2194233,19 70 
2195755,03 80 
2197124,88 83 
2197684,67 64 561
2197845,61 74 148
2197845,61 62 148
2199354,39 150 
2199379,07 68 
2200288,39 92 
2200288,39 65 
2200309,89 103 
2200309,89 101 
2200841,11 100 
2200841,11 1
2200841,11 2142
2200841,11 11
2202816,13 25 
2203256,38 75 
2204464,72 72 
2204535,64 70 
2206056,71 80 
2206427,62 83 
2207549,29 64 1122
2207723,36 74 150
2207723,36 62 150
2208231,29 150 
2208255,64 68 
2208966 92 
2208966 65 
2208986,19 103 
2208986,19 101 
2209514,29 100 
2209514,29 1
2209514,29 2142
2209514,29 11
2211493,38 25 
2212025,98 75 
2213234,11 72 
2213305,15 70 
2214823,8 80 
2216183,5 83 
2216368,25 64 185
2216539,98 74 157
2216539,98 62 157
2217548,57 150 
2217571,48 68 
2219578,97 92 
2219578,97 65 
2219595,06 103 
2219595,06 101 
2220125,1 100 
2220125,1 1
2220125,1 2142
2220125,1 11
2222101,39 25 
2222248,35 75 
2223457,56 72 
2223527,56 70 
2225045,87 80 
2226112,74 83 
2226590,98 64 479
2226772,81 74 168
2226772,81 62 168
2228281,86 150 
2228300,29 68 
2229209,54 92 
2229209,54 65 
2229231,04 103 
2229231,04 101 
2229762,18 100 
2229762,18 1
2229762,18 2142
2229762,18 10
2231737,44 25 
2232190,82 75 
2233398,27 72 
2233469,98 70 
2234986,6 80 
2236348,37 83 
2236744,37 64 396
2236973,99 74 213
2236973,99 61 213
2237984,05 150 
2238002,76 68 
2239513,68 92 
2239513,68 65 
2239533,37 103 
2239533,37 101 
2240060,14 100 
2240060,14 1
2240060,14 2142
2240060,14 11
2242039,64 25 
2242333,23 75 
2243542,26 72 
2243612,41 70 
2245133,8 80 
2246210,86 83 
2246543,88 64 334
2246725,35 74 168
2246725,35 62 168
2248236,57 150 
2248265,17 68 
2248584,05 249
2249074,2 172 
2250275,74 92 
2250275,74 65 
2250288,8 103 
2250288,8 101 
2250817,26 100 
2250817,26 1
2250817,26 2142
2250817,26 11
2252795,05 25 
2252942,13 75 
2254148,94 72 
2254221,25 70 
2255738 80 
2256100,05 83 
2257693,4 64 1594
2257901,37 74 189
2257901,37 62 189
2258412,69 150 
2258434,28 68 
2259142,37 92 
2259142,37 65 
2259165,09 103 
2259165,09 101 
2259696,26 100 
2259696,26 1
2259696,26 2142
2259696,26 10
2261671,46 25 
2262311,47 75 
2263521,47 72 
2263590,69 70 
2265107,5 80 
2266162,52 83 
2266689,94 64 528
2266907,47 74 199
2266907,47 61 199
2268418,63 150 
2268443,3 68 
2269351,77 92 
2269351,77 65 
2269374,11 103 
2269374,11 101 
2269900,09 100 
2269900,09 1
2269900,09 2142
2269900,09 10
2271880,37 25 
2272187,24 75 
2273395,59 72 
2273653,09 70 
2275192,23 80 
2276558,11 83 
2276991,76 64 435
2277154,77 74 144
2277154,77 61 144
2278166,98 152 
2278185,2 69 
2279691,7 93 
2279703,05 103 
2279703,05 101 
2281729,17 100 
2281729,17 1
2281729,17 2142
2281729,17 10
2283715,4 25 
2283742,83 75 
2284949,15 72 
2285021,64 70 
2286547,44 80 
2286913,76 83 
2287990,32 64 1077
2288181,35 74 175
2288181,35 61 175
2288691,47 150 
2288715,69 68 
2289423,94 92 
2289423,94 65 
2289445,69 103 
2289445,69 101 
2289976,38 100 
2289976,38 1
2289976,38 2142
2289976,38 11
2291951,91 25 
2292312,22 75 
2293518,53 72 
2293591,46 70 
2295118,74 80 
2296483,03 83 
2296779,6 64 297
2296973,34 74 171
2296973,34 62 171
2298484,91 150 
2298510,62 68 
2300521,87 92 
2300521,87 65 
2300534,62 103 
2300534,62 101 
2301061,58 100 
2301061,58 1
2301061,58 2142
2301061,58 10
2303040,56 25 
2303414,11 75 
2304622,68 72 
2304693,3 70 
2306215,41 80 
2306585,45 83 
2307375,57 64 790
2307597,9 74 200
2307597,9 61 200
2308607,84 150 
2308626,35 68 
2309333,72 92 
2309333,72 65 
2309357,26 103 
2309357,26 101 
2309883,81 100 
2309883,81 1
2309883,81 2142
2309883,81 11
2311863,57 25 
2312250,37 75 
2313458,15 72 
2313529,67 70 
2315055,15 80 
2316128,05 83 
2317091,89 64 965
2317253,05 74 139
2317253,05 62 139
2317763,18 150 
2317782,21 68 
2318694,28 92 
2318694,28 65 
2318713,31 103 
2318713,31 101 
2319247,33 100 
2319247,33 1
2319247,33 2142
2319247,33 11
2321232,88 25 
2321313,31 75 
2322520,18 72 
2322592,54 70 
2324117,04 80 
2325177,58 83 
2325766,28 64 589
2325958,1 74 168
2325958,1 62 168
2327469,22 150 
2327498,41 68 
2327830,84 249
2327894,82 172 
2329509,78 92 
2329509,78 65 
2329522,07 103 
2329522,07 101 
2330051,49 100 
2330051,49 1
2330051,49 2142
2330051,49 11
2332028,34 25 
2332215,41 75 
2333424,22 72 
2333494,52 70 
2335019,91 80 
2336386,18 83 
2336683,89 64 298
2336906,55 74 201
2336906,55 62 201
2337417,21 150 
2337440,93 68 
2338952,61 92 
2338952,61 65 
2338971,44 103 
2338971,44 101 
2339498,82 100 
2339498,82 1
2339498,82 2142
2339498,82 10
2341477,73 25 
2341997,87 75 
2343205,07 72 
2343277,15 70 
2344794,56 80 
2345155,83 83 
2348921,86 64 3767
2349125,83 74 186
2349125,83 61 186
2350136,96 152 
2350154,82 69 
2351063,3 93 
2351073,02 103 
2351073,02 101 
2353103,47 100 
2353103,47 1
2353103,47 2142
2353103,47 10
2355085,31 25 
2365086,68 254 
2365093,68 101 
2367106,19 100 
2367106,19 1
2367106,19 2142
2367106,19 10
2367106,19 25 
2367786,96 75 
2368995,21 72 
2369066,2 70 
2370582,49 80 
2370931,64 83 
2371797,65 64 866
2371835,27 256 
2372023,23 74 212
2372023,23 61 212
2373034,89 150 
2373065,89 68 
2373502,43 249
2373565,3 171
2375075,25 92 
2375075,25 65 
2375089,55 103 
2375089,55 101 
2375616,3 100 
2375616,3 1
2375616,3 2142
2375616,3 10
2377595,81 25 
2377916,06 75 
2379124,17 72 
2379421,8 70 
2381035,36 80 
2382100,26 83 
2382745,11 64 645
2382922,52 74 156
2382922,52 61 156
2384434,43 150 
2384461,09 68 
2385969,52 92 
2385969,52 65 
2385991,6 103 
2385991,6 101 
2386517,43 100 
2386517,43 1
2386517,43 2142
2386517,43 10
2388497,9 25 
2389164,69 75 
2390373,24 72 
2390443,92 70 
2391961 80 
2393308,89 83 
2393562,49 64 254
2393759,55 74 184
2393759,55 61 184
2394267,2 150 
2394297,05 68 
2395004,55 92 
2395004,55 65 
2395027,8 103 
2395027,8 101 
2395561,02 100 
2395561,02 1
2395561,02 2142
2395561,02 11
2397547,4 25 
2397907,74 75 
2399117,6 72 
2399186,84 70 
2400713,55 80 
2401079 83 
2401866,3 64 788
2402032,64 74 154
2402032,64 62 154
2403544,12 150 
2403573,17 68 
2404282,43 92 
2404282,43 65 
2404303,91 103 
2404303,91 101 
2404830,73 100 
2404830,73 1
2404830,73 2142
2404830,73 11
2406810,17 25 
2406850,58 75 
2408057,24 72 
2408129,79 70 
2409657,24 80 
2411021,39 83 
2411257,12 64 236
2411467,14 74 193
2411467,14 62 193
2412477,63 150 
2412502,74 68 
2413412,8 92 
2413412,8 65 
2413433,38 103 
2413433,38 101 
2413959,37 100 
2413959,37 1
2413959,37 2142
2413959,37 10
2415939,71 25 
2416060,01 75 
2417267,38 72 
2417339,16 70 
2418856,21 80 
2419924,36 83 
2420534,35 64 610
2420795,8 74 246
2420795,8 61 246
2421304,7 150 
2421325,65 68 
2422835,23 92 
2422835,23 65 
2422856,07 103 
2422856,07 101 
2423386,06 100 
2423386,06 1
2423386,06 2142
2423386,06 11
2425362,35 25 
2425962,45 75 
2427170,4 72 
2427241,66 70 
2428763,73 80 
2429133,85 83 
2430618,73 64 1486
2430785,58 74 146
2430785,58 62 146
2431796,5 150 
2431814,5 68 
2433822,4 92 
2433822,4 65 
2433838,13 103 
2433838,13 101 
2434368,22 100 
2434368,22 4
2434368,22 2142
2434368,22 11
2434368,22 78 
2434368,22 198 
2436344,38 25 
2436851,2 75 
2438061,34 72 
2438130,39 70 
2439646,35 80 
2441008,8 83 
2441437,64 64 429
2441573,57 74 112
2441573,57 62 112
2443086,24 153 
2443116,39 68 
2444023,93 92 
2444023,93 65 
2444047,13 103 
2444047,13 101 
2444573,23 100 
2444573,23 4
2444573,23 2142
2444573,23 11
2446553,47 25 
2447020,35 75 
2448227,61 72 
2448299,46 70 
2449818,74 80 
2450884,62 83 
2451308,61 64 424
2451486,13 74 162
2451486,13 62 162
2451998,43 151 
2452019,24 69 
2453527,1 93 
2453549,84 103 
2453549,84 101 
2455581,19 100 
2455581,19 4
2455581,19 2142
2455581,19 10
2457562,1 25 
2464879,49 75 
2466085,77 72 
2466158,59 70 
2467674,96 80 
2469036,95 83 
2469540,24 64 504
2469763,45 74 207
2469763,45 61 207
2470773,52 151 
2470798,1 69 
2472808,98 93 
2472821,75 103 
2472821,75 101 
2474847,69 100 
2474847,69 4
2474847,69 2142
2474847,69 11
2476834,04 25 
2476861,27 75 
2478068,88 72 
2478140,23 70 
2479663,27 80 
2481058,61 83 
2481494,99 64 437
2481695,48 74 184
2481695,48 62 184
2482203,5 151 
2482233,28 69 
2482941,27 93 
2482950,84 103 
2482950,84 101 
2484977,31 100 
2484977,31 4
2484977,31 2142
2484977,31 11
2486963,07 25 
2486990,57 75 
2488199,19 72 
2488269,29 70 
2489786,24 80 
2490148,1 83 
2490974,75 64 828
2491171,35 74 184
2491171,35 62 184
2492678,96 151 
2492708,77 69 
2493618,7 93 
2493639,62 103 
2493639,62 101 
2495673,74 100 
2495673,74 4
2495673,74 2142
2495673,74 11
2497651,88 25 
2497679,94 75 
2498887,6 72 
2498958,2 70 
2500476,47 80 
2501836,54 83 
2502041,85 64 206
2502268,61 74 206
2502268,61 62 206
2502778,18 151 
2502798,03 69 
2503947,89 249 
2513191,14 183 
2518013,78 93 
2518029,28 103 
2518029,28 101 
2520055,62 100 
2520055,62 4
2520055,62 2142
2520055,62 10
2522041,61 25 
2522068,95 75 
2523276,98 72 
2523347,85 70 
2523675,94 250 
2523693,56 101 
2525706,84 100 
2525706,84 4
2525706,84 2142
2525706,84 10
2525706,84 25 
2525733,95 75 
2526940,87 72 
2526958,81 70 
2528167,37 80 
2529238,23 83 
2529652,08 64 414
2529845,45 74 181
2529845,45 61 181
2530855,29 151 
2530879,08 69 
2531590,14 93 
2531610,24 103 
2531610,24 101 
2533636,29 100 
2533636,29 4
2533636,29 2142
2533636,29 10
2535622,56 25 
2537675,52 75 
2538883,2 72 
2538954,57 70 
2540483,3 80 
2540846,73 83 
2541683,56 64 837
2541894,3 74 195
2541894,3 63 195
2543403,45 151 
2543434,04 69 
2545405,11 256 
2545411,01 249 
2553144,29 183 
2555146,14 93 
2555160,33 103 
2555160,33 101 
2557194,64 100 
2557194,64 4
2557194,64 2142
2557194,64 10
2559172,62 25 
2559199,82 75 
2560408,36 72 
2560478,83 70 
2561992,72 80 
2562357,66 83 
2563312,84 64 956
2563541,07 74 211
2563541,07 61 211
2565052,23 151 
2565078,74 69 
2565672,39 249 
2565986,71 93 
2565995,85 103 
2565995,85 101 
2568022,75 100 
2568022,75 4
2568022,75 2142
2568022,75 10
2570008,05 25 
2570021,74 75 
2571229,06 72 
2571300,92 70 
2572827,53 80 
2573886,09 83 
2574799,06 64 913
2575024,67 74 207
2575024,67 63 207
2576033,68 151 
2576059,62 69 
2576767,5 93 
2576779,04 103 
2576779,04 101 
2578805,04 100 
2578805,04 4
2578805,04 2142
2578805,04 10
2580790,18 25 
2580817,38 75 
2582024,09 72 
2582336,3 70 
2583958,79 80 
2585321,28 83 
2594763,99 64 9443
2594927,85 74 145
2594927,85 61 145
2595437,72 153 
2595465,49 68 
2596977,99 92 
2596977,99 65 
2596996,01 103 
2596996,01 101 
2597526,02 100 
2597526,02 4
2597526,02 2142
2597526,02 11
2599502,29 25 
2599702,66 75 
2600910,21 72 
2600981,77 70 
2602498,44 80 
2602860,7 83 
2603872,2 64 1012
2604038,52 74 152
2604038,52 62 152
2605547,86 151 
2605567,16 69 
2606412,26 249 
2607576,02 93 
2607592,48 103 
2607592,48 101 
2609619,21 100 
2609619,21 4
2609619,21 2142
2609619,21 10
2611603,85 25 
2611631,72 75 
2612839,5 72 
2612910,13 70 
2614427,88 80 
2615481,92 83 
2808039,75 64 192559
2808247,72 74 194
2808247,72 61 194
2808757,44 151 
2808774,85 69 
2810282,84 93 
2810292,82 103 
2810292,82 101 
2812318,96 100 
2812318,96 4
2812318,96 2142
2812318,96 11
2814305,18 25 
2814332,33 75 
2815539,42 72 
2815611,4 70 
2817128,69 80 
2818409,88 250 
2818422,66 101 
2820435,88 100 
2820435,88 4
2820435,88 2142
2820435,88 11
2820435,88 25 
2820463 75 
2821672,13 72 
2821742,13 70 
2823266,33 80 
2824633,75 83 
2825973,64 64 1340
2826138,97 74 146
2826138,97 62 146
2827149,04 151 
2827167,82 69 
2827874,92 93 
2827885,39 103 
2827885,39 101 
2829914,22 100 
2829914,22 4
2829914,22 2142
2829914,22 11
2831897,68 25 
2831924,92 75 
2833132,81 72 
2833203,93 70 
2834726,4 80 
2835789,1 83 
2840162,19 64 4374
2840356,67 74 184
2840356,67 61 184
2841365 150 
2841388,61 68 
2843398,03 92 
2843398,03 65 
2843412,18 103 
2843412,18 101 
2843938,93 100 
2843938,93 4
2843938,93 2142
2843938,93 11
2845918,44 25 
2846318,63 75 
2847527,25 72 
2847597,93 70 
2849115,15 80 
2850476,27 83 
2851060,83 64 585
2851264,72 74 190
2851264,72 61 190
2851775,45 150 
2851797,45 68 
2852706,45 92 
2852706,45 65 
2852728,24 103 
2852728,24 101 
2853254,46 100 
2853254,46 4
2853254,46 2142
2853254,46 10
2855234,58 25 
2855768,02 75 
2856976,55 72 
2857047,28 70 
2858560,63 80 
2858925,97 83 
3840876,95 64 981952
3841165,74 74 268
3841165,74 61 268
3842676,85 151 
3842698,83 69 
3843406,7 93 
3843417,42 103 
3843417,42 101 
3845448,09 100 
3845448,09 4
3845448,09 2142
3845448,09 11
3847430,54 25 
3847456,96 75 
3848666,52 72 
3848922,53 70 
3850581,12 80 
3851147,89 83 
3852040,91 64 894
3852228,16 74 174
3852228,16 62 174
3852738,95 151 
3852762,35 69 
3853671,5 93 
3853693,1 103 
3853693,1 101 
3855718,94 100 
3855718,94 4
3855718,94 2142
3855718,94 10
3857705,44 25 
3857733,26 75 
3858940,41 72 
3859011,64 70 
3860532,23 80 
3861596,83 83 
3862170,06 64 574
3862369 74 186
3862369 61 186
3863377,3 151 
3863398,67 69 
3865408,29 93 
3865421,51 103 
3865421,51 101 
3867448,45 100 
3867448,45 4
3867448,45 2142
3867448,45 10
3869433,84 25 
3869461,36 75 
3870668,99 72 
3870740,03 70 
3872252,12 80 
3873618,36 83 
3874128,59 64 510
3874378,26 74 227
3874378,26 63 227
3875886 151 
3875912,53 69 
3877422,06 93 
3877443,17 103 
3877443,17 101 
3879482,79 100 
3879482,79 4
3879482,79 2142
3879482,79 10
3881455,49 25 
3881496,06 75 
3882703,23 72 
3882774,99 70 
3884302,33 80 
3884653,69 83 
3887220,23 64 2567
3887402,11 74 162
3887402,11 62 162
3887911,63 150 
3887934,27 68 
3888642,67 92 
3888642,67 65 
3888665,02 103 
3888665,02 101 
3889190,92 100 
3889190,92 4
3889190,92 2142
3889190,92 11
3891171,31 25 
3891971,38 75 
3893179,76 72 
3893250,59 70 
3894776,4 80 
3895835,66 83 
3896962,41 64 1127
3897141,77 74 161
3897141,77 62 161
3898652,07 151 
3898675,95 69 
3900184,84 93 
3900206,81 103 
3900206,81 101 
3902233,01 100 
3902233,01 4
3902233,01 2142
3902233,01 11
3904219,13 25 
3904246,51 75 
3905455,47 72 
3905525,33 70 
3907052,04 80 
3908417,07 83 
3909238,97 64 823
3909462,46 74 206
3909462,46 63 206
3910470,42 151 
3910496,86 69 
3912508,03 93 
3912521,66 103 
3912521,66 101 
3914553,42 100 
3914553,42 4
3914553,42 2142
3914553,42 10
3916533,96 25 
3916561,6 75 
3917769,45 72 
3917840,27 70 
3919359,81 80 
3920411,96 83 
3921036,25 64 625
3921224,31 74 173
3921224,31 62 173
3922230,72 152 
3922253,18 69 
3923163,23 93 
3923183,82 103 
3923183,82 101 
3925210,49 100 
3925210,49 4
3925210,49 2142
3925210,49 10
3927196,12 25 
3927223,49 75 
3928429,42 72 
3928502,35 70 
3930016,12 80 
3930381,2 83 
3931699,47 64 1318
3931946,95 74 234
3931946,95 61 234
3932454,96 151 
3932474,26 69 
3933981,91 93 
3933992,56 103 
3933992,56 101 
3936020,74 100 
3936020,74 4
3936020,74 2142
3936020,74 11
3938004,91 25 
3938032,17 75 
3939240,92 72 
3939311,19 70 
3940833,13 80 
3942202,78 83 
3942516,68 64 314
3942695,86 74 161
3942695,86 62 161
3944206,3 151 
3944230,45 69 
3944939 93 
3944947,98 103 
3944947,98 101 
3946978,74 100 
3946978,74 4
3946978,74 2142
3946978,74 11
3948960,31 25 
3949800,3 75 
3951009,02 72 
3951319,46 70 
3952931,82 80 
3953997,89 83 
3954627,4 64 630
3954859,62 74 209
3954859,62 61 209
3955370,33 150 
3955398,03 68 
3956309,84 92 
3956309,84 65 
3956329,93 103 
3956329,93 101 
3956858,33 100 
3956858,33 4
3956858,33 2142
3956858,33 10
3958836,12 25 
3959143,06 75 
3960351,87 72 
3960422,21 70 
3961935,1 80 
3963301,4 83 
3964128,2 64 828
3964326,04 74 173
3964326,04 62 173
3965333,4 150 
3965354,48 68 
3967362,07 92 
3967362,07 65 
3967378,57 103 
3967378,57 101 
3967905,23 100 
3967905,23 4
3967905,23 2142
3967905,23 11
3969884,77 25 
3970018,46 75 
3971225,79 72 
3971297,74 70 
3972820,55 80 
3973189,74 83 
3974416,58 64 1227
3974628,71 74 200
3974628,71 61 200
3976139,59 150 
3976163,7 68 
3977672,5 92 
3977672,5 65 
3977694,15 103 
3977694,15 101 
3978226,14 100 
3978226,14 4
3978226,14 2142
3978226,14 10
3980200,45 25 
3980667,29 75 
3981874,68 72 
3981946,47 70 
3983470,41 80 
3984531,74 83 
3985084,22 64 553
3985296,27 74 192
3985296,27 61 192
3985806,48 151 
3985825,91 69 
3986536,68 93 
3986557,1 103 
3986557,1 101 
3988584,66 100 
3988584,66 4
3988584,66 2142
3988584,66 10
3990569,45 25 
3990597,01 75 
3991802,74 72 
3991875,65 70 
3993405,33 80 
3993767,76 83 
3994952,35 64 1185
3995145,81 74 179
3995145,81 61 179
3996656,69 151 
3996675 69 
3998686,08 93 
3998698,64 103 
3998698,64 101 
4000725,99 100 
4000725,99 4
4000725,99 2142
4000725,99 11
4002710,94 25 
4002738,11 75 
4003945,24 72 
4004017,16 70 
4005533,83 80 
4006895,51 83 
4007400,43 64 505
4007584,98 74 170
4007584,98 61 170
4008596,61 150 
4008616,6 68 
4009526,91 92 
4009526,91 65 
4009547,43 103 
4009547,43 101 
4010080,13 100 
4010080,13 4
4010080,13 2142
4010080,13 11
4012067,06 25 
4012320,59 75 
4013528,38 72 
4013599,79 70 
4015119,06 80 
4016478,17 83 
4017051,02 64 573
4017253,11 74 189
4017253,11 61 189
4017759,8 152 
4017785,73 69 
4019794,52 93 
4019809,82 103 
4019809,82 101 
4021836,98 100 
4021836,98 4
4021836,98 2142
4021836,98 10
4023822,09 25 
4023849,33 75 
4025059,48 72 
4025128,28 70 
4026650,79 80 
4027020,48 83 
4028735,21 64 1715
4028896,69 74 145
4028896,69 61 145
4029903,9 151 
4029927,63 69 
4030636,11 93 
4030645,37 103 
4030645,37 101 
4032671,33 100 
4032671,33 4
4032671,33 2142
4032671,33 10
4034657,49 25 
4034684,67 75 
4035891,32 72 
4035963,72 70 
4037474,77 80 
4038549,77 83 
4039783,71 64 1236
4040070,68 74 270
4040070,68 62 270
4041580,15 150 
4041602,89 68 
4041978,36 249
4042512,52 92 
4042512,52 65 
4042533,54 103 
4042533,54 101 
4043069,12 100 
4043069,12 4
4043069,12 2142
4043069,12 11
4045053,15 25 
4045493,34 75 
4046699,89 72 
4046772,48 70 
4048296,24 80 
4048664,64 83 
4049592,31 64 928
4049818,55 74 208
4049818,55 61 208
4050826,81 150 
4050851,52 68 
4052363,75 92 
4052363,75 65 
4052382,68 103 
4052382,68 101 
4052910,57 100 
4052910,57 4
4052910,57 2142
4052910,57 10
4054888,96 25 
4055235,94 75 
4056443,65 72 
4056515,14 70 
4058040,34 80 
4059113,53 83 
4059789,39 64 676
4059989,28 74 183
4059989,28 62 183
4060500,84 150 
4060528,28 68 
4061237,4 92 
4061237,4 65 
4061259 103 
4061259 101 
4061785,01 100 
4061785,01 4
4061785,01 2142
4061785,01 10
4063765,27 25 
4063805,58 75 
4065013,08 72 
4065084,76 70 
4066600,19 80 
4067963,28 83 
4068446,02 64 483
4068675,23 74 206
4068675,23 62 206
4070186,1 150 
4070204 68 
4070521,33 249
4070652,27 172 
4071712,39 92 
4071712,39 65 
4071734,53 103 
4071734,53 101 
4072263,52 100 
4072263,52 4
4072263,52 2142
4072263,52 11
4074240,81 25 
4074841,08 75 
4076048,73 72 
4076120,17 70 
4077633,83 80 
4078998,49 83 
4079642,62 64 644
4079783,9 74 120
4079783,9 61 120
4080794,78 150 
4080813,14 68 
4081720,74 92 
4081720,74 65 
4081743,68 103 
4081743,68 101 
4082270,73 100 
4082270,73 4
4082270,73 2142
4082270,73 11
4084249,95 25 
4084796,8 75 
4086006,14 72 
4086076 70 
4087596,64 80 
4087968,05 83 
4089054,65 64 1087
4089269,08 74 195
4089269,08 61 195
4089778,17 150 
4089809,18 68 
4091819,79 92 
4091819,79 65 
4091832,87 103 
4091832,87 101 
4092363,44 100 
4092363,44 4
4092363,44 2142
4092363,44 11
4094339,09 25 
4094552,73 75 
4095761,24 72 
4095831,87 70 
4097354,28 80 
4098417,04 83 
4099088,4 64 672
4099251,67 74 143
4099251,67 61 143
4100759,84 150 
4100777,86 68 
4102286,35 92 
4102286,35 65 
4102308,3 103 
4102308,3 101 
4102836,24 100 
4102836,24 4
4102836,24 2142
4102836,24 10
4104814,6 25 
4105374,81 75 
4106583,57 72 
4106653,97 70 
4108173,6 80 
4108546,11 83 
4110049,76 64 1505
4110223,36 74 158
4110223,36 62 158
4110735,18 152 
4110759,94 69 
4111668,18 93 
4111691,07 103 
4111691,07 101 
4113717,61 100 
4113717,61 4
4113717,61 2142
4113717,61 10
4115703,45 25 
4116783,26 75 
4117990,77 72 
4118062,47 70 
4119578,13 80 
4120940,87 83 
4121385,86 64 446
4121586,92 74 180
4121586,92 62 180
4123095,69 150 
4123115,1 68 
4123824,25 92 
4123824,25 65 
4123845,91 103 
4123845,91 101 
4124374,45 100 
4124374,45 4
4124374,45 2142
4124374,45 11
4126352,19 25 
4126739,06 75 
4127948,54 72 
4128018,24 70 
4129530,95 80 
4130603,42 83 
4131753,74 64 1151
4131985,75 74 210
4131985,75 61 210
4132994 150 
4133017,6 68 
4135024,75 92 
4135024,75 65 
4135041,19 103 
4135041,19 101 
4135573,1 100 
4135573,1 4
4135573,1 2142
4135573,1 10
4137547,5 25 
4137987,82 75 
4139195,33 72 
4139266,85 70 
4140787,28 80 
4141865,35 83 
4142428,69 64 564
4142623,21 74 172
4142623,21 62 172
4144134,22 150 
4144159,15 68 
4144468,11 249
4144867,64 92 
4144867,64 65 
4144890,39 103 
4144890,39 101 
4145416,26 100 
4145416,26 4
4145416,26 2142
4145416,26 11
4147396,67 25 
4147663,56 75 
4148870,81 72 
4148942,76 70 
4150458,02 80 
4150821,61 83 
4152455,87 64 1635
4152641,89 74 168
4152641,89 61 168
4153151,3 150 
4153181,66 68 
4155189,32 92 
4155189,32 65 
4155206,04 103 
4155206,04 101 
4157663,58 102 
