58,51 100 
58,51 1
58,51 2163
58,51 11
2027,57 25 
5117,74 75 
5628,84 250 
5637,26 101 
7650,55 100 
7650,55 1
7650,55 2163
7650,55 11
7650,55 25 
7677,4 75 
8884,96 72 
9129,16 70 
9508,57 250 
9542,42 101 
11542,53 100 
11542,53 1
11542,53 2163
11542,53 11
11542,53 25 
11570,33 75 
12777,88 72 
12794,32 70 
14003,6 80 
15486,9 83 
16107,71 64 621
16138,81 256 
16312,86 74 185
16312,86 61 185
17321,43 151 
17339,95 69 
18247,54 93 
18260,74 103 
18260,74 101 
20285,43 100 
20285,43 1
20285,43 2163
20285,43 11
22271,11 25 
22298,37 75 
23505,43 72 
23577,32 70 
25091,91 80 
26162,52 83 
26582,54 64 420
26782,3 74 179
26782,3 63 179
28296,5 151 
28322,69 69 
28942,77 249 
29736,12 183 
29833,03 93 
29853,98 103 
29853,98 101 
31880,93 100 
31880,93 1
31880,93 2163
31880,93 11
33866,34 25 
33893,73 75 
35102,44 72 
35172,6 70 
36695,89 80 
37064,67 83 
37615,58 64 551
37761,93 74 123
37761,93 62 123
38274,93 150 
38304,51 68 
39014,33 92 
39014,33 65 
39036,85 103 
39036,85 101 
39571,58 100 
39571,58 1
39571,58 2163
39571,58 10
41556,45 25 
41583,77 75 
42791,26 72 
42862,69 70 
44379,04 80 
45434,77 83 
45943,26 64 509
46111,32 74 144
46111,32 61 144
47123,57 150 
47142,34 68 
47573,49 249
49151,2 92 
49151,2 65 
49166,04 103 
49166,04 101 
49693,71 100 
49693,71 1
49693,71 2163
49693,71 10
51672,37 25 
51912,57 75 
53122,62 72 
53191,84 70 
54719,58 80 
55083,88 83 
56064,88 64 982
56246,27 74 163
56246,27 61 163
57758,32 150 
57777,15 68 
59787,9 92 
59787,9 65 
59801,63 103 
59801,63 101 
60329,45 100 
60329,45 1
60329,45 2163
60329,45 10
62321,18 25 
62561,47 75 
63766,93 72 
63840,77 70 
65359,56 80 
66719,07 83 
67098,39 64 380
67126,13 256 
67325,74 74 208
67325,74 61 208
67835,84 150 
67853,23 68 
68565,64 92 
68565,64 65 
68584,61 103 
68584,61 101 
69120,21 100 
69120,21 1
69120,21 2163
69120,21 10
71104,26 25 
71331,16 75 
72539,33 72 
72610,42 70 
74126,18 80 
75182,2 83 
75674,98 64 493
75878,43 74 190
75878,43 61 190
77388,08 152 
77409,8 69 
78917,68 93 
78927,02 103 
78927,02 101 
80954,87 100 
80954,87 1
80954,87 2163
80954,87 11
82939,33 25 
82980,27 75 
84189,5 72 
84258,96 70 
85777,6 80 
87137,27 83 
87983,06 64 846
88145,06 74 142
88145,06 62 142
88654,12 150 
88684,43 68 
89594,24 92 
89594,24 65 
89615,92 103 
89615,92 101 
90143,18 100 
90143,18 1
90143,18 2163
90143,18 11
92122,24 25 
92589,19 75 
93797,39 72 
93868,49 70 
95396,18 80 
95760,39 83 
96797,75 64 1038
96839,2 256 
97053,18 74 240
97053,18 62 240
98065,45 150 
98094,52 68 
100106,28 92 
100106,28 65 
100131,62 103 
100131,62 101 
100667,8 100 
100667,8 1
100667,8 2163
100667,8 10
102651,17 25 
102731,72 75 
103942,65 72 
104010,77 70 
105529,99 80 
105892,74 83 
106894,7 64 1005
107074,22 74 159
107074,22 61 159
108083,73 150 
108103,79 68 
108812 92 
108812 65 
108834,64 103 
108834,64 101 
109364,01 100 
109364,01 1
109364,01 2163
109364,01 11
111340,93 25 
111514,53 75 
112722,42 72 
112793,76 70 
114310,55 80 
115565,53 83 
115978,05 64 413
116130,74 74 140
116130,74 62 140
116640,72 150 
116659,44 68 
117569,35 92 
117569,35 65 
117591,96 103 
117591,96 101 
118119,26 100 
118119,26 1
118119,26 2163
118119,26 11
120097,34 25 
120537,53 75 
121744,99 72 
121936,7 70 
123471,91 80 
124841,73 83 
125335,43 64 494
125507 74 159
125507 62 159
127016,05 150 
127042,75 68 
128550,55 92 
128550,55 65 
128573,13 103 
128573,13 101 
129109,52 100 
129109,52 1
129109,52 2163
129109,52 11
131092,74 25 
131199,86 75 
132407,13 72 
132478,96 70 
133992,34 80 
135357,33 83 
135744,3 64 387
135909,02 74 152
135909,02 62 152
136418,05 152 
136437,98 69 
137145,31 93 
137156,32 103 
137156,32 101 
139183,04 100 
139183,04 1
139183,04 2163
139183,04 11
141168,65 25 
141196,35 75 
142404,36 72 
142474,85 70 
143993,16 80 
145046,66 83 
145506,65 64 460
145668,23 74 142
145668,23 62 142
146679,74 150 
146701,19 68 
147613,05 92 
147613,05 65 
147631,9 103 
147631,9 101 
148158,26 100 
148158,26 1
148158,26 2163
148158,26 10
150138,19 25 
150178,55 75 
151387,06 72 
151457,88 70 
152979,21 80 
153349,91 83 
154436,5 64 1087
154632,82 74 178
154632,82 61 178
156143,29 150 
156163,91 68 
157675,05 92 
157675,05 65 
157694,44 103 
157694,44 101 
158228,7 100 
158228,7 1
158228,7 2163
158228,7 10
160214,07 25 
160560,94 75 
161767,99 72 
161840,13 70 
163352,6 80 
164425,28 83 
165129,47 64 704
165314,5 74 170
165314,5 61 170
166322,54 150 
166345,59 68 
166779,83 249
168355,24 92 
168355,24 65 
168370,03 103 
168370,03 101 
168898,46 100 
168898,46 1
168898,46 2163
168898,46 10
170876,33 25 
171156,53 75 
172366,45 72 
172435,74 70 
173957,3 80 
174327,87 83 
175198,53 64 871
175401,57 74 181
175401,57 61 181
176909,08 150 
176927,86 68 
177315,13 249
177836,25 92 
177836,25 65 
177859,42 103 
177859,42 101 
178385,56 100 
178385,56 1
178385,56 2163
178385,56 10
180365,74 25 
180779,28 75 
181988,16 72 
182058,45 70 
183579,99 80 
184950,17 83 
185452,16 64 502
185656,68 74 188
185656,68 61 188
186168,25 150 
186190,86 68 
188200,29 92 
188200,29 65 
188215,29 103 
188215,29 101 
188751,91 100 
188751,91 1
188751,91 2163
188751,91 10
190734,9 25 
191121,61 75 
192330,69 72 
192400,87 70 
193942,4 80 
195305,95 83 
195740,54 64 435
195958,65 74 200
195958,65 61 200
196967,54 150 
196987,07 68 
198497,84 92 
198497,84 65 
198517,59 103 
198517,59 101 
199045,74 100 
199045,74 1
199045,74 2163
199045,74 11
201023,84 25 
201797,21 75 
203005,9 72 
203076,44 70 
204600,91 80 
204968,57 83 
206187,66 64 1219
206353,04 74 146
206353,04 62 146
207861,25 150 
207888,42 68 
208599,35 92 
208599,35 65 
208620,03 103 
208620,03 101 
209148,22 100 
209148,22 1
209148,22 2163
209148,22 10
211126,37 25 
211366,57 75 
212572,88 72 
212645,82 70 
214167,69 80 
215244,32 83 
215748,92 64 505
215940,75 74 178
215940,75 61 178
216448,55 150 
216472,42 68 
217980,54 92 
217980,54 65 
218002,79 103 
218002,79 101 
218535,11 100 
218535,11 1
218535,11 2163
218535,11 11
220509,3 25 
221042,69 75 
222252,88 72 
222495,06 70 
224076,65 80 
225306,77 83 
225713,37 64 407
225875,87 74 143
225875,87 62 143
227387,74 150 
227413,68 68 
227827,82 249
227874,79 172 
229423,17 92 
229423,17 65 
229438,09 103 
229438,09 101 
229964,29 100 
229964,29 1
229964,29 2163
229964,29 11
231944,36 25 
232197,98 75 
233405,27 72 
233477,2 70 
234995,16 80 
235369,29 83 
236412,25 64 1043
236563,05 74 128
236563,05 62 128
237072,4 150 
237090,63 68 
237800,66 92 
237800,66 65 
237821,28 103 
237821,28 101 
238347,55 100 
238347,55 1
238347,55 2163
238347,55 11
240327,61 25 
240541,24 75 
241748,92 72 
241820,43 70 
243334,46 80 
244698,78 83 
245327,43 64 629
245499,26 74 148
245499,26 62 148
246506,8 152 
246526,71 69 
247439,11 93 
247457,31 103 
247457,31 101 
249497,12 100 
249497,12 1
249497,12 2163
249497,12 10
251469,98 25 
251497,13 75 
252704,4 72 
252776,01 70 
254290,77 80 
255654,31 83 
256328,75 64 675
256498,85 74 152
256498,85 61 152
258007,22 150 
258028,41 68 
258739,8 92 
258739,8 65 
258759,32 103 
258759,32 101 
259286,86 100 
259286,86 1
259286,86 2163
259286,86 10
261265,57 25 
261585,81 75 
262794,18 72 
262865 70 
264383,17 80 
264743,86 83 
265641,98 64 899
265813,89 74 151
265813,89 61 151
266323,89 150 
266344,26 68 
267854,07 92 
267854,07 65 
267875,52 103 
267875,52 101 
268402,34 100 
268402,34 1
268402,34 2163
268402,34 11
270381,85 25 
270768,85 75 
271978,44 72 
272047,91 70 
273561,97 80 
274619,7 83 
275009,19 64 390
275163,46 74 131
275163,46 62 131
276175,18 150 
276193,58 68 
277104,18 92 
277104,18 65 
277125,03 103 
277125,03 101 
277658,1 100 
277658,1 1
277658,1 2163
277658,1 10
279644,64 25 
280244,88 75 
281455,41 72 
281523,94 70 
283045,29 80 
284109,12 83 
284433,13 64 324
284625,29 74 170
284625,29 61 170
286133,77 150 
286163,41 68 
288172,29 92 
288172,29 65 
288187,12 103 
288187,12 101 
288713,23 100 
288713,23 1
288713,23 2163
288713,23 11
290693,4 25 
291080,38 75 
292289,04 72 
292359,5 70 
293880,07 80 
295251,18 83 
295457,97 64 207
295631,34 74 154
295631,34 62 154
296641,13 150 
296665,05 68 
297046,72 249
297069,59 172 
298672,87 92 
298672,87 65 
298689,44 103 
298689,44 101 
299216,63 100 
299216,63 1
299216,63 2163
299216,63 10
301195,79 25 
301462,7 75 
302672,1 72 
302741,84 70 
304256,38 80 
304620,73 83 
305624,66 64 1004
305822,69 74 176
305822,69 61 176
306334,52 150 
306355,09 68 
306922,89 249
307064,98 92 
307064,98 65 
307085,98 103 
307085,98 101 
307624,72 100 
307624,72 1
307624,72 2163
307624,72 11
309605,59 25 
310005,82 75 
311214,81 72 
311284,98 70 
312805,44 80 
313163,81 83 
314311,54 64 1148
314467,48 74 131
314467,48 62 131
315974,92 150 
316003,65 68 
316911,52 92 
316911,52 65 
316935,32 103 
316935,32 101 
317462,11 100 
317462,11 1
317462,11 2163
317462,11 10
319441,49 25 
319788,45 75 
320999,99 72 
321067,65 70 
322583,99 80 
323946 83 
324229,28 64 284
324447,37 74 195
324447,37 61 195
325456,11 150 
325480,54 68 
326991,68 92 
326991,68 65 
327011,07 103 
327011,07 101 
327538,1 100 
327538,1 1
327538,1 2163
327538,1 11
329517,37 25 
330050,97 75 
331260,79 72 
331490 70 
333064,98 80 
334315,05 83 
334889,9 64 576
335058,3 74 144
335058,3 62 144
335568,63 150 
335595,67 68 
335987,28 249
336042,78 172 
337103,5 92 
337103,5 65 
337126,9 103 
337126,9 101 
337660,79 100 
337660,79 1
337660,79 2163
337660,79 11
339646,48 25 
339740,2 75 
340947,18 72 
341139,31 70 
342763,35 80 
344257,58 83 
344779,03 64 522
344936,83 74 134
344936,83 62 134
346448,14 150 
346471,78 68 
347381,32 92 
347381,32 65 
347402,66 103 
347402,66 101 
347929,55 100 
347929,55 1
347929,55 2163
347929,55 11
349908,95 25 
350668,99 75 
351876,58 72 
351948,22 70 
353464,1 80 
354546,73 83 
355026,23 64 480
355177,93 74 125
355177,93 62 125
355688,61 150 
355708 68 
356164,88 249
356179,44 172 
357717,56 92 
357717,56 65 
357745,02 103 
357745,02 101 
358271,09 100 
358271,09 1
358271,09 2163
358271,09 10
360251,31 25 
360718,16 75 
361927,53 72 
361997,39 70 
363520,43 80 
363889,52 83 
364814,18 64 925
365016,64 74 181
365016,64 61 181
366024,15 150 
366050,57 68 
366761,5 92 
366761,5 65 
366781,27 103 
366781,27 101 
367318,67 100 
367318,67 1
367318,67 2163
367318,67 10
369300,99 25 
369927,65 75 
371133,82 72 
371206,9 70 
372731,24 80 
373805,37 83 
374188,13 64 383
374366,73 74 162
374366,73 61 162
375375,42 150 
375392,77 68 
375867,29 249
376303,82 92 
376303,82 65 
376323,98 103 
376323,98 101 
376850,23 100 
376850,23 1
376850,23 2163
376850,23 10
378830,35 25 
379323,76 75 
380533,75 72 
380602,96 70 
382129,81 80 
382495,12 83 
383930,86 64 1437
384146,59 74 199
384146,59 61 199
384658,47 150 
384681,91 68 
385228,31 249
386690,92 92 
386690,92 65 
386706,38 103 
386706,38 101 
387232,33 100 
387232,33 1
387232,33 2163
387232,33 10
389212,65 25 
389519,58 75 
390726,95 72 
390798,75 70 
392317,7 80 
393690,47 83 
394075,01 64 385
394253,03 74 163
394253,03 61 163
395762,92 152 
395784,78 69 
396492,86 93 
396515,65 103 
396515,65 101 
398552,35 100 
398552,35 1
398552,35 2163
398552,35 11
400528,16 25 
400555,26 75 
401762,58 72 
401834,18 70 
403357,45 80 
404725,96 83 
405139,71 64 415
405303,43 74 138
405303,43 62 138
405814,47 150 
405834,05 68 
407344,68 92 
407344,68 65 
407364,49 103 
407364,49 101 
407892,58 100 
407892,58 1
407892,58 2163
407892,58 10
409884,08 25 
410017,78 75 
411227,61 72 
411296,96 70 
412818,57 80 
413882,12 83 
414529,47 64 647
414776,38 74 228
414776,38 61 228
416288,46 150 
416309,64 68 
417817,62 92 
417817,62 65 
417840,22 103 
417840,22 101 
418367,63 100 
418367,63 1
418367,63 2163
418367,63 10
420346,46 25 
420879,89 75 
422087,61 72 
422160,91 70 
423678 80 
424038 83 
424953,19 64 916
425148,75 74 179
425148,75 61 179
426156,88 150 
426184,74 68 
428193,12 92 
428193,12 65 
428209,23 103 
428209,23 101 
428749,08 100 
428749,08 1
428749,08 2163
428749,08 11
430728,87 25 
431408,9 75 
432618,56 72 
432688,24 70 
434208,67 80 
435566,52 83 
435931,94 64 366
436090,64 74 138
436090,64 62 138
437097,82 150 
437126,9 68 
437834,75 92 
437834,75 65 
437858,53 103 
437858,53 101 
438387,14 100 
438387,14 1
438387,14 2163
438387,14 10
440364,88 25 
440858,49 75 
442067,66 72 
442137,53 70 
443662,07 80 
444216,38 83 
445500,06 64 1284
445724,03 74 202
445724,03 61 202
447236,52 150 
447256,82 68 
447720,84 249
448165,45 92 
448165,45 65 
448187,61 103 
448187,61 101 
448717,19 100 
448717,19 1
448717,19 2163
448717,19 11
450694,01 25 
451320,76 75 
452529,08 72 
452599,86 70 
454125,18 80 
455185,04 83 
455754,29 64 570
455927,38 74 156
455927,38 62 156
456436,62 150 
456465,61 68 
458476,28 92 
458476,28 65 
458490,01 103 
458490,01 101 
459025,13 100 
459025,13 1
459025,13 2163
459025,13 11
461009,6 25 
461569,78 75 
462778,25 72 
462850,52 70 
464364,53 80 
465727,35 83 
466240,4 64 513
466422,02 74 162
466422,02 62 162
467434,26 150 
467461,73 68 
468172,67 92 
468172,67 65 
468192,81 103 
468192,81 101 
468719 100 
468719 1
468719 2163
468719 11
470699,03 25 
471045,89 75 
472255,8 72 
472325,01 70 
473843,39 80 
474896,88 83 
475782,64 64 886
475956,91 74 154
475956,91 62 154
476466,67 152 
476484,8 69 
477613,93 249 
477893,8 182 
477992,72 93 
478015,25 103 
478015,25 101 
480041,58 100 
480041,58 1
480041,58 2163
480041,58 11
482027,59 25 
482054,83 75 
483264,25 72 
483333,79 70 
484849,55 80 
485212,63 83 
486349,96 64 1138
486510,83 74 139
486510,83 62 139
488021,31 150 
488040,08 68 
488951,85 92 
488951,85 65 
488970,73 103 
488970,73 101 
489507,49 100 
489507,49 1
489507,49 2163
489507,49 10
491490,39 25 
492343,71 75 
493554,65 72 
493622,86 70 
495137,64 80 
495501,74 83 
496490,72 64 990
496646,42 74 132
496646,42 61 132
498158,42 150 
498182,43 68 
500192,35 92 
500192,35 65 
500206,12 103 
500206,12 101 
500732,94 100 
500732,94 1
500732,94 2163
500732,94 10
502712,38 25 
503059,48 75 
504269,3 72 
504338,49 70 
505854,45 80 
506910,28 83 
507422,98 64 513
507621,05 74 178
507621,05 61 178
508128,67 150 
508150,91 68 
508858,36 92 
508858,36 65 
508882,49 103 
508882,49 101 
509409,59 100 
509409,59 1
509409,59 2163
509409,59 11
511388,81 25 
511935,62 75 
513143,34 72 
513214,77 70 
514730,86 80 
516093,18 83 
516504,91 64 412
516660,19 74 141
516660,19 62 141
517672,21 150 
517693,66 68 
518140,74 249
518179,6 172 
519203,73 92 
519203,73 65 
519224,88 103 
519224,88 101 
519761,23 100 
519761,23 1
519761,23 2163
519761,23 11
521744,48 25 
522238,1 75 
523446,42 72 
523517,32 70 
525043,38 80 
526408,94 83 
526738,19 64 330
526896,07 74 141
526896,07 62 141
527407,94 150 
527436,9 68 
528349,3 92 
528349,3 65 
528367,74 103 
528367,74 101 
528896,41 100 
528896,41 1
528896,41 2163
528896,41 11
530874,04 25 
531340,91 75 
532548,35 72 
532620,11 70 
534146,92 80 
535205,33 83 
535636,96 64 432
535791,29 74 133
535791,29 62 133
537300,87 150 
537326,18 68 
538234,25 92 
538234,25 65 
538257,01 103 
538257,01 101 
538784,48 100 
538784,48 1
538784,48 2163
538784,48 10
540763,28 25 
541216,84 75 
542426,02 72 
542496,1 70 
544017,86 80 
544388,22 83 
545488,11 64 1100
545668,44 74 161
545668,44 61 161
546680,29 150 
546708,95 68 
548719,22 92 
548719,22 65 
548732,79 103 
548732,79 101 
549268,58 100 
549268,58 1
549268,58 2163
549268,58 10
551252,29 25 
551585,85 75 
552793,4 72 
552985 70 
554605,36 80 
555796,81 83 
556391,12 64 595
556584,44 74 175
556584,44 61 175
557092,37 150 
557117,29 68 
558623,86 92 
558623,86 65 
558648,61 103 
558648,61 101 
559174,64 100 
559174,64 1
559174,64 2163
559174,64 11
561154,85 25 
561675,04 75 
562883,03 72 
562954,25 70 
564476,96 80 
565832,63 83 
566180,72 64 349
566348,34 74 143
566348,34 62 143
567360,1 150 
567379,77 68 
568088,7 92 
568088,7 65 
568111,32 103 
568111,32 101 
568639,51 100 
568639,51 1
568639,51 2163
568639,51 10
570617,62 25 
570844,65 75 
572055,37 72 
572123,72 70 
573640,57 80 
574002,58 83 
575121,85 64 1120
575277,26 74 142
575277,26 61 142
576787,66 150 
576816,51 68 
578327,02 92 
578327,02 65 
578347,09 103 
578347,09 101 
578881,48 100 
578881,48 1
578881,48 2163
578881,48 10
580866,71 25 
581173,74 75 
582380,66 72 
582452,81 70 
583971,03 80 
585344,54 83 
585726,99 64 383
585928,17 74 184
585928,17 61 184
587435,91 152 
587465,42 69 
589476,95 93 
589489,16 103 
589489,16 101 
591515,21 100 
591515,21 1
591515,21 2163
591515,21 11
593501,59 25 
593528,79 75 
594736,16 72 
594807,75 70 
596324,29 80 
596686,54 83 
597987,25 64 1301
598139,68 74 134
598139,68 62 134
599151,62 150 
599179,86 68 
599890,61 92 
599890,61 65 
599911,52 103 
599911,52 101 
600438,54 100 
600438,54 1
600438,54 2163
600438,54 10
602417,78 25 
602804,69 75 
604011,95 72 
604083,89 70 
605597,34 80 
606655,74 83 
607007,3 64 352
607225,83 74 198
607225,83 61 198
607734,03 150 
607763,69 68 
608671,19 92 
608671,19 65 
608694,54 103 
608694,54 101 
609232,04 100 
609232,04 1
609232,04 2163
609232,04 11
611214,14 25 
611680,97 75 
612888,06 72 
612960,21 70 
614476,28 80 
615545,42 83 
616203,31 64 658
616369,77 74 146
616369,77 62 146
617378,2 150 
617399,04 68 
618308,45 92 
618308,45 65 
618330,54 103 
618330,54 101 
618857,82 100 
618857,82 1
618857,82 2163
618857,82 11
620836,88 25 
621370,33 75 
622577,51 72 
622649,54 70 
624165,26 80 
624515,46 83 
625360,11 64 845
625569,21 74 188
625569,21 62 188
627077,45 150 
627102,41 68 
628611,61 92 
628611,61 65 
628632,97 103 
628632,97 101 
629158,94 100 
629158,94 1
629158,94 2163
629158,94 11
631139,23 25 
631779,36 75 
632988,29 72 
633058,55 70 
634573,1 80 
635937,03 83 
636350,64 64 414
636488,61 74 112
636488,61 62 112
636998,32 150 
637018,33 68 
639029,22 92 
639029,22 65 
639055,29 103 
639055,29 101 
639589,21 100 
639589,21 1
639589,21 2163
639589,21 11
641574,94 25 
642175,03 75 
643383,17 72 
643454,27 70 
644980,34 80 
646039,48 83 
646857,98 64 819
647052,64 74 174
647052,64 62 174
648560,57 150 
648586,88 68 
648969,66 249
648995,37 172 
649295,52 92 
649295,52 65 
649319,46 103 
649319,46 101 
649845,66 100 
649845,66 1
649845,66 2163
649845,66 11
651824,04 25 
652557,41 75 
653765,59 72 
653836,65 70 
655362,34 80 
656915,09 83 
657254,74 64 341
657429,56 74 155
657429,56 62 155
658440,27 150 
658462,79 68 
659372,52 92 
659372,52 65 
659393,55 103 
659393,55 101 
659920,21 100 
659920,21 1
659920,21 2163
659920,21 10
661899,87 25 
662273,6 75 
663481,75 72 
663552,68 70 
665067,9 80 
665431,36 83 
666736,4 64 1305
666921,6 74 171
666921,6 61 171
667433,84 150 
667459,21 68 
667964,87 249
669469,99 92 
669469,99 65 
669497,15 103 
669497,15 101 
670031,44 100 
670031,44 1
670031,44 2163
670031,44 10
672015,69 25 
672762,39 75 
673970,39 72 
674041,59 70 
675557,91 80 
676933,3 83 
677184,81 64 252
677398,59 74 199
677398,59 61 199
678409,24 152 
678427,96 69 
679936,34 93 
679958,45 103 
679958,45 101 
681985,36 100 
681985,36 1
681985,36 2163
681985,36 10
683970,79 25 
683997,88 75 
685204,09 72 
685276,96 70 
686792,63 80 
687848,8 83 
688720,61 64 872
688917,4 74 176
688917,4 61 176
689426,64 150 
689449,23 68 
690158,83 92 
690158,83 65 
690180,81 103 
690180,81 101 
690707,7 100 
690707,7 1
690707,7 2163
690707,7 10
692687,21 25 
693327,2 75 
694535,24 72 
694606,42 70 
696119,56 80 
696485,41 83 
697526,03 64 1041
697720,12 74 169
697720,12 61 169
699230,82 150 
699259,2 68 
699652,01 249
700169,66 92 
700169,66 65 
700190,01 103 
700190,01 101 
700725,74 100 
700725,74 1
700725,74 2163
700725,74 10
702709,62 25 
703176,48 75 
704383,83 72 
704455,74 70 
705982,47 80 
707040,84 83 
708409,39 64 1369
708601,72 74 176
708601,72 61 176
709109,74 150 
709134,44 68 
709507,63 249
709843,05 92 
709843,05 65 
709866,06 103 
709866,06 101 
710392,89 100 
710392,89 1
710392,89 2163
710392,89 11
712372,33 25 
713225,61 75 
714433,32 72 
714504,88 70 
716027,98 80 
716396,97 83 
718151,33 64 1755
718316,59 74 147
718316,59 62 147
719327,22 152 
719357,67 69 
720866,06 93 
720888,1 103 
720888,1 101 
722913,97 100 
722913,97 1
722913,97 2163
722913,97 10
724900,49 25 
725433,95 75 
726641,95 72 
726713,16 70 
727039,14 250 
727058,8 101 
729072,11 100 
729072,11 1
729072,11 2163
729072,11 10
729072,11 25 
730565,21 75 
731772,47 72 
731790,2 70 
732997,01 80 
734349,58 83 
734614,62 64 265
734800,99 74 172
734800,99 61 172
736309,9 150 
736336,51 68 
738343,91 92 
738343,91 65 
738360,93 103 
738360,93 101 
738896,05 100 
738896,05 1
738896,05 2163
738896,05 11
740880,5 25 
742746,77 75 
743953,82 72 
744025,96 70 
744344,21 250 
744358,39 101 
746371,55 100 
746371,55 1
746371,55 2163
746371,55 11
746371,55 25 
752502,75 75 
753712,55 72 
753727,77 70 
754938,68 80 
756300,48 83 
756704,54 64 404
756855,4 74 129
756855,4 62 129
757864,18 150 
757887,55 68 
758595,94 92 
758595,94 65 
758619,19 103 
758619,19 101 
759146,53 100 
759146,53 1
759146,53 2163
759146,53 11
761125,56 25 
762711,81 75 
763918,92 72 
764151,02 70 
765730 80 
766269,67 83 
767747,08 64 1478
767949,19 74 187
767949,19 61 187
769457,21 151 
769483,51 69 
770391,16 93 
770401,17 103 
770401,17 101 
772426,97 100 
772426,97 1
772426,97 2163
772426,97 11
774413,31 25 
774440,79 75 
775651,87 72 
775839,57 70 
777368,39 80 
778424,65 83 
778849,35 64 425
779041,43 74 177
779041,43 63 177
779551,43 151 
779571,88 69 
781579,16 93 
781596,3 103 
781596,3 101 
783628,67 100 
783628,67 1
783628,67 2163
783628,67 11
785608,65 25 
785635,93 75 
786843,99 72 
786914,96 70 
788424,69 80 
789793,25 83 
790128,11 64 335
790360,97 74 208
790360,97 61 208
791371,39 151 
791393,64 69 
791935,16 249 
792688,92 181 
792903,41 93 
792925,02 103 
792925,02 101 
794951,82 100 
794951,82 1
794951,82 2163
794951,82 10
796937,32 25 
796964,78 75 
798171,77 72 
798243,54 70 
799762,06 80 
800122,34 83 
801359,01 64 1237
801522,87 74 148
801522,87 62 148
803030,74 151 
803056,29 69 
804684,61 249 
804777,02 256 
812861,89 183 
823882,04 93 
823898,83 103 
823898,83 101 
825925,92 100 
825925,92 1
825925,92 2163
825925,92 10
827911,17 25 
827938,38 75 
829146,28 72 
829217,38 70 
830729,84 80 
831789,24 83 
832186,12 64 397
832358,1 74 156
832358,1 62 156
832869,54 151 
832897,33 69 
834407,34 93 
834427,79 103 
834427,79 101 
836461,87 100 
836461,87 1
836461,87 2163
836461,87 10
838440,12 25 
847730,02 75 
848937,2 72 
849009,2 70 
849686,66 250 
849701,41 101 
851701,42 100 
851701,42 1
851701,42 2163
851701,42 10
851701,42 25 
852434,72 75 
853643,3 72 
853659,75 70 
854869,06 80 
856232,43 83 
857048,3 64 816
857262,01 74 191
857262,01 62 191
857771,96 151 
857793,67 69 
858701,36 93 
858711,16 103 
858711,16 101 
860739,65 100 
860739,65 1
860739,65 2163
860739,65 10
862723,47 25 
862751,87 75 
862767,31 250 
862775,69 101 
864789,27 100 
864789,27 1
864789,27 2163
864789,27 10
864789,27 25 
866454,84 75 
867662,05 72 
867734,94 70 
869252,12 80 
870319,98 83 
871138,73 64 820
871339,16 74 180
871339,16 63 180
872851,15 151 
872880,72 69 
873588,25 93 
873598,38 103 
873598,38 101 
875626,74 100 
875626,74 4
875626,74 2163
875626,74 10
875626,74 78 
875626,74 198 
877610,62 25 
877638,65 75 
878846,54 72 
879090,14 70 
880669,57 80 
881168,8 83 
883124,21 64 1956
883310,16 74 169
883310,16 61 169
884322,19 151 
884341,55 69 
885052,73 93 
885073,51 103 
885073,51 101 
887107,24 100 
887107,24 4
887107,24 2163
887107,24 11
889085,91 25 
890125,86 75 
891332,37 72 
891405,16 70 
892921,48 80 
894270,09 83 
894417,54 64 148
894476,28 256 
895349,04 74 920
895349,04 62 920
896856,88 151 
896883,31 69 
898892,85 93 
898907,77 103 
898907,77 101 
900935,39 100 
900935,39 4
900935,39 2163
900935,39 10
902920,18 25 
903467,08 75 
904676,62 72 
904746,14 70 
906256,91 80 
906624,97 83 
907426,49 64 802
907610,7 74 159
907610,7 62 159
908119,07 150 
908146,21 68 
909656,36 92 
909656,36 65 
909676,67 103 
909676,67 101 
910204,18 100 
910204,18 4
910204,18 2163
910204,18 11
912182,96 25 
917301,24 75 
918510 72 
918580,45 70 
920098,78 80 
921152,24 83 
921657,45 64 505
921836,19 74 165
921836,19 61 165
922842,73 150 
922873,56 68 
923782,48 92 
923782,48 65 
923804,17 103 
923804,17 101 
924343,81 100 
924343,81 4
924343,81 2163
924343,81 10
926323,82 25 
927243,87 75 
928451,45 72 
928522,99 70 
930036,26 80 
931401,33 83 
932024,5 64 623
932177,65 74 137
932177,65 62 137
932688,76 150 
932708,55 68 
934215,79 92 
934215,79 65 
934239,89 103 
934239,89 101 
934767 100 
934767 4
934767 2163
934767 10
936746,12 25 
939625,35 75 
940833,67 72 
940904,53 70 
942427,34 80 
942796,61 83 
943386,65 64 590
943619,25 74 210
943619,25 62 210
945126,8 150 
945157,51 68 
947165,85 92 
947165,85 65 
947182,19 103 
947182,19 101 
947708,79 100 
947708,79 4
947708,79 2163
947708,79 11
949687,48 25 
949967,71 75 
951177,64 72 
951246,88 70 
952758,89 80 
953818,71 83 
954258,31 64 440
954366,32 256 
954375,82 74 105
954375,82 61 105
955384,33 150 
955406,53 68 
956316,71 92 
956316,71 65 
956337,42 103 
956337,42 101 
956873,53 100 
956873,53 4
956873,53 2163
956873,53 10
958856,97 25 
959457,27 75 
960666,66 72 
960736,31 70 
962247,18 80 
962615,06 83 
963490,46 64 876
963681,83 74 175
963681,83 61 175
964194,34 151 
964217,08 69 
964664,25 249 
964928,68 93 
964947,15 103 
964947,15 101 
966973,29 100 
966973,29 4
966973,29 2163
966973,29 11
968959,5 25 
968986,97 75 
970194,79 72 
970265,71 70 
971783,2 80 
973144,1 83 
973592,02 64 449
973781,22 74 171
973781,22 63 171
975292,52 151 
975317,66 69 
976227,15 93 
976249,13 103 
976249,13 101 
978275,4 100 
978275,4 4
978275,4 2163
978275,4 11
980261,49 25 
980288,58 75 
981496,57 72 
981807,59 70 
983415,18 80 
984659,32 83 
985932,11 64 1272
986088,97 74 137
986088,97 62 137
987099,05 153 
987126,09 68 
989136,3 92 
989136,3 65 
989150,46 103 
989150,46 101 
989684,85 100 
989684,85 4
989684,85 2163
989684,85 10
991657,13 25 
992870 75 
994078,61 72 
994269,11 70 
995888,38 80 
997080,85 83 
997441,72 64 362
997603,86 74 137
997603,86 62 137
998113,16 150 
998135,53 68 
999646,35 92 
999646,35 65 
999666,12 103 
999666,12 101 
1000193,41 100 
1000193,41 4
1000193,41 2163
1000193,41 10
1002172,42 25 
1002759,19 75 
1003968,25 72 
1004038,39 70 
1005561,66 80 
1005930,54 83 
1006870,69 64 940
1007032,83 74 144
1007032,83 62 144
1008543,26 150 
1008571,21 68 
1009278,12 92 
1009278,12 65 
1009302,17 103 
1009302,17 101 
1009829,98 100 
1009829,98 4
1009829,98 2163
1009829,98 11
1011808,38 25 
1012301,9 75 
1013511,41 72 
1013581,11 70 
1015094,6 80 
1016459,49 83 
1016862,11 64 403
1017057,55 74 172
1017057,55 61 172
1018067,07 150 
1018087,37 68 
1019596,68 92 
1019596,68 65 
1019617,81 103 
1019617,81 101 
1020149,23 100 
1020149,23 4
1020149,23 2163
1020149,23 10
1022124,2 25 
1022910,88 75 
1024118,78 72 
1024190,03 70 
1025719,86 80 
1026775,2 83 
1027347,11 64 572
1027520,13 74 159
1027520,13 61 159
1028531,4 153 
1028562,26 68 
1028996,34 249
1030572,89 92 
1030572,89 65 
1030586,64 103 
1030586,64 101 
1031112,8 100 
1031112,8 4
1031112,8 2163
1031112,8 10
1033092,96 25 
1043093,85 254 
1043101,42 101 
1045113,9 100 
1045113,9 4
1045113,9 2163
1045113,9 10
1045113,9 25 
1045448,18 75 
1046654,74 72 
1046727,46 70 
1048246,53 80 
1048619,54 83 
1048626,13 64 7
1049155,69 74 510
1049155,69 62 510
1049668,3 150 
1049686,88 68 
1050594,38 92 
1050594,38 65 
1050618,36 103 
1050618,36 101 
1051145,25 100 
1051145,25 4
1051145,25 2163
1051145,25 11
1053125,44 25 
1053684,88 75 
1054891,97 72 
1054964,07 70 
1056490,82 80 
1057855,67 83 
1058208,62 64 353
1058416,39 74 188
1058416,39 61 188
1059923,99 150 
1059949,93 68 
1060363,28 249
1060657,13 92 
1060657,13 65 
1060680,86 103 
1060680,86 101 
1061219,71 100 
1061219,71 4
1061219,71 2163
1061219,71 11
1063200,46 25 
1064027,14 75 
1065235,01 72 
1065306,52 70 
1066826,13 80 
1067891,53 83 
1068567,2 64 676
1068788,04 74 204
1068788,04 61 204
1069299,75 150 
1069318,72 68 
1069693,26 249
1070827,75 92 
1070827,75 65 
1070849,97 103 
1070849,97 101 
1071378,73 100 
1071378,73 4
1071378,73 2163
1071378,73 11
1073356,36 25 
1074036,33 75 
1075244,69 72 
1075315,59 70 
1076834,29 80 
1077207,68 83 
1078186,23 64 979
1078353,17 74 146
1078353,17 62 146
1079865,13 151 
1079888,41 69 
1080596,4 93 
1080605,98 103 
1080605,98 101 
1082632,21 100 
1082632,21 4
1082632,21 2163
1082632,21 11
1084618,28 25 
1084645,59 75 
1085854,06 72 
1085924,57 70 
1087437,05 80 
1088802,89 83 
1089395,58 64 593
1089681,54 74 266
1089681,54 63 266
1090691,58 151 
1090710,71 69 
1091617,94 93 
1091628,06 103 
1091628,06 101 
1093672,45 100 
1093672,45 4
1093672,45 2163
1093672,45 10
1095653,87 25 
1095680,91 75 
1096888,82 72 
1097133,36 70 
1098722,66 80 
1099225,28 83 
1100159,53 64 934
1100379,4 74 195
1100379,4 61 195
1101389,18 151 
1101412,9 69 
1103421,65 93 
1103436,53 103 
1103436,53 101 
1105466,1 100 
1105466,1 4
1105466,1 2163
1105466,1 10
1107448,83 25 
1107476 75 
1108682,67 72 
1108755,1 70 
1110273,47 80 
1111340,28 83 
1112351,86 64 1012
1112509,16 74 143
1112509,16 62 143
1113017,74 150 
1113047,26 68 
1113756,38 92 
1113756,38 65 
1113778,92 103 
1113778,92 101 
1114305,88 100 
1114305,88 4
1114305,88 2163
1114305,88 11
1116285,3 25 
1116618,72 75 
1117827,23 72 
1117897,95 70 
1119424,46 80 
1120776,34 83 
1121313,24 64 537
1121516,85 74 182
1121516,85 61 182
1123024,88 150 
1123044,95 68 
1124554,59 92 
1124554,59 65 
1124574,46 103 
1124574,46 101 
1125113,41 100 
1125113,41 4
1125113,41 2163
1125113,41 11
1127094,04 25 
1128067,37 75 
1129274,48 72 
1129346,61 70 
1130866,35 80 
1131238,68 83 
1132087,84 64 850
1132285,43 74 181
1132285,43 61 181
1133795,93 152 
1133826,1 69 
1135835,7 93 
1135849,77 103 
1135849,77 101 
1137878,95 100 
1137878,95 4
1137878,95 2163
1137878,95 10
1139862,13 25 
1139890,06 75 
1141097,86 72 
1141168,36 70 
1142680,93 80 
1144046,68 83 
1144367,12 64 321
1144539,59 74 160
1144539,59 62 160
1145549,34 150 
1145567,14 68 
1146474,59 92 
1146474,59 65 
1146498,68 103 
1146498,68 101 
1147025,53 100 
1147025,53 4
1147025,53 2163
1147025,53 11
1149004,99 25 
1149578,43 75 
1150729,08 250 
1150736,51 101 
1152750,11 100 
1152750,11 4
1152750,11 2163
1152750,11 11
1152750,11 25 
1156121,64 75 
1157328,63 72 
1157401,62 70 
1158924,21 80 
1160000,11 83 
1160691,9 64 693
1161404,94 74 699
1161404,94 62 699
1161912,95 151 
1161934,4 69 
1163942,57 93 
1163958,15 103 
1163958,15 101 
1165996,78 100 
1165996,78 4
1165996,78 2163
1165996,78 11
1167970,63 25 
1167997,74 75 
1169205,01 72 
1169276,75 70 
1170799,14 80 
1172155,04 83 
1172503,38 64 349
1172679,93 74 151
1172679,93 63 151
1174189 151 
1174209,39 69 
1175721 93 
1175739,98 103 
1175739,98 101 
1177765,85 100 
1177765,85 4
1177765,85 2163
1177765,85 10
1179752,28 25 
1181365,32 75 
1181861,76 250 
1181870,36 101 
1183883,93 100 
1183883,93 4
1183883,93 2163
1183883,93 10
1183883,93 25 
1193599,48 75 
1194806,56 72 
1194879,42 70 
1196395,99 80 
1197451,32 83 
1198368,89 64 918
1198577,67 74 194
1198577,67 62 194
1199085,97 150 
1199105,78 68 
1199817,9 92 
1199817,9 65 
1199836,62 103 
1199836,62 101 
1200362,85 100 
1200362,85 4
1200362,85 2163
1200362,85 10
1202342,97 25 
1202836,48 75 
1203836,39 250 
1203847,84 101 
1205861,43 100 
1205861,43 4
1205861,43 2163
1205861,43 10
1205861,43 25 
1208926,5 75 
1210134,18 72 
1210366,38 70 
1210751,85 250 
1210765,37 101 
1212778,58 100 
1212778,58 4
1212778,58 2163
1212778,58 10
1212778,58 25 
1217457,1 75 
1218664,92 72 
1218682,09 70 
1218958,07 250 
1218975,29 101 
1220988,54 100 
1220988,54 4
1220988,54 2163
1220988,54 10
1220988,54 25 
1226026,79 75 
1227235,01 72 
1227251,89 70 
1228460,2 80 
1228945,06 83 
1229339,58 64 395
1229364,71 256 
1229513,06 74 156
1229513,06 62 156
1230526,7 150 
1230546,14 68 
1231454,89 92 
1231454,89 65 
1231476,94 103 
1231476,94 101 
1232012,47 100 
1232012,47 4
1232012,47 2163
1232012,47 10
1233996,51 25 
1243659,52 75 
1243839,21 250 
1243857,96 101 
1245871,59 100 
1245871,59 4
1245871,59 2163
1245871,59 10
1245871,59 25 
1248230,24 75 
1249296,84 250 
1249309,04 101 
1251310,39 100 
1251310,39 4
1251310,39 2163
1251310,39 10
1251310,39 25 
1257826,41 75 
1259036,32 72 
1259106,21 70 
1259428,11 250 
1259438,55 101 
1261438,67 100 
1261438,67 4
1261438,67 2163
1261438,67 10
1261438,67 25 
1269981,97 75 
1271189,78 72 
1271207,02 70 
1272415,26 80 
1272780,12 83 
1272853,21 64 74
1273342,33 256 
1273495,88 74 623
1273495,88 62 623
1275004,97 150 
1275034,28 68 
1275745,01 92 
1275745,01 65 
1275765,19 103 
1275765,19 101 
1276291,06 100 
1276291,06 4
1276291,06 2163
1276291,06 11
1278271,52 25 
1278685,05 75 
1279891,87 72 
1279964,27 70 
1281476,85 80 
1282829,27 83 
1283919,34 64 1090
1284087,15 74 152
1284087,15 61 152
1285096,21 150 
1285123,51 68 
1286034,22 92 
1286034,22 65 
1286054,28 103 
1286054,28 101 
1286582,2 100 
1286582,2 4
1286582,2 2163
1286582,2 11
1288560,61 25 
1289174,04 75 
1290384,31 72 
1290453,25 70 
1291968,54 80 
1293038,44 83 
1293422,01 64 384
1293621,22 74 183
1293621,22 61 183
1294131,3 150 
1294159,11 68 
1295671,28 92 
1295671,28 65 
1295690,29 103 
1295690,29 101 
1296223,51 100 
1296223,51 4
1296223,51 2163
1296223,51 10
1298209,99 25 
1298423,49 75 
1299632,68 72 
1299702,72 70 
1301218,26 80 
1302274,69 83 
1304018,11 64 1744
1304179,31 74 146
1304179,31 62 146
1304691,33 150 
1304714,62 68 
1306722,25 92 
1306722,25 65 
1306739,06 103 
1306739,06 101 
1307266,48 100 
1307266,48 4
1307266,48 2163
1307266,48 10
1309245,36 25 
1309632,19 75 
1310840,74 72 
1310911,49 70 
1312428,48 80 
1313789,9 83 
1314000,02 64 211
1314180,19 74 164
1314180,19 62 164
1315188,94 150 
1315217,71 68 
1317227,43 92 
1317227,43 65 
1317241,43 103 
1317241,43 101 
1317768,97 100 
1317768,97 4
1317768,97 2163
1317768,97 10
1319747,71 25 
1320187,84 75 
1321396,56 72 
1321467,04 70 
1322980,84 80 
1323332,52 83 
1324220,77 64 889
1324376,28 74 138
1324376,28 62 138
1325886,44 152 
1325905,82 69 
1326818,92 93 
1326837,4 103 
1326837,4 101 
1328869,98 100 
1328869,98 4
1328869,98 2163
1328869,98 10
1330849,77 25 
1340850,19 254 
1340858,3 101 
1342870,71 100 
1342870,71 4
1342870,71 2163
1342870,71 10
1342870,71 25 
1352874,38 254 
1352893,2 101 
1354905,75 100 
1354905,75 4
1354905,75 2163
1354905,75 10
1354905,75 25 
1364909,4 254 
1364928,23 101 
1366927,53 100 
1366927,53 4
1366927,53 2163
1366927,53 10
1366927,53 25 
1376930,89 254 
1376949,94 101 
1378962,43 100 
1378962,43 4
1378962,43 2163
1378962,43 10
1378962,43 25 
1386614 75 
1386620,01 250 
1386638,97 101 
1388652,56 100 
1388652,56 4
1388652,56 2163
1388652,56 10
1388652,56 25 
1388679,57 75 
1389888,47 72 
1390118,7 70 
1391697,53 80 
1393263,62 83 
1393631,54 64 368
1393797,75 74 149
1393797,75 62 149
1394309,52 150 
1394331,61 68 
1394645,36 249
1394674,57 172 
1395839,51 92 
1395839,51 65 
1395862,18 103 
1395862,18 101 
1396388,38 100 
1396388,38 4
1396388,38 2163
1396388,38 11
1398368,5 25 
1399115,28 75 
1400322,58 72 
1400394,46 70 
1401913,8 80 
1402979,68 83 
1403621,22 64 642
1403814,57 74 169
1403814,57 61 169
1404823,42 150 
1404847,32 68 
1405485,18 249
1405558,02 92 
1405558,02 65 
1405578,16 103 
1405578,16 101 
1406106,03 100 
1406106,03 4
1406106,03 2163
1406106,03 10
1408084,48 25 
1408697,98 75 
1409905,17 72 
1409977,16 70 
1411502,17 80 
1411855,98 83 
1413698,68 64 1843
1413870,44 74 149
1413870,44 62 149
1415377,51 150 
1415402,33 68 
1415656,21 249
1416827,1 172 
1416912,14 92 
1416912,14 65 
1416933,45 103 
1416933,45 101 
1417467,06 100 
1417467,06 4
1417467,06 2163
1417467,06 11
1419453,06 25 
1419973,26 75 
1421179,94 72 
1421252,57 70 
1422768,38 80 
1424130,82 83 
1424450,3 64 320
1424618,56 74 155
1424618,56 61 155
1425129,82 150 
1425158,84 68 
1425730,98 249
1425870,64 92 
1425870,64 65 
1425889,75 103 
1425889,75 101 
1426417,14 100 
1426417,14 4
1426417,14 2163
1426417,14 11
1428396,26 25 
1428862,94 75 
1430069,73 72 
1430142,2 70 
1431657,45 80 
1432727,27 83 
1436739,53 64 4012
1436987,36 74 222
1436987,36 61 222
1438496,23 150 
1438512,98 68 
1438917,41 249
1440523,95 92 
1440523,95 65 
1440537,13 103 
1440537,13 101 
1441064,54 100 
1441064,54 4
1441064,54 2163
1441064,54 11
1443043,31 25 
1443696,88 75 
1444904,29 72 
1444976,06 70 
1446497,87 80 
1446854,75 83 
1447958,79 64 1105
1448192,92 74 219
1448192,92 61 219
1449201,35 150 
1449228,14 68 
1450137,72 92 
1450137,72 65 
1450159,74 103 
1450159,74 101 
1450699,26 100 
1450699,26 4
1450699,26 2163
1450699,26 11
1452679,33 25 
1453012,9 75 
1454220,24 72 
1454294,03 70 
1455806,18 80 
1456157,81 83 
1497927,02 64 41770
1498097,25 74 157
1498097,25 62 157
1499607,07 151 
1499634,72 69 
1500562,71 249 
1501500,97 182 
1501645,56 93 
1501658,48 103 
1501658,48 101 
1503684,6 100 
1503684,6 4
1503684,6 2163
1503684,6 10
1505670,8 25 
1515671,43 254 
1515679,49 101 
1517691,73 100 
1517691,73 4
1517691,73 2163
1517691,73 10
1517691,73 25 
1527694,47 254 
1527714,21 101 
1529726,74 100 
1529726,74 4
1529726,74 2163
1529726,74 10
1529726,74 25 
1539728,32 254 
1539735,92 101 
1541748,46 100 
1541748,46 4
1541748,46 2163
1541748,46 10
1541748,46 25 
1551751,98 254 
1551770,96 101 
1553783,43 100 
1553783,43 4
1553783,43 2163
1553783,43 10
1553783,43 25 
1563786,39 254 
1563805,96 101 
1565818,48 100 
1565818,48 4
1565818,48 2163
1565818,48 10
1565818,48 25 
1575819,68 254 
1575827,92 101 
1577840,16 100 
1577840,16 4
1577840,16 2163
1577840,16 10
1577840,16 25 
1587843,75 254 
1587862,7 101 
1589875,17 100 
1589875,17 4
1589875,17 2163
1589875,17 10
1589875,17 25 
1599877,17 254 
1599897,71 101 
1601910,19 100 
1601910,19 4
1601910,19 2163
1601910,19 10
1601910,19 25 
1611912,59 254 
1611932,71 101 
1613945,28 100 
1613945,28 4
1613945,28 2163
1613945,28 10
1613945,28 25 
1613973,12 75 
1615180,26 72 
1615412,24 70 
1617204,82 80 
1618437,17 83 
1883603,99 64 265168
1883964,09 256 
1884198,16 74 578
1884198,16 61 578
1884705,99 151 
1884728,71 69 
1885639,83 93 
1885659,54 103 
1885659,54 101 
1887687,14 100 
1887687,14 4
1887687,14 2163
1887687,14 10
1889671,87 25 
1890831,78 75 
1892040,59 72 
1892270,92 70 
1893848,07 80 
1895349,2 83 
1903530,71 64 8182
1903740,23 74 195
1903740,23 62 195
1904752,19 152 
1904773,93 69 
1905484,37 93 
1905504,66 103 
1905504,66 101 
1907537,6 100 
1907537,6 4
1907537,6 2163
1907537,6 10
1909517,01 25 
1909544,49 75 
1910750,71 72 
1910823,32 70 
1912344,85 80 
1912715,34 83 
1914692,83 64 1978
1914902,14 74 188
1914902,14 62 188
1915909,87 150 
1915929,2 68 
1917436,28 92 
1917436,28 65 
1917459,72 103 
1917459,72 101 
1917986,85 100 
1917986,85 4
1917986,85 2163
1917986,85 10
1919966,06 25 
1920419,55 75 
1921627,31 72 
1921698,72 70 
1923216,6 80 
1924297,96 83 
1924879,3 64 582
1925057,8 74 162
1925057,8 62 162
1926565,75 150 
1926590,68 68 
1927299,1 92 
1927299,1 65 
1927322,31 103 
1927322,31 101 
1927849,52 100 
1927849,52 4
1927849,52 2163
1927849,52 11
1929828,75 25 
1930215,43 75 
1931420,99 72 
1931494,67 70 
1933012,93 80 
1934386,41 83 
1935205,48 64 819
1935418,96 74 194
1935418,96 61 194
1935927,98 150 
1935946,93 68 
1936857,75 92 
1936857,75 65 
1936878,37 103 
1936878,37 101 
1937416,15 100 
1937416,15 4
1937416,15 2163
1937416,15 11
1939398,09 25 
1940051,43 75 
1941260,66 72 
1941330,62 70 
1942876,22 80 
1943264,3 83 
1944547,64 64 1285
1944736,38 74 168
1944736,38 61 168
1945744,71 150 
1945770,2 68 
1946267,28 249
1946525,46 171
1947780,36 92 
1947780,36 65 
1947793,9 103 
1947793,9 101 
1948320,66 100 
1948320,66 4
1948320,66 2163
1948320,66 11
1950300,14 25 
1950820,32 75 
1952028,33 72 
1952099,51 70 
1953627,33 80 
1954991,19 83 
1955645,12 64 654
1955883 74 226
1955883 61 226
1957391,6 150 
1957417,96 68 
1958926,76 92 
1958926,76 65 
1958949,2 103 
1958949,2 101 
1959475,28 100 
1959475,28 4
1959475,28 2163
1959475,28 10
1961455,56 25 
1962228,93 75 
1963436,18 72 
1963508,11 70 
1965025,16 80 
1966080,77 83 
1966824,65 64 745
1966990,46 74 151
1966990,46 62 151
1967498,13 150 
1967521,26 68 
1968021,26 249
1969029,63 92 
1969029,63 65 
1969051,71 103 
1969051,71 101 
1969585,94 100 
1969585,94 4
1969585,94 2163
1969585,94 11
1971571,32 25 
1972784,55 75 
1973991,75 72 
1974063,76 70 
1975578,55 80 
1976942,11 83 
1986344,85 64 9404
1986506,49 74 142
1986506,49 62 142
1987016,69 151 
1987045,31 69 
1987753,83 93 
1987764,45 103 
1987764,45 101 
1989791,37 100 
1989791,37 4
1989791,37 2163
1989791,37 10
1991776,28 25 
2001776,94 254 
2001798,06 101 
2003810,6 100 
2003810,6 4
2003810,6 2163
2003810,6 10
2003810,6 25 
2012141,56 75 
2013347,29 72 
2013580,97 70 
2015159,89 80 
2016445,74 83 
2060368,76 64 43924
2060549,23 74 162
2060549,23 62 162
2062060,22 150 
2062081,33 68 
2062415,36 249
2062466,49 172 
2064091,5 92 
2064091,5 65 
2064105,71 103 
2064105,71 101 
2064633,23 100 
2064633,23 4
2064633,23 2163
2064633,23 10
2066611,98 25 
2067105,54 75 
2068312,93 72 
2068384,74 70 
2069908,15 80 
2070276,84 83 
2071398,41 64 1122
2071567,7 74 146
2071567,7 62 146
2072580,04 150 
2072610,26 68 
2073518,33 92 
2073518,33 65 
2073541,8 103 
2073541,8 101 
2074078,87 100 
2074078,87 4
2074078,87 2163
2074078,87 11
2076061,44 25 
2076634,89 75 
2077842,48 72 
2077914,15 70 
2079433,87 80 
2079806,23 83 
2081107,34 64 1301
2081405,26 74 280
2081405,26 61 280
2081916,87 150 
2081939,83 68 
2082650,32 92 
2082650,32 65 
2082671,38 103 
2082671,38 101 
2083198,07 100 
2083198,07 4
2083198,07 2163
2083198,07 10
2085177,71 25 
2085671,19 75 
2086878,92 72 
2086950,34 70 
2088462,55 80 
2089828,69 83 
2091619,78 64 1792
2091790,01 74 149
2091790,01 62 149
2093299,15 150 
2093322,46 68 
2094832,03 92 
2094832,03 65 
2094852,95 103 
2094852,95 101 
2095379,07 100 
2095379,07 4
2095379,07 2163
2095379,07 11
2097359,29 25 
2098026,3 75 
2099233,13 72 
2099305,21 70 
2100829,74 80 
2101903,89 83 
2103176,31 64 1273
2103385,31 74 189
2103385,31 61 189
2104394,33 150 
2104423,81 68 
2106429,98 92 
2106429,98 65 
2106448,2 103 
2106448,2 101 
2106982,45 100 
2106982,45 4
2106982,45 2163
2106982,45 10
2108967,87 25 
2109434,66 75 
2110643,17 72 
2110713,93 70 
2112240,31 80 
2113605,54 83 
2114740,56 64 1135
2114915,04 74 151
2114915,04 62 151
2115925,93 150 
2115953,1 68 
2116860,01 92 
2116860,01 65 
2116883,88 103 
2116883,88 101 
2117412,58 100 
2117412,58 4
2117412,58 2163
2117412,58 10
2119390,24 25 
2119963,6 75 
2121171,52 72 
2121402,79 70 
2122986,58 80 
2124214,67 83 
2125607,4 64 1393
2125784,93 74 158
2125784,93 62 158
2127295,07 150 
2127321 68 
2127703,49 249
2127757,54 172 
2128230,78 92 
2128230,78 65 
2128252,49 103 
2128252,49 101 
2128778,58 100 
2128778,58 4
2128778,58 2163
2128778,58 11
2130758,76 25 
2131412,23 75 
2132621,39 72 
2132691,41 70 
2134212,88 80 
2134583,61 83 
2140285,54 64 5702
2140498,82 74 198
2140498,82 61 198
2141010,37 150 
2141036,11 68 
2141747,07 92 
2141747,07 65 
2141766,97 103 
2141766,97 101 
2142303,12 100 
2142303,12 4
2142303,12 2163
2142303,12 11
2144286,52 25 
2145019,94 75 
2146229,87 72 
2146299,16 70 
2147813,85 80 
2149177,54 83 
2160811,9 64 11635
2161034,95 74 210
2161034,95 61 210
2162547,25 152 
2162572,66 69 
2164583,67 93 
2164597,41 103 
2164597,41 101 
2166625,96 100 
2166625,96 4
2166625,96 2163
2166625,96 11
2168609,82 25 
2174887,66 75 
2176095,08 72 
2176166,75 70 
2177684,55 80 
2178058,89 83 
2188108,43 64 10050
2188326,82 74 206
2188326,82 61 206
2188834,35 150 
2188856,28 68 
2190368,19 92 
2190368,19 65 
2190386,79 103 
2190386,79 101 
2190916,17 100 
2190916,17 5
2190916,17 2163
2190916,17 10
2190916,17 78 
2190916,17 198 
2192893,07 25 
2193293,24 75 
2194502,47 72 
2194572,56 70 
2196099,22 80 
2197170,96 83 
2198080,97 64 911
2198305,88 74 203
2198305,88 62 203
2199313,8 153 
2199332,03 68 
2200240,84 92 
2200240,84 65 
2200262,67 103 
2200262,67 101 
2200796,37 100 
2200796,37 5
2200796,37 2163
2200796,37 10
2202782,33 25 
2203276,1 75 
2204483,73 72 
2204555,04 70 
2206072,98 80 
2206447,24 83 
2207670,86 64 1224
2207807,58 74 121
2207807,58 62 121
2208816,93 151 
2208834,76 69 
2210757,42 249 
2210843,4 93 
2210858,35 103 
2210858,35 101 
2212886,43 100 
2212886,43 5
2212886,43 2163
2212886,43 11
2214870,65 25 
2214898,22 75 
2216105,39 72 
2216176,91 70 
2217698,15 80 
2219068,55 83 
2219755,98 64 688
2219957,86 74 184
2219957,86 61 184
2220466,49 151 
2220495,73 69 
2222004,58 93 
2222027,05 103 
2222027,05 101 
2224053,92 100 
2224053,92 5
2224053,92 2163
2224053,92 11
2226039,43 25 
2227465,89 75 
2228672,09 72 
2228745,04 70 
2230448,64 80 
2231703,39 83 
2250342,03 64 18639
2250546,13 74 184
2250546,13 62 184
2252054,67 150 
2252082,64 68 
2252409,05 249
2252556,04 172 
2252794,4 92 
2252794,4 65 
2252814,28 103 
2252814,28 101 
2253352,09 100 
2253352,09 5
2253352,09 2163
2253352,09 10
2255333,96 25 
2256040,67 75 
2257249,16 72 
2257319,89 70 
2258835,39 80 
2260198,28 83 
2358687,03 64 98489
2358905,87 74 202
2358905,87 61 202
2359415,62 151 
2359438,94 69 
2360351,07 93 
2360369,79 103 
2360369,79 101 
2362395,71 100 
2362395,71 5
2362395,71 2163
2362395,71 11
2364382,17 25 
2374381,87 254 
2374390,58 101 
2376403,08 100 
2376403,08 5
2376403,08 2163
2376403,08 11
2376403,08 25 
2386404,76 254 
2386412,26 101 
2388424,78 100 
2388424,78 5
2388424,78 2163
2388424,78 11
2388424,78 25 
2398428 254 
2398447,27 101 
2400459,78 100 
2400459,78 5
2400459,78 2163
2400459,78 11
2400459,78 25 
2409390,53 75 
2410597,59 72 
2410789,74 70 
2412406,17 80 
2413601,45 83 
2502475,42 64 88874
2502681,46 74 184
2502681,46 62 184
2504193,5 150 
2504219,07 68 
2505730,59 92 
2505730,59 65 
2505749,61 103 
2505749,61 101 
2506275,57 100 
2506275,57 5
2506275,57 2163
2506275,57 10
2508255,9 25 
2508816,04 75 
2510024,17 72 
2510095,26 70 
2511610,44 80 
2511974,05 83 
2512955,18 64 982
2513140,39 74 167
2513140,39 62 167
2514152,41 151 
2514175,78 69 
2515078,11 249 
2515832,72 182 
2516183,43 93 
2516198,64 103 
2516198,64 101 
2518233,72 100 
2518233,72 5
2518233,72 2163
2518233,72 11
2520211,04 25 
2520238,21 75 
2521445,97 72 
2521637,15 70 
2523252,34 80 
2524422,38 83 
2525268,89 64 847
2525581,55 74 293
2525581,55 61 293
2526591,52 151 
2526623,19 69 
2527334,5 93 
2527354,23 103 
2527354,23 101 
2529379,98 100 
2529379,98 5
2529379,98 2163
2529379,98 10
2531366,39 25 
2531393,66 75 
2532600,6 72 
2532672,59 70 
2534193,44 80 
2534564,78 83 
2660658,73 64 126094
2660866,3 74 194
2660866,3 62 194
2662377,9 151 
2662406,91 69 
2663916,25 93 
2663937,51 103 
2663937,51 101 
2665964,69 100 
2665964,69 5
2665964,69 2163
2665964,69 11
2667950,77 25 
2669509,54 75 
2670717,15 72 
2670788,79 70 
2672306,78 80 
2673667,16 83 
3635174,42 64 961507
3635403,94 74 215
3635403,94 62 215
3635915,6 150 
3635937,54 68 
3636847,79 92 
3636847,79 65 
3636868,33 103 
3636868,33 101 
3637403,2 100 
3637403,2 5
3637403,2 2163
3637403,2 11
3639387,94 25 
3640081,36 75 
3641289,47 72 
3641480,57 70 
3643010,7 80 
3644372,2 83 
3644902,89 64 531
3645119,69 74 201
3645119,69 62 201
3646628,66 150 
3646652,3 68 
3647362,22 92 
3647362,22 65 
3647383,94 103 
3647383,94 101 
3647911,03 100 
3647911,03 5
3647911,03 2163
3647911,03 11
3649890,25 25 
3650077,19 75 
3651286,58 72 
3651356,38 70 
3652880,17 80 
3653941,57 83 
3654710,06 64 769
3654914,6 74 187
3654914,6 62 187
3655423,88 152 
3655449,4 69 
3657461,41 93 
3657473,11 103 
3657473,11 101 
3659501,43 100 
3659501,43 5
3659501,43 2163
3659501,43 11
3661485,45 25 
3661512,68 75 
3662719,1 72 
3662791,65 70 
3664313,82 80 
3664683,78 83 
3667408,25 64 2725
3667600,32 74 171
3667600,32 62 171
3668607,72 150 
3668629,94 68 
3670140,55 92 
3670140,55 65 
3670161,23 103 
3670161,23 101 
3670693,96 100 
3670693,96 5
3670693,96 2163
3670693,96 10
3672680,89 25 
3673281,05 75 
3674488,96 72 
3674560,16 70 
3676085,15 80 
3677451,85 83 
3678608,74 64 1158
3678780,19 74 156
3678780,19 62 156
3680286,94 151 
3680305,15 69 
3681198,12 249 
3681912,04 182 
3682313,49 93 
3682329,51 103 
3682329,51 101 
3684356,35 100 
3684356,35 5
3684356,35 2163
3684356,35 10
3686341,82 25 
3686370,41 75 
3687579,09 72 
3687648,01 70 
3689161,12 80 
3690219,95 83 
3690927,03 64 708
3691134,73 74 183
3691134,73 61 183
3691642,96 151 
3691661,13 69 
3692373,55 93 
3692392 103 
3692392 101 
3694417,97 100 
3694417,97 5
3694417,97 2163
3694417,97 11
3696404,36 25 
3696431,49 75 
3697641,15 72 
3697710,59 70 
3699230,85 80 
3699602,65 83 
3701013,65 64 1411
3701197,3 74 169
3701197,3 62 169
3702205,09 150 
3702229,43 68 
3703138,04 92 
3703138,04 65 
3703160,87 103 
3703160,87 101 
3703700,9 100 
3703700,9 5
3703700,9 2163
3703700,9 10
3705680,57 25 
3706267,32 75 
3707474,66 72 
3707546,49 70 
3709061,06 80 
3709425,25 83 
3714123,92 64 4699
3714344,02 74 201
3714344,02 62 201
3714857,9 151 
3714878,14 69 
3715786,01 93 
3715795,69 103 
3715795,69 101 
3717823,35 100 
3717823,35 5
3717823,35 2163
3717823,35 11
3719808 25 
3719835,92 75 
3721044,39 72 
3721114,3 70 
3722629,29 80 
3723686,03 83 
3724346,04 64 661
3724519,27 74 154
3724519,27 62 154
3725529,3 150 
3725553,02 68 
3727060,18 92 
3727060,18 65 
3727084,39 103 
3727084,39 101 
3727611,1 100 
3727611,1 5
3727611,1 2163
3727611,1 10
3729590,68 25 
3730110,79 75 
3731320,57 72 
3731389,97 70 
3732906,31 80 
3734269,13 83 
3735723,45 64 1455
3735946,42 74 199
3735946,42 61 199
3737454,16 151 
3737482,11 69 
3738193,02 93 
3738213,03 103 
3738213,03 101 
3740246,52 100 
3740246,52 5
3740246,52 2163
3740246,52 10
3742225,37 25 
3742253,59 75 
3743461,9 72 
3743771,61 70 
3745384,05 80 
3745930,14 83 
3747466,07 64 1536
3747688,95 74 200
3747688,95 63 200
3748698,74 150 
3748717,59 68 
3750730,7 92 
3750730,7 65 
3750754,49 103 
3750754,49 101 
3751285,02 100 
3751285,02 5
3751285,02 2163
3751285,02 10
3753260,79 25 
3756313,26 75 
3757521,68 72 
3757725,72 70 
3759345,86 80 
3760844,01 83 
3762113,34 64 1270
3762293,37 74 157
3762293,37 63 157
3763805,09 150 
3763831,99 68 
3765843,56 92 
3765843,56 65 
3765868,21 103 
3765868,21 101 
3766394,05 100 
3766394,05 5
3766394,05 2163
3766394,05 11
3768374,65 25 
3769121,29 75 
3770329,01 72 
3770400,54 70 
3771915,63 80 
3772985,66 83 
3773719,05 64 734
3773883,46 74 152
3773883,46 62 152
3774391 150 
3774412,97 68 
3774946,35 249
3775153,21 172 
3775921,19 92 
3775921,19 65 
3775944,07 103 
3775944,07 101 
3776479,57 100 
3776479,57 5
3776479,57 2163
3776479,57 11
3778463,95 25 
3779130,75 75 
3780338,87 72 
3780409,65 70 
3781934,86 80 
3783008,17 83 
3783759,36 64 751
3783948,64 74 167
3783948,64 62 167
3785456,91 150 
3785475,78 68 
3785906,87 249
3786188,03 92 
3786188,03 65 
3786206,51 103 
3786206,51 101 
3786733,09 100 
3786733,09 5
3786733,09 2163
3786733,09 10
3788712,8 25 
3789312,92 75 
3790521,81 72 
3790592,12 70 
3792111,13 80 
3792484,22 83 
3793266,27 64 782
3793489,43 74 206
3793489,43 63 206
3794497,77 150 
3794524,67 68 
3795238,94 249
3795433,08 92 
3795433,08 65 
3795455,99 103 
3795455,99 101 
3795986,07 100 
3795986,07 5
3795986,07 2163
3795986,07 10
3797962,33 25 
3798709 75 
3799916,21 72 
3799988,31 70 
3801507,78 80 
3802879,93 83 
3803196,49 64 317
3803416,97 74 204
3803416,97 63 204
3803926,95 150 
3803947,29 68 
3805459,17 92 
3805459,17 65 
3805478,54 103 
3805478,54 101 
3806014,94 100 
3806014,94 5
3806014,94 2163
3806014,94 11
3807999,1 25 
3808811,89 75 
3810019,81 72 
3810090,71 70 
3811605,72 80 
3812969,16 83 
3813543,82 64 576
3813725,36 74 157
3813725,36 62 157
3815234,62 152 
3815262,94 69 
3817274,65 93 
3817287,08 103 
3817287,08 101 
3819313,18 100 
3819313,18 5
3819313,18 2163
3819313,18 11
3821299,34 25 
3821326,67 75 
3822534,03 72 
3822605,61 70 
3824131,88 80 
3825204,02 83 
3825777,3 64 574
3825954,28 74 164
3825954,28 62 164
3826464,67 150 
3826485,34 68 
3826995,56 249
3827194,55 92 
3827194,55 65 
3827216,21 103 
3827216,21 101 
3827743,23 100 
3827743,23 5
3827743,23 2163
3827743,23 11
3829722,52 25 
3830469,34 75 
3831678,4 72 
3831748,41 70 
3833261,12 80 
3833627,24 83 
3834958,86 64 1332
3835178,01 74 205
3835178,01 62 205
3836190,58 150 
3836213,95 68 
3837123,09 92 
3837123,09 65 
3837145,45 103 
3837145,45 101 
3837684,26 100 
3837684,26 5
3837684,26 2163
3837684,26 10
3839665,1 25 
3840251,92 75 
3841460,97 72 
3841531,11 70 
3843050,17 80 
3844102,88 83 
3844529,74 64 428
3844741,46 74 199
3844741,46 63 199
3845253,99 150 
3845276,85 68 
3845986,62 92 
3845986,62 65 
3846008,5 103 
3846008,5 101 
3846534,84 100 
3846534,84 5
3846534,84 2163
3846534,84 10
3848514,69 25 
3849061,52 75 
3850267,75 72 
3850340,72 70 
3851860,34 80 
3853232,46 83 
3853723,87 64 492
3853973,63 74 235
3853973,63 63 235
3854981,47 150 
3855006,82 68 
3855916,54 92 
3855916,54 65 
3855937,62 103 
3855937,62 101 
3856466,6 100 
3856466,6 5
3856466,6 2163
3856466,6 11
3858443,97 25 
3859017,43 75 
3860225 72 
3860469,88 70 
3862045,43 80 
3862548,73 83 
3863568,82 64 1021
3863738,79 74 151
3863738,79 62 151
3865252,34 150 
3865282,66 68 
3865646,27 249
3865862,66 172 
3866793,74 92 
3866793,74 65 
3866813,15 103 
3866813,15 101 
3867348,86 100 
3867348,86 5
3867348,86 2163
3867348,86 10
3869332,87 25 
3870066,26 75 
3871274,83 72 
3871345,37 70 
3872863,83 80 
3873237,59 83 
3874691,39 64 1454
3874893,3 74 190
3874893,3 63 190
3876401,13 150 
3876424,65 68 
3876940,22 249
3878431,69 92 
3878431,69 65 
3878448,5 103 
3878448,5 101 
3878974,68 100 
3878974,68 5
3878974,68 2163
3878974,68 10
3880954,64 25 
3881475,52 75 
3882683,93 72 
3882754,01 70 
3884271,86 80 
3885339,26 83 
3886306,14 64 967
3886555,06 74 230
3886555,06 63 230
3887564,51 152 
3887592,27 69 
3889102,25 93 
3889123,93 103 
3889123,93 101 
3891151,49 100 
3891151,49 5
3891151,49 2163
3891151,49 11
3893136,23 25 
3893163,64 75 
3894370,7 72 
3894442,5 70 
3895955,29 80 
3897320,85 83 
3897754,14 64 434
3897931,93 74 159
3897931,93 62 159
3898440,29 150 
3898468,15 68 
3899375,66 92 
3899375,66 65 
3899399,64 103 
3899399,64 101 
3899934,68 100 
3899934,68 5
3899934,68 2163
3899934,68 11
3901919,31 25 
3902466,08 75 
3903674,84 72 
3903745,29 70 
3905256,46 80 
3906623,65 83 
3906630,61 64 7
3906826,2 74 176
3906826,2 62 176
3907335,12 150 
3907358,49 68 
3907671,03 249
3907809,76 172 
3908068,44 92 
3908068,44 65 
3908089,41 103 
3908089,41 101 
3908617,3 100 
3908617,3 5
3908617,3 2163
3908617,3 10
3910595,68 25 
3911275,83 75 
3912485,64 72 
3912555,12 70 
3914083,25 80 
3915140,17 83 
3915872,19 64 732
3916094,14 74 208
3916094,14 63 208
3917102,48 150 
3917127,86 68 
3917642,02 249
3919138,77 92 
3919138,77 65 
3919164,82 103 
3919164,82 101 
3919691,49 100 
3919691,49 5
3919691,49 2163
3919691,49 10
3921671,12 25 
3922631,21 75 
3923837,47 72 
3923910,31 70 
3925424,73 80 
3925789,21 83 
3927652,84 64 1864
3927679,16 256 
3927906,26 74 238
3927906,26 63 238
3929416,9 150 
3929442,06 68 
3930149,77 92 
3930149,77 65 
3930173,61 103 
3930173,61 101 
3930708,39 100 
3930708,39 5
3930708,39 2163
3930708,39 11
3932693,21 25 
3933333,32 75 
3934540,46 72 
3934612,56 70 
3936130,65 80 
3936491,33 83 
3938242,29 64 1750
3938431,87 74 169
3938431,87 62 169
3939943,44 150 
3939971,9 68 
3941982,78 92 
3941982,78 65 
3942008,76 103 
3942008,76 101 
3942534,86 100 
3942534,86 5
3942534,86 2163
3942534,86 11
3944515,02 25 
3944941,82 75 
3946154,02 72 
3946221,06 70 
3947739,34 80 
3949099,44 83 
3949619,04 64 520
3949797,14 74 165
3949797,14 62 165
3950808,16 150 
3950833,95 68 
3951743,23 92 
3951743,23 65 
3951764,67 103 
3951764,67 101 
3952291,22 100 
3952291,22 5
3952291,22 2163
3952291,22 10
3954270,94 25 
3955004,39 75 
3956211,64 72 
3956283,62 70 
3957804,14 80 
3958882,05 83 
3959422,62 64 541
3959642,51 74 201
3959642,51 63 201
3960149,86 150 
3960175,96 68 
3961686,56 92 
3961686,56 65 
3961707,2 103 
3961707,2 101 
3962251,48 100 
3962251,48 5
3962251,48 2163
3962251,48 11
3964226,81 25 
3966213,07 75 
3967418,93 72 
3967612,23 70 
3969151,71 80 
3970517,27 83 
3971003,11 64 486
3971197,17 74 174
3971197,17 62 174
3972208,31 150 
3972238,4 68 
3972605,69 249
3972718,6 172 
3973749,44 92 
3973749,44 65 
3973768,94 103 
3973768,94 101 
3974294,96 100 
3974294,96 5
3974294,96 2163
3974294,96 10
3976275,17 25 
3977035,27 75 
3978243,45 72 
3978314,47 70 
3979830,06 80 
3980193,22 83 
3981463,85 64 1271
3981695,06 74 210
3981695,06 63 210
3983203,68 150 
3983233,91 68 
3983944,56 92 
3983944,56 65 
3983964,68 103 
3983964,68 101 
3984492,11 100 
3984492,11 5
3984492,11 2163
3984492,11 11
3986470,99 25 
3987591 75 
3988797,93 72 
3988870,07 70 
3990384,74 80 
3991441,93 83 
3992517,61 64 1076
3992721,89 74 188
3992721,89 62 188
3993232,54 150 
3993256,33 68 
3993546,09 249
3993696,96 172 
3995266,56 92 
3995266,56 65 
3995280,06 103 
3995280,06 101 
3995814,7 100 
3995814,7 5
3995814,7 2163
3995814,7 10
3997799,7 25 
3998320,05 75 
3999527,39 72 
3999598,97 70 
4001116,02 80 
4002477,34 83 
4003392,55 64 915
4003417,24 256 
4003685,13 74 275
4003685,13 63 275
4005194,41 150 
4005224,76 68 
4005693,23 249
4006133,51 92 
4006133,51 65 
4006155,49 103 
4006155,49 101 
4006685,71 100 
4006685,71 5
4006685,71 2163
4006685,71 11
4008661,82 25 
4009168,58 75 
4010377,38 72 
4010447,93 70 
4011967,62 80 
4013032,97 83 
4014108,43 64 1076
4014316,47 74 191
4014316,47 62 191
4015325,32 152 
4015353,87 69 
4016262,22 93 
4016271,43 103 
4016271,43 101 
4018299,15 100 
4018299,15 5
4018299,15 2163
4018299,15 10
4020283,67 25 
4020311,09 75 
4021521,39 72 
4021589,98 70 
4023103,88 80 
4023468,73 83 
4026052,42 64 2584
4026267,24 74 200
4026267,24 63 200
4026778,39 150 
4026801,75 68 
4028309,37 92 
4028309,37 65 
4028332,96 103 
4028332,96 101 
4028865,78 100 
4028865,78 5
4028865,78 2163
4028865,78 11
4030852,58 25 
4031759,28 75 
4032968,36 72 
4033038,49 70 
4034557,06 80 
4035623,65 83 
4036305,66 64 682
4036444,81 74 116
4036444,81 62 116
4037454,9 150 
4037478,14 68 
4038188,72 92 
4038188,72 65 
4038208,92 103 
4038208,92 101 
4038735,14 100 
4038735,14 5
4038735,14 2163
4038735,14 10
4040715,19 25 
4041515,26 75 
4042723,95 72 
4042794,41 70 
4044313,61 80 
4045672,8 83 
4046339,83 64 668
4046594,9 74 243
4046594,9 63 243
4047103,32 150 
4047127,42 68 
4048594,9 249
4049137,61 92 
4049137,61 65 
4049151,05 103 
4049151,05 101 
4049677,81 100 
4049677,81 5
4049677,81 2163
4049677,81 11
4051657,39 25 
4052377,55 75 
4053585,65 72 
4053656,6 70 
4055179,47 80 
4055548,74 83 
4056488,54 64 940
4056723,13 74 215
4056723,13 62 215
4058233,01 150 
4058255,37 68 
4060263,33 92 
4060263,33 65 
4060279,75 103 
4060279,75 101 
4060813,05 100 
4060813,05 5
4060813,05 2163
4060813,05 10
4062786,15 25 
4063279,64 75 
4064485,69 72 
4064558,8 70 
4066076,85 80 
4067450,48 83 
4068278,56 64 828
4068526,94 74 223
4068526,94 63 223
4070035,02 150 
4070064,5 68 
4070775,64 92 
4070775,64 65 
4070795,41 103 
4070795,41 101 
4071322,19 100 
4071322,19 5
4071322,19 2163
4071322,19 11
4073301,68 25 
4073941,81 75 
4075151,21 72 
4075341 70 
4076973 80 
4077473,02 83 
4078875,42 64 1403
4079083,62 74 185
4079083,62 62 185
4079592,21 152 
4079619,89 69 
4080527,83 93 
4080538,31 103 
4080538,31 101 
4082568,12 100 
4082568,12 5
4082568,12 2163
4082568,12 10
4084550,43 25 
4084577,66 75 
4085785,02 72 
4085856,65 70 
4087372,08 80 
4088441,76 83 
4089072,9 64 632
4089300,32 74 206
4089300,32 63 206
4090308,31 150 
4090336,28 68 
4091088,41 249
4091846,88 92 
4091846,88 65 
4091866,71 103 
4091866,71 101 
4092403,47 100 
4092403,47 5
4092403,47 2163
4092403,47 10
4094386,33 25 
4094746,54 75 
4095953,16 72 
4096025,73 70 
4097549,75 80 
4098624,2 83 
4099392,84 64 769
4099598,31 74 188
4099598,31 63 188
4101105,76 150 
4101131,09 68 
4101841,24 92 
4101841,24 65 
4101862,58 103 
4101862,58 101 
4102389,98 100 
4102389,98 5
4102389,98 2163
4102389,98 11
4104368,87 25 
4104849 75 
4106057,48 72 
4106128,27 70 
4107642,65 80 
4107993,7 83 
4109212,76 64 1220
4109400,98 74 168
4109400,98 62 168
4110412,29 150 
4110434,49 68 
4111342,88 92 
4111342,88 65 
4111365,35 103 
4111365,35 101 
4111892,95 100 
4111892,95 5
4111892,95 2163
4111892,95 10
4113871,57 25 
4114458,37 75 
4115666,79 72 
4115737,61 70 
4117259,58 80 
4118616,14 83 
4119189,68 64 574
4119413,15 74 211
4119413,15 63 211
4119925,25 150 
4119950,53 68 
4121074,74 249
4121457,37 92 
4121457,37 65 
4121481,1 103 
4121481,1 101 
4122014,26 100 
4122014,26 5
4122014,26 2163
4122014,26 10
4124000,77 25 
4124707,46 75 
4125918,27 72 
4125986,73 70 
4127507,49 80 
4127878,83 83 
4128792,41 64 914
4128987,22 74 176
4128987,22 63 176
4129496,16 150 
4129519,3 68 
4129786,12 249
4129991,55 173 
4131528,47 92 
4131528,47 65 
4131543,63 103 
4131543,63 101 
4132070,33 100 
4132070,33 5
4132070,33 2163
4132070,33 11
4134049,89 25 
4134690,08 75 
4135897,37 72 
4135969,26 70 
4137481,54 80 
4138834,36 83 
4139437,9 64 604
4139646,67 74 186
4139646,67 62 186
4140655,11 150 
4140674,67 68 
4142182,82 92 
4142182,82 65 
4142205,93 103 
4142205,93 101 
4142733,96 100 
4142733,96 5
4142733,96 2163
4142733,96 11
4144712,15 25 
4146258,56 75 
4147467,06 72 
4147537,74 70 
4149059,46 80 
4150123,12 83 
4150878 64 756
4151088,4 74 193
4151088,4 62 193
4152598,91 150 
4152630,53 68 
4153040,43 249
4153084,07 172 
4154639,94 92 
4154639,94 65 
4154654,06 103 
4154654,06 101 
4155188,08 100 
4155188,08 5
4155188,08 2163
4155188,08 11
4157173,79 25 
4157600,52 75 
4158808,77 72 
4158879,72 70 
4160393,01 80 
4161758,11 83 
4162187,57 64 430
4162380,19 74 169
4162380,19 62 169
4163891,04 150 
4163919,08 68 
4164628,22 92 
4164628,22 65 
4164649,93 103 
4164649,93 101 
4165176,12 100 
4165176,12 5
4165176,12 2163
4165176,12 10
4167156,23 25 
4175020,02 75 
4176227,04 72 
4176299,18 70 
4177820,75 80 
4179070,92 83 
4179808,66 64 738
4180007,35 74 177
4180007,35 63 177
4180514,84 150 
4180538,87 68 
4181446,77 92 
4181446,77 65 
4181469,68 103 
4181469,68 101 
4182001,03 100 
4182001,03 5
4182001,03 2163
4182001,03 11
4183975,95 25 
4184775,98 75 
4185983,03 72 
4186055,16 70 
4187258,33 250 
4187267,15 101 
4189267,48 100 
4189267,48 5
4189267,48 2163
4189267,48 11
4189267,48 25 
4199267,83 254 
4199275,76 101 
4201274,97 100 
4201274,97 5
4201274,97 2163
4201274,97 11
4201274,97 25 
4211274,88 254 
4211283,88 101 
4213296,42 100 
4213296,42 5
4213296,42 2163
4213296,42 11
4213296,42 25 
4222001,5 75 
4223210,22 72 
4223225,72 70 
4224434,27 80 
4224801,44 83 
4225972,19 64 1174
4226169,88 74 186
4226169,88 62 186
4227178,05 150 
4227199,52 68 
4227543,38 249
4227752,38 172 
4227910,02 92 
4227910,02 65 
4227930,46 103 
4227930,46 101 
4228463,53 100 
4228463,53 5
4228463,53 2163
4228463,53 10
4230450,03 25 
4231023,46 75 
4232231,93 72 
4232302,72 70 
4233818,04 80 
4234168,23 83 
4235093,43 64 925
4235326,15 74 212
4235326,15 63 212
4236335,48 150 
4236355,73 68 
4236831,88 249
4238365,6 92 
4238365,6 65 
4238379,4 103 
4238379,4 101 
4238906,84 100 
4238906,84 5
4238906,84 2163
4238906,84 11
4240885,7 25 
4241392,49 75 
4242601,48 72 
4242671,75 70 
4244188,61 80 
4245257,31 83 
4245812,68 64 555
4246023,62 74 194
4246023,62 62 194
4246532,08 150 
4246550,81 68 
4246929,71 249
4247133,29 172 
4247463,46 92 
4247463,46 65 
4247482,31 103 
4247482,31 101 
4248009,68 100 
4248009,68 5
4248009,68 2163
4248009,68 11
4249988,68 25 
4250762 75 
4251969,23 72 
4252041,41 70 
4253563,8 80 
4254932,96 83 
4255641,19 64 709
4255837,42 74 171
4255837,42 62 171
4257348,2 152 
4257373,72 69 
4258884,38 93 
4258904,29 103 
4258904,29 101 
4260942,24 100 
4260942,24 5
4260942,24 2163
4260942,24 10
4262929,92 25 
4262957,12 75 
4264164,99 72 
4264236,16 70 
4265751,5 80 
4266807,99 83 
4267686,8 64 880
4267712,9 256 
4267957,98 74 258
4267957,98 63 258
4268965,58 150 
4268995,61 68 
4271003,47 92 
4271003,47 65 
4271019,31 103 
4271019,31 101 
4271546,44 100 
4271546,44 5
4271546,44 2163
4271546,44 10
4273525,56 25 
4273805,8 75 
4275014,43 72 
4275085,01 70 
4276598,16 80 
4277950,03 83 
4281333,8 64 3385
4281538,08 74 190
4281538,08 63 190
4282045,81 150 
4282070,37 68 
4283583,3 92 
4283583,3 65 
4283600,71 103 
4283600,71 101 
4284128,96 100 
4284128,96 5
4284128,96 2163
4284128,96 10
4286107,22 25 
4286653,84 75 
4287861,32 72 
4288093,14 70 
4289674,68 80 
4290171,65 83 
4291334,48 64 1163
4291555,48 74 198
4291555,48 63 198
4293065,56 150 
4293092,29 68 
4293803,61 92 
4293803,61 65 
4293823,15 103 
4293823,15 101 
4294357,57 100 
4294357,57 5
4294357,57 2163
4294357,57 11
4296342,78 25 
4296650,56 75 
4297858,99 72 
4297928,92 70 
4299443,94 80 
4300794,04 83 
4301357,81 64 565
4301583,87 74 204
4301583,87 62 204
4303096,62 150 
4303114,97 68 
4304023,22 92 
4304023,22 65 
4304045,57 103 
4304045,57 101 
4304572,85 100 
4304572,85 5
4304572,85 2163
4304572,85 11
4306551,9 25 
4307538,45 75 
4308744,82 72 
4308817,71 70 
4310339 80 
4311402,88 83 
4312298,39 64 896
4312503,06 74 181
4312503,06 62 181
4313011,19 150 
4313030,63 68 
4313739,54 92 
4313739,54 65 
4313761,55 103 
4313761,55 101 
4316214,41 102 
