75,21 100 
75,21 2
75,21 2164
75,21 11
2037,37 25 
3434,87 75 
4642,5 72 
4874,17 70 
6447,97 80 
6926,79 83 
8117,07 64 1190
8163,79 256 
8182,55 74 42
8182,55 62 42
8368,3 251 
8368,3 241 
8392,83 101 
10405,79 100 
10405,79 2
10405,79 2164
10405,79 11
10405,79 25 
11045,99 75 
12254,28 72 
12325,11 70 
13848,85 80 
14217,26 83 
15190,12 64 974
15237,5 256 
15405,97 74 203
15405,97 62 203
16915,92 151 
16936,37 69 
17848,79 93 
17870,77 103 
17870,77 101 
19895,74 100 
19895,74 2
19895,74 2164
19895,74 10
21880,96 25 
21908,29 75 
23116,64 72 
23187,17 70 
24699,26 80 
26052,25 83 
26710,81 64 660
26931,63 74 200
26931,63 61 200
27945,69 150 
27971,87 68 
29484,17 92 
29484,17 65 
29503,84 103 
29503,84 101 
30030,96 100 
30030,96 2
30030,96 2164
30030,96 10
32010,15 25 
32330,26 75 
33538,08 72 
33609,56 70 
35123,71 80 
36194,53 83 
37015,37 64 821
37271,06 74 237
37271,06 61 237
37781,31 150 
37808,43 68 
38518,29 92 
38518,29 65 
38539,92 103 
38539,92 101 
39073,82 100 
39073,82 2
39073,82 2164
39073,82 10
41059,64 25 
41712,96 75 
42922,37 72 
42992,32 70 
44509,37 80 
44884,26 83 
46481,3 64 1597
46504,12 256 
46737,79 74 242
46737,79 61 242
47247,81 150 
47271,13 68 
49282,64 92 
49282,64 65 
49308,7 103 
49308,7 101 
49837,24 100 
49837,24 2
49837,24 2164
49837,24 11
51815,15 25 
52122,04 75 
53332,23 72 
53401,26 70 
54918,31 80 
55973,32 83 
56520,04 64 547
56753,92 74 220
56753,92 63 220
58265,81 150 
58293,15 68 
58713,94 249
59202,5 92 
59202,5 65 
59224,59 103 
59224,59 101 
59751,08 100 
59751,08 2
59751,08 2164
59751,08 11
61730,91 25 
61997,9 75 
63204,97 72 
63276,98 70 
64798,04 80 
66168,68 83 
66610,76 64 442
66810,05 74 176
66810,05 63 176
67818,68 152 
67849,44 69 
68579,83 249 
68682,32 256 
71965,17 183 
74320,45 93 
74338,16 103 
74338,16 101 
76374,39 100 
76374,39 2
76374,39 2164
76374,39 11
78350,56 25 
78377,78 75 
79586,04 72 
79656,72 70 
81176,68 80 
82242,01 83 
83067,6 64 826
83230,22 74 149
83230,22 62 149
84239,81 151 
84269,63 69 
86280,6 93 
86293,22 103 
86293,22 101 
88320,41 100 
88320,41 2
88320,41 2164
88320,41 10
90305,55 25 
90332,81 75 
91543,13 72 
91611,73 70 
93138,43 80 
93490,47 83 
95036,82 64 1547
95251,04 74 189
95251,04 61 189
96761,23 150 
96783,61 68 
97496,46 92 
97496,46 65 
97515,13 103 
97515,13 101 
98044,63 100 
98044,63 2
98044,63 2164
98044,63 10
100021,54 25 
100581,57 75 
101788,44 72 
101860,76 70 
103377,1 80 
104739,02 83 
106140,54 64 1402
106368,81 74 204
106368,81 61 204
106879,8 150 
106899,34 68 
107319,97 249
108409,29 92 
108409,29 65 
108430,51 103 
108430,51 101 
108964,87 100 
108964,87 2
108964,87 2164
108964,87 11
110950,22 25 
111417,09 75 
112627,13 72 
112816,15 70 
114343,37 80 
114708,28 83 
116074,02 64 1367
116220,29 74 126
116220,29 62 126
116728,76 151 
116749,17 69 
117457,34 93 
117480,04 103 
117480,04 101 
119507,77 100 
119507,77 2
119507,77 2164
119507,77 10
121492,39 25 
121519,9 75 
122726,31 72 
122798,58 70 
124315,19 80 
125690,25 83 
126348,05 64 658
126565,81 74 196
126565,81 61 196
128073,21 152 
128104,51 69 
130112,69 93 
130128,08 103 
130128,08 101 
132156,05 100 
132156,05 2
132156,05 2164
132156,05 10
134140,37 25 
134167,88 75 
135375,68 72 
135446,64 70 
136964,57 80 
138031,81 83 
138761,26 64 730
138952,18 74 175
138952,18 61 175
139959,77 150 
139978,81 68 
140367,35 249
140887,7 92 
140887,7 65 
140910,16 103 
140910,16 101 
141450,94 100 
141450,94 2
141450,94 2164
141450,94 10
143429,86 25 
143603,42 75 
144813,91 72 
144882,56 70 
146390,07 80 
146761,36 83 
147866,04 64 1105
148091,7 74 211
148091,7 61 211
148599,95 150 
148628,4 68 
149338,89 92 
149338,89 65 
149359,97 103 
149359,97 101 
149887,43 100 
149887,43 2
149887,43 2164
149887,43 10
151866,33 25 
152133,28 75 
153343,48 72 
153412,35 70 
154934,96 80 
156304,09 83 
157240,05 64 937
157455,44 74 192
157455,44 61 192
158965,72 150 
158984,2 68 
159370,48 249
160495,45 92 
160495,45 65 
160515,32 103 
160515,32 101 
161043,99 100 
161043,99 2
161043,99 2164
161043,99 11
163021,54 25 
163555,12 75 
164763,53 72 
164834,22 70 
166352,6 80 
167419,4 83 
168040,93 64 622
168222,63 74 164
168222,63 62 164
169232,73 151 
169259,75 69 
170168,28 93 
170191,21 103 
170191,21 101 
172228,13 100 
172228,13 2
172228,13 2164
172228,13 11
174203,55 25 
174231,89 75 
175440,19 72 
175509,72 70 
177030,23 80 
177401,9 83 
178868,12 64 1467
179029,77 74 150
179029,77 62 150
180537,07 151 
180562,54 69 
182573,23 93 
182585,97 103 
182585,97 101 
184615,71 100 
184615,71 2
184615,71 2164
184615,71 10
186598,3 25 
186625,64 75 
187834,54 72 
187904,63 70 
189424,3 80 
190796,22 83 
191568,54 64 773
191787,06 74 205
191787,06 61 205
192798,24 150 
192823,27 68 
194335,44 92 
194335,44 65 
194354,3 103 
194354,3 101 
194881,82 100 
194881,82 2
194881,82 2164
194881,82 11
196860,75 25 
197207,75 75 
198417,16 72 
198486,77 70 
200001,12 80 
201058,53 83 
202186,03 64 1128
202366,18 74 162
202366,18 62 162
202874,14 151 
202899,67 69 
204908,6 93 
204923,24 103 
204923,24 101 
206958,18 100 
206958,18 2
206958,18 2164
206958,18 11
208935,58 25 
208962,99 75 
210175,61 72 
210241,72 70 
211758,98 80 
213133,46 83 
213750,26 64 617
214029,6 74 257
214029,6 61 257
215538,62 151 
215561,12 69 
216272,21 93 
216291,77 103 
216291,77 101 
218319,35 100 
218319,35 2
218319,35 2164
218319,35 11
220304,14 25 
220331,43 75 
221539,79 72 
221730,24 70 
223335,66 80 
224568,68 83 
226004,44 64 1436
226181,36 74 160
226181,36 62 160
226691,28 151 
226715,53 69 
227625,53 93 
227646,95 103 
227646,95 101 
229677,45 100 
229677,45 2
229677,45 2164
229677,45 10
231659,31 25 
231686,56 75 
232893,36 72 
233085,56 70 
234696,81 80 
235177,66 83 
237197,96 64 2021
237429,27 74 213
237429,27 61 213
238440,54 150 
238470,64 68 
238939,57 249
239378,44 92 
239378,44 65 
239402,06 103 
239402,06 101 
239938,55 100 
239938,55 2
239938,55 2164
239938,55 11
241921,65 25 
242015,33 75 
243225,36 72 
243294,61 70 
244810,46 80 
245186,62 83 
246105,07 64 919
246304,65 74 185
246304,65 63 185
246389,25 256 
247901,65 150 
247920,03 68 
248333,26 249
250578,02 173 
252501,04 92 
252501,04 65 
252516,52 103 
252516,52 101 
253044,61 100 
253044,61 2
253044,61 2164
253044,61 10
255022,78 25 
255223,09 75 
256432,25 72 
256502,36 70 
258020,27 80 
259407,29 83 
259927,92 64 521
260109,42 74 156
260109,42 61 156
261116,73 150 
261141,07 68 
261850,12 92 
261850,12 65 
261872,6 103 
261872,6 101 
262400,09 100 
262400,09 2
262400,09 2164
262400,09 11
264378,95 25 
264406,55 75 
265615,6 72 
265685,19 70 
267204,06 80 
268270,24 83 
269733,07 64 1463
269954,26 74 205
269954,26 61 205
270461,82 151 
270484,68 69 
271997,97 93 
272014,98 103 
272014,98 101 
274050,86 100 
274050,86 2
274050,86 2164
274050,86 10
276040,66 25 
276081,77 75 
277292,02 72 
277360,18 70 
278875,71 80 
280238,51 83 
280887,65 64 649
281172,86 74 269
281172,86 61 269
282684,42 150 
282705,47 68 
283413,71 92 
283413,71 65 
283436,77 103 
283436,77 101 
283965,75 100 
283965,75 2
283965,75 2164
283965,75 11
285943,09 25 
286410,06 75 
287617,92 72 
287689,14 70 
289210,31 80 
290287,67 83 
290791,28 64 504
291029,2 74 222
291029,2 63 222
292037,57 150 
292061,4 68 
292519,25 249
294074,04 92 
294074,04 65 
294098,94 103 
294098,94 101 
294626,94 100 
294626,94 2
294626,94 2164
294626,94 10
296605,38 25 
297018,98 75 
298227,28 72 
298298,01 70 
299820,73 80 
300190,09 83 
301649,14 64 1460
301879,28 74 210
301879,28 61 210
302388,69 150 
302417,18 68 
303326,27 92 
303326,27 65 
303348,42 103 
303348,42 101 
303883 100 
303883 2
303883 2164
303883 11
305868,18 25 
306481,55 75 
307691,5 72 
307760,84 70 
309280,29 80 
310359,17 83 
310837,05 64 479
311057,34 74 205
311057,34 63 205
312068,07 150 
312092,98 68 
312525,07 249
313600,55 92 
313600,55 65 
313624,07 103 
313624,07 101 
314150,77 100 
314150,77 2
314150,77 2164
314150,77 11
316130,36 25 
316850,57 75 
318057,19 72 
318129,64 70 
319646,77 80 
320008,4 83 
321490,32 64 1482
321686,02 74 172
321686,02 63 172
322196,97 150 
322222 68 
322693,53 249
322719,89 173 
323132,41 92 
323132,41 65 
323153,43 103 
323153,43 101 
323681,96 100 
323681,96 2
323681,96 2164
323681,96 10
325659,79 25 
326299,92 75 
327507,61 72 
327579,03 70 
329098,13 80 
330457,52 83 
330782,73 64 325
330998,68 74 195
330998,68 61 195
332507,13 152 
332537,72 69 
334049,7 93 
334068,95 103 
334068,95 101 
336108,72 100 
336108,72 2
336108,72 2164
336108,72 11
338081,22 25 
338788,09 75 
339995,89 72 
340067,11 70 
341696,04 80 
342918,73 83 
343415,02 64 497
343650,42 74 212
343650,42 63 212
344160,08 150 
344186,07 68 
344645,62 249
344897,22 92 
344897,22 65 
344917,54 103 
344917,54 101 
345444,18 100 
345444,18 2
345444,18 2164
345444,18 11
347423,88 25 
347957,38 75 
349165,65 72 
349236,61 70 
350747 80 
352114,9 83 
352568,53 64 454
352786,45 74 192
352786,45 63 192
353797,62 150 
353822 68 
354256,17 249
355831,76 92 
355831,76 65 
355859,62 103 
355859,62 101 
356389,46 100 
356389,46 2
356389,46 2164
356389,46 10
358365,93 25 
358912,84 75 
360123,46 72 
360191,95 70 
361717,04 80 
362070,83 83 
363631,72 64 1561
363881,73 74 225
363881,73 61 225
365391,14 150 
365417,12 68 
365846,8 249
366126,42 92 
366126,42 65 
366148,73 103 
366148,73 101 
366682,4 100 
366682,4 2
366682,4 2164
366682,4 10
368668,31 25 
369001,81 75 
370209,42 72 
370281,15 70 
371803,38 80 
373172,7 83 
373725,86 64 554
373953,45 74 208
373953,45 61 208
374962,95 150 
374986,49 68 
375894,86 92 
375894,86 65 
375917,88 103 
375917,88 101 
376444,86 100 
376444,86 2
376444,86 2164
376444,86 10
378424,23 25 
379037,63 75 
380246,88 72 
380316,95 70 
381835,31 80 
382901,99 83 
383563,49 64 662
383774,4 74 193
383774,4 61 193
384283,62 150 
384302,53 68 
385814,26 92 
385814,26 65 
385833,74 103 
385833,74 101 
386363,44 100 
386363,44 2
386363,44 2164
386363,44 11
388340,1 25 
388793,71 75 
390000,91 72 
390072,75 70 
391592,73 80 
391964,79 83 
393163,16 64 1199
393374,19 74 197
393374,19 63 197
394886,51 150 
394911,41 68 
395370,77 249
396376,47 256 
397782,61 173 
399749,79 92 
399749,79 65 
399774,46 103 
399774,46 101 
400310,97 100 
400310,97 2
400310,97 2164
400310,97 11
402294,16 25 
402747,77 75 
403957,02 72 
404026,85 70 
405538,07 80 
405905,63 83 
406875,5 64 970
407063,51 256 
407079,54 74 188
407079,54 63 188
408091,86 150 
408119,18 68 
408644,74 249
409030,01 92 
409030,01 65 
409050,59 103 
409050,59 101 
409576,99 100 
409576,99 2
409576,99 2164
409576,99 10
411557 25 
412303,65 75 
413509,89 72 
413582,8 70 
415102,95 80 
416181,26 83 
416855,74 64 674
417074,03 74 200
417074,03 61 200
417585,61 152 
417608,57 69 
419120,72 93 
419139,82 103 
419139,82 101 
421168,02 100 
421168,02 2
421168,02 2164
421168,02 11
423152,09 25 
423179,37 75 
424386,61 72 
424458,3 70 
425975,56 80 
427336,6 83 
427747,54 64 411
427945,59 74 183
427945,59 63 183
429458,79 150 
429483,51 68 
429928,49 249
430192,58 92 
430192,58 65 
430214,94 103 
430214,94 101 
430750,45 100 
430750,45 2
430750,45 2164
430750,45 10
432734,86 25 
433574,69 75 
434782,06 72 
434853,86 70 
436377,1 80 
436746,01 83 
438356,33 64 1611
438585,43 74 214
438585,43 61 214
439095,26 150 
439119,37 68 
439479,7 249
441132,15 92 
441132,15 65 
441157,12 103 
441157,12 101 
441685,43 100 
441685,43 2
441685,43 2164
441685,43 11
443663,37 25 
444063,86 75 
445270,6 72 
445342,71 70 
446887,49 80 
448261,14 83 
448868,37 64 608
449112,28 74 225
449112,28 63 225
450125,65 150 
450154,77 68 
450590,86 249
452165,84 92 
452165,84 65 
452179,15 103 
452179,15 101 
452708,05 100 
452708,05 2
452708,05 2164
452708,05 11
454685,47 25 
455285,58 75 
456494,87 72 
456564,74 70 
458087,14 80 
459149,8 83 
459727,31 64 578
459972,18 74 223
459972,18 63 223
461480,04 150 
461509,96 68 
462028,93 249
462219,12 92 
462219,12 65 
462241,57 103 
462241,57 101 
462775,62 100 
462775,62 2
462775,62 2164
462775,62 10
464761,14 25 
465414,62 75 
466621,82 72 
466693,82 70 
468210,93 80 
468585,87 83 
469726,61 64 1141
469906,06 74 161
469906,06 61 161
470916,64 150 
470946,05 68 
471438,72 249
472455,97 92 
472455,97 65 
472477,17 103 
472477,17 101 
473004,33 100 
473004,33 2
473004,33 2164
473004,33 11
474983,53 25 
475476,96 75 
476687,65 72 
476756,36 70 
478267,95 80 
479341,48 83 
480230,27 64 889
480427,38 74 180
480427,38 63 180
481936,04 150 
481954,63 68 
482376,34 249
482865,54 92 
482865,54 65 
482886,19 103 
482886,19 101 
483413,63 100 
483413,63 2
483413,63 2164
483413,63 10
485392,53 25 
486259,12 75 
487468,83 72 
487538,44 70 
489059,07 80 
490416,73 83 
490994,86 64 579
491248,94 74 233
491248,94 61 233
491758,87 150 
491777,48 68 
491972,42 249
492179,98 171
493788,35 92 
493788,35 65 
493801,66 103 
493801,66 101 
494337,13 100 
494337,13 2
494337,13 2164
494337,13 10
496321,24 25 
497041,39 75 
498250,64 72 
498320,51 70 
499846,33 80 
500918,95 83 
501479,89 64 562
501703,09 74 198
501703,09 61 198
502214,59 152 
502240,33 69 
503149,26 93 
503170,92 103 
503170,92 101 
505198,97 100 
505198,97 2
505198,97 2164
505198,97 10
507183,29 25 
507210,41 75 
508418,66 72 
508489,47 70 
510013,48 80 
511381,15 83 
511799,11 64 419
512002,95 74 183
512002,95 61 183
513014,39 150 
513034,96 68 
513459,75 249
514545,6 92 
514545,6 65 
514566,23 103 
514566,23 101 
515093,67 100 
515093,67 2
515093,67 2164
515093,67 11
517072,53 25 
517512,63 75 
518721,46 72 
518791,93 70 
520312,08 80 
520684,06 83 
521784,08 64 1101
521983,72 256 
522026,35 74 223
522026,35 63 223
523533,89 150 
523563,91 68 
524064,31 249
524273,21 92 
524273,21 65 
524295,43 103 
524295,43 101 
524831,19 100 
524831,19 2
524831,19 2164
524831,19 10
526814,97 25 
527388,92 75 
528598,27 72 
528667,74 70 
530189,38 80 
530559,84 83 
531867,65 64 1308
532086,66 74 194
532086,66 61 194
532597,24 150 
532626,83 68 
532732,8 249
532990 171
534638,58 92 
534638,58 65 
534664,28 103 
534664,28 101 
535191,84 100 
535191,84 2
535191,84 2164
535191,84 11
537170,65 25 
537557,53 75 
538766,7 72 
538836,84 70 
540359,66 80 
541421,99 83 
541958,14 64 537
542177,12 74 196
542177,12 63 196
543186,58 150 
543208,98 68 
543744,63 249
543918,68 92 
543918,68 65 
543940,42 103 
543940,42 101 
544468,96 100 
544468,96 2
544468,96 2164
544468,96 11
546446,69 25 
547046,94 75 
548254,72 72 
548485,99 70 
550060,35 80 
551590,93 83 
551864,83 64 275
552041,66 74 158
552041,66 63 158
553553,66 150 
553577,98 68 
553964,61 249
554737,82 256 
558490,53 92 
558490,53 65 
558507,71 103 
558507,71 101 
559042,82 100 
559042,82 2
559042,82 2164
559042,82 11
561027,35 25 
561467,52 75 
562675,83 72 
562746,68 70 
564381,87 80 
565905 83 
566893,06 64 989
567102,72 74 185
567102,72 63 185
568610,17 150 
568638,26 68 
569050,28 249
569548,38 92 
569548,38 65 
569569,67 103 
569569,67 101 
570098,99 100 
570098,99 2
570098,99 2164
570098,99 11
572075,98 25 
572622,8 75 
573832,24 72 
573902 70 
575420,16 80 
575794,06 83 
576952,85 64 1160
577139,51 256 
577212,66 74 246
577212,66 63 246
578220,81 150 
578247,65 68 
580027,01 92 
580027,01 65 
580045,25 103 
580045,25 101 
580571,93 100 
580571,93 2
580571,93 2164
580571,93 11
582551,61 25 
583111,77 75 
584318,96 72 
584390,97 70 
585919,96 80 
586989,4 83 
587558,28 64 569
587769,37 74 194
587769,37 63 194
588279,36 152 
588310,17 69 
588588,25 256 
590956,73 249 
591269,08 93 
591280,54 103 
591280,54 101 
593314,65 100 
593314,65 2
593314,65 2164
593314,65 10
595292,99 25 
595319,94 75 
596528,51 72 
596599,18 70 
598118,52 80 
598477,86 83 
599810,23 64 1333
600086,66 74 263
600086,66 61 263
601101,87 150 
601131,17 68 
601841,38 92 
601841,38 65 
601862,74 103 
601862,74 101 
602390,76 100 
602390,76 2
602390,76 2164
602390,76 10
604369,04 25 
604915,87 75 
606121,97 72 
606195,08 70 
607715,79 80 
609086,8 83 
609695,41 64 609
609897,5 74 185
609897,5 61 185
610405,77 150 
610433,94 68 
610504,81 249
610910,42 171
611346,24 92 
611346,24 65 
611365,44 103 
611365,44 101 
611895,87 100 
611895,87 2
611895,87 2164
611895,87 11
613871,65 25 
614538,52 75 
615745,11 72 
615817,59 70 
617339,63 80 
618416,18 83 
619078,37 64 663
619314,46 74 219
619314,46 63 219
620823,37 150 
620843,73 68 
621338,41 249
622354,04 92 
622354,04 65 
622374,1 103 
622374,1 101 
622908,92 100 
622908,92 2
622908,92 2164
622908,92 10
624893,8 25 
625587,14 75 
626796,32 72 
626866,3 70 
628390,97 80 
628758,5 83 
630368,35 64 1610
630596,39 74 212
630596,39 61 212
631606,53 150 
631624,99 68 
632147,38 249
632333,43 92 
632333,43 65 
632356,47 103 
632356,47 101 
632885,48 100 
632885,48 2
632885,48 2164
632885,48 10
634862,91 25 
635476,34 75 
636687,64 72 
636768,93 70 
638286,99 80 
639660,69 83 
640263,76 64 604
640562,37 74 276
640562,37 61 276
642071,28 150 
642100,59 68 
643012,42 92 
643012,42 65 
643032,07 103 
643032,07 101 
643559,94 100 
643559,94 2
643559,94 2164
643559,94 10
645538,42 25 
646111,86 75 
647321,77 72 
647391,07 70 
648909,95 80 
649976,26 83 
650834,12 64 859
651039,54 74 184
651039,54 61 184
651548,37 150 
651577,49 68 
652002 249
653588,44 92 
653588,44 65 
653614,24 103 
653614,24 101 
654153,67 100 
654153,67 4
654153,67 2164
654153,67 10
654153,67 78 
654153,67 198 
656133,96 25 
656774,13 75 
657983,54 72 
658053,17 70 
659575,84 80 
659945,26 83 
661316,94 64 1372
661513,87 74 183
661513,87 61 183
662520,96 151 
662545,38 69 
663170,47 249 
664057,09 93 
664076,47 103 
664076,47 101 
666105,02 100 
666105,02 4
666105,02 2164
666105,02 11
668088,8 25 
668116,17 75 
669323,79 72 
669554,94 70 
671133,74 80 
672366,72 83 
673012,75 64 646
673234,65 74 202
673234,65 63 202
674741,92 151 
674766,81 69 
675454,84 249 
676777,58 93 
676791,13 103 
676791,13 101 
678818,65 100 
678818,65 4
678818,65 2164
678818,65 11
680803,57 25 
680830,69 75 
682037,39 72 
682109,76 70 
683625,2 80 
684988,08 83 
685363,61 64 376
685526,91 74 140
685526,91 62 140
686034,59 151 
686056,44 69 
686763,87 93 
686786,9 103 
686786,9 101 
688821,77 100 
688821,77 4
688821,77 2164
688821,77 11
690799,41 25 
690840,46 75 
692048,54 72 
692118,81 70 
693634,29 80 
693984,29 83 
695657,36 64 1673
695887,85 74 212
695887,85 61 212
697400,12 150 
697423,97 68 
697900,36 249
698122,63 171
698334,94 92 
698334,94 65 
698355,42 103 
698355,42 101 
698882,98 100 
698882,98 4
698882,98 2164
698882,98 11
700861,8 25 
701421,82 75 
702630,72 72 
702701,06 70 
704222,45 80 
705592,78 83 
706134,46 64 542
706322,17 74 170
706322,17 61 170
707331,87 150 
707353,21 68 
708263,33 92 
708263,33 65 
708285,52 103 
708285,52 101 
708813,09 100 
708813,09 4
708813,09 2164
708813,09 10
710790,88 25 
711497,64 75 
712707,56 72 
712776,9 70 
714293,33 80 
715348,63 83 
716044,05 64 696
716240,12 74 172
716240,12 61 172
716748,92 151 
716776,73 69 
718285,42 93 
718307 103 
718307 101 
720343,59 100 
720343,59 4
720343,59 2164
720343,59 11
722319,55 25 
722346,64 75 
723554,28 72 
723625,72 70 
725147,21 80 
726210,72 83 
728594,22 64 2384
728774,63 74 165
728774,63 62 165
729784,16 153 
729810,56 68 
731822,86 92 
731822,86 65 
731847,96 103 
731847,96 101 
732375,23 100 
732375,23 4
732375,23 2164
732375,23 10
734368,61 25 
740765,29 75 
741973,4 72 
742044,58 70 
743559,67 80 
744909,44 83 
745943,91 64 1035
745979,35 256 
746266,21 74 304
746266,21 61 304
747775,18 151 
747802,74 69 
748514,07 93 
748534,3 103 
748534,3 101 
750563,2 100 
750563,2 4
750563,2 2164
750563,2 10
752546,67 25 
753519,99 75 
754728,41 72 
754799,2 70 
756327,31 80 
756691,43 83 
758391,86 64 1701
758564,21 74 154
758564,21 62 154
759073,54 150 
759105,47 68 
759814,16 92 
759814,16 65 
759836,28 103 
759836,28 101 
760372,08 100 
760372,08 4
760372,08 2164
760372,08 10
762355,87 25 
762756,19 75 
763964,9 72 
764035,2 70 
765556,66 80 
766913,6 83 
767493,34 64 580
767653,97 74 141
767653,97 62 141
768666,62 150 
768688,15 68 
770698,5 92 
770698,5 65 
770724,94 103 
770724,94 101 
771254,81 100 
771254,81 4
771254,81 2164
771254,81 11
773231,22 25 
773525,01 75 
774732,57 72 
774964,03 70 
776554,17 80 
777789 83 
778308,11 64 520
778555,87 74 234
778555,87 61 234
780065,75 150 
780096,63 68 
780552,73 249
781607,59 92 
781607,59 65 
781627,37 103 
781627,37 101 
782156,11 100 
782156,11 4
782156,11 2164
782156,11 11
784133,28 25 
784680,19 75 
785888,63 72 
785959,41 70 
787475,25 80 
787838,09 83 
788794,07 64 957
788990,49 74 180
788990,49 61 180
789499,07 150 
789518,46 68 
790427,55 92 
790427,55 65 
790449,95 103 
790449,95 101 
790991,01 100 
790991,01 4
790991,01 2164
790991,01 10
792969,71 25 
793356,55 75 
794564,61 72 
794635,72 70 
796155,33 80 
797220,77 83 
797683,02 64 463
797858,55 74 158
797858,55 62 158
798370,33 150 
798394,88 68 
799307,79 92 
799307,79 65 
799326,15 103 
799326,15 101 
799855,16 100 
799855,16 4
799855,16 2164
799855,16 11
801832,56 25 
802352,79 75 
803561,05 72 
803631,94 70 
805156,32 80 
806536,84 83 
807081,24 64 545
807290,14 74 194
807290,14 61 194
808302,16 150 
808324,7 68 
810336,06 92 
810336,06 65 
810361,71 103 
810361,71 101 
810887,9 100 
810887,9 4
810887,9 2164
810887,9 10
812868,03 25 
813415,02 75 
814624,27 72 
814693,95 70 
816211,71 80 
816586,24 83 
817657,31 64 1072
817838,32 74 160
817838,32 62 160
819347,43 150 
819372,67 68 
820081,56 92 
820081,56 65 
820104,11 103 
820104,11 101 
820638,56 100 
820638,56 4
820638,56 2164
820638,56 10
822623,83 25 
823024,15 75 
824234,6 72 
824303,19 70 
825824,07 80 
827194,85 83 
827598,93 64 405
827750,04 74 129
827750,04 62 129
828260,5 150 
828289,73 68 
829801,76 92 
829801,76 65 
829820,01 103 
829820,01 101 
830349,06 100 
830349,06 4
830349,06 2164
830349,06 10
832326,32 25 
832779,91 75 
833989,67 72 
834059,09 70 
835579,42 80 
836644,19 83 
837509,82 64 866
837673,83 74 138
837673,83 62 138
839185,66 150 
839205,52 68 
841217,31 92 
841217,31 65 
841241,87 103 
841241,87 101 
841769,84 100 
841769,84 4
841769,84 2164
841769,84 11
843748,19 25 
844361,74 75 
845570,24 72 
845640,86 70 
847165,58 80 
847533,01 83 
849265,66 64 1733
849434,56 74 156
849434,56 62 156
849650,53 251 
849650,53 241 
849664,95 101 
851678,27 100 
851678,27 4
851678,27 2164
851678,27 11
851678,27 25 
851705,78 75 
852913,7 72 
852988,8 70 
854517,82 80 
854889,83 83 
856492,94 64 1604
856746,41 74 231
856746,41 61 231
857757,74 150 
857787,87 68 
858301,67 249
858699,19 92 
858699,19 65 
858727,8 103 
858727,8 101 
859262,6 100 
859262,6 4
859262,6 2164
859262,6 11
861247,58 25 
861834,4 75 
863042,91 72 
863113,59 70 
864646,67 80 
865725,24 83 
866941,25 64 1216
867183,49 74 219
867183,49 61 219
868194,13 150 
868218,79 68 
868686,2 249
869726,94 92 
869726,94 65 
869749,87 103 
869749,87 101 
870278,21 100 
870278,21 4
870278,21 2164
870278,21 10
872256,22 25 
872696,48 75 
873904,94 72 
873975,57 70 
875496,28 80 
875867,74 83 
877071,83 64 1205
877244,57 74 151
877244,57 62 151
877751,91 152 
877774,83 69 
878484,14 93 
878506,24 103 
878506,24 101 
880534,73 100 
880534,73 4
880534,73 2164
880534,73 10
882518,71 25 
882545,86 75 
883754,4 72 
883984,75 70 
885552,62 80 
887089,56 83 
887734,63 64 645
887894,68 74 139
887894,68 62 139
889402,16 150 
889423,22 68 
891434,7 92 
891434,7 65 
891447,77 103 
891447,77 101 
891983,6 100 
891983,6 4
891983,6 2164
891983,6 11
893968,22 25 
894513,99 75 
895723,97 72 
895913,03 70 
897435,91 80 
898498,19 83 
899266,11 64 769
899509,16 74 225
899509,16 61 225
901020,98 150 
901045,67 68 
901755,34 92 
901755,34 65 
901776,38 103 
901776,38 101 
902303,9 100 
902303,9 4
902303,9 2164
902303,9 10
904282,83 25 
904936,18 75 
906142,93 72 
906217,05 70 
907727,61 80 
909080,35 83 
909633,37 64 553
909886,92 74 234
909886,92 61 234
910399,77 151 
910428,44 69 
910552,09 249 
911339,58 93 
911358,96 103 
911358,96 101 
913386,43 100 
913386,43 4
913386,43 2164
913386,43 11
915371,42 25 
915398,58 75 
916605,41 72 
916677,58 70 
918194,6 80 
918556,35 83 
919746,57 64 1190
919915,13 74 147
919915,13 62 147
920923,93 151 
920943,17 69 
922451,27 93 
922461,06 103 
922461,06 101 
924500,95 100 
924500,95 4
924500,95 2164
924500,95 11
926486,66 25 
926513,97 75 
927720,68 72 
927792,94 70 
929315,56 80 
930684,61 83 
931482,87 64 799
931649,36 74 152
931649,36 62 152
933158,47 151 
933178,94 69 
933887,61 93 
933909,6 103 
933909,6 101 
935936,66 100 
935936,66 4
935936,66 2164
935936,66 10
937921,9 25 
937949,38 75 
939156,9 72 
939228,29 70 
940755,33 80 
941813,32 83 
942227,52 64 414
942392,42 74 153
942392,42 62 153
943403,3 150 
943427,86 68 
943783,5 249
943814,46 172 
944937,36 92 
944937,36 65 
944958,19 103 
944958,19 101 
945487,17 100 
945487,17 4
945487,17 2164
945487,17 11
947464,46 25 
947811,41 75 
949018,86 72 
949090,54 70 
950608,66 80 
950982,71 83 
952164,54 64 1182
952367,69 74 186
952367,69 61 186
952876,5 150 
952903,82 68 
953561,14 249
953816,35 92 
953816,35 65 
953834,48 103 
953834,48 101 
954369,54 100 
954369,54 4
954369,54 2164
954369,54 10
956354,11 25 
956940,85 75 
958151,64 72 
958220,31 70 
959732,48 80 
960098,83 83 
961090,6 64 992
961274,21 74 163
961274,21 62 163
962283,06 150 
962312,42 68 
964323,15 92 
964323,15 65 
964336,7 103 
964336,7 101 
964866,14 100 
964866,14 4
964866,14 2164
964866,14 11
966843,01 25 
967536,58 75 
968743,27 72 
968815,68 70 
970336,81 80 
971400,83 83 
972278,38 64 878
972545,37 74 252
972545,37 61 252
973053,73 150 
973082,03 68 
973296,99 249
973402,53 171
973790,55 92 
973790,55 65 
973812,78 103 
973812,78 101 
974340,84 100 
974340,84 4
974340,84 2164
974340,84 10
976319,07 25 
976825,96 75 
978034,46 72 
978105,08 70 
979627,87 80 
980996,7 83 
981348,93 64 353
981518,44 74 149
981518,44 62 149
983027,58 152 
983051,23 69 
984562,72 93 
984581,53 103 
984581,53 101 
986617,49 100 
986617,49 4
986617,49 2164
986617,49 11
988593,82 25 
988621,25 75 
989829,22 72 
989900,02 70 
991417,15 80 
992778,47 83 
1003388,49 64 10610
1003581,5 74 168
1003581,5 61 168
1004090,42 150 
1004108,21 68 
1004300,08 249
1004473,73 171
1005015,83 92 
1005015,83 65 
1005039,51 103 
1005039,51 101 
1005567,3 100 
1005567,3 4
1005567,3 2164
1005567,3 10
1007547,45 25 
1008159,36 75 
1009366,63 72 
1009558,42 70 
1011173,99 80 
1011703,91 83 
1012806,17 64 1103
1012988,96 74 166
1012988,96 62 166
1013999,51 150 
1014024 68 
1016036,27 92 
1016036,27 65 
1016061,59 103 
1016061,59 101 
1016589,78 100 
1016589,78 4
1016589,78 2164
1016589,78 11
1018567,93 25 
1019221,71 75 
1020428,39 72 
1020607,2 70 
1022135,91 80 
1023205,68 83 
1023933,11 64 728
1024175,45 74 224
1024175,45 61 224
1025683,8 150 
1025713,28 68 
1026622,33 92 
1026622,33 65 
1026643,88 103 
1026643,88 101 
1027179,87 100 
1027179,87 4
1027179,87 2164
1027179,87 10
1029163,49 25 
1029736,93 75 
1030945,64 72 
1031016,14 70 
1032540,4 80 
1032908,14 83 
1034153,47 64 1246
1034339,33 74 165
1034339,33 62 165
1034850,29 150 
1034869,74 68 
1035236,24 249
1035420,35 172 
1036880,89 92 
1036880,89 65 
1036906,09 103 
1036906,09 101 
1037433,71 100 
1037433,71 4
1037433,71 2164
1037433,71 11
1039412,82 25 
1040092,5 75 
1041302,85 72 
1041371,69 70 
1042889,65 80 
1044250,05 83 
1044850,29 64 601
1045064,12 74 201
1045064,12 61 201
1046573,74 150 
1046597,88 68 
1047114,2 249
1048107,13 92 
1048107,13 65 
1048128,07 103 
1048128,07 101 
1048656,5 100 
1048656,5 4
1048656,5 2164
1048656,5 10
1050634,41 25 
1051394,6 75 
1052603,4 72 
1052673,61 70 
1054193,39 80 
1055272,16 83 
1055830,65 64 559
1056006,16 74 162
1056006,16 62 162
1057019,29 150 
1057045,88 68 
1057397,63 249
1057459,27 172 
1057756,74 92 
1057756,74 65 
1057777,36 103 
1057777,36 101 
1058316,44 100 
1058316,44 4
1058316,44 2164
1058316,44 10
1060297,04 25 
1061190,38 75 
1062398,73 72 
1062469,61 70 
1063983,76 80 
1065347,93 83 
1065721,06 64 374
1065903,04 74 169
1065903,04 62 169
1066412,64 150 
1066442,62 68 
1066873,67 249
1066953,81 172 
1067352,34 92 
1067352,34 65 
1067373,33 103 
1067373,33 101 
1067900,32 100 
1067900,32 4
1067900,32 2164
1067900,32 11
1069879,62 25 
1070720,77 75 
1071929,94 72 
1071999 70 
1073516,6 80 
1073891,02 83 
1075066,14 64 1176
1075317,15 74 227
1075317,15 61 227
1076829,48 150 
1076851,74 68 
1078011,18 249
1078860,48 92 
1078860,48 65 
1078875,58 103 
1078875,58 101 
1079404,27 100 
1079404,27 4
1079404,27 2164
1079404,27 11
1081381,58 25 
1082101,48 75 
1083310,64 72 
1083380,82 70 
1084895,91 80 
1085965,81 83 
1086951,41 64 986
1087190,88 74 226
1087190,88 61 226
1088203,48 150 
1088232,72 68 
1089741,32 92 
1089741,32 65 
1089750,28 249
1089777,2 103 
1089777,2 101 
1090312,83 100 
1090312,83 4
1090312,83 2164
1090312,83 10
1092296,84 25 
1093070,22 75 
1094279,72 72 
1094349,42 70 
1095867,08 80 
1097214,46 83 
1097649,3 64 435
1097823,4 74 156
1097823,4 62 156
1099333,97 152 
1099362,17 69 
1100072,13 93 
1100092,9 103 
1100092,9 101 
1102123,73 100 
1102123,73 4
1102123,73 2164
1102123,73 10
1104106,28 25 
1114105,01 254 
1114113,52 101 
1116126,13 100 
1116126,13 4
1116126,13 2164
1116126,13 10
1116126,13 25 
1126127,39 254 
1126135,21 101 
1128147,63 100 
1128147,63 4
1128147,63 2164
1128147,63 10
1128147,63 25 
1130654,42 75 
1131860,94 72 
1132093,57 70 
1133674,64 80 
1134212,32 83 
1160083,41 64 25872
1160272,79 74 165
1160272,79 62 165
1161281,42 150 
1161308,74 68 
1161640,39 249
1161944,78 172 
1162018,57 92 
1162018,57 65 
1162040,09 103 
1162040,09 101 
1162568,38 100 
1162568,38 4
1162568,38 2164
1162568,38 11
1164546,43 25 
1165039,89 75 
1166248,85 72 
1166439,07 70 
1167973,74 80 
1169050,86 83 
1169911,51 64 861
1170175,5 74 245
1170175,5 61 245
1170687,9 150 
1170718,79 68 
1171630,39 92 
1171630,39 65 
1171649,51 103 
1171649,51 101 
1172185,72 100 
1172185,72 4
1172185,72 2164
1172185,72 10
1174169,01 25 
1174822,67 75 
1176031,09 72 
1176101,67 70 
1177622,67 80 
1178993,37 83 
1179454,81 64 461
1179639,81 74 168
1179639,81 62 168
1180147,18 150 
1180168,08 68 
1180508,28 249
1180695,98 172 
1182177,21 92 
1182177,21 65 
1182191,64 103 
1182191,64 101 
1182718,82 100 
1182718,82 4
1182718,82 2164
1182718,82 11
1184697,9 25 
1185324,86 75 
1186532,27 72 
1186604,02 70 
1188120,55 80 
1189189,15 83 
1189785,11 64 597
1190072,66 74 271
1190072,66 61 271
1191082,34 150 
1191110,18 68 
1192116,75 249
1192621,78 92 
1192621,78 65 
1192640,48 103 
1192640,48 101 
1193169,97 100 
1193169,97 4
1193169,97 2164
1193169,97 11
1195146,91 25 
1195987,01 75 
1197196,61 72 
1197266,06 70 
1198779,43 80 
1199131,55 83 
1200303,61 64 1172
1200522,44 74 205
1200522,44 61 205
1202035,48 150 
1202064,8 68 
1202976,82 92 
1202976,82 65 
1202996,96 103 
1202996,96 101 
1203531,4 100 
1203531,4 4
1203531,4 2164
1203531,4 10
1205515,83 25 
1206117,32 75 
1207326,17 72 
1207395,21 70 
1208910,43 80 
1210260,2 83 
1210634,92 64 376
1210787,52 74 128
1210787,52 62 128
1211796,13 150 
1211821,69 68 
1212228,71 249
1212407,83 172 
1213329,99 92 
1213329,99 65 
1213351,85 103 
1213351,85 101 
1213879,3 100 
1213879,3 4
1213879,3 2164
1213879,3 10
1215858,15 25 
1216604,93 75 
1217813,58 72 
1217884,09 70 
1219402,41 80 
1219762,85 83 
1221416,98 64 1655
1221569,58 74 128
1221569,58 62 128
1222078,52 150 
1222097,18 68 
1224109,35 92 
1224109,35 65 
1224133,93 103 
1224133,93 101 
1224661,72 100 
1224661,72 4
1224661,72 2164
1224661,72 11
1226640,36 25 
1227240,53 75 
1228448,45 72 
1228519,72 70 
1230044,17 80 
1231117,99 83 
1233374,63 64 2257
1233591,84 74 196
1233591,84 61 196
1235102,41 150 
1235131,79 68 
1235840,37 92 
1235840,37 65 
1235862,37 103 
1235862,37 101 
1236402,34 100 
1236402,34 4
1236402,34 2164
1236402,34 11
1238381,95 25 
1239142,17 75 
1240352,01 72 
1240421,28 70 
1241942,22 80 
1242313,27 83 
1272436,33 64 30123
1272670,43 74 210
1272670,43 61 210
1273181,95 150 
1273208,88 68 
1275220,58 92 
1275220,58 65 
1275245,87 103 
1275245,87 101 
1275775,31 100 
1275775,31 4
1275775,31 2164
1275775,31 10
1277752,18 25 
1278472,14 75 
1279680,04 72 
1279871,29 70 
1281485,17 80 
1282709,72 83 
1283099,05 64 390
1283274,54 74 152
1283274,54 62 152
1284285,83 152 
1284310,64 69 
1285022,67 249 
1285222,61 93 
1285241,51 103 
1285241,51 101 
1287269,69 100 
1287269,69 4
1287269,69 2164
1287269,69 11
1289254,02 25 
1289281,53 75 
1290490,44 72 
1290560,16 70 
1292077,83 80 
1293451,85 83 
1303461,12 64 10010
1303684,24 74 210
1303684,24 61 210
1305196,74 150 
1305222,23 68 
1305934,58 92 
1305934,58 65 
1305952,83 103 
1305952,83 101 
1306489,51 100 
1306489,51 4
1306489,51 2164
1306489,51 11
1308472,43 25 
1309086,18 75 
1310294,4 72 
1310365,11 70 
1311889,44 80 
1312950,3 83 
1313803,22 64 853
1313963,13 74 147
1313963,13 62 147
1315472,94 151 
1315497,06 69 
1317006,28 93 
1317028,16 103 
1317028,16 101 
1319054,59 100 
1319054,59 4
1319054,59 2164
1319054,59 10
1321040,5 25 
1321067,76 75 
1322277,65 72 
1322346,72 70 
1323866,01 80 
1324225,63 83 
1566104,33 64 241879
1566271,59 74 148
1566271,59 62 148
1567282,27 150 
1567311,82 68 
1568021,39 92 
1568021,39 65 
1568042,46 103 
1568042,46 101 
1568570,89 100 
1568570,89 4
1568570,89 2164
1568570,89 10
1570548,69 25 
1571242,26 75 
1572450,88 72 
1572681,32 70 
1574268,01 80 
1575799,63 83 
1576895,92 64 1097
1577030 74 112
1577030 62 112
1577542,34 150 
1577560,04 68 
1579068,73 92 
1579068,73 65 
1579091,14 103 
1579091,14 101 
1579625,81 100 
1579625,81 4
1579625,81 2164
1579625,81 11
1581597,61 25 
1582064,27 75 
1583273,3 72 
1583343,42 70 
1584863,19 80 
1585942,01 83 
1587169,53 64 1228
1587422,21 74 228
1587422,21 61 228
1587932,01 150 
1587955,65 68 
1588867,22 92 
1588867,22 65 
1588887,05 103 
1588887,05 101 
1589413,37 100 
1589413,37 4
1589413,37 2164
1589413,37 10
1591393,34 25 
1591940,25 75 
1593147,56 72 
1593219,43 70 
1594741,41 80 
1596110,94 83 
1596486,75 64 376
1596652,9 74 142
1596652,9 62 142
1598165,22 150 
1598191,57 68 
1598532,87 249
1598597,53 172 
1600199,95 92 
1600199,95 65 
1600215,57 103 
1600215,57 101 
1600742,87 100 
1600742,87 4
1600742,87 2164
1600742,87 11
1602721,96 25 
1603242,18 75 
1604451,81 72 
1604521,28 70 
1606034,72 80 
1606399,94 83 
1608075,9 64 1677
1608327,1 74 235
1608327,1 61 235
1609336,66 150 
1609360,91 68 
1610071 92 
1610071 65 
1610091,45 103 
1610091,45 101 
1610628,05 100 
1610628,05 4
1610628,05 2164
1610628,05 10
1612611,04 25 
1613224,49 75 
1614431,6 72 
1614503,75 70 
1616024,51 80 
1617088,8 83 
1618029,77 64 942
1618188,86 74 141
1618188,86 62 141
1619197,11 150 
1619223,32 68 
1620133,09 92 
1620133,09 65 
1620153,84 103 
1620153,84 101 
1620681,53 100 
1620681,53 4
1620681,53 2164
1620681,53 10
1622660,15 25 
1623287 75 
1624496,57 72 
1624566,03 70 
1626085,61 80 
1626444,92 83 
1627823,78 64 1379
1627975,76 74 132
1627975,76 62 132
1628487,36 152 
1628512,31 69 
1630020,48 93 
1630029,75 103 
1630029,75 101 
1632059,16 100 
1632059,16 4
1632059,16 2164
1632059,16 11
1634042,08 25 
1634069,36 75 
1635277,77 72 
1635348,29 70 
1636863,03 80 
1638226,63 83 
1638650,34 64 424
1638860,26 74 194
1638860,26 61 194
1640370,12 150 
1640400,14 68 
1642408,81 92 
1642408,81 65 
1642424,5 103 
1642424,5 101 
1642965,49 100 
1642965,49 4
1642965,49 2164
1642965,49 11
1644944,08 25 
1645344,39 75 
1646551,44 72 
1646623,43 70 
1648140,74 80 
1649501,88 83 
1650695,85 64 1195
1650915,03 74 201
1650915,03 61 201
1652424,72 150 
1652449,05 68 
1653157,33 92 
1653157,33 65 
1653180,01 103 
1653180,01 101 
1653707,99 100 
1653707,99 4
1653707,99 2164
1653707,99 10
1655686,35 25 
1656739,62 75 
1657948,36 72 
1658018,75 70 
1659538,03 80 
1659910,82 83 
1660909,36 64 999
1661106,38 74 183
1661106,38 62 183
1661619 150 
1661645,3 68 
1663154,57 92 
1663154,57 65 
1663175,67 103 
1663175,67 101 
1663704,31 100 
1663704,31 4
1663704,31 2164
1663704,31 10
1665682,05 25 
1666282,07 75 
1667490,95 72 
1667561,49 70 
1669076,69 80 
1670133,16 83 
1671201,39 64 1069
1671364,76 74 139
1671364,76 62 139
1672374,2 150 
1672399,91 68 
1674408,6 92 
1674408,6 65 
1674424,25 103 
1674424,25 101 
1674960,64 100 
1674960,64 4
1674960,64 2164
1674960,64 10
1676944,05 25 
1677357,49 75 
1678565,99 72 
1678796,51 70 
1680373,12 80 
1680915,26 83 
1681911,73 64 996
1682081,06 74 154
1682081,06 62 154
1683089,66 150 
1683115,42 68 
1683580,62 249
1683638,1 172 
1684023,87 92 
1684023,87 65 
1684046,87 103 
1684046,87 101 
1684576,38 100 
1684576,38 4
1684576,38 2164
1684576,38 11
1686553,3 25 
1687153,47 75 
1688359,78 72 
1688552,47 70 
1690167,84 80 
1691404,18 83 
1691953,24 64 550
1692040,81 256 
1692289,14 74 312
1692289,14 61 312
1693798,49 150 
1693818,44 68 
1694528,46 92 
1694528,46 65 
1694549,23 103 
1694549,23 101 
1695077,45 100 
1695077,45 4
1695077,45 2164
1695077,45 10
1697055,49 25 
1697762,17 75 
1698969,75 72 
1699161,41 70 
1700705,81 80 
1702066,29 83 
1702404,93 64 339
1702578,03 74 153
1702578,03 62 153
1703089,42 150 
1703107,91 68 
1704018,94 92 
1704018,94 65 
1704038,48 103 
1704038,48 101 
1704572,49 100 
1704572,49 4
1704572,49 2164
1704572,49 11
1706558,09 25 
1707331,52 75 
1708537,97 72 
1708610,76 70 
1710124,48 80 
1711489,18 83 
1711968,36 64 480
1712225,06 74 244
1712225,06 61 244
1713234,4 150 
1713262,69 68 
1714772,33 92 
1714772,33 65 
1714793,95 103 
1714793,95 101 
1715321,15 100 
1715321,15 4
1715321,15 2164
1715321,15 10
1717300,21 25 
1718033,73 75 
1719240,09 72 
1719312,89 70 
1720842,61 80 
1721911,26 83 
1722490,71 64 579
1722674,62 74 164
1722674,62 62 164
1723182,85 152 
1723205,28 69 
1725213,88 93 
1725229,52 103 
1725229,52 101 
1727258,26 100 
1727258,26 4
1727258,26 2164
1727258,26 11
1729241,9 25 
1729269,04 75 
1730475,69 72 
1730548,1 70 
1732067,9 80 
1732426,9 83 
1733616,09 64 1190
1733860,1 74 221
1733860,1 61 221
1735368,87 150 
1735401 68 
1736107,99 92 
1736107,99 65 
1736131,66 103 
1736131,66 101 
1736664,69 100 
1736664,69 4
1736664,69 2164
1736664,69 11
1738638,56 25 
1739331,4 75 
1740540,56 72 
1740610,49 70 
1742125,86 80 
1742475,92 83 
1743823,24 64 1348
1744001,72 74 153
1744001,72 61 153
1744515,26 150 
1744543,71 68 
1745358,56 249
1745456,04 92 
1745456,04 65 
1745474,3 103 
1745474,3 101 
1746003,29 100 
1746003,29 1
1746003,29 2164
1746003,29 10
1746003,29 78 
1746003,29 198 
1747980,79 25 
1748661,03 75 
1749867,6 72 
1749939,94 70 
1751455,13 80 
1752511,79 83 
1753430,29 64 919
1753583,57 74 139
1753583,57 62 139
1754591,9 153 
1754618,91 68 
1754986,26 249
1755211,05 172 
1756127,17 92 
1756127,17 65 
1756149,81 103 
1756149,81 101 
1756677,37 100 
1756677,37 1
1756677,37 2164
1756677,37 10
1758656,27 25 
1759256,3 75 
1760465,35 72 
1760535,48 70 
1762052,81 80 
1763413,9 83 
1765082,4 64 1669
1765259,07 74 153
1765259,07 62 153
1766770,38 151 
1766800,24 69 
1768807,89 93 
1768824,5 103 
1768824,5 101 
1770865,24 100 
1770865,24 1
1770865,24 2164
1770865,24 10
1772850,18 25 
1772877,39 75 
1774086,3 72 
1774156,47 70 
1775676,15 80 
1776035,26 83 
1777114,44 64 1080
1777298,65 74 171
1777298,65 62 171
1778309,64 151 
1778329,5 69 
1779172,75 249 
1779238,81 93 
1779260,13 103 
1779260,13 101 
1781287,43 100 
1781287,43 1
1781287,43 2164
1781287,43 11
1783272,52 25 
1783299,53 75 
1784507,74 72 
1784578,75 70 
1786107,53 80 
1787470,39 83 
1787978,85 64 509
1788252,15 74 249
1788252,15 61 249
1788763,98 151 
1788790,95 69 
1789498,36 93 
1789509,08 103 
1789509,08 101 
1791538,03 100 
1791538,03 1
1791538,03 2164
1791538,03 11
1793521,59 25 
1793548,79 75 
1794755,12 72 
1794827,78 70 
1796355,85 80 
1797439,77 83 
2120374,42 64 322935
2120557,66 74 161
2120557,66 62 161
2122069,4 150 
2122091,44 68 
2122467,18 249
2123526,87 172 
2124100,53 92 
2124100,53 65 
2124115,28 103 
2124115,28 101 
2124649,92 100 
2124649,92 1
2124649,92 2164
2124649,92 11
2126634,57 25 
2127301,7 75 
2128509,32 72 
2128700,47 70 
2130314,99 80 
2131552,16 83 
2132028,59 64 477
2132246,91 74 202
2132246,91 61 202
2133758,86 151 
2133779,86 69 
2135288,28 93 
2135310,25 103 
2135310,25 101 
2137337,56 100 
2137337,56 1
2137337,56 2164
2137337,56 10
2139322,7 25 
2139349,57 75 
2140561,89 72 
2140748,76 70 
2142361,71 80 
2142894,01 83 
3516422,13 64 1373529
3516648,86 74 201
3516648,86 62 201
3517659,4 151 
3517690,3 69 
3517854,21 249 
3518399,01 93 
3518421,1 103 
3518421,1 101 
3520448,42 100 
3520448,42 1
3520448,42 2164
3520448,42 11
3522433,34 25 
3522460,83 75 
3523669,68 72 
3523913,04 70 
3525484,2 80 
3527017,87 83 
3529434,09 64 2417
3529617,57 74 161
3529617,57 62 161
3530131,76 150 
3530151,93 68 
3530693,69 249
3530801,24 172 
3532159,49 92 
3532159,49 65 
3532175,18 103 
3532175,18 101 
3532708,11 100 
3532708,11 1
3532708,11 2164
3532708,11 10
3534681,55 25 
3534868,47 75 
3536076,82 72 
3536147,69 70 
3537665,33 80 
3538013,23 83 
3539669,98 64 1658
3539871,09 74 179
3539871,09 62 179
3540879,33 151 
3540907,24 69 
3541818,87 93 
3541837,8 103 
3541837,8 101 
3543866,38 100 
3543866,38 1
3543866,38 2164
3543866,38 11
3545850,21 25 
3545877,74 75 
3547087,12 72 
3547156,51 70 
3548670,83 80 
3549728,16 83 
3555289,53 64 5562
3555497,2 74 185
3555497,2 62 185
3556006,28 150 
3556034,09 68 
3557543,35 92 
3557543,35 65 
3557564,54 103 
3557564,54 101 
3558094,29 100 
3558094,29 1
3558094,29 2164
3558094,29 10
3560070,87 25 
3560884,21 75 
3562092,39 72 
3562163,48 70 
3563683,95 80 
3565055,09 83 
3568381,68 64 3327
3568559,87 74 160
3568559,87 62 160
3570070,14 151 
3570094,11 69 
3571605,23 93 
3571625,35 103 
3571625,35 101 
3573660,4 100 
3573660,4 1
3573660,4 2164
3573660,4 10
3575638,34 25 
3575664,94 75 
3576871,53 72 
3576943,85 70 
3578468,95 80 
3578835,86 83 
3775309,94 64 196475
3775487,92 74 162
3775487,92 62 162
3776498,72 151 
3776526,84 69 
3778537,46 93 
3778551,39 103 
3778551,39 101 
3780579,32 100 
3780579,32 1
3780579,32 2164
3780579,32 11
3782563,91 25 
3783683,67 75 
3784890 72 
3785122,8 70 
3786666,82 80 
3787921,17 83 
3789932,25 64 2012
3790222,88 74 277
3790222,88 63 277
3790422,89 256 
3793402,64 251 
3793402,64 242 
3793425,13 101 
3795438,48 100 
3795438,48 1
3795438,48 2164
3795438,48 11
3795438,48 25 
3795465,78 75 
3796675,86 72 
3796864,52 70 
3798480,4 80 
3799729,58 83 
3800770,13 64 1041
3800958,38 74 176
3800958,38 62 176
3801464,89 150 
3801490,01 68 
3802400,88 92 
3802400,88 65 
3802421,36 103 
3802421,36 101 
3802949,12 100 
3802949,12 1
3802949,12 2164
3802949,12 10
3804927,81 25 
3805621,16 75 
3806830,43 72 
3806900,32 70 
3808422,54 80 
3809791,99 83 
3810463,53 64 672
3810644,83 74 161
3810644,83 62 161
3812154,78 151 
3812178,89 69 
3812890,54 93 
3812910,44 103 
3812910,44 101 
3814953,42 100 
3814953,42 1
3814953,42 2164
3814953,42 11
3816936,06 25 
3816963,15 75 
3818171,24 72 
3818242,17 70 
3819770,89 80 
3821147,29 83 
3821832,44 64 686
3822017,21 74 164
3822017,21 62 164
3823531,95 152 
3823560,26 69 
3824467,7 93 
3824479,01 103 
3824479,01 101 
3826506,62 100 
3826506,62 1
3826506,62 2164
3826506,62 10
3828491,14 25 
3828518,78 75 
3829734,79 72 
3829797,49 70 
3831326,61 80 
3832395,89 83 
3833433 64 1038
3833626,21 74 178
3833626,21 62 178
3834637,85 151 
3834662,94 69 
3835378,73 93 
3835394,17 103 
3835394,17 101 
3837421,25 100 
3837421,25 1
3837421,25 2164
3837421,25 11
3839406,47 25 
3839433,75 75 
3840642,61 72 
3840712,71 70 
3842240,32 80 
3842618,12 83 
3843866,52 64 1249
3844166,88 74 283
3844166,88 61 283
3844675,45 151 
3844698,02 69 
3846211,42 93 
3846229,6 103 
3846229,6 101 
3848263,78 100 
3848263,78 1
3848263,78 2164
3848263,78 10
3850242,01 25 
3850269,85 75 
3851477,7 72 
3851554,39 70 
3853083,75 80 
3854466,64 83 
3854939,81 64 473
3855157,15 74 198
3855157,15 62 198
3856166,46 151 
3856187,43 69 
3857926,63 256 
3857969,17 249 
3867926,96 93 
3867940,5 103 
3867940,5 101 
3869968,02 100 
3869968,02 1
3869968,02 2164
3869968,02 11
3871952,82 25 
3871980,47 75 
3873190,96 72 
3873259 70 
3874802,12 80 
3875870,85 83 
3876797,96 64 928
3877090,85 74 275
3877090,85 63 275
3878603,28 151 
3878630,78 69 
3879545,08 93 
3879562,29 103 
3879562,29 101 
3881594,33 100 
3881594,33 1
3881594,33 2164
3881594,33 11
3883574,55 25 
3883601,89 75 
3884809,11 72 
3884880,9 70 
3886431,46 80 
3886812,86 83 
3888079,7 64 1267
3888250,27 74 158
3888250,27 62 158
3888761,3 150 
3888786,21 68 
3890298,35 92 
3890298,35 65 
3890317,7 103 
3890317,7 101 
3890853,83 100 
3890853,83 1
3890853,83 2164
3890853,83 10
3892837,47 25 
3893570,86 75 
3894787,68 72 
3894863,33 70 
3896417,25 80 
3897808,2 83 
3899061,64 64 1253
3899252,02 74 178
3899252,02 62 178
3900764,3 151 
3900795,69 69 
3901504,56 93 
3901526,38 103 
3901526,38 101 
3903554,03 100 
3903554,03 1
3903554,03 2164
3903554,03 11
3905538,65 25 
3905566,14 75 
3906775,31 72 
3906964,89 70 
3908580,51 80 
3909856,58 83 
3910938,85 64 1083
3911217,11 74 255
3911217,11 61 255
3912228,37 151 
3912256,71 69 
3914266,63 93 
3914280,89 103 
3914280,89 101 
3916311,12 100 
3916311,12 1
3916311,12 2164
3916311,12 11
3918293,39 25 
3918334,16 75 
3919543,18 72 
3919732,83 70 
3921348,99 80 
3921891,44 83 
3922782,17 64 891
3922971,17 74 174
3922971,17 62 174
3923484,43 150 
3923505,24 68 
3924212,89 92 
3924212,89 65 
3924236,73 103 
3924236,73 101 
3924773,89 100 
3924773,89 1
3924773,89 2164
3924773,89 11
3926756,38 25 
3927664,19 75 
3928872,57 72 
3928942,23 70 
3930463,59 80 
3930834,41 83 
3932129,7 64 1295
3932290,75 74 137
3932290,75 62 137
3932803,16 150 
3932822,12 68 
3934835,59 92 
3934835,59 65 
3934858,96 103 
3934858,96 101 
3935387,11 100 
3935387,11 1
3935387,11 2164
3935387,11 11
3937365,27 25 
3938072,03 75 
3939280,1 72 
3939351,17 70 
3940873,64 80 
3941949,74 83 
3942868,01 64 919
3943053,42 74 171
3943053,42 62 171
3944559,85 150 
3944590,76 68 
3946100,38 92 
3946100,38 65 
3946120,88 103 
3946120,88 101 
3946649,65 100 
3946649,65 1
3946649,65 2164
3946649,65 11
3948627,24 25 
3949560,49 75 
3950769,67 72 
3950839,72 70 
3952366,05 80 
3953731,37 83 
3954234,95 64 504
3954421,81 74 172
3954421,81 62 172
3955433,56 150 
3955451,94 68 
3956364,09 92 
3956364,09 65 
3956383,23 103 
3956383,23 101 
3956923,88 100 
3956923,88 1
3956923,88 2164
3956923,88 10
3958902,85 25 
3960182,66 75 
3961392,23 72 
3961461,9 70 
3962980,56 80 
3964046,96 83 
3964636,91 64 591
3964947,49 74 288
3964947,49 61 288
3966459,97 150 
3966487,86 68 
3968497,32 92 
3968497,32 65 
3968511,43 103 
3968511,43 101 
3969040,38 100 
3969040,38 1
3969040,38 2164
3969040,38 10
3971017,79 25 
3971711,49 75 
3972920,86 72 
3972990,31 70 
3974511,25 80 
3974882,53 83 
3976771,93 64 1890
3976965,81 74 178
3976965,81 62 178
3977976,81 151 
3978003,01 69 
3978913,28 93 
3978933,69 103 
3978933,69 101 
3980960,4 100 
3980960,4 1
3980960,4 2164
3980960,4 10
3982946,09 25 
3982973,37 75 
3984182,07 72 
3984252,34 70 
3985773,42 80 
3987143,91 83 
3987701,25 64 558
3987901,56 74 185
3987901,56 62 185
3988413,96 151 
3988437,56 69 
3989948,79 93 
3989969 103 
3989969 101 
3992003,43 100 
3992003,43 1
3992003,43 2164
3992003,43 10
3993981,49 25 
3994009,31 75 
3995216,23 72 
3995287,62 70 
3996815,39 80 
3998179,33 83 
3998808,06 64 629
3998980,38 74 148
3998980,38 62 148
3999988,72 153 
4000007,29 68 
4000716,71 92 
4000716,71 65 
4000737,87 103 
4000737,87 101 
4001268,5 100 
4001268,5 1
4001268,5 2164
4001268,5 11
4003244,16 25 
4003990,86 75 
4005200,81 72 
4005270,15 70 
4006783,93 80 
4007148,84 83 
4008545,38 64 1397
4008718,42 74 157
4008718,42 62 157
4010229,7 150 
4010256,13 68 
4011766,12 92 
4011766,12 65 
4011786,57 103 
4011786,57 101 
4012314,13 100 
4012314,13 1
4012314,13 2164
4012314,13 10
4014292,86 25 
4014999,54 75 
4016207,81 72 
4016278,78 70 
4017793,9 80 
4018850,55 83 
4019913,26 64 1063
4020105,86 74 177
4020105,86 62 177
4020617,36 151 
4020637,29 69 
4022647,63 93 
4022662,13 103 
4022662,13 101 
4024695,1 100 
4024695,1 1
4024695,1 2164
4024695,1 11
4026674,38 25 
4026701,83 75 
4027909,08 72 
4028140,51 70 
4029710,2 80 
4030938,83 83 
4031418,78 64 481
4031596,86 74 166
4031596,86 62 166
4032606,28 152 
4032632,54 69 
4033542,58 93 
4033564,06 103 
4033564,06 101 
4035592,56 100 
4035592,56 1
4035592,56 2164
4035592,56 11
4037576,46 25 
4038296,49 75 
4039502,25 72 
4039575,86 70 
4041091,97 80 
4042454 83 
4043017,79 64 564
4043201,38 74 161
4043201,38 62 161
4044711,7 150 
4044735,03 68 
4045047,19 249
4045129,69 172 
4045442,55 92 
4045442,55 65 
4045465,73 103 
4045465,73 101 
4045993,06 100 
4045993,06 1
4045993,06 2164
4045993,06 11
4047971,97 25 
4048638,89 75 
4049847,08 72 
4049917,92 70 
4051443,6 80 
4051796,95 83 
4053071,85 64 1276
4053268,31 74 179
4053268,31 62 179
4053775,87 150 
4053797,86 68 
4055308,8 92 
4055308,8 65 
4055328,19 103 
4055328,19 101 
4055864,05 100 
4055864,05 1
4055864,05 2164
4055864,05 10
4057847,82 25 
4058634,6 75 
4059843,5 72 
4059913,69 70 
4061438,36 80 
4062498,84 83 
4063407,26 64 909
4063630,56 74 199
4063630,56 63 199
4064640,14 151 
4064659,93 69 
4065369,5 93 
4065390,61 103 
4065390,61 101 
4067418,06 100 
4067418,06 1
4067418,06 2164
4067418,06 10
4069402,94 25 
4069430,21 75 
4070638,06 72 
4070709,24 70 
4072224,22 80 
4073587,56 83 
4074304,8 64 718
4074521,07 74 201
4074521,07 62 201
4076031,96 151 
4076055,16 69 
4078065,67 93 
4078078,57 103 
4078078,57 101 
4080105,93 100 
4080105,93 1
4080105,93 2164
4080105,93 10
4082090,96 25 
4083451,17 75 
4084659,74 72 
4084730,01 70 
4086257,79 80 
4086622,2 83 
4087741,04 64 1119
4087915,58 74 161
4087915,58 62 161
4088428,24 151 
4088450,05 69 
4089357,03 93 
4089367,23 103 
4089367,23 101 
4091407,33 100 
4091407,33 1
4091407,33 2164
4091407,33 10
4093379,66 25 
4103381,66 254 
4103401,21 101 
4105413,67 100 
4105413,67 1
4105413,67 2164
4105413,67 10
4105413,67 25 
4110612,78 75 
4111822,86 72 
4111891,94 70 
4113413,26 80 
4114783,66 83 
4115402,69 64 619
4115563,05 74 140
4115563,05 62 140
4116573,53 151 
4116597,93 69 
4117275,57 249 
4118037,69 182 
4118606,1 93 
4118621,53 103 
4118621,53 101 
4120648,81 100 
4120648,81 1
4120648,81 2164
4120648,81 11
4122633,9 25 
4132216,95 75 
4133425,71 72 
4133656,18 70 
4135231,91 80 
4135761,34 83 
4137287,01 64 1526
4137465,86 74 159
4137465,86 62 159
4138977,67 150 
4139001,95 68 
4140509,4 92 
4140509,4 65 
4140532,38 103 
4140532,38 101 
4141061,43 100 
4141061,43 1
4141061,43 2164
4141061,43 10
4143038,63 25 
4145038,2 75 
4146247,75 72 
4146317,3 70 
4147842,53 80 
4148902,5 83 
4149856,23 64 954
4150003,92 74 129
4150003,92 62 129
4150513,22 151 
4150543,76 69 
4151252,88 93 
4151274,5 103 
4151274,5 101 
4153308,93 100 
4153308,93 1
4153308,93 2164
4153308,93 11
4155286,79 25 
4155314,06 75 
4156520,74 72 
4156593,17 70 
4158108,2 80 
4159471,33 83 
4159872,53 64 401
4160072,06 74 188
4160072,06 61 188
4161583,84 151 
4161605,78 69 
4162517,03 93 
4162536,43 103 
4162536,43 101 
4164564,93 100 
4164564,93 1
4164564,93 2164
4164564,93 11
4166548,84 25 
4167682,05 75 
4168889,9 72 
4168961,1 70 
4170475,24 80 
4170839,99 83 
4184851,62 64 14012
4185011,74 74 138
4185011,74 62 138
4186021,25 150 
4186048,75 68 
4186760,49 92 
4186760,49 65 
4186779,5 103 
4186779,5 101 
4187306,19 100 
4187306,19 1
4187306,19 2164
4187306,19 11
4189285,84 25 
4189819,39 75 
4191027,74 72 
4191098,64 70 
4192621,93 80 
4193696,98 83 
4194687,8 64 991
4194847,29 74 138
4194847,29 62 138
4195357,28 150 
4195378,17 68 
4196287,14 92 
4196287,14 65 
4196308,84 103 
4196308,84 101 
4196844,42 100 
4196844,42 1
4196844,42 2164
4196844,42 10
4198828,48 25 
4199708,53 75 
4200918,2 72 
4200987,64 70 
4202507,68 80 
4202866,43 83 
4204010,37 64 1144
4204221,78 74 197
4204221,78 61 197
4204729,02 150 
4204747,76 68 
4206255,33 92 
4206255,33 65 
4206277,91 103 
4206277,91 101 
4206804,26 100 
4206804,26 1
4206804,26 2164
4206804,26 10
4208784,29 25 
4209464,39 75 
4210671,89 72 
4210743,59 70 
4212259,17 80 
4213621,93 83 
4214244,37 64 623
4214466,23 74 205
4214466,23 61 205
4215476,62 150 
4215502,28 68 
4215939,99 249
4216587,24 171
4217514,18 92 
4217514,18 65 
4217539,88 103 
4217539,88 101 
4218070,71 100 
4218070,71 1
4218070,71 2164
4218070,71 10
4220046,22 25 
4220699,54 75 
4221907,69 72 
4221978,85 70 
4223501,17 80 
4224563,93 83 
4225312,2 64 749
4225524,47 74 188
4225524,47 61 188
4227035,93 150 
4227058,19 68 
4227490,65 249
4229069,04 92 
4229069,04 65 
4229095,01 103 
4229095,01 101 
4229628,35 100 
4229628,35 1
4229628,35 2164
4229628,35 11
4231614,68 25 
4232174,91 75 
4233383,03 72 
4233454,04 70 
4234969,1 80 
4236332,38 83 
4236778,72 64 446
4236940,53 74 142
4236940,53 62 142
4237950,02 150 
4237972,78 68 
4239480,82 92 
4239480,82 65 
4239504,04 103 
4239504,04 101 
4240032,92 100 
4240032,92 1
4240032,92 2164
4240032,92 11
4242010,25 25 
4242224,01 75 
4243435,38 72 
4243623,08 70 
4245233,61 80 
4246461,42 83 
4246882,01 64 421
4247065,97 74 166
4247065,97 62 166
4247577,13 150 
4247596,17 68 
4248308,56 92 
4248308,56 65 
4248326,9 103 
4248326,9 101 
4248853,66 100 
4248853,66 1
4248853,66 2164
4248853,66 10
4250833,28 25 
4251526,65 75 
4252735,48 72 
4252806 70 
4254316,14 80 
4254684,68 83 
4255722,31 64 1038
4255924 74 187
4255924 61 187
4257434,69 152 
4257457,98 69 
4257747,22 249 
4258366,49 93 
4258389,31 103 
4258389,31 101 
4260428,94 100 
4260428,94 1
4260428,94 2164
4260428,94 11
4262401,68 25 
4262428,91 75 
4263637,77 72 
4263707,96 70 
4265226,9 80 
4266599,66 83 
4266982,16 64 383
4267173,42 74 174
4267173,42 62 174
4267684,31 150 
4267707,74 68 
4269218,33 92 
4269218,33 65 
4269238,15 103 
4269238,15 101 
4269766,49 100 
4269766,49 1
4269766,49 2164
4269766,49 10
4271744,49 25 
4273850,58 75 
4275058,15 72 
4275129,79 70 
4276644,44 80 
4276995,2 83 
4278040,15 64 1046
4278286,97 74 226
4278286,97 61 226
4279793,84 150 
4279822,62 68 
4279854,8 249
4280161,55 171
4281834,85 92 
4281834,85 65 
4281859,43 103 
4281859,43 101 
4282387,04 100 
4282387,04 1
4282387,04 2164
4282387,04 11
4284365,81 25 
4285085,95 75 
4286293,95 72 
4286365,12 70 
4287884,06 80 
4288950,19 83 
4289501,18 64 552
4289655,83 74 133
4289655,83 62 133
4290669,39 150 
4290698,22 68 
4291406,27 92 
4291406,27 65 
4291428,79 103 
4291428,79 101 
4291961,52 100 
4291961,52 1
4291961,52 2164
4291961,52 10
4293948,43 25 
4294575,27 75 
4295784,07 72 
4295856,31 70 
4297367,26 80 
4298732,77 83 
4299771,71 64 1039
4299969,11 74 184
4299969,11 61 184
4300477,63 150 
4300507,31 68 
4300779,74 249
4301416,17 92 
4301416,17 65 
4301437,88 103 
4301437,88 101 
4301966,56 100 
4301966,56 1
4301966,56 2164
4301966,56 10
4303944,29 25 
4304531,37 75 
4305741,41 72 
4305810,24 70 
4307336,79 80 
4308395,3 83 
4308973,59 64 578
4309165,61 74 171
4309165,61 61 171
4310177,28 150 
4310195,8 68 
4312208 92 
4312208 65 
4312233,29 103 
4312233,29 101 
4312761,25 100 
4312761,25 1
4312761,25 2164
4312761,25 11
4314739,66 25 
4315233,19 75 
4316440,89 72 
4316512,36 70 
4318032,5 80 
4318404,42 83 
4319422,36 64 1018
4319607,73 74 164
4319607,73 61 164
4321117,23 151 
4321137,89 69 
4321952,5 249 
4322048,99 93 
4322069,22 103 
4322069,22 101 
4324106,41 100 
4324106,41 1
4324106,41 2164
4324106,41 11
4326081,55 25 
4326109,2 75 
4327317,04 72 
4327387,84 70 
4328908,24 80 
4329279,85 83 
4330475,54 64 1196
4330631,38 74 139
4330631,38 62 139
4331641,03 150 
4331667,59 68 
4332378,78 92 
4332378,78 65 
4332398,12 103 
4332398,12 101 
4332927,28 100 
4332927,28 1
4332927,28 2164
4332927,28 11
4334904,49 25 
4336144,45 75 
4337354,18 72 
4337423,52 70 
4338937,3 80 
4339995,36 83 
4341125,69 64 1130
4341331,07 74 190
4341331,07 61 190
4342841,43 151 
4342862,04 69 
4343352,59 249 
4344203,02 181 
4344373,67 93 
4344393,21 103 
4344393,21 101 
4346422,95 100 
4346422,95 1
4346422,95 2164
4346422,95 10
4348405,55 25 
4348432,89 75 
4349639,98 72 
4349871,65 70 
4351442,44 80 
4352976,53 83 
4353459,94 64 484
4353615,76 74 133
4353615,76 62 133
4354125,62 153 
4354151,44 68 
4355661,49 92 
4355661,49 65 
4355681,7 103 
4355681,7 101 
4356217,08 100 
4356217,08 1
4356217,08 2164
4356217,08 10
4358201,56 25 
4360520,83 75 
4361731,01 72 
4361919,96 70 
4363532,03 80 
4365064,96 83 
4365428,86 64 365
4365595,18 74 144
4365595,18 62 144
4366603,92 151 
4366626,97 69 
4367539,81 93 
4367556,82 103 
4367556,82 101 
4369584,17 100 
4369584,17 1
4369584,17 2164
4369584,17 11
4371569,07 25 
4372329,21 75 
4373537,96 72 
4373608,42 70 
4375129,06 80 
4375500,48 83 
4376993,55 64 1493
4377241,16 74 235
4377241,16 61 235
4378752,05 151 
4378780,53 69 
4380792,6 93 
4380804,49 103 
4380804,49 101 
4382831,18 100 
4382831,18 1
4382831,18 2164
4382831,18 10
4384816,98 25 
4384844,01 75 
4386051,57 72 
4386123,06 70 
4387640,21 80 
4388721,47 83 
4389305,42 64 584
4389470,98 74 149
4389470,98 62 149
4389983,81 151 
4390016,24 69 
4390728,3 93 
4390746,94 103 
4390746,94 101 
4392784,1 100 
4392784,1 1
4392784,1 2164
4392784,1 10
4394759,39 25 
4394786,55 75 
4395994,77 72 
4396065,62 70 
4397585,58 80 
4398957,11 83 
4399432,52 64 476
4399602,25 74 152
4399602,25 62 152
4401115,87 151 
4401144,92 69 
4403157,5 93 
4403168,39 103 
4403168,39 101 
4405197,17 100 
4405197,17 1
4405197,17 2164
4405197,17 10
4407180,73 25 
4407208,16 75 
4408416,13 72 
4408486,94 70 
4410002,17 80 
4411072,1 83 
4411873,38 64 802
4412089,39 74 191
4412089,39 63 191
4413097,75 151 
4413126,47 69 
4414037,5 93 
4414057,1 103 
4414057,1 101 
4416085,45 100 
4416085,45 1
4416085,45 2164
4416085,45 11
4418069,44 25 
4428070,29 254 
4428091,07 101 
4430103,61 100 
4430103,61 1
4430103,61 2164
4430103,61 11
4430103,61 25 
4430132,28 75 
4431339,79 72 
4431410,76 70 
4432927,03 80 
4433276 83 
4434675,32 64 1400
4434876,37 74 188
4434876,37 61 188
4435386,03 151 
4435410,48 69 
4436922,06 93 
4436940,82 103 
4436940,82 101 
4438976,09 100 
4438976,09 1
4438976,09 2164
4438976,09 10
4440953,16 25 
4440980,39 75 
4442189,54 72 
4442259,41 70 
4443778,91 80 
4445151,03 83 
4445761,33 64 611
4445907,11 74 130
4445907,11 62 130
4447419,12 153 
4447445,36 68 
4448154,14 92 
4448154,14 65 
4448176,12 103 
4448176,12 101 
4448703,51 100 
4448703,51 1
4448703,51 2164
4448703,51 11
4450682,58 25 
4451375,91 75 
4452585,33 72 
4452654,98 70 
4454175,77 80 
4455253,45 83 
4456000,98 64 748
4456150,03 74 124
4456150,03 62 124
4456661,73 150 
4456681,78 68 
4458190,15 92 
4458190,15 65 
4458211,95 103 
4458211,95 101 
4458740,31 100 
4458740,31 1
4458740,31 2164
4458740,31 11
4460718,18 25 
4463544,22 75 
4464752,97 72 
4464823,23 70 
4466349,32 80 
4466901,95 83 
4468492,21 64 1591
4468643,13 74 129
4468643,13 62 129
4469652,37 150 
4469676,01 68 
4470384,94 92 
4470384,94 65 
4470406,7 103 
4470406,7 101 
4470940,05 100 
4470940,05 1
4470940,05 2164
4470940,05 10
4472926,41 25 
4473566,61 75 
4474772,83 72 
4474845,67 70 
4476363,91 80 
4477723,97 83 
4478488,8 64 765
4478698,97 74 189
4478698,97 61 189
4479209,89 150 
4479232 68 
4481242,55 92 
4481242,55 65 
4481269,9 103 
4481269,9 101 
4481795,3 100 
4481795,3 1
4481795,3 2164
4481795,3 11
4483775,08 25 
4484495,29 75 
4485704,34 72 
4485774,36 70 
4487290,37 80 
4488359,52 83 
4489804,29 64 1445
4489968,98 74 144
4489968,98 62 144
4490981,96 150 
4491012,89 68 
4491925,78 92 
4491925,78 65 
4491944,32 103 
4491944,32 101 
4492472,92 100 
4492472,92 1
4492472,92 2164
4492472,92 10
4494450,76 25 
4495090,85 75 
4496300,78 72 
4496370,04 70 
4497887,83 80 
4498248,73 83 
4499657,04 64 1409
4499876,55 74 202
4499876,55 61 202
4501386,93 150 
4501409,38 68 
4503420,1 92 
4503420,1 65 
4503432,99 103 
4503432,99 101 
4503968,11 100 
4503968,11 1
4503968,11 2164
4503968,11 11
4505952,58 25 
4506566,04 75 
4507775,9 72 
4507845,2 70 
4509360,21 80 
4509723,85 83 
4510740,18 64 1017
4510918 74 155
4510918 62 155
4511430,4 150 
4511457,66 68 
4512165,99 92 
4512165,99 65 
4512189,1 103 
4512189,1 101 
4512715,6 100 
4512715,6 1
4512715,6 2164
4512715,6 10
4514695,43 25 
4515149,17 75 
4516357,59 72 
4516428,24 70 
4517949,64 80 
4519013,27 83 
4519542,89 64 530
4519700,3 74 141
4519700,3 62 141
4520710,53 151 
4520734,53 69 
4522246,2 93 
4522264,82 103 
4522264,82 101 
4524292,46 100 
4524292,46 1
4524292,46 2164
4524292,46 11
4526277,17 25 
4526304,86 75 
4527512,84 72 
4527583,55 70 
4529099,99 80 
4530461,78 83 
4530950,54 64 489
4531109,99 74 142
4531109,99 62 142
4532623,33 150 
4532649,55 68 
4533560,01 92 
4533560,01 65 
4533580,15 103 
4533580,15 101 
4534117,29 100 
4534117,29 1
4534117,29 2164
4534117,29 11
4536099,88 25 
4536686,56 75 
4537894,16 72 
4537965,92 70 
4539480,9 80 
4540537,56 83 
4541482,02 64 945
4541636,87 74 141
4541636,87 62 141
4543147,8 150 
4543178,41 68 
4545188,9 92 
4545188,9 65 
4545215,17 103 
4545215,17 101 
4545743,43 100 
4545743,43 1
4545743,43 2164
4545743,43 10
4547721,52 25 
4548481,62 75 
4549689,83 72 
4549760,81 70 
4551280,11 80 
4552652,47 83 
4553170,65 64 518
4553325,37 74 140
4553325,37 61 140
4554335,03 150 
4554360,52 68 
4555268,91 92 
4555268,91 65 
4555290,96 103 
4555290,96 101 
4555818,57 100 
4555818,57 1
4555818,57 2164
4555818,57 11
4557797,23 25 
4558397,52 75 
4559605,29 72 
4559676,67 70 
4561191,77 80 
4561555,35 83 
4563061,52 64 1506
4563249,51 74 175
4563249,51 61 175
4563761,42 151 
4563783,06 69 
4564086,61 249 
4564496,32 93 
4564513,79 103 
4564513,79 101 
4566549,13 100 
4566549,13 1
4566549,13 2164
4566549,13 10
4568526,26 25 
4568555,6 75 
4569763,89 72 
4570005,61 70 
4571577,54 80 
4572843,9 83 
4573270,46 64 427
4573439,57 74 156
4573439,57 62 156
4573949,38 151 
4573977,92 69 
4575488,3 93 
4575509,06 103 
4575509,06 101 
4577537,15 100 
4577537,15 1
4577537,15 2164
4577537,15 10
4579521,45 25 
4581627,69 75 
4582834,8 72 
4582906,84 70 
4584430,09 80 
4585798,47 83 
4586263,77 64 465
4586506,15 74 228
4586506,15 63 228
4587515,23 153 
4587545,56 68 
4588124,33 249
4589553,29 92 
4589553,29 65 
4589569,84 103 
4589569,84 101 
4590098,67 100 
4590098,67 1
4590098,67 2164
4590098,67 11
4592076,29 25 
4592809,75 75 
4594019,85 72 
4594088,81 70 
4595616,17 80 
4595980,96 83 
4596879,55 64 899
4597063,44 74 163
4597063,44 62 163
4598576,33 150 
4598607,52 68 
4599516,09 92 
4599516,09 65 
4599539,01 103 
4599539,01 101 
4600077,97 100 
4600077,97 6
4600077,97 2164
4600077,97 11
4600077,97 78 
4600077,97 198 
4602058,64 25 
4602525,62 75 
4603735,7 72 
4603804,8 70 
4605318,61 80 
4605683,44 83 
4606893,8 64 1211
4607043,2 74 134
4607043,2 62 134
4608052,06 151 
4608084,06 69 
4609595,13 93 
4609614,89 103 
4609614,89 101 
4611643,74 100 
4611643,74 6
4611643,74 2164
4611643,74 10
4613627,24 25 
4613668,47 75 
4614877,57 72 
4614946,69 70 
4616463,1 80 
4617518,43 83 
4618686,72 64 1168
4618870,16 74 166
4618870,16 62 166
4619382,16 151 
4619412,94 69 
4620120,8 93 
4620143,67 103 
4620143,67 101 
4622170,59 100 
4622170,59 6
4622170,59 2164
4622170,59 10
4624155,98 25 
4624185,44 75 
4625394,1 72 
4625462,24 70 
4626975,22 80 
4628340,61 83 
4629077,95 64 738
4629297,75 74 197
4629297,75 63 197
4630809,74 150 
4630834,8 68 
4631545,32 92 
4631545,32 65 
4631565,45 103 
4631565,45 101 
4632099,5 100 
4632099,5 6
4632099,5 2164
4632099,5 11
4634085,16 25 
4634578,7 75 
4635786,43 72 
4635857,88 70 
4637379,25 80 
4638762,81 83 
4639096,59 64 334
4639267,25 74 158
4639267,25 62 158
4640275,26 151 
4640297,59 69 
4642310,05 93 
4642334,38 103 
4642334,38 101 
4644362,18 100 
4644362,18 6
4644362,18 2164
4644362,18 11
4646346,67 25 
4646373,72 75 
4647580,97 72 
4647652,84 70 
4649167,1 80 
4650224,69 83 
4652099,16 64 1875
4652237,88 74 122
4652237,88 62 122
4653746,93 151 
4653771,78 69 
4654683,06 93 
4654702,46 103 
4654702,46 101 
4656729,71 100 
4656729,71 6
4656729,71 2164
4656729,71 10
4658714,84 25 
4658742,13 75 
4659951,88 72 
4660020,97 70 
4661543,61 80 
4661899,71 83 
4662727,9 64 829
4662905,3 74 153
4662905,3 62 153
4663417,2 151 
4663447,74 69 
4664959,51 93 
4664978,17 103 
4664978,17 101 
4667016,55 100 
4667016,55 6
4667016,55 2164
4667016,55 10
4668990,46 25 
4669017,94 75 
4670225 72 
4670296,72 70 
4671818,08 80 
4673188,47 83 
4673796,95 64 609
4674008,49 74 194
4674008,49 61 194
4674517,74 151 
4674536,11 69 
4675444,14 93 
4675453,74 103 
4675453,74 101 
4677481,58 100 
4677481,58 6
4677481,58 2164
4677481,58 10
4679466,05 25 
4679506,9 75 
4680715,29 72 
4680892,41 70 
4682511,1 80 
4683744,8 83 
4684244,02 64 501
4684450,19 74 187
4684450,19 63 187
4685962,07 150 
4685985,17 68 
4686696,01 92 
4686696,01 65 
4686715,64 103 
4686715,64 101 
4687242,31 100 
4687242,31 6
4687242,31 2164
4687242,31 11
4689222,06 25 
4691767,92 75 
4692975,01 72 
4693167,09 70 
4694696,43 80 
4695059,14 83 
4696069,47 64 1011
4696248,02 74 163
4696248,02 62 163
4697257,4 151 
4697286,81 69 
4698913,49 249 
4699296,62 93 
4699310,29 103 
4699310,29 101 
4701344,69 100 
4701344,69 6
4701344,69 2164
4701344,69 11
4703322,97 25 
4703350,33 75 
4704557,45 72 
4704628,97 70 
4706146,49 80 
4707200,73 83 
4707451,81 64 252
4707616,86 74 150
4707616,86 62 150
4708627,95 153 
4708655,34 68 
4710166,99 92 
4710166,99 65 
4710185,71 103 
4710185,71 101 
4710714,55 100 
4710714,55 6
4710714,55 2164
4710714,55 11
4712692,08 25 
4713345,62 75 
4714553,44 72 
4714624,62 70 
4716140,61 80 
4716503,41 83 
4717336,77 64 833
4717491,39 74 135
4717491,39 62 135
4718000,56 151 
4718023,96 69 
4720033,25 93 
4720048,19 103 
4720048,19 101 
4722076,64 100 
4722076,64 6
4722076,64 2164
4722076,64 11
4724060,64 25 
4724088,13 75 
4725297,98 72 
4725366,93 70 
4726885,28 80 
4728245,24 83 
4728640,59 64 396
4728809,87 74 152
4728809,87 62 152
4730322,65 151 
4730352,77 69 
4731064,04 93 
4731083,58 103 
4731083,58 101 
4733118,84 100 
4733118,84 6
4733118,84 2164
4733118,84 11
4735096,2 25 
4735123,96 75 
4736330,5 72 
4736402,2 70 
4737920,04 80 
4738973,94 83 
4739378,89 64 406
4739582,17 74 182
4739582,17 63 182
4740595,21 153 
4740615,32 68 
4741403,3 249
4741524,72 92 
4741524,72 65 
4741545,83 103 
4741545,83 101 
4742073,12 100 
4742073,12 6
4742073,12 2164
4742073,12 11
4744052,25 25 
4744785,64 75 
4745995,65 72 
4746064,74 70 
4747582,74 80 
4748943,06 83 
4749290,52 64 348
4749445,93 74 144
4749445,93 62 144
4749956,99 151 
4749984,59 69 
4751493,51 93 
4751515,03 103 
4751515,03 101 
4753541,38 100 
4753541,38 6
4753541,38 2164
4753541,38 10
4755527,36 25 
4765529,11 254 
4765548,95 101 
4767561,49 100 
4767561,49 6
4767561,49 2164
4767561,49 10
4767561,49 25 
4767589,4 75 
4768795,94 72 
4768868,47 70 
4770391,34 80 
4770760,58 83 
4771446,54 64 686
4771594,74 74 128
4771594,74 62 128
4773106,21 151 
4773134,82 69 
4774044,68 93 
4774065,49 103 
4774065,49 101 
4776100,59 100 
4776100,59 6
4776100,59 2164
4776100,59 10
4778077,86 25 
4778105,42 75 
4779313,29 72 
4779384,23 70 
4780906,94 80 
4782275,7 83 
4782389,12 64 114
4782657,71 74 249
4782657,71 62 249
4783165,85 151 
4783184,06 69 
4783892,13 93 
4783914,64 103 
4783914,64 101 
4785941,98 100 
4785941,98 6
4785941,98 2164
4785941,98 10
4787927,08 25 
4787956,25 75 
4789165,6 72 
4789233,24 70 
4790746,01 80 
4791111,99 83 
4792009,47 64 898
4792181,35 74 150
4792181,35 62 150
4793688,92 151 
4793712,88 69 
4795723,09 93 
4795736,43 103 
4795736,43 101 
4797763,8 100 
4797763,8 6
4797763,8 2164
4797763,8 10
4799748,7 25 
4809748,98 254 
4809757,13 101 
4811769,59 100 
4811769,59 6
4811769,59 2164
4811769,59 10
4811769,59 25 
4812583,75 75 
4813793,27 72 
4814022,87 70 
4815597,64 80 
4816847,95 83 
4817477,59 64 630
4817668,61 74 168
4817668,61 61 168
4818681,98 151 
4818703,86 69 
4820213,45 93 
4820232,7 103 
4820232,7 101 
4822273,43 100 
4822273,43 6
4822273,43 2164
4822273,43 11
4824245,02 25 
4824272,83 75 
4825479,91 72 
4825658,21 70 
4827194,53 80 
4828576,28 83 
4828994,26 64 418
4829162,72 74 147
4829162,72 62 147
4829670,89 151 
4829697 69 
4830607,41 93 
4830628,35 103 
4830628,35 101 
4832654,97 100 
4832654,97 6
4832654,97 2164
4832654,97 10
4834640,63 25 
4834668,27 75 
4835875,82 72 
4835946,88 70 
4837463,23 80 
4838532,01 83 
4838922,62 64 391
4839149,69 74 205
4839149,69 61 205
4840660,82 151 
4840679,74 69 
4841388,15 93 
4841398,19 103 
4841398,19 101 
4843424,63 100 
4843424,63 6
4843424,63 2164
4843424,63 11
4845409,55 25 
4845450,4 75 
4846660,75 72 
4846729,12 70 
4848256,23 80 
4848621,14 83 
4850260,95 64 1641
4850483,41 74 210
4850483,41 61 210
4851492,66 152 
4851514,39 69 
4853026,55 93 
4853045,54 103 
4853045,54 101 
4855080,16 100 
4855080,16 6
4855080,16 2164
4855080,16 10
4857058,02 25 
4860350,43 75 
4861562,12 72 
4861629,54 70 
4863153,26 80 
4864214,51 83 
4864628,77 64 414
4864844,26 74 190
4864844,26 63 190
4866355,98 150 
4866374,78 68 
4868385,52 92 
4868385,52 65 
4868399,14 103 
4868399,14 101 
4868927,11 100 
4868927,11 6
4868927,11 2164
4868927,11 11
4870905,45 25 
4871359,01 75 
4872569,87 72 
4872638,25 70 
4874156,29 80 
4875529,83 83 
4875729,09 64 200
4875885,91 74 144
4875885,91 62 144
4876396,88 151 
4876424,89 69 
4877134,99 93 
4877155,4 103 
4877155,4 101 
4879183,66 100 
4879183,66 6
4879183,66 2164
4879183,66 11
4881167,86 25 
4881195,06 75 
4882402,21 72 
4882473,97 70 
4883995,68 80 
4884366,07 83 
4885078,65 64 713
4885271,89 74 174
4885271,89 62 174
4886280,69 151 
4886300,68 69 
4887209,95 93 
4887231,15 103 
4887231,15 101 
4889266,44 100 
4889266,44 6
4889266,44 2164
4889266,44 11
4891243,57 25 
4891270,7 75 
4892478,17 72 
4892549,84 70 
4894073,84 80 
4894441,89 83 
4895408,57 64 967
4895617,68 74 190
4895617,68 61 190
4896127,3 150 
4896148,98 68 
4896588,74 249
4898158,23 92 
4898158,23 65 
4898173,47 103 
4898173,47 101 
4898701,2 100 
4898701,2 6
4898701,2 2164
4898701,2 10
4900679,5 25 
4901213,22 75 
4902420,83 72 
4902492,21 70 
4904006,69 80 
4905370,58 83 
4905922,71 64 552
4906141,2 74 198
4906141,2 62 198
4907653,78 151 
4907677,73 69 
4909188,92 93 
4909208,61 103 
4909208,61 101 
4911236,16 100 
4911236,16 6
4911236,16 2164
4911236,16 10
4913220,92 25 
4913262,11 75 
4914469,86 72 
4914540,6 70 
4916059,6 80 
4917125,62 83 
4917856,07 64 731
4918063,53 74 192
4918063,53 61 192
4919075,34 151 
4919100,31 69 
4920610,69 93 
4920630,42 103 
4920630,42 101 
4922663,69 100 
4922663,69 6
4922663,69 2164
4922663,69 10
4924642,78 25 
4924670,06 75 
4925875,84 72 
4926108,93 70 
4926529,58 250 
4926547,89 101 
4928561,12 100 
4928561,12 6
4928561,12 2164
4928561,12 10
4928561,12 25 
4928588,37 75 
4929796,12 72 
4929813,19 70 
4931024,54 80 
4931519,52 83 
4932425,2 64 906
4932614,74 74 177
4932614,74 62 177
4934123,91 151 
4934159,75 69 
4935071,94 93 
4935090,96 103 
4935090,96 101 
4937118,94 100 
4937118,94 6
4937118,94 2164
4937118,94 11
4939103,41 25 
4939130,58 75 
4940338,25 72 
4940409,76 70 
4941933,53 80 
4943008 83 
4944060,69 64 1053
4944228,25 74 154
4944228,25 62 154
4944740,86 151 
4944768,91 69 
4945481,13 93 
4945499,96 103 
4945499,96 101 
4947527,73 100 
4947527,73 6
4947527,73 2164
4947527,73 10
4949512,36 25 
4949539,53 75 
4950747,88 72 
4950818,43 70 
4952332,49 80 
4953696,93 83 
4954106,44 64 410
4954302,31 74 179
4954302,31 63 179
4955314,32 150 
4955337,36 68 
4955737,87 249
4957347,64 92 
4957347,64 65 
4957374,93 103 
4957374,93 101 
4957916,26 100 
4957916,26 6
4957916,26 2164
4957916,26 10
4959894,58 25 
4960401,44 75 
4961609,29 72 
4961680,65 70 
4963197,1 80 
4963559,48 83 
4964552,24 64 993
4964784,98 74 213
4964784,98 62 213
4966296,84 151 
4966320,07 69 
4968330,4 93 
4968343,7 103 
4968343,7 101 
4970370,15 100 
4970370,15 6
4970370,15 2164
4970370,15 11
4972356,16 25 
4972383,73 75 
4973593,29 72 
4973662,36 70 
4975175,77 80 
4976540,54 83 
4977405,1 64 865
4977573,13 74 154
4977573,13 62 154
4978083,15 151 
4978101,62 69 
4979014,03 93 
4979032,51 103 
4979032,51 101 
4981061,4 100 
4981061,4 6
4981061,4 2164
4981061,4 10
4983044,92 25 
4983072,52 75 
4984278,96 72 
4984351,16 70 
4985873,06 80 
4986949,64 83 
4988423,25 64 1474
4988618,72 74 176
4988618,72 62 176
4989631,43 151 
4989656,61 69 
4990365,54 93 
4990387,7 103 
4990387,7 101 
4992423,56 100 
4992423,56 6
4992423,56 2164
4992423,56 11
4994400,02 25 
4994427,74 75 
4995634,11 72 
4995706,25 70 
4997222,92 80 
4997598,34 83 
5000192,67 64 2594
5000357,4 74 147
5000357,4 62 147
5001366,31 151 
5001385,13 69 
5002896,24 93 
5002915,78 103 
5002915,78 101 
5004945,26 100 
5004945,26 6
5004945,26 2164
5004945,26 11
5006928,26 25 
5006955,54 75 
5008161,12 72 
5008234,34 70 
5009756,01 80 
5011125,98 83 
5011734,94 64 610
5011909,18 74 157
5011909,18 62 157
5013417,97 151 
5013447,14 69 
5015314,53 249 
5015455,42 93 
5015470,53 103 
5015470,53 101 
5017498,38 100 
5017498,38 6
5017498,38 2164
5017498,38 10
5019482,95 25 
5019510,44 75 
5020719,72 72 
5020789,19 70 
5022304,26 80 
5023374,17 83 
5026004,75 64 2631
5026214,94 74 189
5026214,94 61 189
5026723,03 151 
5026747,24 69 
5026960,54 249 
5027459 93 
5027478,78 103 
5027478,78 101 
5029514,88 100 
5029514,88 6
5029514,88 2164
5029514,88 10
5031491,24 25 
5031531,76 75 
5032739,4 72 
5032983,93 70 
5034564,14 80 
5035808,97 83 
5036606,74 64 798
5036880,5 74 259
5036880,5 63 259
5037893,38 150 
5037915,93 68 
5038828,07 92 
5038828,07 65 
5038847,25 103 
5038847,25 101 
5039375,28 100 
5039375,28 6
5039375,28 2164
5039375,28 10
5041353,82 25 
5042153,78 75 
5043362,67 72 
5043433,02 70 
5044957,72 80 
5045324,92 83 
5048088,24 64 2764
5048261,29 74 151
5048261,29 62 151
5048771,42 151 
5048792,37 69 
5050302,3 93 
5050322,48 103 
5050322,48 101 
5052349,4 100 
5052349,4 6
5052349,4 2164
5052349,4 11
5054334,82 25 
5056494,32 75 
5057703,39 72 
5057773,59 70 
5059306,16 80 
5060678,55 83 
5069381,09 64 8703
5069591,23 74 197
5069591,23 62 197
5071102,27 151 
5071129,36 69 
5072038,77 93 
5072060,07 103 
5072060,07 101 
5074094,65 100 
5074094,65 6
5074094,65 2164
5074094,65 11
5076072,47 25 
5076099,99 75 
5077310,25 72 
5077378,57 70 
5078899,57 80 
5079257,41 83 
5082359,4 64 3102
5092378,34 252 
5092384,75 101 
5094397,96 100 
5094397,96 6
5094397,96 2164
5094397,96 11
5094397,96 25 
5098343,43 75 
5099555,25 72 
5099622,49 70 
5101141,65 80 
5101501,36 83 
5102544,56 64 1043
5102710,41 74 143
5102710,41 62 143
5103222,33 153 
5103249,2 68 
5104761,6 92 
5104761,6 65 
5104779,56 103 
5104779,56 101 
5105308,71 100 
5105308,71 6
5105308,71 2164
5105308,71 10
5107285,93 25 
5108339,16 75 
5109548 72 
5109618,33 70 
5111138,86 80 
5112510 83 
5113122,18 64 613
5113308,11 74 172
5113308,11 61 172
5114318,09 151 
5114337,98 69 
5115050,07 93 
5115068,52 103 
5115068,52 101 
5117097,61 100 
5117097,61 6
5117097,61 2164
5117097,61 11
5119080,89 25 
5120920,55 75 
5122130,16 72 
5122199,68 70 
5123724,61 80 
5124784,83 83 
5125178,2 64 394
5125386,5 74 189
5125386,5 61 189
5126898,64 150 
5126920,49 68 
5128928,74 92 
5128928,74 65 
5128942,78 103 
5128942,78 101 
5129479,57 100 
5129479,57 6
5129479,57 2164
5129479,57 11
5131462,38 25 
5131969,35 75 
5133178,96 72 
5133248,34 70 
5134765,85 80 
5136140,01 83 
5136545,12 64 406
5136743,03 74 177
5136743,03 61 177
5137754,78 152 
5137780,65 69 
5137908,68 249 
5138811,44 181 
5139291,38 93 
5139311,65 103 
5139311,65 101 
5141338,91 100 
5141338,91 6
5141338,91 2164
5141338,91 10
5143324,06 25 
5143351,2 75 
5144558,33 72 
5144750,27 70 
5146368,14 80 
5146935,46 83 
5147928,36 64 993
5148165,18 74 217
5148165,18 62 217
5148673,51 151 
5148696,74 69 
5149607,64 93 
5149627,29 103 
5149627,29 101 
5151655,01 100 
5151655,01 6
5151655,01 2164
5151655,01 10
5153639,64 25 
5163640,94 254 
5163661,28 101 
5165673,92 100 
5165673,92 6
5165673,92 2164
5165673,92 10
5165673,92 25 
5165701,93 75 
5166908,78 72 
5167100,76 70 
5168276,02 250 
5168286,11 101 
5170299,31 100 
5170299,31 6
5170299,31 2164
5170299,31 10
5170299,31 25 
5170846,15 75 
5172051,75 72 
5172071,11 70 
5173281,43 80 
5173974,94 250 
5173990,37 101 
5176003,71 100 
5176003,71 6
5176003,71 2164
5176003,71 10
5176003,71 25 
5176710,47 75 
5177918,87 72 
5177989,47 70 
5179506,31 80 
5180561,32 83 
5181320,11 64 759
5181540,83 74 207
5181540,83 61 207
5183053,92 151 
5183082,32 69 
5183975,41 249 
5184618,24 181 
5185094,04 93 
5185107,88 103 
5185107,88 101 
5187139,19 100 
5187139,19 6
5187139,19 2164
5187139,19 11
5189118,12 25 
5195755,89 75 
5196964,27 72 
5197034,94 70 
5198554,89 80 
5198926,88 83 
5199781,65 64 855
5199920,36 74 114
5199920,36 62 114
5201429,52 151 
5201448,22 69 
5202158,99 93 
5202178,56 103 
5202178,56 101 
5204206,26 100 
5204206,26 6
5204206,26 2164
5204206,26 11
5206190,88 25 
5206218,1 75 
5207427,26 72 
5207497,07 70 
5209018,75 80 
5210388,76 83 
5211815,22 64 1427
5212028,19 74 200
5212028,19 61 200
5212539,37 150 
5212562,29 68 
5213274,26 92 
5213274,26 65 
5213293,83 103 
5213293,83 101 
5213821,55 100 
5213821,55 6
5213821,55 2164
5213821,55 10
5215800,19 25 
5216480,24 75 
5217690,43 72 
5217759,52 70 
5219276,88 80 
5220331,3 83 
5220817,26 64 486
5221024,31 74 187
5221024,31 61 187
5222034,31 151 
5222065,57 69 
5223575,26 93 
5223596,17 103 
5223596,17 101 
5225633,06 100 
5225633,06 6
5225633,06 2164
5225633,06 10
5227608,51 25 
5227635,72 75 
5228843,85 72 
5228914,74 70 
5230432,72 80 
5231806,38 83 
5232268,8 64 463
5232449,72 74 164
5232449,72 62 164
5232962,47 151 
5232980,74 69 
5233889,77 93 
5233912,87 103 
5233912,87 101 
5235939,72 100 
5235939,72 6
5235939,72 2164
5235939,72 11
5237924,13 25 
5237951,47 75 
5239158,9 72 
5239230,43 70 
5240751,34 80 
5241815,53 83 
5242146,98 64 332
5242345,68 74 184
5242345,68 63 184
5243352,79 151 
5243376,82 69 
5245384,39 93 
5245400,3 103 
5245400,3 101 
5247429,83 100 
5247429,83 6
5247429,83 2164
5247429,83 10
5249412,61 25 
5253011,62 75 
5254219,63 72 
5254290,8 70 
5255811,26 80 
5256169,47 83 
5257175,81 64 1007
5257382,68 74 187
5257382,68 63 187
5258891,41 150 
5258916,79 68 
5259628,68 92 
5259628,68 65 
5259647,69 103 
5259647,69 101 
5260182,88 100 
5260182,88 6
5260182,88 2164
5260182,88 10
5262167,33 25 
5264726,62 75 
5265933,94 72 
5266005,82 70 
5267521,85 80 
5268577,68 83 
5269156,27 64 579
5269362,15 74 185
5269362,15 63 185
5270872,49 152 
5270898,78 69 
5272410,25 93 
5272428,87 103 
5272428,87 101 
5274457,81 100 
5274457,81 6
5274457,81 2164
5274457,81 11
5276441,45 25 
5276468,45 75 
5277674,88 72 
5277907,61 70 
5279484,6 80 
5281012,46 83 
5281471,49 64 459
5281622,12 74 131
5281622,12 62 131
5282132,34 151 
5282160,66 69 
5283070,04 93 
5283091,11 103 
5283091,11 101 
5285118,14 100 
5285118,14 6
5285118,14 2164
5285118,14 10
5287103,41 25 
5287130,74 75 
5288337,96 72 
5288409,74 70 
5289928,46 80 
5290288,56 83 
5291052,23 64 764
5291258,33 74 184
5291258,33 61 184
5292267,71 151 
5292289,39 69 
5294301,71 93 
5294313,02 103 
5294313,02 101 
5296351,67 100 
5296351,67 6
5296351,67 2164
5296351,67 11
5298338,69 25 
5305669,29 75 
5306878,69 72 
5306948,73 70 
5308474,04 80 
5308827,46 83 
5309682,01 64 855
5309714,57 256 
5309723,89 74 18
5309723,89 62 18
5310732,66 151 
5310760,98 69 
5311472,06 93 
5311492,42 103 
5311492,42 101 
5313521,01 100 
5313521,01 6
5313521,01 2164
5313521,01 10
5315504,89 25 
5315532,56 75 
5316740,96 72 
5316811,01 70 
5318331,83 80 
5319702,69 83 
5319972,9 64 271
5320002,91 256 
5320040,61 74 45
5320040,61 62 45
5321550,24 151 
5321570,17 69 
5322673,37 249 
5323582,49 93 
5323594,03 103 
5323594,03 101 
5325622,56 100 
5325622,56 6
5325622,56 2164
5325622,56 11
5327606,45 25 
5332311,49 75 
5333520,33 72 
5333590,68 70 
5335114,36 80 
5336189,16 83 
5336703,2 64 515
5336844,13 74 123
5336844,13 62 123
5337353,58 151 
5337376,49 69 
5338286,72 93 
5338308 103 
5338308 101 
5340342,85 100 
5340342,85 6
5340342,85 2164
5340342,85 11
5342320,34 25 
5342347,43 75 
5343557,4 72 
5343626,49 70 
5345141,31 80 
5346198,18 83 
5346709,42 64 512
5346892,26 74 161
5346892,26 61 161
5348400,79 150 
5348425,98 68 
5349935,79 92 
5349935,79 65 
5349956,3 103 
5349956,3 101 
5350486,59 100 
5350486,59 6
5350486,59 2164
5350486,59 10
5352462,6 25 
5353355,98 75 
5354566,85 72 
5354635,12 70 
5356156,66 80 
5357526,9 83 
5357924,25 64 398
5358119,75 74 180
5358119,75 63 180
5359129,3 150 
5359154 68 
5360210,51 249
5360663,81 92 
5360663,81 65 
5360685,2 103 
5360685,2 101 
5361212,56 100 
5361212,56 6
5361212,56 2164
5361212,56 11
5363191,48 25 
5366643,8 75 
5367852,31 72 
5367923,07 70 
5369448,22 80 
5369814,97 83 
5370857,61 64 1043
5371047,98 74 168
5371047,98 61 168
5371560,61 150 
5371588,8 68 
5372497,81 92 
5372497,81 65 
5372520,09 103 
5372520,09 101 
5373056,72 100 
5373056,72 3
5373056,72 2164
5373056,72 10
5373056,72 78 
5373056,72 198 
5375039,76 25 
5375546,67 75 
5376754,66 72 
5376825,89 70 
5378353,91 80 
5379424,19 83 
5380680,86 64 1257
5380884,21 74 181
5380884,21 63 181
5381392,87 151 
5381425,02 69 
5381664,6 249 
5382133,93 93 
5382142,83 103 
5382142,83 101 
5384170,97 100 
5384170,97 3
5384170,97 2164
5384170,97 11
5386155,24 25 
5386182,5 75 
5387391,39 72 
5387621,33 70 
5389188,44 80 
5389686,55 83 
5390397,67 64 711
5390576,04 74 157
5390576,04 62 157
5392083,55 151 
5392113,43 69 
5394123,48 93 
5394137,64 103 
5394137,64 101 
5396165,97 100 
5396165,97 3
5396165,97 2164
5396165,97 10
5398150,2 25 
5398177,36 75 
5399386,17 72 
5399456,27 70 
5400973,11 80 
5402334,62 83 
5402946,63 64 612
5403113,98 74 154
5403113,98 62 154
5404123,43 150 
5404148,37 68 
5404860,63 92 
5404860,63 65 
5404879,83 103 
5404879,83 101 
5405416,08 100 
5405416,08 3
5405416,08 2164
5405416,08 10
5407399,46 25 
5407999,57 75 
5409206,98 72 
5409278,89 70 
5410794,07 80 
5411864,01 83 
5412298,97 64 436
5412457,01 74 141
5412457,01 62 141
5413965,8 150 
5413985,1 68 
5414893,01 92 
5414893,01 65 
5414915,6 103 
5414915,6 101 
5415443,28 100 
5415443,28 3
5415443,28 2164
5415443,28 11
5417421,91 25 
5418035,44 75 
5419242,38 72 
5419314,6 70 
5420836,14 80 
5421206,66 83 
5422244,62 64 1038
5422477,53 74 218
5422477,53 63 218
5422989,99 150 
5423021,01 68 
5423518,2 249
5424532,81 92 
5424532,81 65 
5424551,55 103 
5424551,55 101 
5429024,88 102 
