58,5 100 
58,5 5
58,5 2165
58,5 11
2026,22 25 
3890,31 75 
5098,96 72 
5409,48 70 
5883,6 250 
5902,92 101 
7915,82 100 
7915,82 5
7915,82 2165
7915,82 11
7915,82 25 
7943,42 75 
8128,09 250 
8141,86 101 
10154,82 100 
10154,82 5
10154,82 2165
10154,82 11
10154,82 25 
10181,27 75 
11387,12 72 
11406,85 70 
12617,12 80 
13113,11 83 
14277,26 64 1164
14508,73 74 209
14508,73 61 209
15518,39 151 
15539,27 69 
17547,5 93 
17566,45 103 
17566,45 101 
19591,39 100 
19591,39 5
19591,39 2165
19591,39 11
21576,6 25 
21603,96 75 
22811,19 72 
22882,87 70 
24407,85 80 
25774,46 83 
27149,35 64 1376
27384,22 74 209
27384,22 62 209
28895,62 150 
28920,17 68 
29832,28 92 
29832,28 65 
29852,34 103 
29852,34 101 
30379,49 100 
30379,49 5
30379,49 2165
30379,49 11
32358,66 25 
32438,99 75 
33647,91 72 
33718,15 70 
35239,31 80 
36316,63 83 
36999,9 64 683
37149,68 74 127
37149,68 62 127
37659,49 150 
37691,34 68 
38404 92 
38404 65 
38422,02 103 
38422,02 101 
38958,33 100 
38958,33 5
38958,33 2165
38958,33 11
40941,63 25 
41581,7 75 
42789 72 
42860,95 70 
44385,48 80 
45459,36 83 
46151,76 64 693
46314,51 74 149
46314,51 62 149
46826,36 150 
46847,46 68 
48357,25 92 
48357,25 65 
48377,78 103 
48377,78 101 
48907,05 100 
48907,05 5
48907,05 2165
48907,05 10
50884,04 25 
51537,54 75 
52745,72 72 
52816,71 70 
54343,26 80 
55708,57 83 
57292,73 64 1585
57491,19 74 184
57491,19 62 184
59002,82 151 
59028,05 69 
59738,47 93 
59759,53 103 
59759,53 101 
61787,54 100 
61787,54 5
61787,54 2165
61787,54 10
63771,85 25 
63799,35 75 
65006,09 72 
65078,05 70 
66600,67 80 
66970,19 83 
68720,79 64 1751
68958,39 74 216
68958,39 61 216
69965,15 153 
69984,14 68 
71996,51 92 
71996,51 65 
72020,93 103 
72020,93 101 
72554,75 100 
72554,75 5
72554,75 2165
72554,75 10
74527,25 25 
74555,01 75 
75763,42 72 
75833,47 70 
77356,95 80 
77725,56 83 
78776,62 64 1051
78974,49 74 183
78974,49 61 183
80487,94 151 
80512,47 69 
81420,62 93 
81443,57 103 
81443,57 101 
83473,09 100 
83473,09 5
83473,09 2165
83473,09 10
85455,88 25 
85483,25 75 
86692,01 72 
86762,17 70 
88285,34 80 
89360,52 83 
91455,03 64 2094
91612,14 74 133
91612,14 62 133
92121,61 151 
92147,17 69 
93656,62 93 
93678,36 103 
93678,36 101 
95706,15 100 
95706,15 5
95706,15 2165
95706,15 10
97690,64 25 
97718,88 75 
98926,16 72 
98996,82 70 
100531,49 80 
101901,8 83 
102312,21 64 411
102504,58 74 175
102504,58 63 175
103516,44 150 
103542,25 68 
105550,28 92 
105550,28 65 
105566,55 103 
105566,55 101 
106102,56 100 
106102,56 5
106102,56 2165
106102,56 11
108086,23 25 
108459,95 75 
109669,36 72 
109738,91 70 
111260,48 80 
112630,59 83 
113695,69 64 1065
113886,98 74 177
113886,98 61 177
115395,21 151 
115417,96 69 
116325,7 93 
116335,51 103 
116335,51 101 
118363,41 100 
118363,41 5
118363,41 2165
118363,41 10
120347,72 25 
120375,05 75 
121582,67 72 
121653,86 70 
123306,34 80 
124518,79 83 
125757,99 64 1239
125965,44 74 194
125965,44 63 194
126474,16 150 
126492,62 68 
127203,31 92 
127203,31 65 
127223,97 103 
127223,97 101 
127751,9 100 
127751,9 5
127751,9 2165
127751,9 11
129730,22 25 
130063,81 75 
131271,88 72 
131342,96 70 
132873,4 80 
133235,1 83 
134609,52 64 1375
134834,29 74 201
134834,29 61 201
135842,4 153 
135861,78 68 
137371,15 92 
137371,15 65 
137393,07 103 
137393,07 101 
137935,15 100 
137935,15 5
137935,15 2165
137935,15 10
139912,53 25 
140192,78 75 
141399,48 72 
141471,97 70 
142996,2 80 
144083,74 83 
144986,34 64 903
145134,19 74 132
145134,19 62 132
145644,67 151 
145670,54 69 
147178,06 93 
147188,78 103 
147188,78 101 
149215,61 100 
149215,61 5
149215,61 2165
149215,61 11
151201,01 25 
151228,36 75 
152438,62 72 
152507,33 70 
154030,56 80 
154412,64 83 
155436,55 64 1024
155626,88 74 175
155626,88 63 175
157140,25 151 
157160,04 69 
157869,6 93 
157890,78 103 
157890,78 101 
159919,11 100 
159919,11 5
159919,11 2165
159919,11 10
161903,09 25 
161930,52 75 
163139,72 72 
163209,48 70 
164739,94 80 
166114,32 83 
167320,9 64 1207
167517,97 74 178
167517,97 62 178
168529,35 151 
168554,03 69 
170565,58 93 
170578,7 103 
170578,7 101 
172612,91 100 
172612,91 5
172612,91 2165
172612,91 10
174591,13 25 
174618,08 75 
175826,36 72 
175897,19 70 
177422,53 80 
178789,31 83 
179470,57 64 682
179666,9 74 172
179666,9 61 172
180180,74 151 
180203,51 69 
181112,16 93 
181134,18 103 
181134,18 101 
183161,31 100 
183161,31 5
183161,31 2165
183161,31 11
185146,49 25 
185173,93 75 
186382,38 72 
186452,69 70 
187979,02 80 
188344,78 83 
189577,37 64 1233
189746,04 74 149
189746,04 62 149
190754,4 150 
190784,83 68 
191496,8 92 
191496,8 65 
191516,39 103 
191516,39 101 
192043,33 100 
192043,33 5
192043,33 2165
192043,33 11
194022,76 25 
194409,63 75 
195619,01 72 
195688,76 70 
197219,75 80 
198287,19 83 
199127,82 64 841
199309,89 74 156
199309,89 62 156
200819,77 150 
200847,91 68 
202360,41 92 
202360,41 65 
202378,4 103 
202378,4 101 
202912,12 100 
202912,12 5
202912,12 2165
202912,12 11
204898,05 25 
205324,83 75 
206535,94 72 
206604,06 70 
208124,12 80 
208496,24 83 
210142,02 64 1646
210365,55 74 204
210365,55 62 204
211873,04 150 
211896,55 68 
212807,05 92 
212807,05 65 
212827,23 103 
212827,23 101 
213354,52 100 
213354,52 5
213354,52 2165
213354,52 10
215333,66 25 
215800,36 75 
217007,13 72 
217079,55 70 
218604,23 80 
219664,8 83 
220169,64 64 505
220371,13 74 188
220371,13 63 188
221378,38 150 
221399,13 68 
221847,86 249
223408,66 92 
223408,66 65 
223423,04 103 
223423,04 101 
223952,39 100 
223952,39 5
223952,39 2165
223952,39 10
225928,98 25 
226555,75 75 
227764,18 72 
227954,94 70 
229584,42 80 
231126,46 83 
231713,16 64 588
231963,68 74 238
231963,68 63 238
232473,96 150 
232500,31 68 
233035,06 249
234509,34 92 
234509,34 65 
234524,62 103 
234524,62 101 
235059,85 100 
235059,85 5
235059,85 2165
235059,85 11
237044,22 25 
237431,08 75 
238640,18 72 
238830,37 70 
240448,74 80 
241708,59 83 
242761,01 64 1052
242976,99 74 202
242976,99 62 202
243985,12 150 
244002,1 68 
244911,01 92 
244911,01 65 
244933,5 103 
244933,5 101 
245460,62 100 
245460,62 5
245460,62 2165
245460,62 11
247439,77 25 
247946,63 75 
249156,51 72 
249345,85 70 
251007,56 80 
252503,94 83 
252912,45 64 409
253074,16 74 145
253074,16 62 145
253585,93 150 
253612,02 68 
254323,59 92 
254323,59 65 
254342,79 103 
254342,79 101 
254869,79 100 
254869,79 5
254869,79 2165
254869,79 10
256849,1 25 
257249,33 75 
258460,64 72 
258528,48 70 
260048,24 80 
260420,61 83 
261696,66 64 1276
261891,18 74 179
261891,18 63 179
263402,25 150 
263434,5 68 
263863,13 249
264943,81 92 
264943,81 65 
264964,87 103 
264964,87 101 
265502,88 100 
265502,88 5
265502,88 2165
265502,88 10
267484,49 25 
267911,38 75 
269118,69 72 
269190,54 70 
270718,39 80 
272082,27 83 
272532,32 64 451
272756,31 74 208
272756,31 63 208
274264,34 152 
274282,42 69 
275192,58 93 
275213,84 103 
275213,84 101 
277241,74 100 
277241,74 5
277241,74 2165
277241,74 10
279226,19 25 
279253,45 75 
280460,9 72 
280534,17 70 
282051,64 80 
282424,4 83 
283789,99 64 1366
284001,25 74 191
284001,25 63 191
285014,56 150 
285037,89 68 
285472,6 249
286153,92 256 
288208,53 173 
290041,37 92 
290041,37 65 
290060,8 103 
290060,8 101 
290589,08 100 
290589,08 5
290589,08 2165
290589,08 11
292567,07 25 
292687,46 75 
293897,94 72 
293966,6 70 
295495,31 80 
296565,02 83 
297107,95 64 543
297323,55 74 199
297323,55 62 199
297835,79 150 
297859,05 68 
298568,2 92 
298568,2 65 
298590,52 103 
298590,52 101 
299125,93 100 
299125,93 5
299125,93 2165
299125,93 11
301110,08 25 
301710,19 75 
302917,4 72 
302989,48 70 
304510,17 80 
304881,47 83 
305838,84 64 957
306013,92 74 160
306013,92 62 160
307523,68 150 
307549,19 68 
309058,33 92 
309058,33 65 
309079,32 103 
309079,32 101 
309607,66 100 
309607,66 5
309607,66 2165
309607,66 10
311585,68 25 
312025,8 75 
313233,9 72 
313306,95 70 
314832,65 80 
316196,62 83 
317177,21 64 981
317420,91 74 225
317420,91 63 225
317928,42 150 
317957,74 68 
318464,84 249
319967,85 92 
319967,85 65 
319981,42 103 
319981,42 101 
320508,35 100 
320508,35 5
320508,35 2165
320508,35 11
322487,66 25 
323101,05 75 
324310,93 72 
324380,28 70 
325904,35 80 
326965,37 83 
327459,49 64 495
327622,91 74 138
327622,91 62 138
328632,37 150 
328659,02 68 
329568,35 92 
329568,35 65 
329590,54 103 
329590,54 101 
330127,6 100 
330127,6 5
330127,6 2165
330127,6 10
332110,31 25 
332616,98 75 
333825,02 72 
333896,13 70 
335416,41 80 
336787,79 83 
337512,87 64 725
337730,64 74 197
337730,64 63 197
339241,4 150 
339268,62 68 
339658,16 249
339708,75 256 
341215,46 92 
341215,46 65 
341238,88 103 
341238,88 101 
341766,43 100 
341766,43 5
341766,43 2165
341766,43 10
343745,19 25 
344092,09 75 
345300,6 72 
345371,33 70 
346894,76 80 
347276,67 83 
348786,26 64 1510
349028,86 74 220
349028,86 63 220
349536,2 150 
349556,8 68 
350017,16 249
351067,88 92 
351067,88 65 
351087,97 103 
351087,97 101 
351618,93 100 
351618,93 5
351618,93 2165
351618,93 11
353594,38 25 
354034,42 75 
355241,93 72 
355313,66 70 
356839,95 80 
357912,09 83 
359019,62 64 1108
359183,54 74 139
359183,54 62 139
360195,59 150 
360218,98 68 
360928,76 92 
360928,76 65 
360950,44 103 
360950,44 101 
361483,7 100 
361483,7 5
361483,7 2165
361483,7 11
363456,89 25 
364216,77 75 
365424,26 72 
365495,98 70 
367013,71 80 
367374,67 83 
368470,12 64 1096
368657,97 74 164
368657,97 62 164
369167,88 150 
369189,09 68 
370097,27 92 
370097,27 65 
370119,86 103 
370119,86 101 
370648,71 100 
370648,71 5
370648,71 2165
370648,71 11
372627,2 25 
373186,27 75 
374395,25 72 
374465,4 70 
375995,49 80 
377370,4 83 
377785,16 64 416
377971,67 74 162
377971,67 62 162
378983,62 150 
379011,61 68 
381021,84 92 
381021,84 65 
381035,13 103 
381035,13 101 
381561,91 100 
381561,91 5
381561,91 2165
381561,91 10
383541,42 25 
384114,96 75 
385324,11 72 
385394,06 70 
386918,63 80 
387979,19 83 
388845,64 64 867
389055,34 74 197
389055,34 63 197
390567,7 150 
390593,38 68 
391128,64 249
392103,01 92 
392103,01 65 
392123,69 103 
392123,69 101 
392661,25 100 
392661,25 5
392661,25 2165
392661,25 10
394643,4 25 
395336,85 75 
396544,34 72 
396615,93 70 
398139,67 80 
399507,67 83 
400237,97 64 730
400506,74 74 253
400506,74 63 253
402017,19 150 
402041,02 68 
402525,78 249
402950,35 92 
402950,35 65 
402972,38 103 
402972,38 101 
403499,39 100 
403499,39 5
403499,39 2165
403499,39 11
405478,73 25 
406238,77 75 
407445,48 72 
407517,97 70 
409048,07 80 
410116,35 83 
410802,33 64 687
410966,79 74 144
410966,79 62 144
411480,01 152 
411503,27 69 
413512,76 93 
413527,88 103 
413527,88 101 
415557,73 100 
415557,73 5
415557,73 2165
415557,73 11
417540,34 25 
417567,43 75 
418773,6 72 
418846,44 70 
420373,43 80 
420738,45 83 
422204,83 64 1466
422397,87 74 167
422397,87 62 167
423407,08 150 
423431,76 68 
424140,22 92 
424140,22 65 
424163,31 103 
424163,31 101 
424696,24 100 
424696,24 5
424696,24 2165
424696,24 10
426682,91 25 
427269,77 75 
428477,26 72 
428548,91 70 
430072,82 80 
431147,37 83 
431607,05 64 461
431828,91 74 202
431828,91 63 202
432337,15 150 
432362,02 68 
432856,82 249
433871,92 92 
433871,92 65 
433892,45 103 
433892,45 101 
434424,75 100 
434424,75 5
434424,75 2165
434424,75 11
436398,88 25 
436945,56 75 
438153,48 72 
438224,98 70 
439756,47 80 
440116,9 83 
441341,6 64 1225
441516,4 74 161
441516,4 62 161
443024,03 150 
443050,04 68 
443759,8 92 
443759,8 65 
443781,55 103 
443781,55 101 
444310,79 100 
444310,79 5
444310,79 2165
444310,79 10
446287,88 25 
446874,63 75 
448082,24 72 
448153,89 70 
449679,97 80 
451045,46 83 
452593,03 64 1548
452900,69 74 283
452900,69 63 283
453910,29 150 
453939,43 68 
454446,47 249
455948,87 92 
455948,87 65 
455962,99 103 
455962,99 101 
456499,71 100 
456499,71 5
456499,71 2165
456499,71 10
458482,67 25 
458816,17 75 
460023,85 72 
460215,37 70 
461833,7 80 
462413,91 83 
463386,23 64 973
463610,94 74 211
463610,94 63 211
465119,3 152 
465147,95 69 
466055,33 93 
466065,41 103 
466065,41 101 
468093,88 100 
468093,88 5
468093,88 2165
468093,88 11
470077,67 25 
470105,12 75 
471314,04 72 
471383,85 70 
472908,84 80 
474275,57 83 
479890,55 64 5615
480070,66 74 158
480070,66 62 158
481081,45 150 
481100,45 68 
482612,59 92 
482612,59 65 
482631,57 103 
482631,57 101 
483160,04 100 
483160,04 5
483160,04 2165
483160,04 11
485137,9 25 
485724,75 75 
486934,55 72 
487003,84 70 
488530,33 80 
489589,12 83 
490239,73 64 651
490408,87 74 154
490408,87 62 154
490922,12 150 
490950,28 68 
492461,4 92 
492461,4 65 
492480,68 103 
492480,68 101 
493013,67 100 
493013,67 5
493013,67 2165
493013,67 11
495000,3 25 
495560,43 75 
496770,47 72 
496839,64 70 
498361,47 80 
498731,71 83 
499792,06 64 1061
499988,14 74 178
499988,14 62 178
500500,34 150 
500519,5 68 
501229,42 92 
501229,42 65 
501250,26 103 
501250,26 101 
501777,2 100 
501777,2 5
501777,2 2165
501777,2 11
503756,55 25 
504409,99 75 
505618,59 72 
505689,18 70 
507211,33 80 
508287,61 83 
509023,05 64 736
509180,95 74 134
509180,95 62 134
510692,35 150 
510715,45 68 
512726,26 92 
512726,26 65 
512752 103 
512752 101 
513280,38 100 
513280,38 5
513280,38 2165
513280,38 10
515258,26 25 
515631,81 75 
516841,22 72 
516911 70 
518432,53 80 
519816,87 83 
520606,94 64 791
520821,64 74 193
520821,64 63 193
521829,16 150 
521856,97 68 
522339,69 249
522767,11 92 
522767,11 65 
522787,66 103 
522787,66 101 
523326,18 100 
523326,18 5
523326,18 2165
523326,18 10
525307,35 25 
525920,78 75 
527129,25 72 
527199,95 70 
528727,42 80 
529092,12 83 
530990,6 64 1899
531199,63 74 189
531199,63 63 189
532709,6 150 
532731,56 68 
533195,48 249
534740,24 92 
534740,24 65 
534757,06 103 
534757,06 101 
535285,11 100 
535285,11 5
535285,11 2165
535285,11 10
537262,33 25 
537888,98 75 
539097,8 72 
539168,24 70 
540692,34 80 
541766,54 83 
542460,06 64 694
542713,99 74 241
542713,99 63 241
543225,67 150 
543247,07 68 
543956,34 92 
543956,34 65 
543978,61 103 
543978,61 101 
544507,09 100 
544507,09 5
544507,09 2165
544507,09 10
546484,93 25 
547351,58 75 
548560,71 72 
548630,72 70 
550158,02 80 
551522,39 83 
552182,79 64 661
552407,02 74 205
552407,02 63 205
553416,49 150 
553443,46 68 
553902,67 249
554353,67 92 
554353,67 65 
554374,17 103 
554374,17 101 
554909,26 100 
554909,26 5
554909,26 2165
554909,26 11
556893,82 25 
557493,85 75 
558701,25 72 
558773,07 70 
560292,3 80 
561664,75 83 
562178,73 64 514
562367,38 74 170
562367,38 62 170
563378,67 150 
563398,38 68 
564907,77 92 
564907,77 65 
564929,64 103 
564929,64 101 
565460,36 100 
565460,36 5
565460,36 2165
565460,36 11
567435,9 25 
567996,11 75 
569206,01 72 
569448,52 70 
571067,63 80 
571433,83 83 
572499,31 64 1066
572641,85 74 129
572641,85 62 129
574153,82 150 
574181,22 68 
576190,54 92 
576190,54 65 
576204,8 103 
576204,8 101 
576731,71 100 
576731,71 5
576731,71 2165
576731,71 11
578711,06 25 
579444,48 75 
580651,68 72 
580723,71 70 
582249,3 80 
583308,86 83 
583751,3 64 443
583839,09 256 
584022,78 74 248
584022,78 62 248
584533,26 150 
584563,52 68 
585475,37 92 
585475,37 65 
585494,15 103 
585494,15 101 
586026,83 100 
586026,83 5
586026,83 2165
586026,83 10
588000,53 25 
588773,81 75 
589981,13 72 
590052,98 70 
591573,73 80 
591945,09 83 
593305,1 64 1361
593543,75 74 226
593543,75 63 226
594553,86 150 
594572,54 68 
595103,02 249
596082,36 92 
596082,36 65 
596102,93 103 
596102,93 101 
596629,88 100 
596629,88 5
596629,88 2165
596629,88 11
598609,2 25 
599342,61 75 
600551,15 72 
600621,76 70 
602149,64 80 
603220,26 83 
603892,11 64 673
604067,89 74 155
604067,89 62 155
604577,75 152 
604607,01 69 
605317,6 93 
605338,99 103 
605338,99 101 
607368,96 100 
607368,96 5
607368,96 2165
607368,96 10
609351,28 25 
609379,26 75 
610586,76 72 
610657,46 70 
612182,17 80 
613549,14 83 
629193,26 64 15645
629404,79 74 196
629404,79 63 196
630914 150 
630942,83 68 
631653,04 92 
631653,04 65 
631674,4 103 
631674,4 101 
632210,01 100 
632210,01 5
632210,01 2165
632210,01 10
634194,01 25 
634794,15 75 
636002,31 72 
636073,34 70 
637599,89 80 
638671,77 83 
639323,88 64 652
639557,67 74 220
639557,67 63 220
641068,81 150 
641099,25 68 
641606,13 249
642007,2 92 
642007,2 65 
642029,89 103 
642029,89 101 
642557,97 100 
642557,97 5
642557,97 2165
642557,97 10
644536,22 25 
645056,34 75 
646264,05 72 
646335,62 70 
647876,19 80 
649253,94 83 
649937,32 64 684
650173,87 74 214
650173,87 63 214
650683,95 150 
650707,82 68 
651225,01 249
652717,18 92 
652717,18 65 
652731,99 103 
652731,99 101 
653260,77 100 
653260,77 5
653260,77 2165
653260,77 11
655238,27 25 
655851,73 75 
657059,38 72 
657130,95 70 
658656,13 80 
659022,99 83 
660269,12 64 1247
660410,31 256 
660437,07 74 149
660437,07 62 149
661445,14 150 
661463,08 68 
662974,02 92 
662974,02 65 
662994,21 103 
662994,21 101 
663532,9 100 
663532,9 5
663532,9 2165
663532,9 11
665513,85 25 
666793,71 75 
668001,39 72 
668072,94 70 
669594,7 80 
670231,54 83 
671243,15 64 1012
671461,21 74 204
671461,21 62 204
672971,88 150 
672992,24 68 
674500,1 92 
674500,1 65 
674522,61 103 
674522,61 101 
675049,68 100 
675049,68 5
675049,68 2165
675049,68 10
677028,96 25 
677589,02 75 
678798,25 72 
678868,23 70 
680389,29 80 
681466,7 83 
682345,37 64 879
682556,43 74 197
682556,43 63 197
683568,73 150 
683587,83 68 
685597,57 92 
685597,57 65 
685611,39 103 
685611,39 101 
686139,4 100 
686139,4 5
686139,4 2165
686139,4 11
688117,52 25 
688637,91 75 
689847,83 72 
689916,85 70 
691439,01 80 
692808,5 83 
693251,18 64 443
693431,39 74 157
693431,39 62 157
693944,1 150 
693969,86 68 
694681,3 92 
694681,3 65 
694700,67 103 
694700,67 101 
695235,43 100 
695235,43 5
695235,43 2165
695235,43 10
697220,28 25 
697833,75 75 
699040,37 72 
699112,92 70 
700633,4 80 
702004,59 83 
703455,91 64 1451
703671,02 74 201
703671,02 63 201
705182,8 150 
705205,07 68 
705667,65 249
706115,2 92 
706115,2 65 
706135,84 103 
706135,84 101 
706663,26 100 
706663,26 5
706663,26 2165
706663,26 10
708642,04 25 
709242,14 75 
710449,8 72 
710521,36 70 
712049,4 80 
713119,76 83 
714127,73 64 1008
714152,29 256 
714378,75 74 233
714378,75 63 233
714890,03 150 
714906,79 68 
715817,2 92 
715817,2 65 
715838,34 103 
715838,34 101 
716366,11 100 
716366,11 5
716366,11 2165
716366,11 11
718344,56 25 
718984,69 75 
720193,01 72 
720263,83 70 
721786,65 80 
722155,88 83 
723743,79 64 1588
723934,46 74 166
723934,46 62 166
724946,27 150 
724969,98 68 
725677,88 92 
725677,88 65 
725700,68 103 
725700,68 101 
726238,08 100 
726238,08 5
726238,08 2165
726238,08 11
728220,34 25 
728660,52 75 
729869,45 72 
729939,71 70 
731466,41 80 
732844,62 83 
733885,21 64 1041
734143,78 74 233
734143,78 63 233
734652,91 153 
734672,48 68 
735326,03 249
736681,48 92 
736681,48 65 
736709,31 103 
736709,31 101 
737237,72 100 
737237,72 5
737237,72 2165
737237,72 11
739215,7 25 
740108,9 75 
741315,93 72 
741388,25 70 
742914,47 80 
743986,59 83 
744567,27 64 581
744740,98 74 155
744740,98 62 155
746251,14 150 
746280,05 68 
746580,61 249
746667,46 172 
747789,21 92 
747789,21 65 
747811,18 103 
747811,18 101 
748340,48 100 
748340,48 5
748340,48 2165
748340,48 10
750317,54 25 
750797,65 75 
752007,98 72 
752076,89 70 
753597,94 80 
753968,93 83 
755269,04 64 1300
755482,97 74 195
755482,97 63 195
756492,68 150 
756516,38 68 
757226,22 92 
757226,22 65 
757247,19 103 
757247,19 101 
757781,47 100 
757781,47 5
757781,47 2165
757781,47 10
759766,84 25 
760966,61 75 
761273,72 250 
761284,98 101 
763298,65 100 
763298,65 5
763298,65 2165
763298,65 10
763298,65 25 
763325,09 75 
764532,35 72 
764605,05 70 
766126,28 80 
767509,76 83 
768238,66 64 729
768450,9 74 195
768450,9 63 195
769460,1 150 
769484,15 68 
769967,04 249
770395,24 92 
770395,24 65 
770414,86 103 
770414,86 101 
770942,71 100 
770942,71 5
770942,71 2165
770942,71 11
772921,19 25 
773574,59 75 
774786,03 72 
774973,69 70 
776649,16 80 
777145,65 83 
778472,55 64 1327
778668,37 74 177
778668,37 62 177
779179,02 150 
779199,34 68 
781213,16 92 
781213,16 65 
781236,91 103 
781236,91 101 
781763,69 100 
781763,69 5
781763,69 2165
781763,69 10
783743,27 25 
784183,37 75 
785393,68 72 
785462,52 70 
786980,58 80 
788048,52 83 
788594,14 64 547
788812,11 74 205
788812,11 63 205
790324,87 150 
790355,27 68 
790835,95 249
791864,27 92 
791864,27 65 
791885,62 103 
791885,62 101 
792423,7 100 
792423,7 5
792423,7 2165
792423,7 10
794405,28 25 
795205,29 75 
796413,72 72 
796484,45 70 
798000,27 80 
799362,82 83 
799795,01 64 432
800025,51 74 210
800025,51 63 210
801035,62 150 
801056,51 68 
801765,07 92 
801765,07 65 
801788,07 103 
801788,07 101 
802315,02 100 
802315,02 5
802315,02 2165
802315,02 10
804294,42 25 
805081,04 75 
806289,76 72 
806360,28 70 
807882,97 80 
808252,32 83 
810023,17 64 1772
810303,79 74 266
810303,79 63 266
811812,32 150 
811839,75 68 
812645,53 249
813849,04 92 
813849,04 65 
813876,24 103 
813876,24 101 
814406,24 100 
814406,24 5
814406,24 2165
814406,24 11
816382,5 25 
817062,59 75 
818270,14 72 
818341,9 70 
819858,01 80 
820913,56 83 
821833,37 64 920
822009,66 74 163
822009,66 62 163
822517,61 150 
822540,62 68 
822873,01 249
823007,06 172 
824049,05 92 
824049,05 65 
824071,85 103 
824071,85 101 
824611,15 100 
824611,15 5
824611,15 2165
824611,15 11
826591,45 25 
827071,66 75 
828279,49 72 
828350,79 70 
829870,3 80 
831216,06 83 
832673,5 64 1458
832859,8 74 165
832859,8 62 165
833368,71 150 
833390,87 68 
834300,14 92 
834300,14 65 
834320,77 103 
834320,77 101 
834850,33 100 
834850,33 5
834850,33 2165
834850,33 11
836827,1 25 
837573,83 75 
838781,92 72 
838852,95 70 
840367,27 80 
841424,75 83 
842161,05 64 737
842334,08 74 151
842334,08 62 151
843345,37 150 
843372,46 68 
845381,54 92 
845381,54 65 
845409,36 103 
845409,36 101 
845936,26 100 
845936,26 5
845936,26 2165
845936,26 11
847915,68 25 
848515,93 75 
849725,42 72 
849794,93 70 
851310,11 80 
851673,67 83 
853307,04 64 1633
853477,91 74 152
853477,91 62 152
854987,08 152 
855007,07 69 
855919,78 93 
855938,2 103 
855938,2 101 
857973,04 100 
857973,04 5
857973,04 2165
857973,04 10
859950,47 25 
859977,69 75 
861185,78 72 
861256,7 70 
862775 80 
863135,41 83 
864475 64 1340
864677,43 74 183
864677,43 63 183
866186,69 150 
866216,07 68 
866774,64 249
866925,32 92 
866925,32 65 
866946,8 103 
866946,8 101 
867474,49 100 
867474,49 5
867474,49 2165
867474,49 10
869453,15 25 
870226,44 75 
871435,3 72 
871505,7 70 
873033,43 80 
874090,75 83 
874873,42 64 783
875110,14 74 221
875110,14 63 221
876122,37 150 
876144,36 68 
876795,09 249
877653,01 92 
877653,01 65 
877675,51 103 
877675,51 101 
878204,21 100 
878204,21 2
878204,21 2165
878204,21 10
878204,21 78 
878204,21 198 
880181,8 25 
881181,79 75 
882388,18 72 
882700,91 70 
884463,1 80 
886099,01 83 
886688,17 64 590
886892,06 74 181
886892,06 63 181
887403,09 151 
887433,62 69 
889441,78 93 
889457,18 103 
889457,18 101 
891493,12 100 
891493,12 2
891493,12 2165
891493,12 10
893469,5 25 
893496,68 75 
894704,4 72 
894895,65 70 
896437,26 80 
896801,03 83 
924691,9 64 27891
924894,99 74 186
924894,99 63 186
925904,9 151 
925924,01 69 
926632,01 93 
926641,19 103 
926641,19 101 
928668,05 100 
928668,05 2
928668,05 2165
928668,05 10
930653,52 25 
930680,76 75 
931886,6 72 
931959,77 70 
933482,62 80 
934851,36 83 
1154856,88 64 220006
1155079,03 74 203
1155079,03 63 203
1156588,08 151 
1156610,41 69 
1157521,89 93 
1157542,25 103 
1157542,25 101 
1159569,29 100 
1159569,29 2
1159569,29 2165
1159569,29 11
1161554,51 25 
1161582,01 75 
1162788,44 72 
1162860,75 70 
1164386,78 80 
1165459,17 83 
1166149,84 64 691
1166302,4 74 137
1166302,4 62 137
1166812,78 151 
1166832,99 69 
1168341,03 93 
1168351,01 103 
1168351,01 101 
1170390,31 100 
1170390,31 2
1170390,31 2165
1170390,31 11
1172376,54 25 
1172403,78 75 
1173613,32 72 
1173682,77 70 
1175207,59 80 
1175574,84 83 
1176766,89 64 1192
1176902,25 74 115
1176902,25 62 115
1177913,01 151 
1177935,73 69 
1179946,71 93 
1179959,31 103 
1179959,31 101 
1181985,98 100 
1181985,98 2
1181985,98 2165
1181985,98 10
1183971,56 25 
1183998,61 75 
1185205,58 72 
1185277,76 70 
1186803,57 80 
1187862,87 83 
1188369,34 64 507
1188491,74 74 96
1188491,74 62 96
1189999,55 151 
1190023,39 69 
1190931,22 93 
1190941,27 103 
1190941,27 101 
1192969,32 100 
1192969,32 2
1192969,32 2165
1192969,32 11
1194953,51 25 
1194980,85 75 
1196189,54 72 
1196259,77 70 
1197781,2 80 
1199151,44 83 
1204254,45 64 5104
1204470 74 201
1204470 61 201
1204978,48 151 
1205003,32 69 
1205712,71 93 
1205734,88 103 
1205734,88 101 
1207768,05 100 
1207768,05 2
1207768,05 2165
1207768,05 10
1209747,19 25 
1209774,32 75 
1210982,59 72 
1211053,38 70 
1212580,55 80 
1213651,84 83 
1214712,36 64 1061
1214909,88 74 179
1214909,88 63 179
1215419,26 151 
1215439,22 69 
1216949,43 93 
1216970,08 103 
1216970,08 101 
1218997,5 100 
1218997,5 2
1218997,5 2165
1218997,5 11
1220982,35 25 
1221595,78 75 
1222802,82 72 
1222874,98 70 
1224400,96 80 
1225766,72 83 
1226308,49 64 542
1226484,12 74 159
1226484,12 62 159
1227494,35 153 
1227513,68 68 
1229024,09 92 
1229024,09 65 
1229044,92 103 
1229044,92 101 
1229571,89 100 
1229571,89 2
1229571,89 2165
1229571,89 11
1231551,24 25 
1232191,34 75 
1233398,25 72 
1233470,44 70 
1234993,08 80 
1235362,53 83 
1236767,22 64 1405
1236941,3 74 153
1236941,3 62 153
1238452,15 151 
1238483,11 69 
1240491,75 93 
1240506,59 103 
1240506,59 101 
1242543,55 100 
1242543,55 2
1242543,55 2165
1242543,55 10
1244518,98 25 
1244546,63 75 
1245754,92 72 
1245825,13 70 
1247352,83 80 
1248716,81 83 
1249253,84 64 537
1249414,18 74 138
1249414,18 62 138
1250423,7 151 
1250451,33 69 
1251363,29 93 
1251381,97 103 
1251381,97 101 
1253408,68 100 
1253408,68 2
1253408,68 2165
1253408,68 11
1255394,31 25 
1255421,8 75 
1256629,07 72 
1256700,51 70 
1258217,81 80 
1259285,75 83 
1260556,24 64 1271
1260786,16 74 209
1260786,16 61 209
1262297,97 151 
1262326,28 69 
1263035,27 93 
1263056,97 103 
1263056,97 101 
1265083,79 100 
1265083,79 2
1265083,79 2165
1265083,79 10
1267069,27 25 
1267096,85 75 
1268305,1 72 
1268375,52 70 
1269898,39 80 
1270267,54 83 
1275338,86 64 5071
1275591,39 74 233
1275591,39 63 233
1276101,36 151 
1276119,95 69 
1277186,99 249 
1278129,78 93 
1278143,8 103 
1278143,8 101 
1280181,19 100 
1280181,19 2
1280181,19 2165
1280181,19 11
1282156,13 25 
1282183,32 75 
1283390,3 72 
1283462,34 70 
1284984,91 80 
1286047,85 83 
1287198,14 64 1151
1287378 74 158
1287378 62 158
1288389,77 151 
1288407,7 69 
1289120,24 93 
1289139,09 103 
1289139,09 101 
1291167,66 100 
1291167,66 2
1291167,66 2165
1291167,66 11
1293151,46 25 
1294058,06 75 
1295267,02 72 
1295337,3 70 
1296866,99 80 
1298228,94 83 
1298959 64 730
1299199,28 74 225
1299199,28 61 225
1299709,3 151 
1299736,9 69 
1301246,58 93 
1301267,23 103 
1301267,23 101 
1303294,23 100 
1303294,23 2
1303294,23 2165
1303294,23 10
1305279,57 25 
1305306,76 75 
1306515,98 72 
1306585,77 70 
1308111,73 80 
1308491,18 83 
1309475,39 64 985
1309688,73 74 198
1309688,73 63 198
1311200,17 153 
1311225,25 68 
1312136,89 92 
1312136,89 65 
1312156,99 103 
1312156,99 101 
1312695,88 100 
1312695,88 2
1312695,88 2165
1312695,88 10
1314675,62 25 
1315062,43 75 
1316269,67 72 
1316341,55 70 
1317865,31 80 
1318926,68 83 
1319694,76 64 768
1319849,71 74 137
1319849,71 62 137
1320361,1 151 
1320381,26 69 
1321293,59 93 
1321311,98 103 
1321311,98 101 
1323339,52 100 
1323339,52 2
1323339,52 2165
1323339,52 11
1325324,31 25 
1325352,31 75 
1326560,27 72 
1326630,53 70 
1328153,19 80 
1328522,6 83 
1330682,46 64 2160
1330921,86 74 214
1330921,86 61 214
1331933,81 151 
1331962,65 69 
1332962,59 249 
1333436,65 181 
1333470,45 93 
1333480,23 103 
1333480,23 101 
1335507,45 100 
1335507,45 2
1335507,45 2165
1335507,45 10
1337492,47 25 
1337519,8 75 
1338729,04 72 
1338798,6 70 
1340318,62 80 
1341690,26 83 
1342150,9 64 461
1342315,53 74 146
1342315,53 62 146
1343827,81 151 
1343851,19 69 
1344560,31 93 
1344582,01 103 
1344582,01 101 
1346616,93 100 
1346616,93 2
1346616,93 2165
1346616,93 11
1348594,31 25 
1349074,45 75 
1350283,53 72 
1350353,67 70 
1351875,78 80 
1352245,7 83 
1353768,49 64 1523
1353978,41 74 187
1353978,41 63 187
1354986,22 150 
1355006,62 68 
1357015,59 92 
1357015,59 65 
1357030,01 103 
1357030,01 101 
1357561,5 100 
1357561,5 2
1357561,5 2165
1357561,5 10
1359536,38 25 
1359709,94 75 
1360917,68 72 
1360989,12 70 
1362514,3 80 
1363587,54 83 
1364205,84 64 618
1364390,91 74 164
1364390,91 62 164
1364902,68 153 
1364922,2 68 
1365630,25 92 
1365630,25 65 
1365652,97 103 
1365652,97 101 
1366180,03 100 
1366180,03 2
1366180,03 2165
1366180,03 11
1368159,26 25 
1368666,09 75 
1369875,55 72 
1369945,28 70 
1371464,7 80 
1372836,89 83 
1373438,43 64 602
1373653,92 74 191
1373653,92 61 191
1375166,37 151 
1375197,46 69 
1377206,83 93 
1377221,31 103 
1377221,31 101 
1379257,7 100 
1379257,7 2
1379257,7 2165
1379257,7 10
1381233,64 25 
1381260,87 75 
1382468,91 72 
1382539,9 70 
1384059,02 80 
1385431,48 83 
1387400,41 64 1969
1387613,11 74 197
1387613,11 61 197
1388622,75 150 
1388645,39 68 
1390152,72 92 
1390152,72 65 
1390175,82 103 
1390175,82 101 
1390704,38 100 
1390704,38 2
1390704,38 2165
1390704,38 11
1392682,11 25 
1393308,84 75 
1394516,68 72 
1394588,05 70 
1396107,64 80 
1396493,46 83 
1397377,32 64 885
1397578,61 74 179
1397578,61 61 179
1399088,65 151 
1399107,62 69 
1399293,98 249 
1400019,58 93 
1400038,27 103 
1400038,27 101 
1402067,54 100 
1402067,54 2
1402067,54 2165
1402067,54 10
1404050,55 25 
1404077,92 75 
1405285,86 72 
1405356,84 70 
1406890,84 80 
1407968,59 83 
1408637,57 64 669
1408833,31 74 172
1408833,31 61 172
1409345,41 150 
1409369,76 68 
1410279,38 92 
1410279,38 65 
1410300,47 103 
1410300,47 101 
1410835,25 100 
1410835,25 2
1410835,25 2165
1410835,25 11
1412820,1 25 
1413380,34 75 
1414588,38 72 
1414659,41 70 
1416182,03 80 
1417244,54 83 
1417918,25 64 674
1418143,25 74 206
1418143,25 61 206
1419652,19 151 
1419671,29 69 
1419920,15 249 
1420382,5 93 
1420402,83 103 
1420402,83 101 
1422430,27 100 
1422430,27 2
1422430,27 2165
1422430,27 10
1424415,18 25 
1424442,32 75 
1425649,59 72 
1425721,36 70 
1427242,6 80 
1427613,43 83 
1428585,39 64 973
1428794,17 74 195
1428794,17 61 195
1429301,39 150 
1429321,42 68 
1430831,13 92 
1430831,13 65 
1430851,66 103 
1430851,66 101 
1431378,55 100 
1431378,55 2
1431378,55 2165
1431378,55 11
1433357,97 25 
1434011,35 75 
1435218,65 72 
1435290,55 70 
1436814,56 80 
1438182,23 83 
1438781,46 64 600
1439007,26 74 213
1439007,26 61 213
1440017,8 151 
1440036,29 69 
1442046,08 93 
1442060,19 103 
1442060,19 101 
1444099,45 100 
1444099,45 2
1444099,45 2165
1444099,45 10
1446072,77 25 
1446102,92 75 
1447310,38 72 
1447378,7 70 
1448900,92 80 
1449270,82 83 
1460090,06 64 10820
1460363,08 74 258
1460363,08 61 258
1461872 150 
1461893,99 68 
1462435,62 249
1462605,06 92 
1462605,06 65 
1462624,74 103 
1462624,74 101 
1463153,75 100 
1463153,75 2
1463153,75 2165
1463153,75 11
1465131,03 25 
1466757,35 75 
1467965,95 72 
1468196,44 70 
1470001,19 80 
1471714,54 83 
1472129,4 64 415
1472285,12 74 132
1472285,12 62 132
1473295,47 151 
1473316,02 69 
1474829,23 93 
1474846,13 103 
1474846,13 101 
1476874,69 100 
1476874,69 2
1476874,69 2165
1476874,69 10
1478858,5 25 
1478885,76 75 
1480096,33 72 
1480324,61 70 
1481892,27 80 
1483096,29 83 
1483504,08 64 409
1483722,51 74 200
1483722,51 61 200
1484235,19 150 
1484256,92 68 
1485167,77 92 
1485167,77 65 
1485188,39 103 
1485188,39 101 
1485726,28 100 
1485726,28 2
1485726,28 2165
1485726,28 11
1487707,98 25 
1488308,21 75 
1489516,98 72 
1489587,26 70 
1491105,16 80 
1492478,93 83 
1492838,68 64 360
1493055,71 74 204
1493055,71 61 204
1493567,06 151 
1493587,15 69 
1495594,19 93 
1495610,59 103 
1495610,59 101 
1497637,4 100 
1497637,4 2
1497637,4 2165
1497637,4 10
1499622,88 25 
1499650,08 75 
1500859,25 72 
1500929,07 70 
1502452,46 80 
1503527,56 83 
1504224,05 64 697
1504380,7 74 134
1504380,7 62 134
1505390,38 151 
1505408,57 69 
1507416,96 93 
1507432,19 103 
1507432,19 101 
1509459,65 100 
1509459,65 2
1509459,65 2165
1509459,65 11
1511444,52 25 
1512097,92 75 
1513305,71 72 
1513377,1 70 
1514893,61 80 
1515255,88 83 
1516308,35 64 1053
1516531,76 74 210
1516531,76 61 210
1518043,68 151 
1518069,88 69 
1518977,94 93 
1518987,35 103 
1518987,35 101 
1521021,6 100 
1521021,6 2
1521021,6 2165
1521021,6 10
1522999,58 25 
1523026,88 75 
1524234,79 72 
1524305,81 70 
1525826,07 80 
1526904,19 83 
1527406,21 64 503
1527613,6 74 190
1527613,6 63 190
1529123,31 151 
1529144,69 69 
1530656,25 93 
1530675,56 103 
1530675,56 101 
1532703,86 100 
1532703,86 2
1532703,86 2165
1532703,86 11
1534687,86 25 
1534714,95 75 
1535923,82 72 
1535994,1 70 
1537506,31 80 
1538859,09 83 
1539206,18 64 348
1539370,67 74 152
1539370,67 62 152
1539883 151 
1539913,92 69 
1540625,9 93 
1540644,59 103 
1540644,59 101 
1542674,82 100 
1542674,82 2
1542674,82 2165
1542674,82 10
1544656,89 25 
1544697,53 75 
1545905,81 72 
1545976,48 70 
1547497,18 80 
1547868,52 83 
1549610,22 64 1742
1549776,42 74 149
1549776,42 62 149
1550787,46 151 
1550815,82 69 
1551524,28 93 
1551546,58 103 
1551546,58 101 
1553579,16 100 
1553579,16 2
1553579,16 2165
1553579,16 11
1555558,87 25 
1556852,02 75 
1558060,64 72 
1558132,73 70 
1559648,3 80 
1560703,05 83 
1561698,16 64 996
1561728,45 256 
1561951,55 74 236
1561951,55 61 236
1562960,78 153 
1562984,03 68 
1563894,24 92 
1563894,24 65 
1563914,62 103 
1563914,62 101 
1564442,93 100 
1564442,93 2
1564442,93 2165
1564442,93 11
1566420,96 25 
1567100,95 75 
1568310,64 72 
1568380,2 70 
1569897,15 80 
1571258,47 83 
1571741,63 64 483
1571968,55 74 204
1571968,55 61 204
1572477,43 151 
1572499,79 69 
1574508,89 93 
1574523,39 103 
1574523,39 101 
1576550,29 100 
1576550,29 2
1576550,29 2165
1576550,29 10
1578535,69 25 
1578563,4 75 
1579769,33 72 
1579841,9 70 
1581357,04 80 
1581707,48 83 
1582938,07 64 1231
1583195,67 74 236
1583195,67 63 236
1584704,93 151 
1584734,66 69 
1586243,8 93 
1586265,04 103 
1586265,04 101 
1588303,39 100 
1588303,39 2
1588303,39 2165
1588303,39 11
1590277,38 25 
1590304,7 75 
1591511,35 72 
1591583,62 70 
1593102,75 80 
1593478,47 83 
1594571,36 64 1096
1594711,83 74 117
1594711,83 62 117
1596219,73 151 
1596249,63 69 
1597760,12 93 
1597780,1 103 
1597780,1 101 
1599806,99 100 
1599806,99 2
1599806,99 2165
1599806,99 10
1601792,4 25 
1601820,35 75 
1603027,07 72 
1603098,67 70 
1604621,24 80 
1605990,31 83 
1607514,16 64 1525
1607754,99 74 219
1607754,99 61 219
1608763,62 152 
1608790,94 69 
1609499,12 93 
1609521,74 103 
1609521,74 101 
1611549,07 100 
1611549,07 2
1611549,07 2165
1611549,07 11
1613534,04 25 
1613561,54 75 
1614767,54 72 
1614840,26 70 
1616364,62 80 
1617425,56 83 
1618037,08 64 612
1618217,31 74 166
1618217,31 62 166
1618725,25 151 
1618746,87 69 
1619654,87 93 
1619677,39 103 
1619677,39 101 
1621712,49 100 
1621712,49 2
1621712,49 2165
1621712,49 10
1623689,71 25 
1624009,95 75 
1625217,31 72 
1625289,14 70 
1626813,86 80 
1627181,16 83 
1628401,25 64 1221
1628596,63 74 176
1628596,63 61 176
1629107,13 150 
1629129,05 68 
1629616,7 249
1631140,25 92 
1631140,25 65 
1631165,78 103 
1631165,78 101 
1631695,75 100 
1631695,75 2
1631695,75 2165
1631695,75 11
1633672,07 25 
1634178,87 75 
1635387,81 72 
1635458,08 70 
1636973,76 80 
1638043,18 83 
1638593,93 64 551
1638803,98 74 188
1638803,98 61 188
1639816,08 151 
1639844,52 69 
1639989,59 249 
1640688,32 181 
1641852,96 93 
1641867,85 103 
1641867,85 101 
1643896,57 100 
1643896,57 2
1643896,57 2165
1643896,57 10
1645880,14 25 
1645907,46 75 
1647115,24 72 
1647186,38 70 
1648719,34 80 
1650091,34 83 
1650445,68 64 355
1650685,3 74 221
1650685,3 63 221
1652194,86 151 
1652224,9 69 
1652932,35 93 
1652943,11 103 
1652943,11 101 
1654976,88 100 
1654976,88 2
1654976,88 2165
1654976,88 11
1656955,52 25 
1656996,04 75 
1658203,31 72 
1658274,94 70 
1659793,98 80 
1661166,59 83 
1661733,9 64 567
1661949,76 74 197
1661949,76 62 197
1662962,16 151 
1662981,21 69 
1664490,58 93 
1664511,48 103 
1664511,48 101 
1666540,88 100 
1666540,88 2
1666540,88 2165
1666540,88 10
1668523,79 25 
1668551,16 75 
1669760,26 72 
1669830,1 70 
1671356,9 80 
1671735,42 83 
1672584,95 64 850
1672785,53 74 184
1672785,53 61 184
1673296,67 150 
1673322,5 68 
1674230,21 92 
1674230,21 65 
1674253,97 103 
1674253,97 101 
1674782,7 100 
1674782,7 2
1674782,7 2165
1674782,7 10
1676760,33 25 
1677400,44 75 
1678607,48 72 
1678679,55 70 
1680203,48 80 
1681277,98 83 
1681818,03 64 540
1682000,74 74 163
1682000,74 61 163
1683511,81 150 
1683532,29 68 
1683959,37 249
1685541,64 92 
1685541,64 65 
1685555,99 103 
1685555,99 101 
1686088,93 100 
1686088,93 2
1686088,93 2165
1686088,93 11
1688075,4 25 
1688490,94 75 
1689698,52 72 
1689941,41 70 
1691622,67 80 
1692699,73 83 
1693538,84 64 839
1693715,43 74 163
1693715,43 62 163
1695226,03 151 
1695247,19 69 
1696759,71 93 
1696777,65 103 
1696777,65 101 
1698806,86 100 
1698806,86 2
1698806,86 2165
1698806,86 10
1700789,95 25 
1700817,2 75 
1702025 72 
1702096,22 70 
1703618,46 80 
1704987,87 83 
1705140,78 64 153
1705358,58 74 197
1705358,58 61 197
1705868,26 150 
1705895,22 68 
1706602,01 92 
1706602,01 65 
1706626,76 103 
1706626,76 101 
1707153,86 100 
1707153,86 2
1707153,86 2165
1707153,86 11
1709133,04 25 
1711892,28 75 
1713100,77 72 
1713171,45 70 
1714697,38 80 
1715063,53 83 
1715717,56 64 654
1715936 74 194
1715936 61 194
1716950,08 151 
1716970,86 69 
1717603,7 249 
1717883,22 93 
1717901,92 103 
1717901,92 101 
1719939,75 100 
1719939,75 2
1719939,75 2165
1719939,75 11
1721927,57 25 
1721954,77 75 
1723162,06 72 
1723233,75 70 
1724748,72 80 
1726112,12 83 
1726526,17 64 415
1726728,32 74 190
1726728,32 61 190
1728235,06 153 
1728259,69 68 
1729768,14 92 
1729768,14 65 
1729790,22 103 
1729790,22 101 
1730317,52 100 
1730317,52 2
1730317,52 2165
1730317,52 10
1732296,47 25 
1732603,36 75 
1733811,03 72 
1733882,52 70 
1735413,29 80 
1736494,36 83 
1737186,44 64 693
1737391,1 74 191
1737391,1 61 191
1737903,43 150 
1737922,46 68 
1738444,38 249
1738531,99 171
1738833,83 92 
1738833,83 65 
1738852,97 103 
1738852,97 101 
1739381,17 100 
1739381,17 2
1739381,17 2165
1739381,17 10
1741359,21 25 
1741919,38 75 
1743126,56 72 
1743198,57 70 
1744719,38 80 
1745090,6 83 
1745769,97 64 679
1745958,9 74 175
1745958,9 61 175
1746968,6 150 
1746997,6 68 
1747705,48 92 
1747705,48 65 
1747729,12 103 
1747729,12 101 
1748264,01 100 
1748264,01 2
1748264,01 2165
1748264,01 11
1750248,79 25 
1750769,01 75 
1751978,31 72 
1752048,06 70 
1753573,77 80 
1754633,19 83 
1755122,67 64 490
1755259,48 74 120
1755259,48 62 120
1756771,86 151 
1756793,35 69 
1758802,06 93 
1758817,73 103 
1758817,73 101 
1760845,35 100 
1760845,35 2
1760845,35 2165
1760845,35 10
1762830,01 25 
1762858,01 75 
1764064,64 72 
1764136,27 70 
1765661,98 80 
1767027,89 83 
1767059,25 64 32
1767342,64 74 262
1767342,64 61 262
1767852,78 150 
1767882,78 68 
1768297,04 249
1769391,65 92 
1769391,65 65 
1769413,18 103 
1769413,18 101 
1769941,66 100 
1769941,66 2
1769941,66 2165
1769941,66 11
1771919,51 25 
1772572,97 75 
1773781,28 72 
1773852,06 70 
1775375,32 80 
1775757,55 83 
1777324,56 64 1567
1777517,33 74 175
1777517,33 63 175
1778529,92 150 
1778557,46 68 
1779268,63 92 
1779268,63 65 
1779289,05 103 
1779289,05 101 
1779824,04 100 
1779824,04 2
1779824,04 2165
1779824,04 10
1781808,59 25 
1782315,39 75 
1783522,43 72 
1783594,56 70 
1785121,98 80 
1786499,53 83 
1786923,43 64 424
1787159,97 74 221
1787159,97 61 221
1788670,13 150 
1788700,47 68 
1789608,43 92 
1789608,43 65 
1789631,16 103 
1789631,16 101 
1790161,53 100 
1790161,53 2
1790161,53 2165
1790161,53 11
1792137,47 25 
1792737,53 75 
1793946,18 72 
1794016,76 70 
1795543,1 80 
1796615,24 83 
1797152,11 64 537
1797347,67 74 173
1797347,67 62 173
1798355,21 151 
1798376,4 69 
1800366,8 249 
1800390,9 93 
1800400,02 103 
1800400,02 101 
1802428,67 100 
1802428,67 6
1802428,67 2165
1802428,67 10
1802428,67 78 
1802428,67 198 
1804412,17 25 
1804439,51 75 
1805649,13 72 
1805878,31 70 
1807464,11 80 
1808023,62 83 
1808682,86 64 659
1808916,1 74 214
1808916,1 61 214
1809427,66 151 
1809450,95 69 
1811463,16 93 
1811475,19 103 
1811475,19 101 
1813509,7 100 
1813509,7 6
1813509,7 2165
1813509,7 10
1815487,56 25 
1815514,86 75 
1816724,89 72 
1816793,65 70 
1818310,99 80 
1819378,78 83 
1819772,56 64 394
1819985,39 74 194
1819985,39 61 194
1820497,74 151 
1820526,8 69 
1822038,15 93 
1822057,28 103 
1822057,28 101 
1824084,59 100 
1824084,59 6
1824084,59 2165
1824084,59 11
1826069,6 25 
1826096,86 75 
1827304,45 72 
1827375,8 70 
1828889,88 80 
1829241,22 83 
1830601,86 64 1361
1830787,54 74 174
1830787,54 62 174
1832299,32 151 
1832321,81 69 
1833101,84 249 
1833230,45 93 
1833239,17 103 
1833239,17 101 
1835267,42 100 
1835267,42 6
1835267,42 2165
1835267,42 10
1837251,5 25 
1837278,66 75 
1838486,34 72 
1838557,67 70 
1840079,99 80 
1841449,28 83 
1841625,47 64 177
1841889 74 240
1841889 61 240
1842899,8 151 
1842929,83 69 
1843637,15 93 
1843648,1 103 
1843648,1 101 
1845685,27 100 
1845685,27 6
1845685,27 2165
1845685,27 10
1847660,35 25 
1847900,57 75 
1849110 72 
1849181,34 70 
1850698,71 80 
1852058,07 83 
1852809,7 64 752
1853045,97 74 215
1853045,97 61 215
1854056,63 151 
1854085,82 69 
1854536,12 249 
1854793,72 93 
1854803,63 103 
1854803,63 101 
1856833,19 100 
1856833,19 6
1856833,19 2165
1856833,19 11
1858815,59 25 
1858842,98 75 
1860050,8 72 
1860121,75 70 
1861634,96 80 
1862693,61 83 
1863214,12 64 521
1863381,98 74 142
1863381,98 62 142
1863894,44 151 
1863920,75 69 
1864831,66 93 
1864852,25 103 
1864852,25 101 
1866880,09 100 
1866880,09 6
1866880,09 2165
1866880,09 11
1868864,53 25 
1868891,96 75 
1870101,28 72 
1870170,75 70 
1871685,25 80 
1872049,51 83 
1873410,93 64 1361
1873682,24 74 247
1873682,24 61 247
1875190,3 150 
1875209,39 68 
1876718,09 92 
1876718,09 65 
1876740,49 103 
1876740,49 101 
1877275,37 100 
1877275,37 6
1877275,37 2165
1877275,37 11
1879260,08 25 
1879740,32 75 
1880948,86 72 
1881019,49 70 
1882539,29 80 
1883604,77 83 
1884206,84 64 602
1884404,76 74 174
1884404,76 61 174
1885415,23 150 
1885444,91 68 
1885698,88 249
1885810,36 171
1887454,69 92 
1887454,69 65 
1887469,22 103 
1887469,22 101 
1887995,95 100 
1887995,95 6
1887995,95 2165
1887995,95 10
1889975,5 25 
1890535,73 75 
1891745,13 72 
1891814,92 70 
1893332,4 80 
1893706,88 83 
1894733,08 64 1027
1894892,09 74 146
1894892,09 61 146
1895402,64 151 
1895428,15 69 
1897438,2 93 
1897451,66 103 
1897451,66 101 
1899478,63 100 
1899478,63 6
1899478,63 2165
1899478,63 11
1901463,96 25 
1901491,09 75 
1902699,22 72 
1902770,15 70 
1904291,67 80 
1905648,45 83 
1906193,24 64 546
1906390,12 74 183
1906390,12 61 183
1907901,22 152 
1907928,55 69 
1908838,43 93 
1908860,06 103 
1908860,06 101 
1910896,61 100 
1910896,61 6
1910896,61 2165
1910896,61 11
1912872,43 25 
1912899,65 75 
1914107,46 72 
1914338,49 70 
1915912,45 80 
1916483,85 83 
1917365,77 64 882
1917583,7 74 194
1917583,7 61 194
1919092,9 150 
1919110,49 68 
1919481,74 249
1920620,41 92 
1920620,41 65 
1920641,72 103 
1920641,72 101 
1921169,98 100 
1921169,98 6
1921169,98 2165
1921169,98 11
1923147,94 25 
1923321,56 75 
1924528,71 72 
1924720,74 70 
1926266,92 80 
1927345,83 83 
1927760,95 64 415
1927988,25 74 203
1927988,25 61 203
1928498,19 150 
1928519,75 68 
1928736,55 249
1928914,79 171
1929227,46 92 
1929227,46 65 
1929251,34 103 
1929251,34 101 
1929778,57 100 
1929778,57 6
1929778,57 2165
1929778,57 10
1931757,58 25 
1932024,51 75 
1933233,39 72 
1933303,67 70 
1934827,96 80 
1936195,31 83 
1936646,34 64 452
1936816,3 74 155
1936816,3 62 155
1937827,94 151 
1937848,68 69 
1938558,55 93 
1938580,63 103 
1938580,63 101 
1940617,02 100 
1940617,02 6
1940617,02 2165
1940617,02 10
1942592,93 25 
1942620,57 75 
1943827,71 72 
1943899,16 70 
1945427,48 80 
1946484,3 83 
1947026,96 64 543
1947291,48 74 248
1947291,48 61 248
1947802,94 153 
1947831,49 68 
1948272,93 249
1949838,39 92 
1949838,39 65 
1949855,8 103 
1949855,8 101 
1950384,09 100 
1950384,09 6
1950384,09 2165
1950384,09 11
1952362,11 25 
1952842,35 75 
1954050,37 72 
1954121,47 70 
1955648,02 80 
1957013,07 83 
1957382,74 64 370
1957530,23 74 131
1957530,23 62 131
1958542,14 151 
1958560,89 69 
1960071,35 93 
1960091,41 103 
1960091,41 101 
1962119,39 100 
1962119,39 6
1962119,39 2165
1962119,39 10
1964103,74 25 
1964130,85 75 
1965338,9 72 
1965409,91 70 
1966937,74 80 
1967302,04 83 
1968267,47 64 966
1968452,81 74 165
1968452,81 61 165
1969964,32 151 
1969983,01 69 
1970769,38 249 
1970892,86 93 
1970913,45 103 
1970913,45 101 
1972954,01 100 
1972954,01 6
1972954,01 2165
1972954,01 10
1974926,14 25 
1974953,02 75 
1976161,74 72 
1976232,05 70 
1977756,82 80 
1979136,91 83 
1979534,81 64 398
1979747,77 74 198
1979747,77 61 198
1980757,1 151 
1980777,38 69 
1982788,3 93 
1982801,68 103 
1982801,68 101 
1984829,87 100 
1984829,87 6
1984829,87 2165
1984829,87 11
1986813,97 25 
1986841,28 75 
1988048,53 72 
1988120,22 70 
1989642,97 80 
1990718,63 83 
1991399,57 64 681
1991595,83 74 171
1991595,83 62 171
1992104,75 151 
1992133,2 69 
1992844,05 93 
1992864,04 103 
1992864,04 101 
1994891,09 100 
1994891,09 6
1994891,09 2165
1994891,09 10
1996876,38 25 
1996917,07 75 
1998125,29 72 
1998195,91 70 
1999716,11 80 
2000087,99 83 
2001114,73 64 1027
2001312,83 74 172
2001312,83 61 172
2002824,17 151 
2002848,66 69 
2003794,13 249 
2004303,95 181 
2004360,7 93 
2004379,07 103 
2004379,07 101 
2006412,86 100 
2006412,86 6
2006412,86 2165
2006412,86 11
2008391,43 25 
2008418,52 75 
2009626,77 72 
2009697,69 70 
2011228,61 80 
2012296,03 83 
2013924,29 64 1629
2014115,25 74 167
2014115,25 62 167
2015126,29 151 
2015150,01 69 
2016061,97 93 
2016080,72 103 
2016080,72 101 
2018109,82 100 
2018109,82 6
2018109,82 2165
2018109,82 10
2020093,06 25 
2020120,43 75 
2021327,1 72 
2021399,24 70 
2022923,72 80 
2023291,41 83 
2024230,94 64 940
2024440,71 74 190
2024440,71 61 190
2024952,03 153 
2024971,73 68 
2025681,41 92 
2025681,41 65 
2025704,18 103 
2025704,18 101 
2026231,02 100 
2026231,02 6
2026231,02 2165
2026231,02 11
2028209,68 25 
2028729,92 75 
2029938,36 72 
2030008,87 70 
2031532,95 80 
2032900,6 83 
2033525,25 64 625
2033716,27 74 177
2033716,27 63 177
2035226,98 151 
2035248,04 69 
2036756,86 93 
2036778,52 103 
2036778,52 101 
2038813,15 100 
2038813,15 6
2038813,15 2165
2038813,15 10
2040791,02 25 
2040818,62 75 
2042024,82 72 
2042097,05 70 
2043621,86 80 
2044708,84 83 
2045130,31 64 422
2045320,31 74 172
2045320,31 61 172
2046329,22 151 
2046350,05 69 
2048359,44 93 
2048373,56 103 
2048373,56 101 
2050401,2 100 
2050401,2 6
2050401,2 2165
2050401,2 11
2052385,86 25 
2052413,79 75 
2053620,26 72 
2053692,11 70 
2055216,1 80 
2056583,7 83 
2058542,18 64 1959
2058756,85 74 201
2058756,85 63 201
2060266,67 151 
2060290,79 69 
2061202,49 93 
2061221,39 103 
2061221,39 101 
2063248,45 100 
2063248,45 6
2063248,45 2165
2063248,45 11
2065233,7 25 
2065261 75 
2066469,95 72 
2066539,95 70 
2068072,52 80 
2068432,04 83 
2069716,45 64 1285
2069919,9 74 182
2069919,9 61 182
2070430,97 150 
2070459,72 68 
2071169,97 92 
2071169,97 65 
2071190,46 103 
2071190,46 101 
2071724,47 100 
2071724,47 6
2071724,47 2165
2071724,47 11
2073697 25 
2074110,27 75 
2075318,3 72 
2075389,46 70 
2076917,01 80 
2078294,44 83 
2078573,3 64 280
2078798,31 74 211
2078798,31 61 211
2079807,86 150 
2079828,98 68 
2079871,49 249
2080163,13 171
2081341,64 92 
2081341,64 65 
2081359,44 103 
2081359,44 101 
2081887,48 100 
2081887,48 6
2081887,48 2165
2081887,48 11
2083865,73 25 
2084292,53 75 
2085501,67 72 
2085571,77 70 
2087100,28 80 
2088170,19 83 
2088703,01 64 533
2088902,4 74 186
2088902,4 61 186
2090414,22 150 
2090436,99 68 
2092445,96 92 
2092445,96 65 
2092461,33 103 
2092461,33 101 
2092990,55 100 
2092990,55 6
2092990,55 2165
2092990,55 10
2094967,62 25 
2095447,81 75 
2096654,77 72 
2096727 70 
2098252,13 80 
2098619,06 83 
2100248,48 64 1630
2100492,36 74 221
2100492,36 61 221
2101000,06 151 
2101019,91 69 
2101928,6 93 
2101937,28 103 
2101937,28 101 
2103976,4 100 
2103976,4 6
2103976,4 2165
2103976,4 10
2105962,88 25 
2105990,27 75 
2107198,66 72 
2107269,13 70 
2108799,4 80 
2110160,76 83 
2110555,26 64 395
2110763,66 74 190
2110763,66 61 190
2111774,46 151 
2111802,05 69 
2113812 93 
2113825,47 103 
2113825,47 101 
2115853,9 100 
2115853,9 6
2115853,9 2165
2115853,9 10
2117837,84 25 
2117865,08 75 
2119075,6 72 
2119144,1 70 
2120674,49 80 
2121755,8 83 
2131877,2 64 10122
2132087,77 74 190
2132087,77 61 190
2132597,73 151 
2132619,9 69 
2133531,74 93 
2133550,41 103 
2133550,41 101 
2135579,51 100 
2135579,51 6
2135579,51 2165
2135579,51 10
2137562,68 25 
2147564,42 254 
2147584,27 101 
2149596,78 100 
2149596,78 6
2149596,78 2165
2149596,78 10
2149596,78 25 
2153343,04 75 
2154551,77 72 
2154742,17 70 
2156280,45 80 
2156647,56 83 
2157996,78 64 1349
2158199,97 74 180
2158199,97 61 180
2159712,69 151 
2159741,34 69 
2161251,47 93 
2161271,83 103 
2161271,83 101 
2163308,46 100 
2163308,46 6
2163308,46 2165
2163308,46 10
2165284,23 25 
2165311,32 75 
2166518,48 72 
2166590,35 70 
2168109,97 80 
2169481,97 83 
2183466,23 64 13985
2183642,87 74 154
2183642,87 62 154
2184150,93 151 
2184170,56 69 
2184880,73 93 
2184901,7 103 
2184901,7 101 
2186928,6 100 
2186928,6 6
2186928,6 2165
2186928,6 10
2188913,99 25 
2188941,22 75 
2190151,84 72 
2190220,19 70 
2191733,48 80 
2192098,95 83 
2193545,53 64 1447
2193787,88 74 223
2193787,88 61 223
2194796,19 151 
2194819,67 69 
2195727,09 93 
2195737,1 103 
2195737,1 101 
2197764,34 100 
2197764,34 6
2197764,34 2165
2197764,34 11
2199749,41 25 
2199776,6 75 
2200983,65 72 
2201055,61 70 
2202571,55 80 
2203640,65 83 
2204080,73 64 440
2204303,42 74 210
2204303,42 61 210
2205815,83 150 
2205842,41 68 
2206229,92 249
2206324,14 171
2207353,09 92 
2207353,09 65 
2207372,03 103 
2207372,03 101 
2207907,91 100 
2207907,91 6
2207907,91 2165
2207907,91 11
2209891,65 25 
2209972,04 75 
2211181,94 72 
2211251,15 70 
2212773,23 80 
2214142,91 83 
2214511,48 64 369
2214743,83 74 215
2214743,83 61 215
2215253,88 150 
2215277,69 68 
2215986,58 92 
2215986,58 65 
2216008,36 103 
2216008,36 101 
2216535,33 100 
2216535,33 6
2216535,33 2165
2216535,33 11
2218514,74 25 
2219008,11 75 
2220216,77 72 
2220287,29 70 
2221805,48 80 
2222859,08 83 
2223325,67 64 467
2223565,38 74 227
2223565,38 61 227
2224575,84 150 
2224606,95 68 
2226618,53 92 
2226618,53 65 
2226643,77 103 
2226643,77 101 
2227170,95 100 
2227170,95 6
2227170,95 2165
2227170,95 11
2229150,07 25 
2229896,9 75 
2231103,41 72 
2231175,94 70 
2232699,88 80 
2233068,07 83 
2234583,8 64 1515
2234801,39 74 201
2234801,39 61 201
2236311,89 150 
2236335,22 68 
2238347,85 92 
2238347,85 65 
2238372,19 103 
2238372,19 101 
2238906,31 100 
2238906,31 6
2238906,31 2165
2238906,31 10
2240891,76 25 
2241345,25 75 
2242553,23 72 
2242624,41 70 
2244143,83 80 
2244516,47 83 
2246305,32 64 1789
2246466,79 74 138
2246466,79 62 138
2247976,1 151 
2247996,55 69 
2248704,88 93 
2248727,64 103 
2248727,64 101 
2250754,69 100 
2250754,69 6
2250754,69 2165
2250754,69 10
2252740,06 25 
2252767,27 75 
2253976,63 72 
2254046,22 70 
2255564,23 80 
2257111,08 83 
2258173,49 64 1063
2258417,26 74 227
2258417,26 61 227
2259426,24 151 
2259445,66 69 
2260955,91 93 
2260975,74 103 
2260975,74 101 
2263003,35 100 
2263003,35 6
2263003,35 2165
2263003,35 11
2264988,06 25 
2265015,27 75 
2266225 72 
2266414,21 70 
2267959,65 80 
2269039,34 83 
2269585,25 64 547
2269789,6 74 191
2269789,6 61 191
2270296,54 152 
2270320,28 69 
2271232,99 93 
2271251,32 103 
2271251,32 101 
2273292,31 100 
2273292,31 6
2273292,31 2165
2273292,31 11
2275276,99 25 
2275304,83 75 
2276513,11 72 
2276583,21 70 
2278104,88 80 
2279474,85 83 
2280549,47 64 1075
2280817,43 74 250
2280817,43 61 250
2282329,24 150 
2282355,48 68 
2282814,94 249
2284364,95 92 
2284364,95 65 
2284392,35 103 
2284392,35 101 
2284921,95 100 
2284921,95 6
2284921,95 2165
2284921,95 10
2286898,66 25 
2287218,92 75 
2288426,47 72 
2288498,09 70 
2290015,66 80 
2291083,24 83 
2292040 64 957
2292273,59 74 218
2292273,59 63 218
2292783,79 150 
2292803,56 68 
2293714,85 92 
2293714,85 65 
2293735,03 103 
2293735,03 101 
2294263,12 100 
2294263,12 6
2294263,12 2165
2294263,12 10
2296241,31 25 
2297014,66 75 
2298223,38 72 
2298293,93 70 
2299814,41 80 
2300186,06 83 
2301709,99 64 1524
2301927,52 74 196
2301927,52 63 196
2302936,04 150 
2302960,02 68 
2303649,77 249
2304468,52 92 
2304468,52 65 
2304490,42 103 
2304490,42 101 
2305025,84 100 
2305025,84 6
2305025,84 2165
2305025,84 11
2307010,06 25 
2307370,21 75 
2308581,06 72 
2308650,92 70 
2310175,8 80 
2311234,6 83 
2311707,63 64 473
2311920,21 74 193
2311920,21 61 193
2313431,67 150 
2313461,35 68 
2313669,93 249
2313794,5 171
2314170,92 92 
2314170,92 65 
2314192,9 103 
2314192,9 101 
2314721,78 100 
2314721,78 6
2314721,78 2165
2314721,78 10
2316699,22 25 
2317286,07 75 
2318495,6 72 
2318565,2 70 
2320083,1 80 
2321456,8 83 
2321820,96 64 364
2322033,9 74 191
2322033,9 61 191
2322546,44 151 
2322565,18 69 
2323278,71 93 
2323295,69 103 
2323295,69 101 
2325322,78 100 
2325322,78 6
2325322,78 2165
2325322,78 11
2327307,97 25 
2327335,27 75 
2328542,3 72 
2328614,2 70 
2330132,52 80 
2330506,29 83 
2331336,34 64 831
2331568,81 74 210
2331568,81 61 210
2332578,3 150 
2332600,61 68 
2334609,96 92 
2334609,96 65 
2334624,16 103 
2334624,16 101 
2335160,81 100 
2335160,81 6
2335160,81 2165
2335160,81 10
2337143,83 25 
2338250,43 75 
2339459,98 72 
2339529,48 70 
2341043,98 80 
2341394,94 83 
2343435,54 64 2041
2343641,28 74 181
2343641,28 61 181
2344151,64 153 
2344182,32 68 
2344816,56 249
2345691,22 92 
2345691,22 65 
2345712,73 103 
2345712,73 101 
2346240,45 100 
2346240,45 6
2346240,45 2165
2346240,45 11
2348219 25 
2348885,94 75 
2350094,93 72 
2350164,93 70 
2351680,45 80 
2352750,06 83 
2353219,77 64 470
2353493,7 74 251
2353493,7 61 251
2354502,34 150 
2354523,75 68 
2354780,34 249
2354869,97 171
2355433 92 
2355433 65 
2355455,22 103 
2355455,22 101 
2355983,33 100 
2355983,33 6
2355983,33 2165
2355983,33 11
2357961,55 25 
2358468,59 75 
2359676,53 72 
2359747,6 70 
2361265,87 80 
2362625,93 83 
2363116,29 64 491
2363325,86 74 194
2363325,86 61 194
2364834,84 150 
2364866,78 68 
2365309,62 249
2365574,19 92 
2365574,19 65 
2365597,57 103 
2365597,57 101 
2366131,22 100 
2366131,22 6
2366131,22 2165
2366131,22 10
2368117,18 25 
2368690,61 75 
2369899,69 72 
2370223,08 70 
2371976,13 80 
2372634,87 83 
2374019,86 64 1385
2374271,99 74 238
2374271,99 63 238
2375780,77 150 
2375808,01 68 
2376357,96 249
2376715,63 92 
2376715,63 65 
2376739,48 103 
2376739,48 101 
2377268,31 100 
2377268,31 6
2377268,31 2165
2377268,31 11
2379245,71 25 
2379712,6 75 
2380922,75 72 
2381111,77 70 
2382776,17 80 
2384269,87 83 
2384589,09 64 320
2384828,66 74 226
2384828,66 61 226
2385840,75 150 
2385871,43 68 
2386519,05 249
2387653,37 171
2387882,03 92 
2387882,03 65 
2387894,71 103 
2387894,71 101 
2388421,93 100 
2388421,93 6
2388421,93 2165
2388421,93 11
2390400,93 25 
2391054,38 75 
2392262,29 72 
2392333,64 70 
2393865,71 80 
2394945,32 83 
2395421,41 64 477
2395615,35 74 178
2395615,35 61 178
2396128,62 150 
2396159,23 68 
2396818,57 249
2397668,08 92 
2397668,08 65 
2397690,44 103 
2397690,44 101 
2398227,64 100 
2398227,64 6
2398227,64 2165
2398227,64 11
2400210,29 25 
2400596,97 75 
2401803,46 72 
2401876,13 70 
2403400,74 80 
2404461,34 83 
2405163,31 64 703
2405368,77 74 188
2405368,77 61 188
2406377,47 150 
2406395,14 68 
2407166,94 249
2407303,37 92 
2407303,37 65 
2407326,34 103 
2407326,34 101 
2407854,28 100 
2407854,28 6
2407854,28 2165
2407854,28 10
2409832,59 25 
2410339,42 75 
2411545,15 72 
2411618,65 70 
2413145,31 80 
2413510,8 83 
2414569,93 64 1059
2414749,21 74 160
2414749,21 61 160
2415257,64 151 
2415285,19 69 
2416794,2 93 
2416815,59 103 
2416815,59 101 
2418843,05 100 
2418843,05 6
2418843,05 2165
2418843,05 11
2420827,93 25 
2424466,73 75 
2425675,25 72 
2425745,89 70 
2427270,93 80 
2428637,56 83 
2429108,32 64 471
2429318,44 74 188
2429318,44 61 188
2430826,37 152 
2430851,05 69 
2431560,72 93 
2431582,56 103 
2431582,56 101 
2433619,21 100 
2433619,21 6
2433619,21 2165
2433619,21 10
2435594,88 25 
2435622,87 75 
2436830,77 72 
2436901,13 70 
2438423,47 80 
2439792,86 83 
2440173,91 64 381
2440397,02 74 204
2440397,02 61 204
2440909,07 151 
2440927,68 69 
2442939,9 93 
2442951,01 103 
2442951,01 101 
2444980 100 
2444980 6
2444980 2165
2444980 10
2446963,36 25 
2446993,38 75 
2448203,31 72 
2448269,56 70 
2449798,76 80 
2450868,03 83 
2452153,35 64 1286
2452352,64 74 179
2452352,64 63 179
2453361,44 150 
2453388,07 68 
2454895,67 92 
2454895,67 65 
2454919,24 103 
2454919,24 101 
2455446,3 100 
2455446,3 6
2455446,3 2165
2455446,3 10
2457425,53 25 
2457959,04 75 
2459166,43 72 
2459238,29 70 
2460760,09 80 
2461130,32 83 
2462199,84 64 1070
2462391,69 74 169
2462391,69 63 169
2463904,38 150 
2463930,9 68 
2464344,96 249
2464639,81 92 
2464639,81 65 
2464661,78 103 
2464661,78 101 
2465196,41 100 
2465196,41 6
2465196,41 2165
2465196,41 10
2467181,44 25 
2467954,89 75 
2469165,28 72 
2469233,87 70 
2470759,32 80 
2471832,36 83 
2472342,05 64 511
2472626,14 74 262
2472626,14 61 262
2474135,92 151 
2474166,65 69 
2475079,1 93 
2475097,37 103 
2475097,37 101 
2477125,2 100 
2477125,2 6
2477125,2 2165
2477125,2 11
2479109,66 25 
2479136,83 75 
2480345,21 72 
2480415,82 70 
2481937,26 80 
2483307,49 83 
2484004,11 64 698
2484246,77 74 220
2484246,77 61 220
2485258,24 150 
2485281,03 68 
2485873,32 249
2486029,64 171
2487291,68 92 
2487291,68 65 
2487305,43 103 
2487305,43 101 
2487836,54 100 
2487836,54 6
2487836,54 2165
2487836,54 11
2489811,63 25 
2490185,18 75 
2491394,74 72 
2491584,31 70 
2493208,25 80 
2493716,29 83 
2494482,05 64 766
2494703,28 74 201
2494703,28 61 201
2495215,7 150 
2495236,73 68 
2495783,7 249
2497246,75 92 
2497246,75 65 
2497261,15 103 
2497261,15 101 
2497796,92 100 
2497796,92 6
2497796,92 2165
2497796,92 10
2499780,72 25 
2500340,82 75 
2501548,82 72 
2501620,05 70 
2503143,73 80 
2503512,1 83 
2504849,52 64 1338
2505055,31 74 184
2505055,31 61 184
2506567,29 151 
2506592,63 69 
2507503,02 93 
2507523,35 103 
2507523,35 101 
2509552,46 100 
2509552,46 6
2509552,46 2165
2509552,46 11
2511535,65 25 
2511563,48 75 
2512771,46 72 
2512841,86 70 
2514368,79 80 
2515733,56 83 
2516314,27 64 581
2516549,79 74 217
2516549,79 61 217
2517559,04 150 
2517588,23 68 
2519095,84 92 
2519095,84 65 
2519118,44 103 
2519118,44 101 
2519646,07 100 
2519646,07 6
2519646,07 2165
2519646,07 10
2521624,67 25 
2521904,97 75 
2523111,49 72 
2523184,13 70 
2524703,12 80 
2525769,18 83 
2526322,07 64 553
2526519,09 74 178
2526519,09 63 178
2527029,17 150 
2527049,79 68 
2527757,5 92 
2527757,5 65 
2527781,35 103 
2527781,35 101 
2528319,83 100 
2528319,83 6
2528319,83 2165
2528319,83 11
2530300,99 25 
2530767,98 75 
2531975,32 72 
2532046,99 70 
2533572 80 
2534632,06 83 
2535071,48 64 440
2535254,42 74 170
2535254,42 61 170
2535765,31 150 
2535793,49 68 
2537304,87 92 
2537304,87 65 
2537323,91 103 
2537323,91 101 
2537851,41 100 
2537851,41 6
2537851,41 2165
2537851,41 11
2539830,38 25 
2540323,69 75 
2541533,85 72 
2541602,92 70 
2543120,59 80 
2543481,7 83 
2544453,72 64 972
2544657,4 74 190
2544657,4 61 190
2546166,23 150 
2546188,98 68 
2546901,17 92 
2546901,17 65 
2546919,87 103 
2546919,87 101 
2547447,65 100 
2547447,65 6
2547447,65 2165
2547447,65 11
2549426,13 25 
2550092,89 75 
2551301,82 72 
2551372 70 
2552893,92 80 
2554263,76 83 
2554598,9 64 335
2554819,31 74 196
2554819,31 61 196
2555828,86 150 
2555850,76 68 
2555908,14 249
2556277,99 171
2556758,77 92 
2556758,77 65 
2556782,24 103 
2556782,24 101 
2557318,18 100 
2557318,18 6
2557318,18 2165
2557318,18 10
2559302,65 25 
2559875,3 75 
2561084,68 72 
2561154,65 70 
2562673,51 80 
2564046,11 83 
2564260,72 64 215
2564481,97 74 196
2564481,97 63 196
2564991,87 150 
2565020,93 68 
2567031,89 92 
2567031,89 65 
2567057,81 103 
2567057,81 101 
2567585,65 100 
2567585,65 6
2567585,65 2165
2567585,65 10
2569564,12 25 
2570057,99 75 
2571267,13 72 
2571336,87 70 
2572855,08 80 
2573215,55 83 
2575238,35 64 2023
2575449,65 74 195
2575449,65 63 195
2576457,39 150 
2576483,51 68 
2577040,81 249
2578491,54 92 
2578491,54 65 
2578506,25 103 
2578506,25 101 
2579034,35 100 
2579034,35 6
2579034,35 2165
2579034,35 10
2581012,55 25 
2581905,96 75 
2583112,46 72 
2583185,07 70 
2584708,79 80 
2585770,15 83 
2586588,65 64 819
2586805,41 74 196
2586805,41 61 196
2588315,7 153 
2588343,58 68 
2589256,1 92 
2589256,1 65 
2589274,93 103 
2589274,93 101 
2589810,73 100 
2589810,73 3
2589810,73 2165
2589810,73 10
2589810,73 78 
2589810,73 198 
2591794,63 25 
2592381,42 75 
2593590,32 72 
2593820,71 70 
2595406,01 80 
2596952,01 83 
2597335,45 64 384
2597585,37 74 234
2597585,37 61 234
2598094,13 151 
2598112,87 69 
2598822,68 93 
2598844,19 103 
2598844,19 101 
2600871,07 100 
2600871,07 3
2600871,07 2165
2600871,07 10
2602856,5 25 
2602883,87 75 
2604091,8 72 
2604282,68 70 
2605948,73 80 
2607147,67 83 
2607981,75 64 834
2608197,06 74 197
2608197,06 61 197
2609709,11 151 
2609734,44 69 
2611243,59 93 
2611265,54 103 
2611265,54 101 
2613293,94 100 
2613293,94 3
2613293,94 2165
2613293,94 10
2615277,87 25 
2615305,24 75 
2616513,67 72 
2616584,08 70 
2618111,89 80 
2618476,15 83 
2619610,97 64 1135
2619841,54 74 206
2619841,54 63 206
2620850,65 151 
2620877,06 69 
2621589 93 
2621607,79 103 
2621607,79 101 
2623643,53 100 
2623643,53 3
2623643,53 2165
2623643,53 10
2625620,07 25 
2625647,53 75 
2626856,2 72 
2626926,39 70 
2628446,65 80 
2629817,91 83 
2630296,69 64 479
2630471,07 74 161
2630471,07 62 161
2631983,84 150 
2632004,88 68 
2634013,48 92 
2634013,48 65 
2634029,09 103 
2634029,09 101 
2634556,05 100 
2634556,05 3
2634556,05 2165
2634556,05 11
2636535,45 25 
2637548,7 75 
2638755,37 72 
2638827,89 70 
2640347,53 80 
2641426,29 83 
2641862,62 64 437
2642126,47 74 248
2642126,47 61 248
2642638,86 151 
2642667,66 69 
2644179,06 93 
2644198,07 103 
2644198,07 101 
2646226,64 100 
2646226,64 3
2646226,64 2165
2646226,64 11
2648210,44 25 
2648237,76 75 
2649446,13 72 
2649516,67 70 
2651040,79 80 
2651408,75 83 
2653437,62 64 2029
2653580,74 74 120
2653580,74 62 120
2654590,05 153 
2654622,6 68 
2655532,36 92 
2655532,36 65 
2655553,2 103 
2655553,2 101 
2656093,87 100 
2656093,87 3
2656093,87 2165
2656093,87 10
2658073,78 25 
2660405,81 75 
2661613,82 72 
2661684,72 70 
2663220,13 80 
2663603,44 83 
2664646,93 64 1044
2664823,18 74 154
2664823,18 62 154
2666332,24 150 
2666350,93 68 
2667260,36 92 
2667260,36 65 
2667281,56 103 
2667281,56 101 
2667809,48 100 
2667809,48 3
2667809,48 2165
2667809,48 11
2669787,86 25 
2670494,51 75 
2671701,41 72 
2671773,84 70 
2673300,89 80 
2674666,3 83 
2675476,6 64 812
2675698,6 74 207
2675698,6 61 207
2676206,4 151 
2676226,66 69 
2677647,56 249 
2677738,35 93 
2677757,01 103 
2677757,01 101 
2679785,05 100 
2679785,05 3
2679785,05 2165
2679785,05 11
2681769,39 25 
2691770,56 254 
2691777,89 101 
2693790,14 100 
2693790,14 3
2693790,14 2165
2693790,14 11
2693790,14 25 
2703792,99 254 
2703812,42 101 
2705824,99 100 
2705824,99 3
2705824,99 2165
2705824,99 11
2705824,99 25 
2715827,63 254 
2715847,33 101 
2717859,76 100 
2717859,76 3
2717859,76 2165
2717859,76 11
2717859,76 25 
2727861,24 254 
2727882,12 101 
2729894,6 100 
2729894,6 3
2729894,6 2165
2729894,6 11
2729894,6 25 
2739898,44 254 
2739916,97 101 
2741929,45 100 
2741929,45 3
2741929,45 2165
2741929,45 11
2741929,45 25 
2751932,87 254 
2751951,8 101 
2753950,98 100 
2753950,98 3
2753950,98 2165
2753950,98 11
2753950,98 25 
2763952,01 254 
2763960,11 101 
2765972,47 100 
2765972,47 3
2765972,47 2165
2765972,47 11
2765972,47 25 
2775974,8 254 
2775994,82 101 
2778007,29 100 
2778007,29 3
2778007,29 2165
2778007,29 11
2778007,29 25 
2788008,66 254 
2788016,33 101 
2790028,8 100 
2790028,8 3
2790028,8 2165
2790028,8 11
2790028,8 25 
2800029,16 254 
2800037,85 101 
2802050,32 100 
2802050,32 3
2802050,32 2165
2802050,32 11
2802050,32 25 
2812051,09 254 
2812059,49 101 
2814071,85 100 
2814071,85 3
2814071,85 2165
2814071,85 11
2814071,85 25 
2818204,56 75 
2819412,08 72 
2819643,69 70 
2821265,98 80 
2822322,08 83 
2869704,31 64 47383
2869925,97 74 198
2869925,97 61 198
2870935,27 151 
2870955,66 69 
2871666,69 93 
2871687,21 103 
2871687,21 101 
2873722,03 100 
2873722,03 3
2873722,03 2165
2873722,03 11
2875699,59 25 
2876606,79 75 
2877813,18 72 
2877885,34 70 
2879408,56 80 
2880777,01 83 
2881845,08 64 1069
2882086,74 74 217
2882086,74 61 217
2883096,51 151 
2883124,13 69 
2885137,13 93 
2885148,12 103 
2885148,12 101 
2887176,09 100 
2887176,09 3
2887176,09 2165
2887176,09 11
2889160,43 25 
2889187,7 75 
2890397,26 72 
2890466,71 70 
2891982,26 80 
2893038,4 83 
2907934,64 64 14897
2908132,76 74 181
2908132,76 62 181
2908642,97 151 
2908673,58 69 
2909585,11 93 
2909604,4 103 
2909604,4 101 
2911631,72 100 
2911631,72 3
2911631,72 2165
2911631,72 10
2913616,62 25 
2915390,05 75 
2916597,68 72 
2916668,77 70 
2918197,1 80 
2918560,86 83 
2922578,55 64 4018
2922803,51 74 205
2922803,51 61 205
2924312,76 151 
2924333,17 69 
2925040,87 93 
2925050,97 103 
2925050,97 101 
2927089 100 
2927089 3
2927089 2165
2927089 11
2929063,28 25 
2939065,93 254 
2939084,93 101 
2941097,41 100 
2941097,41 3
2941097,41 2165
2941097,41 11
2941097,41 25 
2951099,17 254 
2951119,82 101 
2953132,24 100 
2953132,24 3
2953132,24 2165
2953132,24 11
2953132,24 25 
2963134,22 254 
2963154,55 101 
2965167,07 100 
2965167,07 3
2965167,07 2165
2965167,07 11
2965167,07 25 
2975170,18 254 
2975189,41 101 
2977201,88 100 
2977201,88 3
2977201,88 2165
2977201,88 11
2977201,88 25 
2987202,65 254 
2987211 101 
2989223,42 100 
2989223,42 3
2989223,42 2165
2989223,42 11
2989223,42 25 
2995715,11 75 
2996922,05 72 
2996994,34 70 
2998518,83 80 
2999885,9 83 
3013731,61 64 13846
3013758,61 256 
3013966,67 74 220
3013966,67 61 220
3014477,42 151 
3014509,87 69 
3016017,11 93 
3016038,69 103 
3016038,69 101 
3018067,45 100 
3018067,45 3
3018067,45 2165
3018067,45 11
3020050,99 25 
3026102,1 75 
3027312,9 72 
3027554,5 70 
3029355,58 80 
3030779,32 83 
3032913,65 64 2135
3033159,18 74 222
3033159,18 61 222
3034170,5 153 
3034193,12 68 
3036205,23 92 
3036205,23 65 
3036230,01 103 
3036230,01 101 
3036757,9 100 
3036757,9 3
3036757,9 2165
3036757,9 11
3038736,31 25 
3039123,21 75 
3040332,46 72 
3040402,43 70 
3041916,54 80 
3042281,09 83 
3046587,16 64 4307
3046753,25 74 141
3046753,25 62 141
3048265,67 151 
3048293,75 69 
3049203,61 93 
3049224,4 103 
3049224,4 101 
3051259,85 100 
3051259,85 3
3051259,85 2165
3051259,85 10
3053237,87 25 
3053264,72 75 
3054471,75 72 
3054542,97 70 
3056061,85 80 
3056421,71 83 
3057751,5 64 1330
3057910,36 74 143
3057910,36 62 143
3058421,79 150 
3058449,37 68 
3058816,39 249
3058917,61 172 
3060459,1 92 
3060459,1 65 
3060486,26 103 
3060486,26 101 
3061013,19 100 
3061013,19 3
3061013,19 2165
3061013,19 10
3062992,55 25 
3063299,45 75 
3064506,28 72 
3064578,67 70 
3066101,61 80 
3067177,17 83 
3067491,4 64 315
3067642,05 74 133
3067642,05 62 133
3068653,86 150 
3068684,94 68 
3070195,99 92 
3070195,99 65 
3070215,41 103 
3070215,41 101 
3070743,08 100 
3070743,08 3
3070743,08 2165
3070743,08 10
3072721,81 25 
3073135,26 75 
3074344,98 72 
3074414,58 70 
3075937,93 80 
3077306,06 83 
3077718,32 64 413
3077901,36 74 169
3077901,36 62 169
3079411,9 150 
3079439,61 68 
3080150,4 92 
3080150,4 65 
3080171,18 103 
3080171,18 101 
3080709,52 100 
3080709,52 3
3080709,52 2165
3080709,52 11
3082690,8 25 
3083437,55 75 
3084645,44 72 
3084716,69 70 
3086237,09 80 
3087315,1 83 
3087637,67 64 323
3087858,31 74 197
3087858,31 61 197
3089368,23 151 
3089395,71 69 
3090306,16 93 
3090327,68 103 
3090327,68 101 
3092354,61 100 
3092354,61 3
3092354,61 2165
3092354,61 10
3094339,99 25 
3094379,76 75 
3095589,14 72 
3095658,66 70 
3097172,72 80 
3097537,42 83 
3570636,28 64 473100
3570799,21 74 145
3570799,21 62 145
3571310,81 150 
3571336,07 68 
3572044,19 92 
3572044,19 65 
3572066,88 103 
3572066,88 101 
3572594,9 100 
3572594,9 3
3572594,9 2165
3572594,9 11
3574573,29 25 
3575186,66 75 
3576395,89 72 
3576465,81 70 
3577991,49 80 
3579357,45 83 
3579794,89 64 437
3580053,79 256 
3586255,39 74 6445
3586255,39 61 6445
3587265,24 151 
3587289,34 69 
3589299 93 
3589312,83 103 
3589312,83 101 
3591347,7 100 
3591347,7 3
3591347,7 2165
3591347,7 11
3593325,17 25 
3597097,21 75 
3598303,14 72 
3598376,53 70 
3599905,6 80 
3601281,4 83 
4294960,02 64 693679
4295191,74 74 208
4295191,74 62 208
4295699,96 151 
4295718,55 69 
4297230,07 93 
4297249,29 103 
4297249,29 101 
4299280,74 100 
4299280,74 3
4299280,74 2165
4299280,74 10
4301261,59 25 
4303101,17 75 
4304308,2 72 
4304382,14 70 
4305110,79 250 
4305125,82 101 
4307139,05 100 
4307139,05 3
4307139,05 2165
4307139,05 10
4307139,05 25 
4307166,56 75 
4308374,15 72 
4308391,08 70 
4309599,42 80 
4309967,2 83 
4311427 64 1463
4311636 74 192
4311636 62 192
4312649,26 150 
4312670,83 68 
4314181,09 92 
4314181,09 65 
4314202,01 103 
4314202,01 101 
4314731,08 100 
4314731,08 3
4314731,08 2165
4314731,08 10
4316708,38 25 
4317241,78 75 
4318449,98 72 
4318520,95 70 
4320046,91 80 
4321119,39 83 
4322337,04 64 1219
4322576,4 74 218
4322576,4 63 218
4324089,57 151 
4324120,05 69 
4326130,89 93 
4326143,56 103 
4326143,56 101 
4328183,15 100 
4328183,15 3
4328183,15 2165
4328183,15 11
4330155,92 25 
4330182,94 75 
4331390,13 72 
4331462,11 70 
4332991,28 80 
4333354,19 83 
4338876,81 64 5523
4339079,87 74 182
4339079,87 62 182
4340090,5 151 
4340113,18 69 
4340821,69 93 
4340843,95 103 
4340843,95 101 
4342872,45 100 
4342872,45 3
4342872,45 2165
4342872,45 11
4344856,31 25 
4344883,55 75 
4346091,28 72 
4346162,41 70 
4347683,31 80 
4348760,86 83 
4351500,41 64 2740
4351750,3 74 231
4351750,3 62 231
4353260,68 153 
4353280,8 68 
4354189,51 92 
4354189,51 65 
4354211,51 103 
4354211,51 101 
4354741,02 100 
4354741,02 3
4354741,02 2165
4354741,02 11
4356717,82 25 
4357211,29 75 
4358418,53 72 
4358490,46 70 
4360011,28 80 
4361382,33 83 
4361682,17 64 301
4361884,02 74 183
4361884,02 62 183
4362392,35 151 
4362423,21 69 
4363934,4 93 
4363953,99 103 
4363953,99 101 
4365988,3 100 
4365988,3 3
4365988,3 2165
4365988,3 10
4367966,37 25 
4367994,36 75 
4369202,39 72 
4369272,51 70 
4370798,74 80 
4371870,98 83 
4372345,81 64 475
4372526,51 74 163
4372526,51 62 163
4373538,51 150 
4373564,69 68 
4374477,02 92 
4374477,02 65 
4374496,15 103 
4374496,15 101 
4375025,39 100 
4375025,39 3
4375025,39 2165
4375025,39 10
4377002,45 25 
4377589,22 75 
4378796,07 72 
4378868,41 70 
4380398,27 80 
4381760,05 83 
4382154,31 64 395
4382324,82 74 152
4382324,82 62 152
4383838,39 150 
4383868,07 68 
4384219,43 249
4384359,43 172 
4385875,17 92 
4385875,17 65 
4385891,28 103 
4385891,28 101 
4386419,78 100 
4386419,78 3
4386419,78 2165
4386419,78 10
4388397,78 25 
4389051,05 75 
4390259,98 72 
4390330,19 70 
4391852,74 80 
4392222,26 83 
4393608,8 64 1387
4393797,35 74 176
4393797,35 62 176
4394305,63 150 
4394329,9 68 
4395040,17 92 
4395040,17 65 
4395060,76 103 
4395060,76 101 
4395602,02 100 
4395602,02 3
4395602,02 2165
4395602,02 11
4397580,26 25 
4398340,31 75 
4399547,13 72 
4399779,47 70 
4401407,81 80 
4402484,51 83 
4403457,58 64 973
4403682,61 74 212
4403682,61 63 212
4405191,72 150 
4405217,47 68 
4407227,18 92 
4407227,18 65 
4407242,16 103 
4407242,16 101 
4407769,52 100 
4407769,52 3
4407769,52 2165
4407769,52 10
4409748,48 25 
4410402,06 75 
4411612,31 72 
4411681,03 70 
4413204,45 80 
4413573,05 83 
4414891,99 64 1319
4415076,73 74 171
4415076,73 62 171
4416087,22 150 
4416107,27 68 
4416507,24 249
4416585,27 172 
4416818,69 92 
4416818,69 65 
4416838,06 103 
4416838,06 101 
4417365,07 100 
4417365,07 3
4417365,07 2165
4417365,07 10
4419344,25 25 
4420090,97 75 
4421301,23 72 
4421370,2 70 
4422895,64 80 
4424261,85 83 
4424361,3 64 100
4424558,32 74 177
4424558,32 62 177
4425067,03 150 
4425090 68 
4425481,21 249
4425579,86 172 
4425998,12 92 
4425998,12 65 
4426020,71 103 
4426020,71 101 
4426554,56 100 
4426554,56 3
4426554,56 2165
4426554,56 10
4428540,32 25 
4429233,72 75 
4430441,47 72 
4430512,92 70 
4432043,58 80 
4433111,38 83 
4433528,69 64 418
4433689,77 74 139
4433689,77 62 139
4434200,04 150 
4434219,95 68 
4435729,31 92 
4435729,31 65 
4435749,88 103 
4435749,88 101 
4436278,32 100 
4436278,32 3
4436278,32 2165
4436278,32 11
4438256,31 25 
4438962,95 75 
4438969,97 250 
4438988,35 101 
4441001,7 100 
4441001,7 3
4441001,7 2165
4441001,7 11
4441001,7 25 
4441028,72 75 
4442238,44 72 
4442307,91 70 
4443831,79 80 
4444199,96 83 
4445254,11 64 1055
4445455,31 74 176
4445455,31 63 176
4446966,14 150 
4446986,73 68 
4448497,23 92 
4448497,23 65 
4448517,72 103 
4448517,72 101 
4449045,78 100 
4449045,78 3
4449045,78 2165
4449045,78 11
4451024,07 25 
4452063,95 75 
4453270,53 72 
4453343,18 70 
4454873,18 80 
4456248,13 83 
4457092,6 64 845
4457300,31 74 187
4457300,31 63 187
4458313,46 150 
4458342,43 68 
4459252,45 92 
4459252,45 65 
4459273,19 103 
4459273,19 101 
4459808,19 100 
4459808,19 3
4459808,19 2165
4459808,19 11
4461792,75 25 
4462366,2 75 
4463574,44 72 
4463645,37 70 
4465169,43 80 
4466537,03 83 
4467105,64 64 569
4467345,15 74 223
4467345,15 63 223
4468354,87 150 
4468379,02 68 
4470388,13 92 
4470388,13 65 
4470415,02 103 
4470415,02 101 
4470943,49 100 
4470943,49 3
4470943,49 2165
4470943,49 11
4472921,39 25 
4473628,21 75 
4474835,72 72 
4474907,2 70 
4476433,66 80 
4477506,52 83 
4477983,41 64 478
4478201,52 74 203
4478201,52 63 203
4478711,31 150 
4478733,74 68 
4479442,97 92 
4479442,97 65 
4479464,48 103 
4479464,48 101 
4479993 100 
4479993 3
4479993 2165
4479993 10
4481970,82 25 
4482730,79 75 
4483939,19 72 
4484010 70 
4485531,01 80 
4485902,12 83 
4487500,22 64 1599
4487678,19 74 164
4487678,19 62 164
4489190,57 150 
4489209,18 68 
4489918,6 92 
4489918,6 65 
4489939,99 103 
4489939,99 101 
4490474,88 100 
4490474,88 3
4490474,88 2165
4490474,88 10
4492459,64 25 
4493113,13 75 
4494320,19 72 
4494392,19 70 
4495922,7 80 
4497283,86 83 
4497667,03 64 384
4497868,27 74 185
4497868,27 62 185
4498879,7 152 
4498897,39 69 
4500907,3 93 
4500921,99 103 
4500921,99 101 
4502950,55 100 
4502950,55 3
4502950,55 2165
4502950,55 10
4504934,25 25 
4504961,71 75 
4506170,26 72 
4506400,37 70 
4508016,91 80 
4509092,15 83 
4509627,86 64 536
4509803,98 74 152
4509803,98 62 152
4510317,46 150 
4510346,04 68 
4511856,56 92 
4511856,56 65 
4511877,23 103 
4511877,23 101 
4512404,22 100 
4512404,22 3
4512404,22 2165
4512404,22 10
4514383,56 25 
4515183,55 75 
4516391,28 72 
4516462,75 70 
4517983,6 80 
4518354,78 83 
4519476,32 64 1122
4519696,64 74 196
4519696,64 62 196
4521205,94 150 
4521235,59 68 
4521576,34 249
4521680,13 172 
4522144,18 92 
4522144,18 65 
4522166,15 103 
4522166,15 101 
4522705,46 100 
4522705,46 3
4522705,46 2165
4522705,46 10
4524685,76 25 
4525552,49 75 
4526760,28 72 
4526831,73 70 
4528354,72 80 
4529416,8 83 
4530135,6 64 719
4530312,32 74 163
4530312,32 62 163
4531323,64 152 
4531350,73 69 
4532459,2 249 
4533098,06 256 
4541279,24 183 
4553837,92 93 
4553859,28 103 
4553859,28 101 
4555887,03 100 
4555887,03 3
4555887,03 2165
4555887,03 10
4557871,56 25 
4557898,85 75 
4559106,65 72 
4559177,77 70 
4560700,33 80 
4562069,45 83 
4562404,56 64 336
4562591,13 74 163
4562591,13 62 163
4563102 150 
4563124,24 68 
4564634,08 92 
4564634,08 65 
4564654,62 103 
4564654,62 101 
4565181,59 100 
4565181,59 3
4565181,59 2165
4565181,59 11
4567160,87 25 
4567867,7 75 
4569076,69 72 
4569146,83 70 
4570668,79 80 
4571038,98 83 
4571933,37 64 895
4572173,41 74 215
4572173,41 63 215
4573684,58 150 
4573705,54 68 
4574413,22 92 
4574413,22 65 
4574437,11 103 
4574437,11 101 
4574973,17 100 
4574973,17 3
4574973,17 2165
4574973,17 10
4576956,68 25 
4579502,62 75 
4580712,32 72 
4580781,79 70 
4582304,38 80 
4583380,25 83 
4583787,03 64 407
4583946,59 74 140
4583946,59 62 140
4584957,4 150 
4584981,49 68 
4585890,91 92 
4585890,91 65 
4585912,17 103 
4585912,17 101 
4586441,09 100 
4586441,09 3
4586441,09 2165
4586441,09 11
4588418,47 25 
4588991,9 75 
4590201,68 72 
4590271,07 70 
4591798,58 80 
4592163,19 83 
4593151,52 64 989
4593371,84 74 196
4593371,84 63 196
4594882,87 150 
4594910,67 68 
4595341,8 249
4595824,03 92 
4595824,03 65 
4595841,24 103 
4595841,24 101 
4596369,66 100 
4596369,66 3
4596369,66 2165
4596369,66 11
4598347,56 25 
4600453,62 75 
4601662,77 72 
4601732,84 70 
4603257,77 80 
4604624,94 83 
4604704,84 64 80
4605007,64 74 290
4605007,64 63 290
4605517,48 150 
4605546,33 68 
4607553,94 92 
4607553,94 65 
4607569,52 103 
4607569,52 101 
4608104,06 100 
4608104,06 3
4608104,06 2165
4608104,06 11
4610089,14 25 
4610436,02 75 
4611644,65 72 
4611835,2 70 
4613458,6 80 
4614953,39 83 
4615394,34 64 442
4615635,46 74 216
4615635,46 63 216
4616143,6 150 
4616168,21 68 
4616876,86 92 
4616876,86 65 
4616898,85 103 
4616898,85 101 
4617426,47 100 
4617426,47 3
4617426,47 2165
4617426,47 11
4619405,17 25 
4620311,78 75 
4621520,24 72 
4621590,96 70 
4623116,01 80 
4624176,34 83 
4624630,64 64 455
4624867,7 74 212
4624867,7 63 212
4625879,11 150 
4625897,46 68 
4627406,27 92 
4627406,27 65 
4627427,66 103 
4627427,66 101 
4627957,11 100 
4627957,11 3
4627957,11 2165
4627957,11 10
4629933,96 25 
4630827,31 75 
4632037,06 72 
4632106,51 70 
4633622,56 80 
4633985,21 83 
4634777,5 64 793
4634956,96 74 159
4634956,96 62 159
4636468,36 150 
4636492,66 68 
4638502,05 92 
4638502,05 65 
4638516,28 103 
4638516,28 101 
4639049,16 100 
4639049,16 3
4639049,16 2165
4639049,16 10
4641022,71 25 
4641262,79 75 
4642469,45 72 
4642542,02 70 
4644067,76 80 
4644434,18 83 
4650326,02 64 5892
4650537,19 74 186
4650537,19 62 186
4652046,98 150 
4652072,65 68 
4652983,33 92 
4652983,33 65 
4653003,38 103 
4653003,38 101 
4653531,45 100 
4653531,45 3
4653531,45 2165
4653531,45 11
4655509,65 25 
4661161 75 
4662370,55 72 
4662440,15 70 
4663958,79 80 
4665025,25 83 
4665564,72 64 540
4665784,64 74 200
4665784,64 63 200
4666293,05 150 
4666320 68 
4667829,03 92 
4667829,03 65 
4667850,35 103 
4667850,35 101 
4668377,25 100 
4668377,25 3
4668377,25 2165
4668377,25 11
4670356,67 25 
4671063,38 75 
4672272,75 72 
4672342,63 70 
4673856,83 80 
4675220,93 83 
4677579,79 64 2359
4677803,13 74 211
4677803,13 63 211
4678812,87 150 
4678834,62 68 
4679547,72 92 
4679547,72 65 
4679565,32 103 
4679565,32 101 
4680103,12 100 
4680103,12 3
4680103,12 2165
4680103,12 10
4682084,95 25 
4682631,82 75 
4683842,27 72 
4683910,95 70 
4684234,75 250 
4684243,42 101 
4686256,5 100 
4686256,5 3
4686256,5 2165
4686256,5 10
4686256,5 25 
4686283,97 75 
4687493,14 72 
4687508,52 70 
4688718,62 80 
4689081,62 83 
4690102,03 64 1020
4690256,12 74 136
4690256,12 62 136
4690767,41 150 
4690789,39 68 
4691702,55 92 
4691702,55 65 
4691720,13 103 
4691720,13 101 
4692248,21 100 
4692248,21 3
4692248,21 2165
4692248,21 10
4694226,44 25 
4694760,18 75 
4695968,44 72 
4696039,2 70 
4697560,59 80 
4698625,08 83 
4700703,9 64 2080
4700901,17 74 185
4700901,17 62 185
4701909,81 150 
4701931,35 68 
4702512,55 249
4702598,69 172 
4702643,63 92 
4702643,63 65 
4702662,1 103 
4702662,1 101 
4703189,5 100 
4703189,5 3
4703189,5 2165
4703189,5 10
4705168,41 25 
4705728,51 75 
4706936,66 72 
4707007,7 70 
4708525,48 80 
4709899,34 83 
4710399,43 64 501
4710551,85 74 133
4710551,85 62 133
4712061,78 150 
4712087 68 
4713599,21 92 
4713599,21 65 
4713617,47 103 
4713617,47 101 
4714151,86 100 
4714151,86 3
4714151,86 2165
4714151,86 11
4716137,04 25 
4716737,22 75 
4717946,99 72 
4718176,21 70 
4719796,54 80 
4721161,14 83 
4721527,39 64 367
4721769,49 74 222
4721769,49 63 222
4722779,34 150 
4722802,35 68 
4724813,51 92 
4724813,51 65 
4724825,98 103 
4724825,98 101 
4725353,62 100 
4725353,62 3
4725353,62 2165
4725353,62 11
4727332,21 25 
4727972,33 75 
4729180,77 72 
4729251,52 70 
4730774,46 80 
4731143,63 83 
4732133,77 64 990
4732363,4 74 208
4732363,4 63 208
4733875,04 150 
4733904,24 68 
4735913,99 92 
4735913,99 65 
4735927,83 103 
4735927,83 101 
4736454,74 100 
4736454,74 3
4736454,74 2165
4736454,74 11
4738434,1 25 
4738914,23 75 
4740121,34 72 
4740193,44 70 
4741717,66 80 
4742791,89 83 
4743543,83 64 752
4743773,57 74 209
4743773,57 63 209
4744284,75 152 
4744313,09 69 
4745449,95 249 
4745821,22 93 
4745843,59 103 
4745843,59 101 
4747880,47 100 
4747880,47 3
4747880,47 2165
4747880,47 10
4749855,88 25 
4749977,04 75 
4751187,27 72 
4751255,47 70 
4752779,95 80 
4753853,9 83 
4754403,47 64 550
4754594,7 74 168
4754594,7 62 168
4755605,54 150 
4755628,31 68 
4756389,19 249
4756537,48 92 
4756537,48 65 
4756558,98 103 
4756558,98 101 
4757086,25 100 
4757086,25 3
4757086,25 2165
4757086,25 11
4759065,45 25 
4759478,85 75 
4760687,62 72 
4760757,96 70 
4762277,2 80 
4763649,61 83 
4764022,93 64 373
4764241,71 74 206
4764241,71 63 206
4764751,19 150 
4764770,3 68 
4765481,95 92 
4765481,95 65 
4765501,79 103 
4765501,79 101 
4766033,02 100 
4766033,02 3
4766033,02 2165
4766033,02 11
4768008,12 25 
4768674,85 75 
4769882,67 72 
4769954,03 70 
4771480,2 80 
4771846,14 83 
4772741,21 64 896
4772971,58 74 206
4772971,58 63 206
4774483,06 150 
4774513,56 68 
4775016,65 249
4775222,79 92 
4775222,79 65 
4775244,28 103 
4775244,28 101 
4775780,09 100 
4775780,09 3
4775780,09 2165
4775780,09 11
4777763,95 25 
4778324,09 75 
4779532,65 72 
4779603,21 70 
4780629,76 250 
4780641,88 101 
4782655,19 100 
4782655,19 3
4782655,19 2165
4782655,19 11
4782655,19 25 
4789266,12 75 
4790473,56 72 
4790491,06 70 
4791700,09 80 
4792770,46 83 
4793758,6 64 988
4794543,9 74 761
4794543,9 63 761
4795051,32 150 
4795077,25 68 
4796588,24 92 
4796588,24 65 
4796608,46 103 
4796608,46 101 
4797136,55 100 
4797136,55 3
4797136,55 2165
4797136,55 10
4799114,77 25 
4799901,49 75 
4801107,41 72 
4801180,67 70 
4802705,17 80 
4803072,75 83 
4805332,07 64 2260
4805525,35 74 174
4805525,35 62 174
4806537,19 150 
4806566,14 68 
4806957,49 249
4806998,95 172 
4808577,11 92 
4808577,11 65 
4808603,34 103 
4808603,34 101 
4809130,33 100 
4809130,33 3
4809130,33 2165
4809130,33 10
4811109,61 25 
4811669,85 75 
4812876,08 72 
4812948,94 70 
4814476,28 80 
4815840,57 83 
4817740,21 64 1900
4817907,61 74 148
4817907,61 62 148
4819415,47 150 
4819441,01 68 
4820350,8 92 
4820350,8 65 
4820371,67 103 
4820371,67 101 
4820910,41 100 
4820910,41 3
4820910,41 2165
4820910,41 11
4822891,24 25 
4823531,34 75 
4824737,9 72 
4824810,5 70 
4826517,74 80 
4827022,46 83 
4828517,74 64 1496
4828736,7 74 195
4828736,7 63 195
4829749,05 152 
4829769,08 69 
4831176,4 249 
4831779,28 93 
4831793,39 103 
4831793,39 101 
4833820,1 100 
4833820,1 3
4833820,1 2165
4833820,1 10
4835805,69 25 
4835832,91 75 
4837040,41 72 
4837111,95 70 
4838629,92 80 
4839990,19 83 
4840874,79 64 885
4841099,12 74 203
4841099,12 62 203
4841610,11 150 
4841631,51 68 
4842344,06 92 
4842344,06 65 
4842362,24 103 
4842362,24 101 
4845117,72 102 
