58,83 100 
58,83 2
58,83 2144
58,83 10
2026,76 25 
2624,68 75 
3833,13 72 
4157,13 70 
5776,19 80 
6143,22 83 
6968,79 64 825
7127,54 74 131
7127,54 61 131
7637,96 150 
7663,07 68 
9671,83 92 
9671,83 65 
9690,16 103 
9690,16 101 
10217,28 100 
10217,28 2
10217,28 2144
10217,28 10
12194,43 25 
12314,82 75 
13523,71 72 
13593,97 70 
15112,84 80 
16179,04 83 
17011,14 64 833
17180,76 74 149
17180,76 61 149
18192,07 150 
18219,39 68 
19129,79 92 
19129,79 65 
19150,81 103 
19150,81 101 
19676,93 100 
19676,93 2
19676,93 2144
19676,93 11
21657,05 25 
21990,57 75 
23197,3 72 
23269,9 70 
24790,61 80 
26161,42 83 
26604,85 64 443
26834,06 74 205
26834,06 63 205
28342,76 152 
28360,84 69 
29072,71 93 
29093,18 103 
29093,18 101 
31125,49 100 
31125,49 2
31125,49 2144
31125,49 11
33105,48 25 
33133,35 75 
34342,94 72 
34411,66 70 
35930,19 80 
36983,47 83 
37505,56 64 522
37703,8 74 174
37703,8 61 174
38711,75 151 
38730,08 69 
40241,56 93 
40261,72 103 
40261,72 101 
42289,23 100 
42289,23 2
42289,23 2144
42289,23 11
44274 25 
44407,64 75 
45615,45 72 
45686,89 70 
47203,5 80 
47552,26 83 
48578,5 64 1027
48742,95 74 150
48742,95 62 150
50254,49 151 
50272,18 69 
51040,85 249 
51205,45 182 
60765,85 256 
73000,87 93 
73020,98 103 
73020,98 101 
75049,65 100 
75049,65 2
75049,65 2144
75049,65 11
77033,26 25 
77060,59 75 
78268,79 72 
78339,46 70 
79866,04 80 
81231,15 83 
81411,52 64 181
81596,65 74 166
81596,65 61 166
82104,74 151 
82126,8 69 
83036,81 93 
83056,64 103 
83056,64 101 
85087,49 100 
85087,49 2
85087,49 2144
85087,49 10
87068,96 25 
87096,64 75 
88303,44 72 
88375,23 70 
89893,8 80 
90960,4 83 
91391,92 64 432
91562,08 74 149
91562,08 61 149
92074,74 150 
92094,26 68 
93603,99 92 
93603,99 65 
93625,52 103 
93625,52 101 
94152,73 100 
94152,73 2
94152,73 2144
94152,73 10
96131,74 25 
96571,93 75 
97780,25 72 
97851,1 70 
99374,34 80 
100742,76 83 
101540,95 64 799
101701,63 74 146
101701,63 61 146
102712,11 150 
102729,8 68 
103145,04 249
103442,04 92 
103442,04 65 
103461,24 103 
103461,24 101 
103992,77 100 
103992,77 2
103992,77 2144
103992,77 10
105967,6 25 
106314,4 75 
107521,24 72 
107820,16 70 
109436,48 80 
109805,54 83 
110904,38 64 1099
111115,67 74 191
111115,67 61 191
112627,64 150 
112645,52 68 
113355,02 92 
113355,02 65 
113376,99 103 
113376,99 101 
113907,19 100 
113907,19 2
113907,19 2144
113907,19 11
115883,26 25 
116403,44 75 
117610,3 72 
117682,61 70 
119201,72 80 
120267,78 83 
120724,37 64 457
120922,04 74 175
120922,04 63 175
121930,13 150 
121948,2 68 
122443,52 249
123458,87 92 
123458,87 65 
123479,33 103 
123479,33 101 
124007,34 100 
124007,34 2
124007,34 2144
124007,34 11
125985,63 25 
126332,5 75 
127543,22 72 
127611,65 70 
129125,6 80 
130490,15 83 
130957,7 64 468
131194,92 74 213
131194,92 63 213
131705,22 150 
131730,56 68 
132128,88 249
133739,33 92 
133739,33 65 
133754,94 103 
133754,94 101 
134281,06 100 
134281,06 2
134281,06 2144
134281,06 11
136261,2 25 
136288,33 75 
137496 72 
137567,4 70 
139085,5 80 
139446,17 83 
140572,4 64 1127
140599,09 256 
140884,23 74 293
140884,23 63 293
142390,99 150 
142419,4 68 
142890,1 249
143330,2 92 
143330,2 65 
143350,82 103 
143350,82 101 
143883,46 100 
143883,46 2
143883,46 2144
143883,46 11
145870,52 25 
146137,38 75 
147349,78 72 
147416,52 70 
148933,86 80 
149988,33 83 
150808,06 64 821
151009,94 74 183
151009,94 63 183
152019,21 150 
152041,86 68 
152492,78 249
154051,46 92 
154051,46 65 
154066,28 103 
154066,28 101 
154593,55 100 
154593,55 2
154593,55 2144
154593,55 10
156572,49 25 
156999,34 75 
158209,65 72 
158278,54 70 
159798,65 80 
160157,27 83 
161232,98 64 1076
161441,8 74 192
161441,8 61 192
162951,73 150 
162971,45 68 
164479,14 92 
164479,14 65 
164501,76 103 
164501,76 101 
165028,05 100 
165028,05 2
165028,05 2144
165028,05 11
167008,02 25 
167408,19 75 
168615,37 72 
168687,46 70 
170207,33 80 
171579,03 83 
171887,54 64 309
172117,09 74 206
172117,09 63 206
172625,99 150 
172646,42 68 
173354 92 
173354 65 
173377,9 103 
173377,9 101 
173911,19 100 
173911,19 2
173911,19 2144
173911,19 10
175897,58 25 
176191,14 75 
177398,25 72 
177470,27 70 
178987,26 80 
179349,07 83 
180638,37 64 1290
180835,92 74 182
180835,92 61 182
182343,57 150 
182362,3 68 
183274,3 92 
183274,3 65 
183293,67 103 
183293,67 101 
183819,94 100 
183819,94 2
183819,94 2144
183819,94 10
185799,93 25 
186440,04 75 
187648,02 72 
187719,2 70 
189240,13 80 
190304,49 83 
191145,47 64 841
191349,35 74 179
191349,35 61 179
191858,57 152 
191878,08 69 
193889,21 93 
193902,49 103 
193902,49 101 
195929,21 100 
195929,21 2
195929,21 2144
195929,21 10
197914,8 25 
197942,19 75 
199151,03 72 
199221,01 70 
200739,7 80 
202099,29 83 
202532,38 64 434
202753,06 74 201
202753,06 61 201
203762,37 150 
203779,7 68 
205287,6 92 
205287,6 65 
205310,89 103 
205310,89 101 
205840,16 100 
205840,16 2
205840,16 2144
205840,16 11
207817,17 25 
207884,2 75 
209091,59 72 
209403,3 70 
211013,66 80 
211375,33 83 
212412,08 64 1038
212681,61 74 254
212681,61 63 254
213187,93 150 
213215,58 68 
214127,01 92 
214127,01 65 
214147,12 103 
214147,12 101 
214674,52 100 
214674,52 2
214674,52 2144
214674,52 10
216666,7 25 
216946,97 75 
218156,64 72 
218226,2 70 
219745,15 80 
221117,76 83 
221666,44 64 549
221847,63 74 157
221847,63 61 157
222855,74 150 
222878,16 68 
223492,44 249
223585,43 92 
223585,43 65 
223609,69 103 
223609,69 101 
224139,52 100 
224139,52 2
224139,52 2144
224139,52 11
226116,12 25 
226542,88 75 
227751,92 72 
227822,05 70 
229338,36 80 
230393,97 83 
231108,34 64 715
231338,76 74 212
231338,76 63 212
232846,68 150 
232873,83 68 
234884,65 92 
234884,65 65 
234898,19 103 
234898,19 101 
235429,54 100 
235429,54 2
235429,54 2144
235429,54 10
237417,78 25 
237539,1 75 
238746,45 72 
238817,3 70 
240337,67 80 
241415,73 83 
242166,27 64 751
242371,58 74 183
242371,58 61 183
243382,36 150 
243402,81 68 
244113,07 92 
244113,07 65 
244134,21 103 
244134,21 101 
244660,99 100 
244660,99 2
244660,99 2144
244660,99 10
246640,51 25 
247134,07 75 
248343,71 72 
248413,14 70 
249930,17 80 
251291,5 83 
251783,9 64 492
251981,01 74 184
251981,01 61 184
253489,51 152 
253518,36 69 
255028,21 93 
255049,59 103 
255049,59 101 
257076,66 100 
257076,66 2
257076,66 2144
257076,66 10
259061,86 25 
259089,27 75 
260299,8 72 
260368,05 70 
261884,13 80 
262246,79 83 
263396,64 64 1150
263575,17 74 156
263575,17 61 156
264084,04 150 
264113,75 68 
265022,61 92 
265022,61 65 
265045,3 103 
265045,3 101 
265581,06 100 
265581,06 2
265581,06 2144
265581,06 11
267564,85 25 
267592,46 75 
268800,5 72 
268871,08 70 
270386,56 80 
271442,89 83 
272147,23 64 705
272366,46 74 204
272366,46 63 204
272875,85 150 
272896,67 68 
273291,95 249
273807,52 92 
273807,52 65 
273828,14 103 
273828,14 101 
274356,04 100 
274356,04 2
274356,04 2144
274356,04 10
276334,57 25 
276827,9 75 
278035,96 72 
278107,08 70 
279624,65 80 
280985,6 83 
281836,58 64 851
282035,31 74 184
282035,31 61 184
283546,41 150 
283572,07 68 
284281,38 92 
284281,38 65 
284303,66 103 
284303,66 101 
284830,64 100 
284830,64 2
284830,64 2144
284830,64 10
286809,94 25 
286851,17 75 
288059,11 72 
288129,47 70 
289644,41 80 
290008,24 83 
291626,72 64 1619
291856,41 74 209
291856,41 61 209
292867,48 150 
292888,13 68 
294395,03 92 
294395,03 65 
294419,32 103 
294419,32 101 
294948,7 100 
294948,7 2
294948,7 2144
294948,7 11
296925,69 25 
297245,83 75 
298453,85 72 
298525,05 70 
300048,74 80 
300417,11 83 
301673,18 64 1257
301918,05 74 222
301918,05 63 222
302425,96 150 
302443,97 68 
302902,13 249
304451,2 92 
304451,2 65 
304468,37 103 
304468,37 101 
304996,66 100 
304996,66 2
304996,66 2144
304996,66 11
306974,61 25 
307214,9 75 
308425,63 72 
308494,11 70 
310016,95 80 
311718,92 83 
312132,25 64 414
312373,9 74 228
312373,9 63 228
313885,02 150 
313905,75 68 
314332,71 249
314619,26 92 
314619,26 65 
314637,38 103 
314637,38 101 
315163,7 100 
315163,7 2
315163,7 2144
315163,7 11
317143,57 25 
317477,14 75 
318685,29 72 
318756,34 70 
320272,35 80 
321328,12 83 
322094,93 64 768
322317,12 74 203
322317,12 63 203
323325,62 150 
323355,06 68 
323802,34 249
324867,22 92 
324867,22 65 
324886,27 103 
324886,27 101 
325420,62 100 
325420,62 2
325420,62 2144
325420,62 11
327392,56 25 
327926,08 75 
329134,98 72 
329205,24 70 
330731 80 
332096,81 83 
332833,87 64 737
333040,58 74 184
333040,58 63 184
334051,97 150 
334070,66 68 
334571,08 249
336081,68 92 
336081,68 65 
336094,88 103 
336094,88 101 
336621,74 100 
336621,74 2
336621,74 2144
336621,74 10
338601,14 25 
339108 75 
340315,83 72 
340387,14 70 
341908,06 80 
342279,14 83 
343251,05 64 973
343451,96 74 187
343451,96 61 187
344960,11 150 
344985,81 68 
345448,71 249
345895,67 92 
345895,67 65 
345917,27 103 
345917,27 101 
346444,32 100 
346444,32 2
346444,32 2144
346444,32 11
348423,7 25 
349010,3 75 
350218,29 72 
350289,43 70 
351805,99 80 
352861,24 83 
353415,65 64 555
353659,81 74 225
353659,81 63 225
354169,35 152 
354195,86 69 
354904,5 93 
354926,7 103 
354926,7 101 
356956,6 100 
356956,6 2
356956,6 2144
356956,6 10
358938,98 25 
358966,37 75 
360173,98 72 
360245,21 70 
361760,23 80 
363123,54 83 
363494,63 64 371
363698,84 74 189
363698,84 61 189
364206,79 150 
364230,84 68 
365220,5 249
365743,25 92 
365743,25 65 
365762,12 103 
365762,12 101 
366288,52 100 
366288,52 2
366288,52 2144
366288,52 11
368268,34 25 
368455,3 75 
369663,96 72 
369734,44 70 
371247,36 80 
372306,27 83 
372934,36 64 629
373188,79 74 230
373188,79 63 230
374197,76 150 
374226,56 68 
374725,3 249
375138,55 92 
375138,55 65 
375158,01 103 
375158,01 101 
375684,2 100 
375684,2 2
375684,2 2144
375684,2 10
377664,26 25 
378184,42 75 
379393,54 72 
379463,64 70 
380982,04 80 
381355,83 83 
382774,43 64 1419
382972,56 74 178
382972,56 61 178
384484,33 150 
384502,2 68 
386511,08 92 
386511,08 65 
386526,46 103 
386526,46 101 
387058,57 100 
387058,57 2
387058,57 2144
387058,57 10
389032,8 25 
389659,52 75 
390867,18 72 
390938,88 70 
392459,73 80 
392830,77 83 
393888,32 64 1058
394081 74 172
394081 61 172
395091,53 150 
395110,96 68 
396621,3 92 
396621,3 65 
396642,19 103 
396642,19 101 
397168,46 100 
397168,46 2
397168,46 2144
397168,46 11
399148,43 25 
399495,34 75 
400702,66 72 
400774,47 70 
402291,9 80 
403652,78 83 
404469,73 64 817
404756,49 74 264
404756,49 63 264
406267,11 150 
406292,38 68 
406820,35 249
407987,89 173 
408299,18 92 
408299,18 65 
408317,12 103 
408317,12 101 
408843,79 100 
408843,79 2
408843,79 2144
408843,79 11
410823,38 25 
410930,38 75 
412136,09 72 
412436,13 70 
414055,63 80 
415114,64 83 
415614,24 64 499
415843,19 74 210
415843,19 63 210
416354,68 150 
416382,52 68 
416851,67 249
417093,76 92 
417093,76 65 
417113,34 103 
417113,34 101 
417643,74 100 
417643,74 2
417643,74 2144
417643,74 10
419619,62 25 
419979,89 75 
421188,85 72 
421259,07 70 
422780,45 80 
423151,12 83 
424174 64 1024
424354,71 74 164
424354,71 61 164
425367,45 150 
425391,37 68 
426298,74 92 
426298,74 65 
426322,72 103 
426322,72 101 
426854,2 100 
426854,2 2
426854,2 2144
426854,2 11
428828,97 25 
429135,91 75 
430345 72 
430415,07 70 
431938,12 80 
433000,18 83 
433616,13 64 617
433836,82 74 197
433836,82 63 197
435346,25 152 
435373,77 69 
436077,33 249 
436096,14 93 
436105,2 103 
436105,2 101 
438131,53 100 
438131,53 2
438131,53 2144
438131,53 11
440117,5 25 
440144,88 75 
441353,47 72 
441423,68 70 
442942,15 80 
444315,37 83 
444755,65 64 440
444963,64 74 182
444963,64 63 182
445472,14 150 
445502,61 68 
447512,82 92 
447512,82 65 
447526,98 103 
447526,98 101 
448056,78 100 
448056,78 2
448056,78 2144
448056,78 11
450033,34 25 
450193,52 75 
451400,23 72 
451472,7 70 
453000,53 80 
454364,37 83 
454749,64 64 385
454964,04 74 201
454964,04 63 201
455971,69 150 
455991,55 68 
457501,43 92 
457501,43 65 
457522,67 103 
457522,67 101 
458049,93 100 
458049,93 2
458049,93 2144
458049,93 11
460028,93 25 
460495,75 75 
461703,98 72 
461774,97 70 
463292,82 80 
463654,01 83 
465213,28 64 1560
465458,17 74 232
465458,17 63 232
466968,68 150 
466986,75 68 
467896,91 92 
467896,91 65 
467918,21 103 
467918,21 101 
468445,27 100 
468445,27 2
468445,27 2144
468445,27 10
470424,5 25 
470824,65 75 
472033,99 72 
472103,83 70 
473632,38 80 
474688,98 83 
475992,44 64 1304
476194,28 74 186
476194,28 61 186
476702,38 150 
476729,25 68 
478239,12 92 
478239,12 65 
478260,45 103 
478260,45 101 
478795,49 100 
478795,49 2
478795,49 2144
478795,49 11
480780,09 25 
481126,93 75 
482333,99 72 
482406,25 70 
483925,19 80 
485297,76 83 
485694,5 64 397
485920,96 74 211
485920,96 63 211
486928,16 150 
486951,47 68 
487426,26 249
488961,89 92 
488961,89 65 
488989,17 103 
488989,17 101 
489516,36 100 
489516,36 2
489516,36 2144
489516,36 10
491495,42 25 
491762,33 75 
492971,57 72 
493041,53 70 
494555,74 80 
495613,32 83 
496633,56 64 1020
496878,47 74 226
496878,47 61 226
497388,95 150 
497413,73 68 
498123,82 92 
498123,82 65 
498145,26 103 
498145,26 101 
498671,4 100 
498671,4 2
498671,4 2144
498671,4 10
500651,5 25 
501091,71 75 
502300,18 72 
502370,88 70 
503893,73 80 
504262,95 83 
505307,32 64 1045
505490,71 74 162
505490,71 61 162
507002,01 150 
507022,95 68 
507561,23 249
507933,34 92 
507933,34 65 
507954,36 103 
507954,36 101 
508488,59 100 
508488,59 2
508488,59 2144
508488,59 10
510474,01 25 
510927,51 75 
512134,01 72 
512206,66 70 
513743,91 80 
514818,45 83 
516054,18 64 1236
516263,12 74 193
516263,12 61 193
516775,65 150 
516805,34 68 
518311,95 92 
518311,95 65 
518336,57 103 
518336,57 101 
518862,84 100 
518862,84 2
518862,84 2144
518862,84 10
520842,85 25 
521403 75 
522611,95 72 
522682,17 70 
524205,17 80 
524560,95 83 
525612,22 64 1052
525826,96 74 201
525826,96 61 201
526834,87 150 
526854,47 68 
527307 249
527563,61 92 
527563,61 65 
527585,98 103 
527585,98 101 
528113,06 100 
528113,06 2
528113,06 2144
528113,06 10
530092,27 25 
530385,82 75 
531595,03 72 
531664,96 70 
533179,75 80 
534543,32 83 
535095,69 64 553
535315,82 74 199
535315,82 61 199
536824,37 150 
536850,12 68 
537247,55 249
538859,09 92 
538859,09 65 
538875,61 103 
538875,61 101 
539406,45 100 
539406,45 2
539406,45 2144
539406,45 10
541380,76 25 
541914,17 75 
543123,92 72 
543193,39 70 
544711,48 80 
545072,08 83 
546797,52 64 1726
546975,59 74 158
546975,59 61 158
548482,23 152 
548511,74 69 
549422,93 93 
549443,24 103 
549443,24 101 
551471,7 100 
551471,7 2
551471,7 2144
551471,7 11
553455,52 25 
553482,95 75 
554689,6 72 
554761,72 70 
556278,02 80 
557640,05 83 
558202,49 64 563
558411,18 74 185
558411,18 63 185
559421,76 150 
559440,37 68 
560949,54 92 
560949,54 65 
560971,64 103 
560971,64 101 
561498,55 100 
561498,55 2
561498,55 2144
561498,55 11
563477,87 25 
563731,49 75 
564941,32 72 
565010,66 70 
566531,08 80 
567609,1 83 
568660,23 64 1052
568935 74 261
568935 63 261
569444,57 150 
569462,92 68 
569883,76 249
570373,17 92 
570373,17 65 
570394,25 103 
570394,25 101 
570924,1 100 
570924,1 2
570924,1 2144
570924,1 11
572900,52 25 
573660,56 75 
574869,41 72 
574939,74 70 
576457,35 80 
576818,53 83 
580502,14 64 3684
580711,29 74 188
580711,29 63 188
581219,69 150 
581244,42 68 
581694,09 249
583254,18 92 
583254,18 65 
583268,7 103 
583268,7 101 
583795,7 100 
583795,7 2
583795,7 2144
583795,7 11
585775,09 25 
586508,42 75 
587717,73 72 
587787,62 70 
589304,54 80 
590665,9 83 
591402,36 64 737
591628,1 74 203
591628,1 63 203
592635,83 150 
592666,21 68 
593105,19 249
593378,96 92 
593378,96 65 
593397,73 103 
593397,73 101 
593926,92 100 
593926,92 2
593926,92 2144
593926,92 10
595903,98 25 
596410,76 75 
597618,51 72 
597690,01 70 
599205,86 80 
600261,78 83 
601203,94 64 942
601413,84 74 192
601413,84 61 192
602924,34 150 
602941,75 68 
603429,47 249
604951,77 92 
604951,77 65 
604966,06 103 
604966,06 101 
605495,69 100 
605495,69 2
605495,69 2144
605495,69 10
607472,34 25 
608005,82 75 
609211,6 72 
609285 70 
610801,38 80 
611177,14 83 
613013,43 64 1837
613229,53 74 200
613229,53 61 200
613739,08 150 
613763,76 68 
614673,46 92 
614673,46 65 
614695,25 103 
614695,25 101 
615222,04 100 
615222,04 2
615222,04 2144
615222,04 11
617201,55 25 
617774,94 75 
618983,29 72 
619054,13 70 
620567,81 80 
621932,48 83 
622785,65 64 853
623014,51 74 216
623014,51 63 216
624526,17 150 
624545,85 68 
626053,87 92 
626053,87 65 
626076,98 103 
626076,98 101 
626603,4 100 
626603,4 2
626603,4 2144
626603,4 10
628583,31 25 
629556,57 75 
630765,87 72 
630835,75 70 
632353,95 80 
633420,85 83 
634160,01 64 740
634328,09 74 148
634328,09 61 148
635340 150 
635367,8 68 
636076,09 92 
636076,09 65 
636099,38 103 
636099,38 101 
636636,96 100 
636636,96 2
636636,96 2144
636636,96 10
638618,99 25 
639232,65 75 
640440,51 72 
640511,62 70 
642028,11 80 
643389,98 83 
644260,52 64 871
644491,43 74 209
644491,43 63 209
645001,67 151 
645030,34 69 
647038,91 93 
647054,69 103 
647054,69 101 
649081,64 100 
649081,64 2
649081,64 2144
649081,64 11
651066,96 25 
651094,26 75 
652301,35 72 
652373,18 70 
653885,17 80 
654945 83 
655468,77 64 524
655716,97 74 226
655716,97 63 226
657228,86 150 
657252,47 68 
657632,7 249
657962,35 92 
657962,35 65 
657983,31 103 
657983,31 101 
658509,46 100 
658509,46 2
658509,46 2144
658509,46 11
660489,6 25 
661169,65 75 
662377,22 72 
662448,84 70 
663971,58 80 
664340,94 83 
665717,64 64 1377
665939,18 74 200
665939,18 63 200
666948,02 152 
666967,61 69 
668474,56 93 
668498,84 103 
668498,84 101 
670529,32 100 
670529,32 2
670529,32 2144
670529,32 10
672511,11 25 
672538,32 75 
673746,01 72 
673817,3 70 
675335,03 80 
676695,66 83 
677117,93 64 423
677309,24 74 174
677309,24 61 174
677820,83 150 
677842,94 68 
678548,37 249
678752,8 92 
678752,8 65 
678774,38 103 
678774,38 101 
679300,62 100 
679300,62 2
679300,62 2144
679300,62 10
681280,78 25 
681680,91 75 
682890,05 72 
682960,04 70 
684472,1 80 
685531,83 83 
686366,62 64 835
686551,84 74 167
686551,84 61 167
688063,25 150 
688091,89 68 
688803,08 92 
688803,08 65 
688823,41 103 
688823,41 101 
689352,35 100 
689352,35 2
689352,35 2144
689352,35 10
691329,73 25 
691823,22 75 
693030,36 72 
693102,37 70 
694616,92 80 
694981,11 83 
696257,56 64 1277
696492,55 74 219
696492,55 63 219
697503,73 151 
697527,79 69 
699038,45 93 
699059,03 103 
699059,03 101 
701089,9 100 
701089,9 2
701089,9 2144
701089,9 11
703071,32 25 
703099,18 75 
704305,25 72 
704377,5 70 
705896,03 80 
706256,28 83 
707019,22 64 764
707265,37 74 223
707265,37 63 223
708277,38 150 
708296,52 68 
708732,61 249
710305,8 92 
710305,8 65 
710320,85 103 
710320,85 101 
710848,01 100 
710848,01 2
710848,01 2144
710848,01 10
712827,14 25 
713094,1 75 
714301,92 72 
714373,26 70 
715893,78 80 
717584,73 83 
718098,27 64 514
718321,69 74 204
718321,69 61 204
718830,45 150 
718852,07 68 
719257,24 249
719760,11 92 
719760,11 65 
719783,47 103 
719783,47 101 
720310,91 100 
720310,91 2
720310,91 2144
720310,91 11
722289,77 25 
722729,91 75 
723938,01 72 
724009,11 70 
725529,17 80 
726607,55 83 
727020,73 64 413
727262,53 74 229
727262,53 63 229
728773,05 150 
728794,42 68 
729353,13 249
729703,71 92 
729703,71 65 
729725,86 103 
729725,86 101 
730257,54 100 
730257,54 2
730257,54 2144
730257,54 11
732232,17 25 
732912,33 75 
734121,48 72 
734191,37 70 
735713,75 80 
736776,52 83 
737814,53 64 1038
738057,37 74 228
738057,37 63 228
739068,84 150 
739096,63 68 
741106,98 92 
741106,98 65 
741120,96 103 
741120,96 101 
741650,72 100 
741650,72 2
741650,72 2144
741650,72 11
743627,3 25 
744107,48 75 
745314,13 72 
745386,64 70 
746906,2 80 
747265,35 83 
748621,37 64 1356
748823,9 74 186
748823,9 63 186
750334,4 150 
750359,4 68 
751083,78 249
751871,77 92 
751871,77 65 
751889,71 103 
751889,71 101 
752416,07 100 
752416,07 2
752416,07 2144
752416,07 11
754395,98 25 
754969,43 75 
756178,8 72 
756248,65 70 
757768,52 80 
759140,28 83 
759624,41 64 485
759846,49 74 200
759846,49 63 200
760355,94 150 
760380,96 68 
761090,19 92 
761090,19 65 
761112,39 103 
761112,39 101 
761645,14 100 
761645,14 2
761645,14 2144
761645,14 10
763632,01 25 
763978,93 75 
765187,15 72 
765258,15 70 
766777,6 80 
768149,74 83 
768840,69 64 691
769043,76 74 188
769043,76 61 188
770052,99 150 
770070,14 68 
770187,52 249
770521,86 171
770776,42 92 
770776,42 65 
770801,56 103 
770801,56 101 
771327,66 100 
771327,66 2
771327,66 2144
771327,66 10
773307,84 25 
773894,6 75 
775103,71 72 
775173,81 70 
776689,52 80 
777745,6 83 
778184,82 64 439
778418,57 74 220
778418,57 61 220
779929,26 150 
779959,16 68 
781966,35 92 
781966,35 65 
781983,49 103 
781983,49 101 
782509,66 100 
782509,66 2
782509,66 2144
782509,66 10
784489,77 25 
784956,54 75 
786164,28 72 
786235,74 70 
787751,1 80 
788114,48 83 
789102,19 64 988
789361,88 74 234
789361,88 63 234
789874,43 151 
789901,49 69 
790809,95 93 
790819,63 103 
790819,63 101 
792852,53 100 
792852,53 2
792852,53 2144
792852,53 11
794831,98 25 
794859,32 75 
796066,85 72 
796139,75 70 
797654,12 80 
798016,95 83 
799195,29 64 1179
799413,28 74 197
799413,28 63 197
800922,86 152 
800950,16 69 
801649,92 249 
802460,92 93 
802481,32 103 
802481,32 101 
804508,42 100 
804508,42 2
804508,42 2144
804508,42 11
806493,68 25 
806521,07 75 
807729,88 72 
807799,82 70 
809326,15 80 
810384,91 83 
811214,88 64 830
811428,54 74 191
811428,54 63 191
812440,42 150 
812465,19 68 
814473,63 92 
814473,63 65 
814489,48 103 
814489,48 101 
815015,76 100 
815015,76 2
815015,76 2144
815015,76 11
816995,78 25 
817542,55 75 
818751,52 72 
819061,7 70 
820726,21 80 
822286,48 83 
822765,35 64 479
823011,05 74 232
823011,05 63 232
823518,12 150 
823540,47 68 
823961,06 249
824449,84 92 
824449,84 65 
824471,88 103 
824471,88 101 
825003,15 100 
825003,15 2
825003,15 2144
825003,15 10
826978,26 25 
827325,07 75 
828532,23 72 
828604,22 70 
830122,3 80 
830483,06 83 
831725,48 64 1243
831978,93 74 231
831978,93 61 231
832490,15 150 
832509,88 68 
832586,54 249
834018,36 92 
834018,36 65 
834041,08 103 
834041,08 101 
834567,29 100 
834567,29 2
834567,29 2144
834567,29 10
836547,35 25 
836814,32 75 
838023,33 72 
838093,58 70 
839624,27 80 
840985,16 83 
841586,96 64 603
841804,17 74 193
841804,17 61 193
842816,2 150 
842838,79 68 
842911,52 249
843548,57 92 
843548,57 65 
843570,37 103 
843570,37 101 
844101,67 100 
844101,67 2
844101,67 2144
844101,67 10
846076,63 25 
846303,66 75 
847511,14 72 
847582,79 70 
849100,11 80 
850154,61 83 
851145,6 64 991
851319,42 74 152
851319,42 61 152
852830,08 150 
852847,79 68 
853346,53 249
854355,52 92 
854355,52 65 
854379,05 103 
854379,05 101 
854910,53 100 
854910,53 2
854910,53 2144
854910,53 11
856885,35 25 
857418,84 75 
858627,48 72 
858698,04 70 
860214,41 80 
861576,37 83 
862137,09 64 562
862399,31 74 250
862399,31 63 250
862912,64 150 
862936,84 68 
863444,33 249
864947,81 92 
864947,81 65 
864961,26 103 
864961,26 101 
865487,34 100 
865487,34 2
865487,34 2144
865487,34 10
867467,42 25 
867627,73 75 
868834,73 72 
868906,94 70 
870433,52 80 
871505,4 83 
872088,38 64 583
872317,67 74 213
872317,67 61 213
873326,87 150 
873345,69 68 
873524,65 249
873724,11 171
874256,1 92 
874256,1 65 
874277,19 103 
874277,19 101 
874804,15 100 
874804,15 2
874804,15 2144
874804,15 10
876783,42 25 
877143,75 75 
878352,84 72 
878422,84 70 
879944,56 80 
880314,96 83 
881269,07 64 955
881473,71 74 186
881473,71 61 186
882983,06 152 
883008,27 69 
883716,9 93 
883726,55 103 
883726,55 101 
885759,49 100 
885759,49 2
885759,49 2144
885759,49 10
887738,88 25 
887766,01 75 
888974 72 
889045,11 70 
890561,85 80 
890923,69 83 
892707,77 64 1784
892918,39 74 196
892918,39 61 196
894431,17 150 
894456,65 68 
896467,21 92 
896467,21 65 
896480,96 103 
896480,96 101 
897008,31 100 
897008,31 2
897008,31 2144
897008,31 11
898987,28 25 
899107,55 75 
900315,59 72 
900386,75 70 
901903,21 80 
902958,55 83 
903562,16 64 604
903779,98 74 196
903779,98 63 196
904288,91 150 
904319,19 68 
904838,7 249
905827,34 92 
905827,34 65 
905850,27 103 
905850,27 101 
906377,28 100 
906377,28 2
906377,28 2144
906377,28 11
908356,61 25 
908810,21 75 
910017,07 72 
910089,28 70 
911605,91 80 
912967,61 83 
913646,09 64 679
913869,63 74 209
913869,63 63 209
914878,91 150 
914901,28 68 
915423,72 249
915610,61 92 
915610,61 65 
915632,76 103 
915632,76 101 
916165,95 100 
916165,95 2
916165,95 2144
916165,95 11
918152,38 25 
918405,94 75 
919612,88 72 
919685,15 70 
921206 80 
921910,52 83 
923313,12 64 1403
923538,98 74 203
923538,98 63 203
925050,95 150 
925070,17 68 
925537,53 249
925977 92 
925977 65 
926001,69 103 
926001,69 101 
926528,79 100 
926528,79 2
926528,79 2144
926528,79 11
928507,9 25 
928535,21 75 
929741,15 72 
929814,09 70 
931333,59 80 
932692,53 83 
933794,41 64 1102
934018,53 74 207
934018,53 63 207
934525,95 150 
934546,19 68 
935111,55 249
935454,29 92 
935454,29 65 
935477,58 103 
935477,58 101 
936004,97 100 
936004,97 2
936004,97 2144
936004,97 10
937983,92 25 
938011,03 75 
939218,74 72 
939290,06 70 
940812,18 80 
941875,16 83 
942507,58 64 633
942710,02 74 183
942710,02 61 183
943718,19 150 
943742,21 68 
945249,32 92 
945249,32 65 
945273,59 103 
945273,59 101 
945806,18 100 
945806,18 6
945806,18 2144
945806,18 10
945806,18 78 
945806,18 198 
947792,95 25 
947820,11 75 
949028,58 72 
949099,17 70 
950620,29 80 
951684,27 83 
952567,46 64 884
952763,36 74 173
952763,36 61 173
953274,08 153 
953298,02 68 
954008,1 92 
954008,1 65 
954029,6 103 
954029,6 101 
954556,84 100 
954556,84 6
954556,84 2144
954556,84 11
956535,88 25 
956563,08 75 
957771,85 72 
957842,07 70 
959364,8 80 
959734,21 83 
961217,92 64 1484
961457,15 74 218
961457,15 63 218
962466,64 151 
962493,8 69 
964501,97 93 
964518,44 103 
964518,44 101 
966546,24 100 
966546,24 6
966546,24 2144
966546,24 10
968530,75 25 
968558,12 75 
969767,84 72 
969836,96 70 
971351,87 80 
972715,28 83 
973145,61 64 431
973323,17 74 155
973323,17 62 155
974833,05 151 
974862,1 69 
976871,89 93 
976886,48 103 
976886,48 101 
978915,93 100 
978915,93 6
978915,93 2144
978915,93 11
980898,74 25 
980926,06 75 
982132,25 72 
982204,98 70 
983720 80 
984083,75 83 
985324,81 64 1241
985498,57 74 149
985498,57 62 149
986007,63 151 
986031,37 69 
987541,52 93 
987561,91 103 
987561,91 101 
989588,18 100 
989588,18 6
989588,18 2144
989588,18 11
991574,18 25 
991601,42 75 
992809,62 72 
992880,4 70 
994402,64 80 
995772,03 83 
996149,71 64 378
996347,69 74 176
996347,69 61 176
997855,5 150 
997878,88 68 
998788,09 92 
998788,09 65 
998810,37 103 
998810,37 101 
999339,83 100 
999339,83 6
999339,83 2144
999339,83 10
1001316,69 25 
1001343,9 75 
1002551,9 72 
1002622,99 70 
1004140,83 80 
1005194,66 83 
1006148,47 64 954
1006375,04 74 208
1006375,04 63 208
1007383,37 150 
1007408,18 68 
1008119,5 92 
1008119,5 65 
1008139,72 103 
1008139,72 101 
1008675,56 100 
1008675,56 6
1008675,56 2144
1008675,56 10
1010659,37 25 
1010686,46 75 
1011893,44 72 
1011965,68 70 
1013486,75 80 
1014550,64 83 
1015527,54 64 977
1015783,98 74 235
1015783,98 63 235
1017292,09 150 
1017310,72 68 
1018021,67 92 
1018021,67 65 
1018042,14 103 
1018042,14 101 
1018568,96 100 
1018568,96 6
1018568,96 2144
1018568,96 11
1020548,45 25 
1020589,31 75 
1021797,19 72 
1022107,85 70 
1023724,84 80 
1024093,21 83 
1025145,46 64 1053
1025324,04 74 165
1025324,04 62 165
1026333,24 151 
1026360,87 69 
1027271,97 93 
1027291,5 103 
1027291,5 101 
1029317,57 100 
1029317,57 6
1029317,57 2144
1029317,57 10
1031303,85 25 
1031331,14 75 
1032540,34 72 
1032610,03 70 
1034129,12 80 
1035488,34 83 
1036582,33 64 1095
1036830,42 74 236
1036830,42 61 236
1037338,93 151 
1037356,15 69 
1039365,07 93 
1039379,65 103 
1039379,65 101 
1041409,9 100 
1041409,9 6
1041409,9 2144
1041409,9 11
1043391,94 25 
1051255,58 75 
1052462,95 72 
1052534,79 70 
1054056,77 80 
1054426,9 83 
1055874,68 64 1448
1056168,77 74 276
1056168,77 62 276
1056680,42 151 
1056707 69 
1057888,69 249 
1060832,24 183 
1069876,26 93 
1069886,56 103 
1069886,56 101 
1071917,29 100 
1071917,29 6
1071917,29 2144
1071917,29 10
1073898,83 25 
1073926,19 75 
1075134,45 72 
1075205,05 70 
1076725,61 80 
1078096,72 83 
1079167,79 64 1071
1079399,45 74 210
1079399,45 63 210
1080909,81 150 
1080936,72 68 
1081405,65 249
1081644,61 92 
1081644,61 65 
1081668,17 103 
1081668,17 101 
1082195,83 100 
1082195,83 6
1082195,83 2144
1082195,83 10
1084174,44 25 
1084201,82 75 
1085410,62 72 
1085480,72 70 
1086999,59 80 
1088052,44 83 
1089064,29 64 1012
1089272,21 74 194
1089272,21 63 194
1090284,24 150 
1090305,97 68 
1092313,14 92 
1092313,14 65 
1092330,26 103 
1092330,26 101 
1092862,36 100 
1092862,36 6
1092862,36 2144
1092862,36 11
1094836,58 25 
1094863,72 75 
1096073,29 72 
1096142,73 70 
1097664,76 80 
1099034,48 83 
1099578,58 64 544
1099792,15 74 199
1099792,15 61 199
1100299,93 150 
1100328,37 68 
1101836,42 92 
1101836,42 65 
1101859,51 103 
1101859,51 101 
1102386,43 100 
1102386,43 6
1102386,43 2144
1102386,43 11
1104366,57 25 
1104393,05 75 
1105603,05 72 
1105672,09 70 
1107186,21 80 
1107537,39 83 
1109081,8 64 1544
1109285,23 74 189
1109285,23 61 189
1110295,95 150 
1110324,06 68 
1111233,16 92 
1111233,16 65 
1111255,52 103 
1111255,52 101 
1111784,52 100 
1111784,52 6
1111784,52 2144
1111784,52 10
1113761,76 25 
1113789,32 75 
1114998,88 72 
1115067,94 70 
1116586,78 80 
1117653,12 83 
1118828,82 64 1176
1119000,36 74 148
1119000,36 62 148
1120509,45 151 
1120534,35 69 
1121444,41 93 
1121464,45 103 
1121464,45 101 
1123500,21 100 
1123500,21 6
1123500,21 2144
1123500,21 10
1125476,7 25 
1128622,44 75 
1129832,84 72 
1130128,18 70 
1131746,79 80 
1132113,57 83 
1133658,11 64 1545
1133924,45 74 252
1133924,45 63 252
1134934,44 150 
1134953,51 68 
1135662,13 92 
1135662,13 65 
1135684,99 103 
1135684,99 101 
1136211,96 100 
1136211,96 6
1136211,96 2144
1136211,96 11
1138191,29 25 
1138219,09 75 
1139428,06 72 
1139497,53 70 
1141014,88 80 
1142082,6 83 
1142703,88 64 621
1143033,98 74 313
1143033,98 61 313
1144543,44 150 
1144562,38 68 
1146072,69 92 
1146072,69 65 
1146093,84 103 
1146093,84 101 
1146621,83 100 
1146621,83 6
1146621,83 2144
1146621,83 11
1148600,14 25 
1148627,45 75 
1149835,38 72 
1149906,37 70 
1151429,64 80 
1152797,99 83 
1153216,08 64 419
1153395,75 74 158
1153395,75 61 158
1153904,53 150 
1153931,62 68 
1154401,32 249
1155938,73 92 
1155938,73 65 
1155956,31 103 
1155956,31 101 
1156488,94 100 
1156488,94 6
1156488,94 2144
1156488,94 10
1158475,87 25 
1158503,2 75 
1159711,44 72 
1159783,76 70 
1161303,48 80 
1162673,74 83 
1164527 64 1854
1164793,38 74 254
1164793,38 63 254
1165301,92 152 
1165327,77 69 
1166036,69 93 
1166058,61 103 
1166058,61 101 
1168085,89 100 
1168085,89 6
1168085,89 2144
1168085,89 11
1170070,91 25 
1170099,29 75 
1171304,95 72 
1171377,11 70 
1172894,7 80 
1173948,96 83 
1175386,16 64 1438
1175654,41 74 253
1175654,41 63 253
1177163,74 151 
1177188,24 69 
1179196,76 93 
1179212,95 103 
1179212,95 101 
1181241,02 100 
1181241,02 6
1181241,02 2144
1181241,02 10
1183225,26 25 
1183252,79 75 
1184460,14 72 
1184531,5 70 
1186053,65 80 
1186423,55 83 
1187722,94 64 1300
1187932,66 74 190
1187932,66 61 190
1188941,18 151 
1188970,26 69 
1189878,58 93 
1189888,47 103 
1189888,47 101 
1191920 100 
1191920 6
1191920 2144
1191920 11
1193900,7 25 
1193928,81 75 
1195136,15 72 
1195206,87 70 
1196729,64 80 
1197099,01 83 
1197799,17 64 701
1197976,34 74 158
1197976,34 62 158
1199486,65 153 
1199512,4 68 
1201023,92 92 
1201023,92 65 
1201043,65 103 
1201043,65 101 
1201572 100 
1201572 6
1201572 2144
1201572 11
1203549,92 25 
1203577,13 75 
1204785,04 72 
1204856,23 70 
1206378,68 80 
1207747,78 83 
1208054,29 64 307
1208250,27 74 183
1208250,27 62 183
1209257,97 151 
1209281,5 69 
1210190,44 93 
1210199,84 103 
1210199,84 101 
1212225,85 100 
1212225,85 6
1212225,85 2144
1212225,85 11
1214211,96 25 
1214825,42 75 
1216034,15 72 
1216104,62 70 
1217623,07 80 
1218676,37 83 
1219589,51 64 913
1219793,28 74 185
1219793,28 61 185
1220301,51 150 
1220330,83 68 
1221838,6 92 
1221838,6 65 
1221861,32 103 
1221861,32 101 
1222393,83 100 
1222393,83 6
1222393,83 2144
1222393,83 11
1224367,87 25 
1226593,68 75 
1227800,77 72 
1227872,87 70 
1228626,25 250 
1228645,34 101 
1230658,28 100 
1230658,28 6
1230658,28 2144
1230658,28 11
1230658,28 25 
1231658,32 75 
1232864,96 72 
1232883,2 70 
1234090,05 80 
1234789,46 83 
1235891,32 64 1102
1236104,59 74 196
1236104,59 63 196
1237612,73 151 
1237643,02 69 
1238886,28 249 
1239190,37 181 
1242169,53 256 
1251414,48 93 
1251435,33 103 
1251435,33 101 
1253464,81 100 
1253464,81 6
1253464,81 2144
1253464,81 11
1255447,59 25 
1258260,09 75 
1259469,04 72 
1259539,27 70 
1261056,19 80 
1261406,02 250 
1261417,64 101 
1263430,89 100 
1263430,89 6
1263430,89 2144
1263430,89 11
1263430,89 25 
1265550,31 75 
1266757,99 72 
1266829,49 70 
1267556,07 250 
1267575,05 101 
1269588,24 100 
1269588,24 6
1269588,24 2144
1269588,24 11
1269588,24 25 
1269616,2 75 
1270825,16 72 
1270840,24 70 
1271440,52 250 
1271453,3 101 
1273466,52 100 
1273466,52 6
1273466,52 2144
1273466,52 11
1273466,52 25 
1276852,1 75 
1278057,96 72 
1278077,15 70 
1279286,81 250 
1279303,27 101 
1281316,5 100 
1281316,5 6
1281316,5 2144
1281316,5 11
1281316,5 25 
1282702,94 75 
1283913,67 72 
1283927,95 70 
1285135,3 80 
1286207,44 83 
1290483,54 64 4276
1291076,37 74 578
1291076,37 61 578
1292086,47 150 
1292112,73 68 
1292820,76 92 
1292820,76 65 
1292844,23 103 
1292844,23 101 
1293370,73 100 
1293370,73 6
1293370,73 2144
1293370,73 10
1295350,53 25 
1295377,9 75 
1296585,62 72 
1296656,74 70 
1298172,47 80 
1299535,02 83 
1300218,69 64 684
1300429,37 74 188
1300429,37 62 188
1300939,9 151 
1300962,55 69 
1302469,11 93 
1302480,04 103 
1302480,04 101 
1304512,43 100 
1304512,43 6
1304512,43 2144
1304512,43 10
1306492,46 25 
1306519,55 75 
1307725,09 72 
1307798,57 70 
1309318,96 80 
1310383,79 83 
1311600,05 64 1217
1311629,95 256 
1311753,05 74 131
1311753,05 62 131
1313723,86 251 
1313723,86 241 
1313741,83 101 
1315755,11 100 
1315755,11 6
1315755,11 2144
1315755,11 10
1315755,11 25 
1315808,73 75 
1317017,37 72 
1317087,91 70 
1318605,15 80 
1319673,02 83 
1320539,68 64 867
1320756,52 74 204
1320756,52 63 204
1322263,57 150 
1322286,37 68 
1322797,16 249
1323195,81 92 
1323195,81 65 
1323217,85 103 
1323217,85 101 
1323744,26 100 
1323744,26 6
1323744,26 2144
1323744,26 10
1325724,16 25 
1326817,32 75 
1328026,7 72 
1328096,52 70 
1329615,44 80 
1330988,17 83 
1331920,64 64 933
1332119,07 74 185
1332119,07 63 185
1332629,87 150 
1332655,25 68 
1333362,56 92 
1333362,56 65 
1333386,82 103 
1333386,82 101 
1333913,72 100 
1333913,72 6
1333913,72 2144
1333913,72 10
1335893,08 25 
1336413,31 75 
1337622,75 72 
1337932,32 70 
1339599,12 80 
1340170,9 83 
1341715,84 64 1545
1341909,87 74 180
1341909,87 63 180
1342917,53 150 
1342944,18 68 
1344952,69 92 
1344952,69 65 
1344968,49 103 
1344968,49 101 
1345506,46 100 
1345506,46 6
1345506,46 2144
1345506,46 11
1347488,08 25 
1347994,91 75 
1349202,4 72 
1349274,1 70 
1350791,66 80 
1351845,96 83 
1352710,36 64 865
1352916,59 74 191
1352916,59 63 191
1353426,58 151 
1353447,12 69 
1354957,51 93 
1354977,57 103 
1354977,57 101 
1357003,75 100 
1357003,75 6
1357003,75 2144
1357003,75 11
1358989,85 25 
1359017,76 75 
1360226,72 72 
1360296,03 70 
1361816,19 80 
1362174,91 83 
1363374,16 64 1200
1363599,36 74 212
1363599,36 63 212
1365107,59 151 
1365134,67 69 
1366042,79 93 
1366052,8 103 
1366052,8 101 
1368079,76 100 
1368079,76 6
1368079,76 2144
1368079,76 10
1370065,18 25 
1370092,34 75 
1371301,28 72 
1371371,32 70 
1372890,9 80 
1374262,95 83 
1375037,52 64 775
1375220,19 74 158
1375220,19 61 158
1376231,75 151 
1376249,56 69 
1378260,7 93 
1378274,22 103 
1378274,22 101 
1380306,26 100 
1380306,26 6
1380306,26 2144
1380306,26 10
1382286,49 25 
1382313,82 75 
1383521,43 72 
1383592,71 70 
1385110,35 80 
1386471,06 83 
1387029,84 64 559
1387235,72 74 192
1387235,72 63 192
1387744,74 150 
1387764,93 68 
1388473,63 92 
1388473,63 65 
1388496,52 103 
1388496,52 101 
1389024,8 100 
1389024,8 6
1389024,8 2144
1389024,8 11
1391002,78 25 
1391429,65 75 
1392637,95 72 
1392708,79 70 
1394231,94 80 
1395307,27 83 
1395766,35 64 460
1395962,98 74 176
1395962,98 63 176
1396974,56 151 
1397000,96 69 
1397911,53 93 
1397932,44 103 
1397932,44 101 
1399959,58 100 
1399959,58 6
1399959,58 2144
1399959,58 11
1401944,76 25 
1401972,08 75 
1403178,78 72 
1403250,91 70 
1404768,73 80 
1405129,68 83 
1406308,55 64 1179
1406514,01 74 185
1406514,01 63 185
1408021,38 151 
1408049,59 69 
1408759,45 93 
1408781,09 103 
1408781,09 101 
1410813,58 100 
1410813,58 6
1410813,58 2144
1410813,58 10
1412793,47 25 
1412821,45 75 
1414028,71 72 
1414099,63 70 
1415620,94 80 
1415991,89 83 
1417687,06 64 1696
1417890,59 74 180
1417890,59 63 180
1418400,6 150 
1418418,57 68 
1420426,62 92 
1420426,62 65 
1420442,88 103 
1420442,88 101 
1420969,27 100 
1420969,27 6
1420969,27 2144
1420969,27 10
1422949,1 25 
1424615,42 75 
1425825,73 72 
1425894,63 70 
1427414,58 80 
1428786,22 83 
1429216,74 64 431
1429442,06 74 203
1429442,06 63 203
1430453,56 150 
1430479,94 68 
1431991,95 92 
1431991,95 65 
1432011,16 103 
1432011,16 101 
1432538,01 100 
1432538,01 6
1432538,01 2144
1432538,01 11
1434517,45 25 
1434917,71 75 
1436126,06 72 
1436196,8 70 
1437715,34 80 
1438768,64 83 
1439737,93 64 970
1439939,39 74 185
1439939,39 63 185
1441448,89 153 
1441475,22 68 
1443487,21 92 
1443487,21 65 
1443499,56 103 
1443499,56 101 
1444034,84 100 
1444034,84 6
1444034,84 2144
1444034,84 10
1446005,84 25 
1446779,27 75 
1447986,11 72 
1448058,4 70 
1449577,12 80 
1450643,56 83 
1451760,43 64 1117
1451959,23 74 183
1451959,23 63 183
1452967 150 
1452990,32 68 
1454501,77 92 
1454501,77 65 
1454521,48 103 
1454521,48 101 
1455050,02 100 
1455050,02 6
1455050,02 2144
1455050,02 10
1457027,75 25 
1457774,5 75 
1458983,45 72 
1459053,66 70 
1460576,53 80 
1461945,33 83 
1462593,73 64 649
1462853,31 74 242
1462853,31 63 242
1463360,44 150 
1463385,81 68 
1464295,62 92 
1464295,62 65 
1464317,29 103 
1464317,29 101 
1464844,47 100 
1464844,47 6
1464844,47 2144
1464844,47 11
1466823,73 25 
1467450,38 75 
1468657,56 72 
1468729,5 70 
1470252,31 80 
1470621,61 83 
1471536,76 64 915
1471731,03 74 177
1471731,03 63 177
1473241,95 151 
1473261,18 69 
1473972,64 93 
1473993,18 103 
1473993,18 101 
1476029,02 100 
1476029,02 6
1476029,02 2144
1476029,02 11
1478005,46 25 
1478032,81 75 
1479239,78 72 
1479311,67 70 
1480828,46 80 
1481883,47 83 
1482868,07 64 985
1483052,06 74 170
1483052,06 62 170
1484560,53 151 
1484589,69 69 
1486096,35 93 
1486107,91 103 
1486107,91 101 
1488134,73 100 
1488134,73 6
1488134,73 2144
1488134,73 10
1490121,1 25 
1490147,47 75 
1491359,07 72 
1491426,48 70 
1492942,3 80 
1494304,78 83 
1494701,13 64 396
1494926,85 74 209
1494926,85 63 209
1495437,41 150 
1495465,4 68 
1496053,13 249
1496175,81 92 
1496175,81 65 
1496196,97 103 
1496196,97 101 
1496724,16 100 
1496724,16 6
1496724,16 2144
1496724,16 11
1498703,19 25 
1503434,89 75 
1504643,65 72 
1504714,09 70 
1506247,24 80 
1506619,57 83 
1508203,99 64 1585
1508415,4 74 197
1508415,4 63 197
1509426,56 151 
1509446,84 69 
1510354,18 93 
1510364,2 103 
1510364,2 101 
1512397,46 100 
1512397,46 6
1512397,46 2144
1512397,46 10
1514376,53 25 
1519614,72 75 
1519640,78 250 
1519653,16 101 
1521653,58 100 
1521653,58 6
1521653,58 2144
1521653,58 10
1521653,58 25 
1522239,39 75 
1523448,95 72 
1523519,37 70 
1525040,11 80 
1525411,43 83 
1526976,86 64 1565
1527191,17 74 194
1527191,17 63 194
1528701,08 150 
1528731,22 68 
1530738,07 92 
1530738,07 65 
1530755,43 103 
1530755,43 101 
1531281,58 100 
1531281,58 6
1531281,58 2144
1531281,58 11
1533261,73 25 
1533675,34 75 
1534882,98 72 
1534954,42 70 
1536468,14 80 
1537832,74 83 
1538397,06 64 565
1538622,29 74 204
1538622,29 63 204
1539631,56 153 
1539659,72 68 
1540371,47 92 
1540371,47 65 
1540391,3 103 
1540391,3 101 
1540918,22 100 
1540918,22 6
1540918,22 2144
1540918,22 10
1542897,59 25 
1543297,79 75 
1544505,7 72 
1544803,51 70 
1546423,34 80 
1547495,26 83 
1548618,95 64 1125
1548819,29 74 178
1548819,29 63 178
1549328,6 150 
1549348,69 68 
1550260,32 92 
1550260,32 65 
1550280,39 103 
1550280,39 101 
1550812,01 100 
1550812,01 6
1550812,01 2144
1550812,01 10
1552786,71 25 
1553360,27 75 
1554569,85 72 
1554639,38 70 
1556158,48 80 
1557517,68 83 
1558031,17 64 514
1558224,59 74 174
1558224,59 63 174
1559236,6 150 
1559264,67 68 
1560776,17 92 
1560776,17 65 
1560795,87 103 
1560795,87 101 
1561322,04 100 
1561322,04 6
1561322,04 2144
1561322,04 11
1563302,17 25 
1563529,11 75 
1564737,72 72 
1564808,27 70 
1566326,7 80 
1566687,03 83 
1567930,06 64 1244
1568126,66 74 174
1568126,66 63 174
1568636,78 151 
1568660,28 69 
1570669,85 93 
1570684,97 103 
1570684,97 101 
1572716,01 100 
1572716,01 6
1572716,01 2144
1572716,01 11
1574697,28 25 
1574724,56 75 
1575932,13 72 
1576003,49 70 
1577517,46 80 
1578575,49 83 
1579229,29 64 654
1579415,74 74 161
1579415,74 62 161
1580928,69 151 
1580948,67 69 
1581860,82 93 
1581880,15 103 
1581880,15 101 
1583909,28 100 
1583909,28 6
1583909,28 2144
1583909,28 10
1585892,54 25 
1585919,94 75 
1587127,99 72 
1587198,68 70 
1588719,29 80 
1590090,33 83 
1590490,81 64 401
1590700,05 74 197
1590700,05 63 197
1591212,04 150 
1591237,78 68 
1593248,38 92 
1593248,38 65 
1593261,94 103 
1593261,94 101 
1593790,01 100 
1593790,01 6
1593790,01 2144
1593790,01 11
1595768,22 25 
1596128,43 75 
1597335,84 72 
1597407,62 70 
1598921,72 80 
1599286,37 83 
1600818,94 64 1533
1601032,9 74 201
1601032,9 63 201
1602541,8 153 
1602566,22 68 
1604073,08 92 
1604073,08 65 
1604097,3 103 
1604097,3 101 
1604624,3 100 
1604624,3 6
1604624,3 2144
1604624,3 11
1606603,56 25 
1606763,88 75 
1607971,62 72 
1608043,08 70 
1609560,97 80 
1610614,85 83 
1611649,68 64 1035
1611902,17 74 235
1611902,17 63 235
1612909,24 151 
1612935,68 69 
1613645,29 93 
1613666,51 103 
1613666,51 101 
1615702,1 100 
1615702,1 6
1615702,1 2144
1615702,1 11
1617678,88 25 
1617706,28 75 
1618913,91 72 
1618985,03 70 
1620506,72 80 
1621876,73 83 
1622561,68 64 685
1622777,52 74 195
1622777,52 63 195
1623785,33 151 
1623810,29 69 
1625320,63 93 
1625341,51 103 
1625341,51 101 
1627370,43 100 
1627370,43 6
1627370,43 2144
1627370,43 10
1629353,81 25 
1629381,44 75 
1630589,23 72 
1630660,03 70 
1632182,88 80 
1632552,12 83 
1633727,61 64 1176
1633944,32 74 193
1633944,32 63 193
1635453,45 150 
1635472,01 68 
1637482,87 92 
1637482,87 65 
1637496,29 103 
1637496,29 101 
1638022,41 100 
1638022,41 6
1638022,41 2144
1638022,41 10
1640002,57 25 
1640176,29 75 
1641384,79 72 
1641455,46 70 
1642968,21 80 
1644027,21 83 
1644566,77 64 540
1644788,51 74 202
1644788,51 63 202
1645296,22 150 
1645321,08 68 
1646032,2 92 
1646032,2 65 
1646052,65 103 
1646052,65 101 
1646585,71 100 
1646585,71 6
1646585,71 2144
1646585,71 10
1648558,98 25 
1648985,78 75 
1650195,1 72 
1650451,58 70 
1652103,47 80 
1652663,65 83 
1653831,57 64 1168
1654064,08 74 215
1654064,08 63 215
1655074,28 150 
1655103,56 68 
1656014,72 92 
1656014,72 65 
1656035,03 103 
1656035,03 101 
1656561,29 100 
1656561,29 6
1656561,29 2144
1656561,29 11
1658541,29 25 
1658994,74 75 
1660204,43 72 
1660273,99 70 
1661794,1 80 
1662859,15 83 
1663502,02 64 644
1663690,09 74 165
1663690,09 62 165
1665202,42 151 
1665232,23 69 
1667240,7 93 
1667256,9 103 
1667256,9 101 
1669283,98 100 
1669283,98 6
1669283,98 2144
1669283,98 10
1671269,18 25 
1671296,83 75 
1672504,31 72 
1672575,36 70 
1674092,34 80 
1675453,69 83 
1675892,43 64 439
1676139,38 74 233
1676139,38 63 233
1676650,63 150 
1676668,01 68 
1678178,56 92 
1678178,56 65 
1678198,83 103 
1678198,83 101 
1678734,08 100 
1678734,08 6
1678734,08 2144
1678734,08 10
1680718,47 25 
1680838,79 75 
1682047,65 72 
1682117,94 70 
1683638,41 80 
1684010,05 83 
1685337,63 64 1328
1685575,99 74 221
1685575,99 63 221
1686085,28 150 
1686103,68 68 
1687014,78 92 
1687014,78 65 
1687035,06 103 
1687035,06 101 
1687563,21 100 
1687563,21 6
1687563,21 2144
1687563,21 10
1689541,32 25 
1689781,59 75 
1690988,58 72 
1691060,77 70 
1692576,59 80 
1693632,56 83 
1694493,58 64 861
1694731,77 74 220
1694731,77 63 220
1696242,16 150 
1696272,56 68 
1696745,8 249
1696982,28 92 
1696982,28 65 
1697004,14 103 
1697004,14 101 
1697530,84 100 
1697530,84 6
1697530,84 2144
1697530,84 10
1699510,38 25 
1700017,18 75 
1701224,92 72 
1701296,38 70 
1702816,39 80 
1704188,09 83 
1704968,41 64 781
1705198,79 74 211
1705198,79 63 211
1706207,75 150 
1706228,25 68 
1706936,82 92 
1706936,82 65 
1706959,84 103 
1706959,84 101 
1707492,18 100 
1707492,18 6
1707492,18 2144
1707492,18 11
1709479,48 25 
1709906,34 75 
1711115,45 72 
1711185,47 70 
1712699,05 80 
1713757,28 83 
1714292,9 64 536
1714498,79 74 182
1714498,79 61 182
1715511,36 150 
1715530,96 68 
1715704,77 249
1715909,96 171
1717539,13 92 
1717539,13 65 
1717555,27 103 
1717555,27 101 
1718082,47 100 
1718082,47 6
1718082,47 2144
1718082,47 11
1720061,53 25 
1720155,25 75 
1721364,33 72 
1721434,43 70 
1722954,38 80 
1724326,07 83 
1724840,65 64 515
1725079,72 74 221
1725079,72 61 221
1726590,82 150 
1726619,48 68 
1728128,21 92 
1728128,21 65 
1728150,75 103 
1728150,75 101 
1728678,37 100 
1728678,37 6
1728678,37 2144
1728678,37 11
1730657,06 25 
1731030,81 75 
1732239,89 72 
1732309,74 70 
1733823,42 80 
1734175,25 83 
1735454,64 64 1280
1735650,93 74 184
1735650,93 61 184
1736160,21 152 
1736189,45 69 
1737099,27 93 
1737120,24 103 
1737120,24 101 
1739154,33 100 
1739154,33 6
1739154,33 2144
1739154,33 10
1741132,56 25 
1741159,86 75 
1742367,89 72 
1742438,71 70 
1743959,72 80 
1745023,93 83 
1745577,85 64 554
1745805,87 74 209
1745805,87 63 209
1746313,28 150 
1746331,12 68 
1747038,46 92 
1747038,46 65 
1747062,61 103 
1747062,61 101 
1747588,81 100 
1747588,81 6
1747588,81 2144
1747588,81 11
1749569,1 25 
1749955,8 75 
1751164,59 72 
1751235,01 70 
1752754,62 80 
1754459,8 83 
1754844,89 64 385
1755053,33 74 194
1755053,33 61 194
1756562,88 150 
1756593,34 68 
1758104,66 92 
1758104,66 65 
1758125,54 103 
1758125,54 101 
1758653,41 100 
1758653,41 6
1758653,41 2144
1758653,41 11
1760630,82 25 
1761057,66 75 
1762265,69 72 
1762336,84 70 
1763860,79 80 
1764228,95 83 
1765380,76 64 1152
1765563,6 74 162
1765563,6 61 162
1766576,3 150 
1766602,34 68 
1767512,42 92 
1767512,42 65 
1767533,87 103 
1767533,87 101 
1768065,45 100 
1768065,45 6
1768065,45 2144
1768065,45 10
1770040,15 25 
1770613,56 75 
1771821,77 72 
1771892,76 70 
1773406,07 80 
1774464,53 83 
1775312,87 64 848
1775523,5 74 193
1775523,5 61 193
1776034,02 151 
1776051,63 69 
1776085,17 249 
1778060,26 93 
1778075,96 103 
1778075,96 101 
1780107,32 100 
1780107,32 1
1780107,32 2144
1780107,32 11
1780107,32 78 
1780107,32 198 
1782088,37 25 
1782115,63 75 
1783324,16 72 
1783394,5 70 
1784918,27 80 
1785286,6 83 
1786479,99 64 1194
1786712,1 74 213
1786712,1 63 213
1788220,6 151 
1788247,19 69 
1789158,09 93 
1789177,86 103 
1789177,86 101 
1791204,06 100 
1791204,06 1
1791204,06 2144
1791204,06 10
1793190,24 25 
1793217,57 75 
1794424,67 72 
1794496,4 70 
1796015,11 80 
1797374,7 83 
1798714,06 64 1340
1798936,82 74 203
1798936,82 63 203
1799944,28 151 
1799961,25 69 
1800670,66 93 
1800692,94 103 
1800692,94 101 
1802722,49 100 
1802722,49 1
1802722,49 2144
1802722,49 10
1804705,23 25 
1804732,35 75 
1805939,93 72 
1806011,44 70 
1807532,35 80 
1808609,86 83 
1809203,57 64 594
1809420,56 74 198
1809420,56 61 198
1810431,4 152 
1810450,41 69 
1812101,29 249 
1813574,81 183 
1820065,52 93 
1820084,63 103 
1820084,63 101 
1822112,51 100 
1822112,51 1
1822112,51 2144
1822112,51 10
1824096,9 25 
1824124,44 75 
1825332,31 72 
1825403,1 70 
1826941,24 80 
1827308,6 83 
1828087,69 64 779
1828299,94 74 193
1828299,94 61 193
1828810,99 150 
1828828,96 68 
1830339,47 92 
1830339,47 65 
1830360,26 103 
1830360,26 101 
1830886,41 100 
1830886,41 1
1830886,41 2144
1830886,41 10
1832866,59 25 
1833146,74 75 
1834354,93 72 
1834425,93 70 
1835945,7 80 
1837304,34 83 
1838064,37 64 761
1838349,29 74 259
1838349,29 63 259
1839861,52 151 
1839891,39 69 
1840736,28 249 
1841367,89 183 
1841401,54 93 
1841422,14 103 
1841422,14 101 
1843456,12 100 
1843456,12 1
1843456,12 2144
1843456,12 10
1845434,41 25 
1845461,84 75 
1846670,97 72 
1846740,65 70 
1848257,08 80 
1849618,99 83 
1849997,83 64 379
1850185,23 74 167
1850185,23 61 167
1850696,55 150 
1850726,3 68 
1851433,04 92 
1851433,04 65 
1851457,82 103 
1851457,82 101 
1851984,85 100 
1851984,85 1
1851984,85 2144
1851984,85 11
1853964,12 25 
1854550,87 75 
1855759,33 72 
1856056,73 70 
1857722,11 80 
1858281,94 83 
1859527,97 64 1247
1859753,04 74 206
1859753,04 63 206
1861262,76 151 
1861282,56 69 
1863292,82 93 
1863306,05 103 
1863306,05 101 
1865332,69 100 
1865332,69 1
1865332,69 2144
1865332,69 11
1867318,39 25 
1867345,69 75 
1868552,47 72 
1868624,55 70 
1870149,37 80 
1871223,02 83 
1871830,63 64 608
1872026,35 74 177
1872026,35 61 177
1873038,72 151 
1873064,17 69 
1873974,09 93 
1873994,8 103 
1873994,8 101 
1876028,76 100 
1876028,76 1
1876028,76 2144
1876028,76 11
1878007,21 25 
1878034,53 75 
1879244,91 72 
1879313,39 70 
1880840 80 
1881911,83 83 
1882307,22 64 396
1882497,46 74 173
1882497,46 61 173
1884006,23 151 
1884032,05 69 
1884939,91 93 
1884950,23 103 
1884950,23 101 
1886977,99 100 
1886977,99 1
1886977,99 2144
1886977,99 11
1888962,48 25 
1888989,75 75 
1890199,08 72 
1890268,67 70 
1891787,25 80 
1893146,95 83 
1893741,82 64 595
1893950,73 74 191
1893950,73 61 191
1894459,72 151 
1894480,88 69 
1894596,39 249 
1895779,08 181 
1896489,13 93 
1896505,13 103 
1896505,13 101 
1898532,67 100 
1898532,67 1
1898532,67 2144
1898532,67 11
1900517,46 25 
1900546,82 75 
1901754,65 72 
1901823,63 70 
1903341,83 80 
1903702,4 83 
1904547,34 64 845
1904741,73 74 173
1904741,73 62 173
1905751,86 150 
1905782,61 68 
1907294,04 92 
1907294,04 65 
1907313,83 103 
1907313,83 101 
1907843,55 100 
1907843,55 1
1907843,55 2144
1907843,55 10
1909833,49 25 
1909860,68 75 
1911068,87 72 
1911139,67 70 
1912658,97 80 
1913018,43 83 
1914053,09 64 1035
1914306,14 74 236
1914306,14 61 236
1915816,69 150 
1915845,73 68 
1916554,45 92 
1916554,45 65 
1916576,54 103 
1916576,54 101 
1917104,96 100 
1917104,96 1
1917104,96 2144
1917104,96 10
1919082,85 25 
1919110,52 75 
1920320,21 72 
1920389,03 70 
1921905,2 80 
1923267,35 83 
1923608,15 64 341
1923830,56 74 203
1923830,56 61 203
1924838,78 150 
1924867,84 68 
1926377,2 92 
1926377,2 65 
1926398,98 103 
1926398,98 101 
1926926,41 100 
1926926,41 1
1926926,41 2144
1926926,41 11
1928905,26 25 
1929185,54 75 
1930392,04 72 
1930464,69 70 
1931988,92 80 
1933049,81 83 
1933882,08 64 833
1934112,6 74 210
1934112,6 63 210
1934623,21 151 
1934651,07 69 
1935562,83 93 
1935581,72 103 
1935581,72 101 
1937611,42 100 
1937611,42 1
1937611,42 2144
1937611,42 10
1939594,06 25 
1939621,86 75 
1940831,56 72 
1940900,24 70 
1942415,62 80 
1943485,32 83 
1943914,32 64 429
1944127,11 74 189
1944127,11 61 189
1944637,31 150 
1944659,28 68 
1945099,6 249
1946670,15 92 
1946670,15 65 
1946683,62 103 
1946683,62 101 
1947211,14 100 
1947211,14 1
1947211,14 2144
1947211,14 11
1949189,89 25 
1949230,28 75 
1950438,18 72 
1950509,51 70 
1952036,72 80 
1953401,1 83 
1954079,26 64 679
1954272,67 74 179
1954272,67 62 179
1955781,48 150 
1955801,19 68 
1956511,7 92 
1956511,7 65 
1956532,72 103 
1956532,72 101 
1957060,84 100 
1957060,84 1
1957060,84 2144
1957060,84 11
1959039,06 25 
1959385,95 75 
1960594,63 72 
1960891,63 70 
1962555,23 80 
1963116,97 83 
1964227,88 64 1111
1964417,32 74 168
1964417,32 62 168
1965424,74 150 
1965451,11 68 
1966160,59 92 
1966160,59 65 
1966182,02 103 
1966182,02 101 
1966711,75 100 
1966711,75 1
1966711,75 2144
1966711,75 10
1968688,19 25 
1969274,96 75 
1970484,7 72 
1970554,21 70 
1972070,27 80 
1972432,95 83 
1973596,69 64 1164
1973788,86 74 170
1973788,86 61 170
1974296,68 150 
1974327,35 68 
1974475,66 249
1975836,52 92 
1975836,52 65 
1975857,76 103 
1975857,76 101 
1976384,42 100 
1976384,42 1
1976384,42 2144
1976384,42 10
1978364,1 25 
1978604,34 75 
1979811,87 72 
1979883,46 70 
1981400,4 80 
1982468,63 83 
1983338,1 64 870
1983575,3 74 214
1983575,3 61 214
1984587,47 152 
1984615,46 69 
1985526,94 93 
1985547 103 
1985547 101 
1987573,94 100 
1987573,94 1
1987573,94 2144
1987573,94 11
1989559,31 25 
1989599,98 75 
1990809,57 72 
1990878,77 70 
1992392,04 80 
1993757,09 83 
1994058,8 64 302
1994277,72 74 201
1994277,72 61 201
1995789,33 151 
1995810,66 69 
1997819,79 93 
1997835,03 103 
1997835,03 101 
1999871,08 100 
1999871,08 1
1999871,08 2144
1999871,08 10
2001847,34 25 
2001874,78 75 
2003082,33 72 
2003153,53 70 
2004675,8 80 
2005045,59 83 
2005833,52 64 788
2006020,36 74 162
2006020,36 61 162
2007531,17 150 
2007552,32 68 
2007998,28 249
2009560,21 92 
2009560,21 65 
2009576,64 103 
2009576,64 101 
2010103,55 100 
2010103,55 1
2010103,55 2144
2010103,55 10
2012082,99 25 
2012376,52 75 
2013584,43 72 
2013655,72 70 
2015171,25 80 
2016240,79 83 
2016711,37 64 471
2016931,52 74 198
2016931,52 61 198
2017943,73 150 
2017961,14 68 
2019472,63 92 
2019472,63 65 
2019492,38 103 
2019492,38 101 
2020018,65 100 
2020018,65 1
2020018,65 2144
2020018,65 10
2021998,63 25 
2022145,69 75 
2023352,11 72 
2023424,83 70 
2024946,4 80 
2026316,51 83 
2026884,55 64 568
2027078,38 74 176
2027078,38 61 176
2027586,7 150 
2027610,34 68 
2028211,87 249
2028521,29 92 
2028521,29 65 
2028541,85 103 
2028541,85 101 
2029072,63 100 
2029072,63 1
2029072,63 2144
2029072,63 11
2031048,08 25 
2031501,62 75 
2032707,95 72 
2032780,88 70 
2034302,21 80 
2035365,93 83 
2035912,91 64 547
2036101,5 74 163
2036101,5 62 163
2037109,97 150 
2037139,58 68 
2037850,33 92 
2037850,33 65 
2037871,2 103 
2037871,2 101 
2038398,94 100 
2038398,94 1
2038398,94 2144
2038398,94 11
2040377,43 25 
2040804,32 75 
2042011,2 72 
2042083,46 70 
2043597,34 80 
2044961,92 83 
2045451,12 64 490
2045662,14 74 195
2045662,14 62 195
2047174,31 150 
2047202,75 68 
2048712,72 92 
2048712,72 65 
2048733,17 103 
2048733,17 101 
2049259,53 100 
2049259,53 1
2049259,53 2144
2049259,53 10
2051239,49 25 
2051666,33 75 
2052874,37 72 
2052945,51 70 
2054464,05 80 
2054824,28 83 
2055650,8 64 827
2055848,87 74 185
2055848,87 61 185
2056359,17 152 
2056384,29 69 
2056792,34 249 
2057093,62 93 
2057103,02 103 
2057103,02 101 
2059134,91 100 
2059134,91 1
2059134,91 2144
2059134,91 11
2061116,11 25 
2061143,21 75 
2062352,12 72 
2062421,41 70 
2064191,78 80 
2065579,7 83 
2065988,77 64 408
2066182,73 74 177
2066182,73 62 177
2067191 150 
2067220,78 68 
2068131,32 92 
2068131,32 65 
2068151,55 103 
2068151,55 101 
2068677,73 100 
2068677,73 1
2068677,73 2144
2068677,73 11
2070657,86 25 
2070685,12 75 
2071893,96 72 
2071963,99 70 
2073482,13 80 
2074842,31 83 
2075116,21 64 275
2075321,01 74 186
2075321,01 62 186
2075830,58 150 
2075857,06 68 
2077866,12 92 
2077866,12 65 
2077880,66 103 
2077880,66 101 
2078408,4 100 
2078408,4 1
2078408,4 2144
2078408,4 10
2080386,94 25 
2080840,48 75 
2082049,08 72 
2082119,61 70 
2083638,18 80 
2083998,45 83 
2085373,31 64 1375
2085597,24 74 200
2085597,24 61 200
2087107,78 150 
2087132,22 68 
2088043,59 92 
2088043,59 65 
2088062,95 103 
2088062,95 101 
2088591,9 100 
2088591,9 1
2088591,9 2144
2088591,9 11
2090569,31 25 
2091156,09 75 
2092366,02 72 
2092435,2 70 
2093957,53 80 
2095327,69 83 
2095666,98 64 341
2095844,47 74 158
2095844,47 62 158
2096355 150 
2096380,82 68 
2097090,88 92 
2097090,88 65 
2097112,4 103 
2097112,4 101 
2097641,09 100 
2097641,09 1
2097641,09 2144
2097641,09 10
2099618,72 25 
2099659,02 75 
2100868,46 72 
2100938,2 70 
2102458,05 80 
2102817 83 
2104175,64 64 1359
2104384,31 74 195
2104384,31 61 195
2105895,59 150 
2105924,17 68 
2107934,87 92 
2107934,87 65 
2107947,8 103 
2107947,8 101 
2108474,06 100 
2108474,06 1
2108474,06 2144
2108474,06 11
2110454,1 25 
2111107,77 75 
2112315,3 72 
2112386,64 70 
2113907,99 80 
2114985,08 83 
2115636,23 64 652
2115824,2 74 173
2115824,2 62 173
2116834,7 152 
2116852,19 69 
2118363,89 93 
2118383,36 103 
2118383,36 101 
2120417,79 100 
2120417,79 1
2120417,79 2144
2120417,79 10
2122395,58 25 
2122423,05 75 
2123632,52 72 
2123701,94 70 
2125222,47 80 
2126593,47 83 
2126898,44 64 305
2127083,17 74 171
2127083,17 61 171
2128093,69 150 
2128113,87 68 
2128825,15 92 
2128825,15 65 
2128845,43 103 
2128845,43 101 
2129371,69 100 
2129371,69 1
2129371,69 2144
2129371,69 11
2131351,79 25 
2131818,53 75 
2133028,33 72 
2133097,74 70 
2134617,67 80 
2135682,85 83 
2136350,46 64 668
2136536,33 74 161
2136536,33 62 161
2137046,66 150 
2137070,08 68 
2137980,9 92 
2137980,9 65 
2138001,52 103 
2138001,52 101 
2138528,4 100 
2138528,4 1
2138528,4 2144
2138528,4 11
2140507,89 25 
2140961,35 75 
2142170,54 72 
2142240,54 70 
2143756,65 80 
2144119,27 83 
2145124,5 64 1006
2145327,03 74 182
2145327,03 62 182
2146836,5 150 
2146866,68 68 
2148375,65 92 
2148375,65 65 
2148397,05 103 
2148397,05 101 
2148930,41 100 
2148930,41 1
2148930,41 2144
2148930,41 10
2150916,69 25 
2151343,49 75 
2152553,07 72 
2152622,72 70 
2154137,55 80 
2154501,47 83 
2155426,7 64 925
2155607,52 74 160
2155607,52 61 160
2156117,17 150 
2156142,62 68 
2158152,44 92 
2158152,44 65 
2158166,28 103 
2158166,28 101 
2158694,23 100 
2158694,23 1
2158694,23 2144
2158694,23 10
2160672,54 25 
2161165,98 75 
2162374,94 72 
2162445,13 70 
2163971,16 80 
2165336,82 83 
2165832 64 496
2166070,33 74 214
2166070,33 61 214
2167079,43 150 
2167097,14 68 
2168009,74 92 
2168009,74 65 
2168028,65 103 
2168028,65 101 
2168559,23 100 
2168559,23 1
2168559,23 2144
2168559,23 11
2170535,01 25 
2170868,5 75 
2172074,41 72 
2172147,66 70 
2173667,1 80 
2174732,78 83 
2175388,2 64 656
2175591,44 74 179
2175591,44 62 179
2177101,29 150 
2177119,52 68 
2177828,39 92 
2177828,39 65 
2177851,07 103 
2177851,07 101 
2178382,32 100 
2178382,32 1
2178382,32 2144
2178382,32 11
2180357,35 25 
2180744,22 75 
2181955,21 72 
2182023,42 70 
2183540,81 80 
2184901,73 83 
2185136,09 64 235
2185311,42 74 157
2185311,42 62 157
2186822,2 150 
2186849,57 68 
2188859,72 92 
2188859,72 65 
2188873,01 103 
2188873,01 101 
2189399,26 100 
2189399,26 1
2189399,26 2144
2189399,26 10
2191379,29 25 
2191966,12 75 
2193174,06 72 
2193245,29 70 
2194759,8 80 
2195124,05 83 
2196309,44 64 1186
2196531,05 74 208
2196531,05 61 208
2197540,9 150 
2197564,84 68 
2199073,82 92 
2199073,82 65 
2199095,3 103 
2199095,3 101 
2199626,05 100 
2199626,05 1
2199626,05 2144
2199626,05 11
2201601,6 25 
2202001,78 75 
2203210,6 72 
2203282,56 70 
2204801,3 80 
2205866,07 83 
2206357,61 64 492
2206551,59 74 179
2206551,59 62 179
2207061,88 150 
2207080,06 68 
2207792,41 92 
2207792,41 65 
2207811,56 103 
2207811,56 101 
2208340,31 100 
2208340,31 1
2208340,31 2144
2208340,31 11
2210317,82 25 
2210424,81 75 
2211632,55 72 
2211704,02 70 
2213220,99 80 
2214582,38 83 
2214865,5 64 283
2215059,73 74 171
2215059,73 62 171
2215572,16 150 
2215597,28 68 
2216508,11 92 
2216508,11 65 
2216527,83 103 
2216527,83 101 
2217054 100 
2217054 1
2217054 2144
2217054 10
2219034,12 25 
2219407,69 75 
2220616,45 72 
2220686,83 70 
2222208,64 80 
2222578,9 83 
2223462,97 64 884
2223666,6 74 182
2223666,6 61 182
2224674,39 150 
2224699,82 68 
2226709,58 92 
2226709,58 65 
2226723,43 103 
2226723,43 101 
2227249,6 100 
2227249,6 1
2227249,6 2144
2227249,6 11
2229229,71 25 
2229789,84 75 
2230999,28 72 
2231069,04 70 
2232587,8 80 
2233654,19 83 
2234055,42 64 402
2234240,43 74 160
2234240,43 62 160
2235751,26 150 
2235774,45 68 
2237283,44 92 
2237283,44 65 
2237305,58 103 
2237305,58 101 
2237840,3 100 
2237840,3 1
2237840,3 2144
2237840,3 11
2239825,17 25 
2240038,84 75 
2241245,13 72 
2241317,96 70 
2242835,63 80 
2243210,07 83 
2244938,57 64 1729
2245105,67 74 150
2245105,67 62 150
2245616,27 150 
2245637,5 68 
2247647,62 92 
2247647,62 65 
2247661,22 103 
2247661,22 101 
2248187,43 100 
2248187,43 1
2248187,43 2144
2248187,43 11
2250167,4 25 
2250221,16 75 
2251430,09 72 
2251500,27 70 
2253016,54 80 
2254072,06 83 
2254514,65 64 443
2254705,36 74 167
2254705,36 62 167
2255714,69 150 
2255739,85 68 
2256451,11 92 
2256451,11 65 
2256470,67 103 
2256470,67 101 
2256997,64 100 
2256997,64 1
2256997,64 2144
2256997,64 10
2258977,04 25 
2259297,23 75 
2260505,36 72 
2260576,42 70 
2262106,27 80 
2263454,71 83 
2264105,88 64 651
2264291,61 74 171
2264291,61 61 171
2265800,05 150 
2265828,84 68 
2266739,94 92 
2266739,94 65 
2266759,61 103 
2266759,61 101 
2267288,48 100 
2267288,48 1
2267288,48 2144
2267288,48 10
2269265,98 25 
2272731,41 75 
2273940,94 72 
2274250,62 70 
2275911,86 80 
2276475,83 83 
2277479,88 64 1004
2277686,79 74 185
2277686,79 61 185
2278199,21 152 
2278223,61 69 
2279734,08 93 
2279754,06 103 
2279754,06 101 
2281780,17 100 
2281780,17 1
2281780,17 2144
2281780,17 10
2283766,34 25 
2283793,66 75 
2285001,07 72 
2285072,54 70 
2286588,89 80 
2287644,37 83 
2288229,29 64 585
2288427,65 74 184
2288427,65 61 184
2289936,56 150 
2289965,16 68 
2291476,95 92 
2291476,95 65 
2291495,66 103 
2291495,66 101 
2292023,22 100 
2292023,22 1
2292023,22 2144
2292023,22 10
2294001,96 25 
2294175,62 75 
2295385,11 72 
2295454,76 70 
2296969,09 80 
2298319,82 83 
2298642,39 64 323
2298851,74 74 186
2298851,74 61 186
2299862,18 150 
2299880,16 68 
2300589,66 92 
2300589,66 65 
2300611,75 103 
2300611,75 101 
2301147,39 100 
2301147,39 1
2301147,39 2144
2301147,39 11
2303131,32 25 
2303611,95 75 
2304819,13 72 
2304890,68 70 
2306409,16 80 
2307462,48 83 
2308171,33 64 709
2308356,17 74 161
2308356,17 62 161
2308867,69 150 
2308889,63 68 
2309799,65 92 
2309799,65 65 
2309821,12 103 
2309821,12 101 
2310347,65 100 
2310347,65 1
2310347,65 2144
2310347,65 10
2312327,4 25 
2312834,2 75 
2314042,18 72 
2314113,44 70 
2315630,84 80 
2316991,77 83 
2317298,19 64 307
2317508,41 74 197
2317508,41 61 197
2319019,79 150 
2319046,02 68 
2321055,93 92 
2321055,93 65 
2321069,61 103 
2321069,61 101 
2321598,52 100 
2321598,52 1
2321598,52 2144
2321598,52 10
2323576,03 25 
2323922,9 75 
2325132,17 72 
2325203,55 70 
2326717,18 80 
2327082,29 83 
2328501,38 64 1421
2328706,56 74 187
2328706,56 61 187
2329717,34 150 
2329734,05 68 
2330156,77 249
2330641,11 92 
2330641,11 65 
2330665,55 103 
2330665,55 101 
2331195,75 100 
2331195,75 1
2331195,75 2144
2331195,75 11
2333171,8 25 
2333758,58 75 
2334029,42 250 
2334036,94 101 
2336050,59 100 
2336050,59 1
2336050,59 2144
2336050,59 11
2336050,59 25 
2336076,83 75 
2337286,01 72 
2337356,76 70 
2338874,54 80 
2339235,51 83 
2340206,15 64 971
2340437,29 74 216
2340437,29 62 216
2341448,96 150 
2341475,69 68 
2343486,63 92 
2343486,63 65 
2343500,16 103 
2343500,16 101 
2344027,03 100 
2344027,03 1
2344027,03 2144
2344027,03 10
2346006,29 25 
2346033,5 75 
2347241,57 72 
2347312,47 70 
2348832,11 80 
2349897,64 83 
2350682,92 64 786
2350916,04 74 220
2350916,04 61 220
2352426,6 150 
2352445,19 68 
2353073,94 249
2353155,63 92 
2353155,63 65 
2353176,98 103 
2353176,98 101 
2353704,85 100 
2353704,85 1
2353704,85 2144
2353704,85 11
2355682,13 25 
2356229,33 75 
2357436,79 72 
2357508,12 70 
2359024,88 80 
2360386,48 83 
2361057,62 64 671
2361252,23 74 173
2361252,23 62 173
2361762,95 150 
2361786,99 68 
2363297,36 92 
2363297,36 65 
2363318,17 103 
2363318,17 101 
2363851,01 100 
2363851,01 1
2363851,01 2144
2363851,01 10
2365837,79 25 
2366024,71 75 
2367233,28 72 
2367303,92 70 
2368824,49 80 
2370195,66 83 
2370556,17 64 361
2370797,06 74 216
2370797,06 61 216
2371309,34 150 
2371330,25 68 
2372081,23 249
2372238,2 92 
2372238,2 65 
2372261,01 103 
2372261,01 101 
2372789,95 100 
2372789,95 1
2372789,95 2144
2372789,95 11
2374767,26 25 
2375220,86 75 
2376427,65 72 
2376739,83 70 
2378355,94 80 
2379418,34 83 
2379930,08 64 513
2380122,98 74 172
2380122,98 62 172
2381632,52 150 
2381658,45 68 
2383668,24 92 
2383668,24 65 
2383682,74 103 
2383682,74 101 
2384208,81 100 
2384208,81 1
2384208,81 2144
2384208,81 10
2386189,02 25 
2386722,55 75 
2387931,56 72 
2388001,7 70 
2389520,05 80 
2389880,45 83 
2391378,56 64 1498
2391614,48 74 215
2391614,48 61 215
2392625,73 150 
2392654,42 68 
2393291,16 249
2394165,33 92 
2394165,33 65 
2394184,89 103 
2394184,89 101 
2394715,78 100 
2394715,78 1
2394715,78 2144
2394715,78 11
2396691,33 25 
2397198,01 75 
2398405,78 72 
2398477,18 70 
2400003,18 80 
2401062,29 83 
2401725,05 64 664
2401931,86 74 190
2401931,86 62 190
2403441,22 152 
2403463,25 69 
2404174,21 93 
2404193,94 103 
2404193,94 101 
2406226,32 100 
2406226,32 1
2406226,32 2144
2406226,32 10
2408206,25 25 
2408233,47 75 
2409440,48 72 
2409512,49 70 
2411033,82 80 
2412404,16 83 
2412907,02 64 504
2413115,41 74 192
2413115,41 61 192
2414124,89 150 
2414151,15 68 
2416161,41 92 
2416161,41 65 
2416175,47 103 
2416175,47 101 
2416701,6 100 
2416701,6 1
2416701,6 2144
2416701,6 11
2418681,8 25 
2418975,38 75 
2420182,27 72 
2420254,59 70 
2421774,39 80 
2422133,27 83 
2423143,87 64 1011
2423345,4 74 186
2423345,4 62 186
2423853,23 152 
2423880,64 69 
2425390,47 93 
2425411,52 103 
2425411,52 101 
2427440,81 100 
2427440,81 1
2427440,81 2144
2427440,81 10
2429423,81 25 
2429451,1 75 
2430660,34 72 
2430730,13 70 
2432249,88 80 
2432595,46 83 
2433727,89 64 1132
2433950,3 74 209
2433950,3 61 209
2435461,24 150 
2435489,47 68 
2436198,9 92 
2436198,9 65 
2436220,21 103 
2436220,21 101 
2436747,17 100 
2436747,17 1
2436747,17 2144
2436747,17 10
2438726,52 25 
2439193,29 75 
2440400,04 72 
2440472,5 70 
2441993,2 80 
2443057,62 83 
2443774,35 64 717
2444006,21 74 216
2444006,21 61 216
2445014,42 150 
2445044,62 68 
2445955,87 92 
2445955,87 65 
2445976,02 103 
2445976,02 101 
2446502,99 100 
2446502,99 1
2446502,99 2144
2446502,99 10
2448482,31 25 
2449189,04 75 
2450396,46 72 
2450468,21 70 
2451986,4 80 
2453359,87 83 
2453737,91 64 378
2454006,26 74 247
2454006,26 61 247
2454516,83 150 
2454533,93 68 
2456045,45 92 
2456045,45 65 
2456065,03 103 
2456065,03 101 
2456597,51 100 
2456597,51 1
2456597,51 2144
2456597,51 10
2458584,65 25 
2459078,23 75 
2460286,83 72 
2460357,31 70 
2461876,56 80 
2462929,07 83 
2465049,56 64 2121
2465269,89 74 195
2465269,89 61 195
2466278,9 150 
2466302,93 68 
2466712,51 249
2467013,15 92 
2467013,15 65 
2467033,69 103 
2467033,69 101 
2467560,82 100 
2467560,82 1
2467560,82 2144
2467560,82 11
2469539,98 25 
2470153,43 75 
2471361,22 72 
2471432,52 70 
2472948,23 80 
2473311,37 83 
2474471,54 64 1161
2474696,39 74 199
2474696,39 62 199
2476207,74 150 
2476231,16 68 
2478240,24 92 
2478240,24 65 
2478255,53 103 
2478255,53 101 
2478781,63 100 
2478781,63 1
2478781,63 2144
2478781,63 11
2480761,81 25 
2480962,06 75 
2482171,53 72 
2482467,96 70 
2484130,1 80 
2485692,7 83 
2486133,37 64 441
2486336,8 74 191
2486336,8 62 191
2486847,96 150 
2486867,42 68 
2487778,82 92 
2487778,82 65 
2487798,07 103 
2487798,07 101 
2488331,93 100 
2488331,93 1
2488331,93 2144
2488331,93 11
2490317,68 25 
2490757,87 75 
2491967,48 72 
2492037,05 70 
2493558,38 80 
2494915,46 83 
2495310,73 64 395
2495499,09 74 171
2495499,09 62 171
2496006,01 150 
2496036,8 68 
2498045,97 92 
2498045,97 65 
2498060,32 103 
2498060,32 101 
2498586,84 100 
2498586,84 1
2498586,84 2144
2498586,84 11
2500566,63 25 
2501140,11 75 
2502346,94 72 
2502419,44 70 
2503938,52 80 
2505004,37 83 
2506186 64 1182
2506381,8 74 178
2506381,8 62 178
2507891,35 150 
2507911,65 68 
2508822,2 92 
2508822,2 65 
2508842,4 103 
2508842,4 101 
2509371,48 100 
2509371,48 1
2509371,48 2144
2509371,48 11
2511348,68 25 
2512815,07 75 
2514024,86 72 
2514094,26 70 
2515607,12 80 
2515972,99 83 
2516962,19 64 990
2517162,67 74 177
2517162,67 62 177
2518170,16 150 
2518200,61 68 
2519710,89 92 
2519710,89 65 
2519731,08 103 
2519731,08 101 
2520261,25 100 
2520261,25 1
2520261,25 2144
2520261,25 11
2522237,31 25 
2522784,11 75 
2523992,05 72 
2524063,32 70 
2525581,31 80 
2526941,67 83 
2527569,09 64 628
2527747,11 74 166
2527747,11 62 166
2529257,13 150 
2529275,85 68 
2529984,39 92 
2529984,39 65 
2530006,62 103 
2530006,62 101 
2530534,34 100 
2530534,34 1
2530534,34 2144
2530534,34 10
2532512,92 25 
2533059,71 75 
2534267,87 72 
2534338,94 70 
2535858,22 80 
2536230,98 83 
2537781,49 64 1551
2538003,68 74 200
2538003,68 61 200
2539015,57 150 
2539045,05 68 
2539755,77 92 
2539755,77 65 
2539775,79 103 
2539775,79 101 
2540301,95 100 
2540301,95 1
2540301,95 2144
2540301,95 10
2542282,09 25 
2542975,72 75 
2544184,06 72 
2544254,67 70 
2545767,6 80 
2546826,45 83 
2549677,09 64 2851
2549894,62 74 203
2549894,62 61 203
2550404,55 150 
2550426,86 68 
2551337,08 92 
2551337,08 65 
2551357,52 103 
2551357,52 101 
2551888,85 100 
2551888,85 1
2551888,85 2144
2551888,85 10
2553863,83 25 
2553971 75 
2555179,62 72 
2555249,95 70 
2556764,93 80 
2557821,92 83 
2558265,68 64 444
2558536,48 74 249
2558536,48 61 249
2559547 150 
2559569,45 68 
2560576,99 249
2561578,81 92 
2561578,81 65 
2561593,08 103 
2561593,08 101 
2562120,16 100 
2562120,16 1
2562120,16 2144
2562120,16 11
2564099,37 25 
2564526,19 75 
2565733,57 72 
2565806,97 70 
2567323,97 80 
2568683,71 83 
2569326,58 64 643
2569516,66 74 167
2569516,66 62 167
2571028,12 150 
2571057,11 68 
2571387,17 249
2571473,47 172 
2572567,99 92 
2572567,99 65 
2572588,37 103 
2572588,37 101 
2573116 100 
2573116 1
2573116 2144
2573116 11
2575094,62 25 
2575614,86 75 
2576821,32 72 
2576894,2 70 
2578415,43 80 
2578786,05 83 
2580304,88 64 1519
2580540,53 74 222
2580540,53 61 222
2581052,05 153 
2581080,26 68 
2581789,68 92 
2581789,68 65 
2581811,21 103 
2581811,21 101 
2582341,81 100 
2582341,81 1
2582341,81 2144
2582341,81 10
2584317,59 25 
2584997,5 75 
2586206,04 72 
2586516,86 70 
2588134,84 80 
2589501,48 83 
2614620,73 64 25119
2614822,88 74 186
2614822,88 61 186
2615830,73 150 
2615851,21 68 
2617863,33 92 
2617863,33 65 
2617888,93 103 
2617888,93 101 
2618415 100 
2618415 1
2618415 2144
2618415 10
2620408,51 25 
2620635,49 75 
2621845,22 72 
2621914,66 70 
2623432,3 80 
2623793,41 83 
2625146,3 64 1353
2625351,98 74 187
2625351,98 61 187
2625862,63 150 
2625887,73 68 
2626797,4 92 
2626797,4 65 
2626818,41 103 
2626818,41 101 
2627347,1 100 
2627347,1 1
2627347,1 2144
2627347,1 11
2629324,69 25 
2629831,71 75 
2631041,6 72 
2631110,74 70 
2632627,15 80 
2633682,53 83 
2634232,27 64 550
2634420,21 74 165
2634420,21 62 165
2635930,77 150 
2635950,13 68 
2637458,76 92 
2637458,76 65 
2637480,49 103 
2637480,49 101 
2638019,24 100 
2638019,24 1
2638019,24 2144
2638019,24 11
2640000,17 25 
2640253,7 75 
2641460,94 72 
2641532,96 70 
2643052,69 80 
2644424,59 83 
2644586,11 64 162
2644772,7 74 162
2644772,7 62 162
2645783,48 150 
2645812,56 68 
2646722,32 92 
2646722,32 65 
2646743,22 103 
2646743,22 101 
2647269,47 100 
2647269,47 1
2647269,47 2144
2647269,47 10
2649249,47 25 
2649823,1 75 
2651033,21 72 
2651102,26 70 
2652616,23 80 
2652980,87 83 
2654670,88 64 1690
2654897,66 74 211
2654897,66 61 211
2656406,84 150 
2656434,64 68 
2657142,95 92 
2657142,95 65 
2657165,43 103 
2657165,43 101 
2657691,56 100 
2657691,56 1
2657691,56 2144
2657691,56 10
2659671,73 25 
2660298,44 75 
2661506,28 72 
2661577,67 70 
2663091,93 80 
2664149,42 83 
2678944,38 64 14795
2679149,55 74 193
2679149,55 61 193
2679660,65 150 
2679690,97 68 
2681700,66 92 
2681700,66 65 
2681714,87 103 
2681714,87 101 
2682246,84 100 
2682246,84 1
2682246,84 2144
2682246,84 11
2684221,23 25 
2684688,02 75 
2685895,72 72 
2685967,15 70 
2687486,91 80 
2688885,48 83 
2689386,09 64 501
2689576,83 74 172
2689576,83 62 172
2690088,15 150 
2690113,46 68 
2690476,05 249
2690663,39 172 
2691623,94 92 
2691623,94 65 
2691643,94 103 
2691643,94 101 
2692172,14 100 
2692172,14 1
2692172,14 2144
2692172,14 11
2694150,2 25 
2694843,58 75 
2696051,52 72 
2696122,82 70 
2697646,63 80 
2698014,89 83 
2699298,34 64 1284
2699483,62 74 163
2699483,62 62 163
2700994,54 150 
2701015,44 68 
2701316,01 249
2701428,16 172 
2702523,4 92 
2702523,4 65 
2702546 103 
2702546 101 
2703073,47 100 
2703073,47 1
2703073,47 2144
2703073,47 10
2705052,2 25 
2705439,07 75 
2706647,14 72 
2706718,28 70 
2708237,61 80 
2709596,66 83 
2710221,82 64 625
2710450,06 74 215
2710450,06 61 215
2711460,95 152 
2711490,93 69 
2713500,02 93 
2713514,56 103 
2713514,56 101 
2715542,95 100 
2715542,95 1
2715542,95 2144
2715542,95 11
2717526,85 25 
2717554,21 75 
2718762,48 72 
2718833,04 70 
2720351,76 80 
2721711,39 83 
2722009,5 64 298
2722184,78 74 154
2722184,78 62 154
2722694,66 150 
2722712,94 68 
2723421,86 92 
2723421,86 65 
2723443,63 103 
2723443,63 101 
2723970,64 100 
2723970,64 1
2723970,64 2144
2723970,64 11
2725949,9 25 
2726390,17 75 
2727599,68 72 
2727669,27 70 
2729188,19 80 
2729561,35 83 
2730530,34 64 969
2730708,18 74 161
2730708,18 62 161
2731718,67 150 
2731749,05 68 
2732657,05 92 
2732657,05 65 
2732679,73 103 
2732679,73 101 
2733207,45 100 
2733207,45 1
2733207,45 2144
2733207,45 10
2735186,09 25 
2735746,1 75 
2736954,48 72 
2737025,25 70 
2738541,88 80 
2739597,04 83 
2740397,29 64 801
2740664,05 74 255
2740664,05 61 255
2742171,82 150 
2742197,78 68 
2742362,33 249
2742587,16 171
2744208,08 92 
2744208,08 65 
2744221,38 103 
2744221,38 101 
2744750,62 100 
2744750,62 1
2744750,62 2144
2744750,62 10
2746727,76 25 
2747154,55 75 
2748363,8 72 
2748433,77 70 
2749950,26 80 
2751005,47 83 
2751666,38 64 661
2751902,05 74 218
2751902,05 61 218
2753410,36 150 
2753432,25 68 
2754139,05 92 
2754139,05 65 
2754163,77 103 
2754163,77 101 
2757728,88 102 
