44,89 100 
44,89 3
44,89 2145
44,89 10
2031,15 25 
5467,87 75 
6679,38 72 
7013,65 70 
8629,73 80 
9186,43 83 
10195,78 64 1009
10221,07 256 
10414,08 74 200
10414,08 61 200
11427,82 151 
11452,44 69 
12363,49 93 
12386,61 103 
12386,61 101 
14412,95 100 
14412,95 3
14412,95 2145
14412,95 10
16397,11 25 
16424,79 75 
17632,69 72 
17703,33 70 
19232,75 80 
20608,3 83 
20951,71 64 344
21132,22 74 163
21132,22 63 163
22644,83 151 
22675,16 69 
23338,97 249 
23385,25 93 
23406,79 103 
23406,79 101 
25434,92 100 
25434,92 3
25434,92 2145
25434,92 11
27419,21 25 
27446,33 75 
28656,3 72 
28725,31 70 
30263,49 80 
31363,86 83 
31969,69 64 607
32155,8 74 166
32155,8 61 166
32662,47 151 
32684,36 69 
34196,67 93 
34215,54 103 
34215,54 101 
36245,27 100 
36245,27 3
36245,27 2145
36245,27 11
38227,86 25 
38256,04 75 
39464,18 72 
39534,05 70 
41061,64 80 
42426,51 83 
43003,64 64 579
43209,11 74 184
43209,11 63 184
44718,41 150 
44745,04 68 
45176,51 249
46756,55 92 
46756,55 65 
46770,22 103 
46770,22 101 
47302,42 100 
47302,42 3
47302,42 2145
47302,42 10
49276,75 25 
49783,24 75 
50993,05 72 
51062,41 70 
52591,39 80 
53660,9 83 
54099,01 64 438
54312,5 74 199
54312,5 61 199
55321,85 151 
55341,26 69 
57352,22 93 
57365,66 103 
57365,66 101 
59392,04 100 
59392,04 3
59392,04 2145
59392,04 11
61377,96 25 
61418,63 75 
62629,06 72 
62697,52 70 
64224,64 80 
64589,62 83 
65925,69 64 1337
66125,04 74 176
66125,04 63 176
66633,6 150 
66656,62 68 
67367,9 92 
67367,9 65 
67388,07 103 
67388,07 101 
67918,94 100 
67918,94 3
67918,94 2145
67918,94 11
69894,54 25 
70347,83 75 
71556,84 72 
71627,01 70 
73154,54 80 
74212,3 83 
74575,98 64 364
74785,24 74 187
74785,24 63 187
75294,41 152 
75320,33 69 
76829,6 93 
76850,7 103 
76850,7 101 
78878,26 100 
78878,26 3
78878,26 2145
78878,26 10
80863 25 
80903,77 75 
82114,82 72 
82182,58 70 
83716,63 80 
84088,07 83 
85115,25 64 1027
85368,46 74 228
85368,46 61 228
86378,51 151 
86408,16 69 
87317,12 93 
87339,57 103 
87339,57 101 
89372,21 100 
89372,21 3
89372,21 2145
89372,21 10
91351,91 25 
91379,99 75 
92589,03 72 
92658,18 70 
94177,35 80 
95549,81 83 
96222,13 64 672
96416,37 74 174
96416,37 63 174
97925,92 151 
97949,92 69 
98659,05 93 
98681,41 103 
98681,41 101 
100712,39 100 
100712,39 3
100712,39 2145
100712,39 11
102693,72 25 
102721,33 75 
103929,03 72 
103999,95 70 
105520,81 80 
106598,39 83 
107555,86 64 958
107768,04 74 197
107768,04 61 197
108780,16 151 
108798,3 69 
110306,73 93 
110329,79 103 
110329,79 101 
112358,65 100 
112358,65 3
112358,65 2145
112358,65 10
114342,1 25 
114369,46 75 
115578,64 72 
115821,57 70 
117404,76 80 
118966,45 83 
119747,37 64 782
119949,71 74 184
119949,71 63 184
120458,92 151 
120487,78 69 
121196,46 249 
121398,58 93 
121418,54 103 
121418,54 101 
123444,98 100 
123444,98 3
123444,98 2145
123444,98 11
125430,71 25 
125458,98 75 
126668,29 72 
126736,94 70 
128265,2 80 
128629,01 83 
129962,66 64 1334
130157,23 74 181
130157,23 62 181
131667,85 153 
131695,49 68 
133707,92 92 
133707,92 65 
133719,88 103 
133719,88 101 
134258,05 100 
134258,05 3
134258,05 2145
134258,05 11
136239,45 25 
136653,05 75 
137859,93 72 
137932,17 70 
139469,44 80 
140837,18 83 
141102,09 64 265
141319,85 74 203
141319,85 63 203
141830,47 150 
141851,89 68 
142331,99 249
142761,42 92 
142761,42 65 
142782,63 103 
142782,63 101 
143310,34 100 
143310,34 3
143310,34 2145
143310,34 10
145288,94 25 
145835,77 75 
147043,51 72 
147114,93 70 
148638,07 80 
149713,43 83 
150421,81 64 709
150624,13 74 178
150624,13 63 178
151632,64 151 
151660,38 69 
152370,35 93 
152391,92 103 
152391,92 101 
154418,68 100 
154418,68 3
154418,68 2145
154418,68 11
156404,27 25 
156431,54 75 
157640,85 72 
157710,47 70 
159234,45 80 
159602,54 83 
161186,32 64 1584
161381,34 74 180
161381,34 62 180
162890,82 151 
162909,04 69 
164416,72 93 
164427,03 103 
164427,03 101 
166459,04 100 
166459,04 3
166459,04 2145
166459,04 10
168439,1 25 
168466,49 75 
169674,98 72 
169745,35 70 
171273,76 80 
172343,81 83 
173451,23 64 1107
173773,1 74 297
173773,1 63 297
174280,89 151 
174304,86 69 
176219,89 249 
176313,45 93 
176328,42 103 
176328,42 101 
178358,91 100 
178358,91 3
178358,91 2145
178358,91 10
180340,79 25 
180367,79 75 
181575,58 72 
181646,97 70 
183173,34 80 
184538,66 83 
184975,43 64 438
185173,28 74 181
185173,28 61 181
186681,58 151 
186712,09 69 
186759,38 249 
187526,47 181 
188720,67 93 
188736,46 103 
188736,46 101 
190764,63 100 
190764,63 3
190764,63 2145
190764,63 11
192748,77 25 
192776,12 75 
193985,07 72 
194055,03 70 
195576,26 80 
195947,05 83 
197264,6 64 1318
197451,35 74 172
197451,35 62 172
198462,68 151 
198481,36 69 
199991,73 93 
200011,66 103 
200011,66 101 
202043,36 100 
202043,36 3
202043,36 2145
202043,36 11
204023,97 25 
204051,31 75 
205259,98 72 
205330,21 70 
206857,08 80 
207928,63 83 
208819,58 64 892
209062,59 74 228
209062,59 62 228
210072,15 151 
210102,88 69 
211013,21 93 
211033,67 103 
211033,67 101 
213060,7 100 
213060,7 3
213060,7 2145
213060,7 10
215046,03 25 
215073,63 75 
216281,16 72 
216352,16 70 
217870,8 80 
218244,28 83 
219840,21 64 1596
220051,49 74 195
220051,49 61 195
220560,18 151 
220578,67 69 
221287,85 93 
221309,35 103 
221309,35 101 
223339,65 100 
223339,65 3
223339,65 2145
223339,65 11
225321,64 25 
225348,91 75 
226555,61 72 
226881,06 70 
228505,56 80 
230052,59 83 
230676,55 64 625
230888,83 74 197
230888,83 63 197
232397,02 150 
232426,09 68 
232902,51 249
234437,17 92 
234437,17 65 
234450,39 103 
234450,39 101 
234983,35 100 
234983,35 3
234983,35 2145
234983,35 11
236969,95 25 
237730,1 75 
238939,74 72 
239142,47 70 
240771,87 80 
242036,05 83 
242564,87 64 531
242831,19 74 251
242831,19 63 251
243342,17 150 
243368,07 68 
244276,79 92 
244276,79 65 
244299,49 103 
244299,49 101 
244826,39 100 
244826,39 3
244826,39 2145
244826,39 10
246805,93 25 
247419,23 75 
248629,26 72 
248698,49 70 
250230,69 80 
250603,89 83 
251625,41 64 1022
251848,86 74 206
251848,86 63 206
252861,05 151 
252883,96 69 
254393,58 93 
254415,27 103 
254415,27 101 
256441,56 100 
256441,56 3
256441,56 2145
256441,56 10
258427,56 25 
258455,03 75 
259662,69 72 
259733,73 70 
261269,33 80 
262652,04 83 
263128,08 64 476
263327,64 74 183
263327,64 63 183
264834,8 151 
264865,6 69 
265575,84 93 
265597,11 103 
265597,11 101 
267632,32 100 
267632,32 3
267632,32 2145
267632,32 10
269609,46 25 
269636,77 75 
270848,94 72 
270915,78 70 
272442,44 80 
273514,12 83 
274115,15 64 601
274342,18 74 202
274342,18 63 202
274855,37 151 
274874,26 69 
275582,76 93 
275593,12 103 
275593,12 101 
277620,46 100 
277620,46 3
277620,46 2145
277620,46 10
279605,26 25 
279632,48 75 
280839,71 72 
280911,38 70 
282441,04 80 
283803,24 83 
285671,94 64 1869
285887,21 74 192
285887,21 63 192
287398,64 151 
287416,96 69 
288327,4 93 
288347,45 103 
288347,45 101 
290375,13 100 
290375,13 3
290375,13 2145
290375,13 10
292359,77 25 
292400,89 75 
293609,82 72 
293679,28 70 
295214,93 80 
295598,14 83 
297219,35 64 1622
297476,98 74 240
297476,98 63 240
298487,46 151 
298517,52 69 
300029,15 93 
300049,11 103 
300049,11 101 
302079,41 100 
302079,41 3
302079,41 2145
302079,41 11
304061,49 25 
304088,62 75 
305295,65 72 
305367,7 70 
306900,68 80 
307286,55 83 
308554,57 64 1269
308778,79 74 200
308778,79 63 200
309790,65 150 
309819,75 68 
310348,86 249
311829 92 
311829 65 
311844,09 103 
311844,09 101 
312375,63 100 
312375,63 3
312375,63 2145
312375,63 11
314350,5 25 
314683,98 75 
315891 72 
315964,99 70 
317487,89 80 
318868,24 83 
318999,16 64 131
319298,65 74 284
319298,65 63 284
320807,17 152 
320828,45 69 
321582,61 249 
321737,27 93 
321746,58 103 
321746,58 101 
323772,85 100 
323772,85 3
323772,85 2145
323772,85 11
325758,9 25 
325786,65 75 
326995,47 72 
327065,11 70 
328589,34 80 
329663,55 83 
330273,07 64 610
330510,61 74 221
330510,61 63 221
331020,6 150 
331037,79 68 
331612,03 249
333049,23 92 
333049,23 65 
333075,11 103 
333075,11 101 
333610,26 100 
333610,26 3
333610,26 2145
333610,26 11
335581,64 25 
336034,87 75 
337242,94 72 
337314,11 70 
338843,68 80 
339219,51 83 
340205,38 64 987
340413,82 74 195
340413,82 63 195
340923,01 150 
340940,2 68 
342449,78 92 
342449,78 65 
342471,11 103 
342471,11 101 
342999,94 100 
342999,94 3
342999,94 2145
342999,94 11
344977,43 25 
345351 75 
346559,66 72 
346883,35 70 
348507,72 80 
349761,76 83 
350386,43 64 626
350591,96 74 191
350591,96 63 191
351601,1 150 
351629,56 68 
352108,64 249
352338,75 92 
352338,75 65 
352360,24 103 
352360,24 101 
352890,74 100 
352890,74 3
352890,74 2145
352890,74 10
354866,57 25 
355519,98 75 
356729,23 72 
356799,14 70 
358326,15 80 
359690,8 83 
360131,53 64 441
360360,09 74 203
360360,09 63 203
361868,46 151 
361890,94 69 
363402,93 93 
363422,23 103 
363422,23 101 
365453,39 100 
365453,39 3
365453,39 2145
365453,39 10
367434,53 25 
367461,71 75 
368671,07 72 
368740,76 70 
370265,13 80 
370633,03 83 
372150,79 64 1518
372375,22 74 210
372375,22 61 210
373383,97 151 
373406,23 69 
373740,72 249 
374317 93 
374337,56 103 
374337,56 101 
376363,9 100 
376363,9 3
376363,9 2145
376363,9 11
378349,91 25 
378377,36 75 
379585,58 72 
379656,13 70 
381180,98 80 
382254,61 83 
382839,03 64 585
383065 74 211
383065 63 211
384574,15 152 
384601,37 69 
386610,51 93 
386625,66 103 
386625,66 101 
388653,4 100 
388653,4 3
388653,4 2145
388653,4 11
390638,02 25 
390665,19 75 
391873,2 72 
391944,24 70 
393466,52 80 
394849,26 83 
395226,34 64 378
395430,93 74 182
395430,93 63 182
395943,35 150 
395969,85 68 
396429,17 249
396678,4 92 
396678,4 65 
396701,35 103 
396701,35 101 
397240,93 100 
397240,93 3
397240,93 2145
397240,93 11
399220,97 25 
399687,84 75 
400896,53 72 
400967,05 70 
402496,86 80 
403565,47 83 
404018,85 64 454
404246,72 74 202
404246,72 63 202
405255,06 150 
405272,71 68 
405714,36 249
405982,22 92 
405982,22 65 
406004,09 103 
406004,09 101 
406531 100 
406531 3
406531 2145
406531 10
408510,41 25 
409017,22 75 
410224,38 72 
410296,39 70 
411824,97 80 
413188,04 83 
413839,35 64 652
414031,22 74 177
414031,22 61 177
414539,81 151 
414561,88 69 
416570,15 93 
416586,28 103 
416586,28 101 
418612,38 100 
418612,38 3
418612,38 2145
418612,38 10
420598,56 25 
420626,69 75 
421834,71 72 
421904,78 70 
423432,3 80 
423796,88 83 
425756,51 64 1960
425946,8 74 178
425946,8 62 178
427458,62 150 
427476,63 68 
428987,81 92 
428987,81 65 
429007,62 103 
429007,62 101 
429539,87 100 
429539,87 3
429539,87 2145
429539,87 10
431514,18 25 
431541,01 75 
432748,01 72 
432820,16 70 
434345,13 80 
435418,64 83 
436178,61 64 761
436373,64 74 183
436373,64 62 183
436883,52 150 
436913,18 68 
437821,15 92 
437821,15 65 
437844,12 103 
437844,12 101 
438373,79 100 
438373,79 3
438373,79 2145
438373,79 11
440350,17 25 
440923,66 75 
442133,26 72 
442202,83 70 
443733,56 80 
445121,12 83 
445537,94 64 417
445740,65 74 180
445740,65 63 180
446753,79 150 
446775,64 68 
447316,37 249
448287,48 92 
448287,48 65 
448306,11 103 
448306,11 101 
448833,15 100 
448833,15 3
448833,15 2145
448833,15 11
450812,44 25 
451319,35 75 
452529,02 72 
452785,03 70 
454372,22 80 
454930,32 83 
457025,22 64 2095
457245,47 74 197
457245,47 62 197
458755,91 151 
458783,94 69 
459493,84 93 
459514,66 103 
459514,66 101 
461547,66 100 
461547,66 3
461547,66 2145
461547,66 11
463527,07 25 
463554,54 75 
464763,62 72 
464966,48 70 
466501,01 80 
467564,9 83 
468359,14 64 794
468561,7 74 184
468561,7 63 184
469070,33 150 
469098,8 68 
469421,68 249
471106,09 92 
471106,09 65 
471123,04 103 
471123,04 101 
471652,09 100 
471652,09 3
471652,09 2145
471652,09 10
473629,41 25 
474069,55 75 
475278,27 72 
475348,73 70 
476880,66 80 
477254,19 83 
478533,49 64 1280
478790,86 74 244
478790,86 61 244
480300,44 151 
480320,63 69 
480605,23 249 
481227,82 93 
481238,82 103 
481238,82 101 
483270,02 100 
483270,02 3
483270,02 2145
483270,02 10
485251,16 25 
485278,47 75 
486487,56 72 
486557,33 70 
488076,05 80 
489449,12 83 
490002,96 64 554
490173,1 74 151
490173,1 62 151
491185,73 150 
491209,31 68 
493220,96 92 
493220,96 65 
493246,98 103 
493246,98 101 
493778,54 100 
493778,54 3
493778,54 2145
493778,54 10
495753,28 25 
496126,84 75 
497338,03 72 
497406,03 70 
498930,56 80 
500297,68 83 
500691,4 64 395
500860,42 74 150
500860,42 62 150
502373,02 150 
502391,93 68 
503100,32 92 
503100,32 65 
503122,88 103 
503122,88 101 
503650,14 100 
503650,14 3
503650,14 2145
503650,14 11
505629,06 25 
506269,16 75 
507478,1 72 
507548,41 70 
509077,89 80 
509440,48 83 
510464,92 64 1025
510694,64 74 215
510694,64 63 215
511706,97 150 
511734,73 68 
512302,12 249
512645,77 92 
512645,77 65 
512665,4 103 
512665,4 101 
513194,01 100 
513194,01 3
513194,01 2145
513194,01 11
515171,72 25 
515638,59 75 
516847,73 72 
516917,7 70 
518440,94 80 
519502,84 83 
520078,21 64 575
520308,24 74 206
520308,24 63 206
520817,67 150 
520836,81 68 
521324,41 249
522349,09 92 
522349,09 65 
522368,04 103 
522368,04 101 
522905,05 100 
522905,05 3
522905,05 2145
522905,05 10
524887,54 25 
525541,08 75 
526749,64 72 
526820,34 70 
528348,3 80 
528712,28 83 
529721,66 64 1010
529890,27 74 152
529890,27 62 152
530401,98 150 
530419,45 68 
532430,34 92 
532430,34 65 
532443,74 103 
532443,74 101 
532969,93 100 
532969,93 3
532969,93 2145
532969,93 10
534949,96 25 
535496,79 75 
536703,82 72 
536775,97 70 
538303,64 80 
539374,42 83 
539837,1 64 463
540019,02 74 165
540019,02 62 165
541529,13 152 
541548 69 
542257 93 
542279,56 103 
542279,56 101 
544308,82 100 
544308,82 3
544308,82 2145
544308,82 11
546291,79 25 
546319,52 75 
547527,34 72 
547597,99 70 
549133,58 80 
550503,08 83 
551055,18 64 552
551239,81 74 163
551239,81 63 163
552250,95 150 
552277,52 68 
553786,29 92 
553786,29 65 
553807,91 103 
553807,91 101 
554338,57 100 
554338,57 3
554338,57 2145
554338,57 11
556314,22 25 
556861,1 75 
558069,15 72 
558140,29 70 
559660,56 80 
561031,86 83 
561385,33 64 354
561594,97 74 190
561594,97 62 190
562607,93 151 
562633,69 69 
563542,19 93 
563563,76 103 
563563,76 101 
565593,84 100 
565593,84 3
565593,84 2145
565593,84 11
567576,07 25 
567616,79 75 
568825,96 72 
569148,87 70 
570769,12 80 
571334,17 83 
572215,95 64 882
572392,94 74 153
572392,94 62 153
573901,74 151 
573921,62 69 
574632,41 93 
574652,59 103 
574652,59 101 
576678,82 100 
576678,82 3
576678,82 2145
576678,82 10
578664,8 25 
578692,26 75 
579898,94 72 
579970,94 70 
581497,53 80 
582569,41 83 
583222,96 64 654
583408,59 74 160
583408,59 62 160
583917,81 150 
583943,23 68 
585456,13 92 
585456,13 65 
585474,41 103 
585474,41 101 
586006,91 100 
586006,91 3
586006,91 2145
586006,91 10
587980,83 25 
588621,09 75 
589831,41 72 
589900,02 70 
591425,54 80 
592805,06 83 
592867,22 64 62
593118,8 74 234
593118,8 63 234
594127,49 153 
594152,99 68 
594670,89 249
595062,17 92 
595062,17 65 
595083,66 103 
595083,66 101 
595609,89 100 
595609,89 3
595609,89 2145
595609,89 11
597589,99 25 
597777,11 75 
598984,92 72 
599056,17 70 
600584,75 80 
601654,58 83 
602175,12 64 521
602342,49 74 155
602342,49 62 155
602851,69 151 
602882,21 69 
604891,58 93 
604906,15 103 
604906,15 101 
606937,61 100 
606937,61 3
606937,61 2145
606937,61 10
608918,54 25 
608946,92 75 
610154,58 72 
610224,76 70 
611760,01 80 
612130,1 83 
613243,79 64 1114
613423,77 74 161
613423,77 62 161
614935 150 
614956,71 68 
616468,3 92 
616468,3 65 
616487,96 103 
616487,96 101 
617019,03 100 
617019,03 3
617019,03 2145
617019,03 10
618994,24 25 
619581,01 75 
620787,59 72 
620860,21 70 
622379,12 80 
623751,87 83 
624129,2 64 377
624334,35 74 184
624334,35 63 184
625345,87 151 
625366,39 69 
626273,36 93 
626283,89 103 
626283,89 101 
628309,91 100 
628309,91 3
628309,91 2145
628309,91 11
630296,24 25 
630323,43 75 
631531,49 72 
631602,34 70 
633129,78 80 
633507,71 83 
634625,26 64 1118
634825,18 74 185
634825,18 62 185
636333,15 151 
636360,6 69 
637072,03 93 
637092,53 103 
637092,53 101 
639120,35 100 
639120,35 3
639120,35 2145
639120,35 10
641104,88 25 
641132,16 75 
642339,32 72 
642411,03 70 
643938,46 80 
645009,52 83 
645493,82 64 485
645717,4 74 202
645717,4 63 202
646226,08 151 
646250,77 69 
648259,87 93 
648274,41 103 
648274,41 101 
650310,62 100 
650310,62 3
650310,62 2145
650310,62 10
652286,77 25 
652314,24 75 
653522,72 72 
653592,94 70 
655118,51 80 
656484,61 83 
656805,57 64 322
657008,88 74 178
657008,88 62 178
658518,51 150 
658538,93 68 
660546,79 92 
660546,79 65 
660562,67 103 
660562,67 101 
661090,5 100 
661090,5 3
661090,5 2145
661090,5 11
663068,86 25 
663495,74 75 
664702,82 72 
664774,92 70 
666306,16 80 
666680,26 83 
667719,57 64 1040
667924,78 74 192
667924,78 63 192
668935,62 150 
668961,13 68 
669884,47 249
670473,91 92 
670473,91 65 
670491,63 103 
670491,63 101 
671019,68 100 
671019,68 3
671019,68 2145
671019,68 11
672997,99 25 
673318,19 75 
674526,51 72 
674597,4 70 
676122,79 80 
677195,84 83 
677650,86 64 455
677893,49 74 219
677893,49 63 219
678403,28 150 
678423,09 68 
679332,12 92 
679332,12 65 
679354,51 103 
679354,51 101 
679884,12 100 
679884,12 3
679884,12 2145
679884,12 11
681860,84 25 
682540,92 75 
683748,96 72 
683993,45 70 
685575,64 80 
686152 83 
687215,52 64 1064
687427,24 74 196
687427,24 63 196
688438,38 150 
688458,78 68 
688905,49 249
689169,47 92 
689169,47 65 
689190,37 103 
689190,37 101 
689721,92 100 
689721,92 3
689721,92 2145
689721,92 11
691696,7 25 
692336,78 75 
693545,58 72 
693615,9 70 
695143,59 80 
696520,9 83 
696852,87 64 332
697066,28 74 199
697066,28 63 199
697575,85 152 
697601,54 69 
698510,15 93 
698533,05 103 
698533,05 101 
700560,11 100 
700560,11 3
700560,11 2145
700560,11 10
702545,38 25 
702585,95 75 
703795,96 72 
703864,89 70 
705389,18 80 
706463,35 83 
706929,75 64 467
707108,65 74 166
707108,65 62 166
708617,85 150 
708636,92 68 
710148,99 92 
710148,99 65 
710168,07 103 
710168,07 101 
710696,43 100 
710696,43 3
710696,43 2145
710696,43 11
712674,42 25 
713261,2 75 
714469,45 72 
714540,39 70 
716060,91 80 
717432,05 83 
717732,55 64 301
717927,65 74 176
717927,65 63 176
718439,88 150 
718460,2 68 
719336,99 249
720469,41 92 
720469,41 65 
720483,69 103 
720483,69 101 
721010,27 100 
721010,27 3
721010,27 2145
721010,27 10
722990,02 25 
723470,15 75 
724678,64 72 
724749,37 70 
726277,15 80 
726641,43 83 
727728,13 64 1087
727921,61 74 175
727921,61 62 175
729432,2 150 
729454,68 68 
730163,73 92 
730163,73 65 
730186,25 103 
730186,25 101 
730715,95 100 
730715,95 3
730715,95 2145
730715,95 10
732692,53 25 
733346 75 
734553,17 72 
734625,18 70 
736154,08 80 
737223,58 83 
737694,07 64 471
737896,25 74 179
737896,25 62 179
738904,58 150 
738931,4 68 
739841,7 92 
739841,7 65 
739862,18 103 
739862,18 101 
740390,95 100 
740390,95 3
740390,95 2145
740390,95 10
742368,43 25 
742662,11 75 
743869,69 72 
743941,17 70 
745458,82 80 
745833,25 83 
747149,4 64 1317
747350,65 74 184
747350,65 62 184
748859,89 150 
748887,14 68 
750396,7 92 
750396,7 65 
750417,67 103 
750417,67 101 
750945,58 100 
750945,58 1
750945,58 2145
750945,58 11
750945,58 78 
750945,58 198 
752923,95 25 
753364,1 75 
754570,3 72 
754643,28 70 
756168,29 80 
757534,99 83 
758007,54 64 473
758239,09 74 211
758239,09 63 211
759249,24 151 
759269,21 69 
759976,33 93 
759986,92 103 
759986,92 101 
762013,44 100 
762013,44 1
762013,44 2145
762013,44 10
763999,31 25 
764026,79 75 
765236,49 72 
765305,45 70 
766837,13 80 
767917,21 83 
768411,62 64 495
768587,62 74 151
768587,62 62 151
769097,9 151 
769117,83 69 
771129,07 93 
771142,34 103 
771142,34 101 
773179,43 100 
773179,43 1
773179,43 2145
773179,43 10
775154,52 25 
775181,92 75 
776389,61 72 
776460,74 70 
777982,67 80 
779352,39 83 
779756 64 404
779963,8 74 185
779963,8 62 185
781472,65 151 
781499,79 69 
782211,28 93 
782230,76 103 
782230,76 101 
784256,89 100 
784256,89 1
784256,89 2145
784256,89 10
786243,15 25 
786271,1 75 
787477,31 72 
787549,47 70 
789094,72 80 
790174,4 83 
790610,21 64 436
790808,41 74 182
790808,41 62 182
791816,95 151 
791842,21 69 
793851,62 93 
793866,02 103 
793866,02 101 
795892,36 100 
795892,36 1
795892,36 2145
795892,36 11
797878,14 25 
797906,39 75 
799114,36 72 
799184,37 70 
800705,56 80 
801076,44 83 
801998,98 64 923
802223,72 74 202
802223,72 63 202
802731,96 151 
802757,55 69 
803670,57 93 
803688,36 103 
803688,36 101 
805718,34 100 
805718,34 1
805718,34 2145
805718,34 10
807700,64 25 
807728,07 75 
808935,42 72 
809006,88 70 
810533,62 80 
811911,87 83 
812292,86 64 381
812486,47 74 176
812486,47 62 176
813498 153 
813526,32 68 
815036,77 92 
815036,77 65 
815056,87 103 
815056,87 101 
815590,11 100 
815590,11 1
815590,11 2145
815590,11 11
817576,44 25 
817963,32 75 
819170,56 72 
819242,6 70 
820771,46 80 
821134,68 83 
821888,74 64 755
822117,14 74 210
822117,14 63 210
823627,49 151 
823654,68 69 
825665,96 93 
825678,99 103 
825678,99 101 
827706,81 100 
827706,81 1
827706,81 2145
827706,81 11
829691,4 25 
829719,16 75 
830929 72 
830997,5 70 
832522,87 80 
833595,98 83 
835123,14 64 1527
835331,62 74 190
835331,62 62 190
835843,07 150 
835863,58 68 
836774,34 92 
836774,34 65 
836794,37 103 
836794,37 101 
837323,79 100 
837323,79 1
837323,79 2145
837323,79 11
839300,52 25 
839794,02 75 
841003,2 72 
841073,27 70 
842593,16 80 
843964,95 83 
844385,57 64 421
844599,19 74 195
844599,19 63 195
846111,69 151 
846139,17 69 
846850,7 93 
846870,04 103 
846870,04 101 
848897,44 100 
848897,44 1
848897,44 2145
848897,44 10
850882,32 25 
850909,96 75 
852118,25 72 
852188,53 70 
853713,99 80 
854786,98 83 
855189,89 64 403
855376,01 74 163
855376,01 62 163
855885,5 151 
855907,25 69 
857419,58 93 
857438,81 103 
857438,81 101 
859470,47 100 
859470,47 1
859470,47 2145
859470,47 10
861451,12 25 
861478,33 75 
862686,3 72 
862757,38 70 
864281,56 80 
864649,5 83 
865729,9 64 1081
865955,89 74 214
865955,89 63 214
866968,27 153 
866996,92 68 
867432,26 249
868506,36 92 
868506,36 65 
868527,43 103 
868527,43 101 
869056,77 100 
869056,77 1
869056,77 2145
869056,77 11
871033,75 25 
871487,27 75 
872695,84 72 
872766,45 70 
874296,12 80 
874658,6 83 
875569,34 64 912
875784,09 74 193
875784,09 63 193
876294,93 151 
876326,35 69 
877039,73 93 
877057,15 103 
877057,15 101 
879083,41 100 
879083,41 1
879083,41 2145
879083,41 11
881069,44 25 
881097,02 75 
882304,85 72 
882375,75 70 
883897,67 80 
884974,11 83 
885348,17 64 374
885546,44 74 173
885546,44 63 173
887057,43 151 
887080,67 69 
888198,75 249 
888271,56 183 
889091,55 93 
889105,36 103 
889105,36 101 
891132,35 100 
891132,35 1
891132,35 2145
891132,35 11
893117,67 25 
893160,92 75 
894370,68 72 
894690,45 70 
896308,29 80 
897848,71 83 
898176,53 64 329
898346,86 74 152
898346,86 62 152
899356,39 150 
899382,4 68 
900291,2 92 
900291,2 65 
900313,9 103 
900313,9 101 
900853,64 100 
900853,64 1
900853,64 2145
900853,64 10
902833,59 25 
903353,7 75 
904563,25 72 
904766,13 70 
906323,13 80 
907404,57 83 
908172,23 64 768
908391,96 74 201
908391,96 63 201
909405,27 151 
909432,36 69 
910139,53 93 
910149,73 103 
910149,73 101 
912175,96 100 
912175,96 1
912175,96 2145
912175,96 11
914162,1 25 
914189,61 75 
915397,98 72 
915468,29 70 
917000,62 80 
917373,65 83 
918467,73 64 1095
918638,89 74 146
918638,89 62 146
920149,92 150 
920174,4 68 
922184,31 92 
922184,31 65 
922211,28 103 
922211,28 101 
922737,79 100 
922737,79 1
922737,79 2145
922737,79 10
924717,55 25 
925211,09 75 
926419,83 72 
926490,26 70 
928016,86 80 
929381,91 83 
929950,86 64 569
930163,34 74 196
930163,34 63 196
930672,4 151 
930702,44 69 
932214,62 93 
932233,67 103 
932233,67 101 
934266 100 
934266 1
934266 2145
934266 10
936246,01 25 
936286,6 75 
937494,43 72 
937565,65 70 
939092,7 80 
939457,65 83 
941420,36 64 1963
941648,08 74 205
941648,08 61 205
942658,47 150 
942684,79 68 
943595,25 92 
943595,25 65 
943615,48 103 
943615,48 101 
944147,39 100 
944147,39 1
944147,39 2145
944147,39 10
946121,77 25 
946748,7 75 
947957,24 72 
948027,84 70 
949550,91 80 
950932,72 83 
951268,06 64 335
951457,29 74 166
951457,29 61 166
952968,03 150 
952987,17 68 
953696,73 92 
953696,73 65 
953717,9 103 
953717,9 101 
954245,89 100 
954245,89 1
954245,89 2145
954245,89 11
956224,19 25 
956704,41 75 
957912,87 72 
957983,55 70 
959506,91 80 
960568,65 83 
961185,4 64 618
961411,98 74 204
961411,98 61 204
961923,93 151 
961942,54 69 
963950,58 93 
963966,84 103 
963966,84 101 
965996,77 100 
965996,77 1
965996,77 2145
965996,77 10
967979,14 25 
968020,05 75 
969229,78 72 
969298,74 70 
970828,04 80 
971190,97 83 
972203,71 64 1013
972414,59 74 198
972414,59 61 198
972924,58 150 
972951,9 68 
973085,28 249
973250,49 171
974463,99 92 
974463,99 65 
974482,38 103 
974482,38 101 
975010,53 100 
975010,53 1
975010,53 2145
975010,53 10
976988,67 25 
977508,92 75 
978717,91 72 
978788,02 70 
980310,65 80 
981386,45 83 
981799,38 64 414
982024,64 74 212
982024,64 61 212
983535,74 150 
983559,94 68 
984472,94 92 
984472,94 65 
984491,52 103 
984491,52 101 
985022,62 100 
985022,62 1
985022,62 2145
985022,62 10
986997,8 25 
987557,87 75 
988766,92 72 
988837,12 70 
990366,82 80 
991728,76 83 
992079,09 64 351
992269,75 74 168
992269,75 61 168
993280,82 150 
993302,59 68 
994812,96 92 
994812,96 65 
994833,71 103 
994833,71 101 
995362,06 100 
995362,06 1
995362,06 2145
995362,06 10
997340,03 25 
998020,13 75 
999228,98 72 
999299,26 70 
1000819,39 80 
1001204,69 83 
1002296,7 64 1093
1002514,68 74 204
1002514,68 61 204
1003022,8 152 
1003045,01 69 
1003953,01 93 
1003976,51 103 
1003976,51 101 
1006003,42 100 
1006003,42 1
1006003,42 2145
1006003,42 11
1007988,92 25 
1008016,93 75 
1009223,5 72 
1009428,32 70 
1010965,03 80 
1012040,13 83 
1012463,12 64 423
1012663,55 74 184
1012663,55 61 184
1014174,46 151 
1014200,26 69 
1014908,51 93 
1014918,52 103 
1014918,52 101 
1016946,12 100 
1016946,12 1
1016946,12 2145
1016946,12 11
1018930,82 25 
1018958,16 75 
1020166,25 72 
1020237,07 70 
1021768,03 80 
1023142,01 83 
1023797,37 64 656
1024040,39 74 219
1024040,39 61 219
1025049,57 151 
1025075,64 69 
1026593,55 249 
1027083,84 93 
1027099,98 103 
1027099,98 101 
1029137,23 100 
1029137,23 1
1029137,23 2145
1029137,23 10
1031112,3 25 
1031139,51 75 
1032345,81 72 
1032418,51 70 
1033939,05 80 
1035016,97 83 
1035454,51 64 438
1035649,78 74 180
1035649,78 61 180
1036159,52 150 
1036177,65 68 
1036888,29 92 
1036888,29 65 
1036909,15 103 
1036909,15 101 
1037435,48 100 
1037435,48 1
1037435,48 2145
1037435,48 11
1039415,51 25 
1039855,64 75 
1041064,7 72 
1041134,83 70 
1042661,68 80 
1043026,95 83 
1043863,02 64 836
1044034,48 74 155
1044034,48 61 155
1045046,81 151 
1045067,13 69 
1045974,93 93 
1045998,62 103 
1045998,62 101 
1048025,63 100 
1048025,63 1
1048025,63 2145
1048025,63 11
1050011,04 25 
1050038,35 75 
1051246,7 72 
1051317,29 70 
1052841,85 80 
1054208,9 83 
1054329,92 64 121
1054529,08 74 174
1054529,08 62 174
1056038,53 150 
1056062,44 68 
1058072,47 92 
1058072,47 65 
1058086,83 103 
1058086,83 101 
1058621,49 100 
1058621,49 1
1058621,49 2145
1058621,49 11
1060606,46 25 
1061086,57 75 
1062296,04 72 
1062367,4 70 
1063895,86 80 
1065257,46 83 
1065587,75 64 331
1065760,5 74 157
1065760,5 62 157
1066270,18 150 
1066298,92 68 
1067810,64 92 
1067810,64 65 
1067829,33 103 
1067829,33 101 
1068361,42 100 
1068361,42 1
1068361,42 2145
1068361,42 11
1070335,64 25 
1070975,75 75 
1072185,48 72 
1072254,91 70 
1073784,55 80 
1074853,39 83 
1075258,72 64 406
1075440,55 74 161
1075440,55 62 161
1076452,2 150 
1076481,3 68 
1077392,77 92 
1077392,77 65 
1077411,93 103 
1077411,93 101 
1077939,35 100 
1077939,35 1
1077939,35 2145
1077939,35 11
1079918,28 25 
1080411,82 75 
1081620,17 72 
1081690,92 70 
1083214,91 80 
1083583,03 83 
1084561,58 64 979
1084745,29 74 163
1084745,29 62 163
1086255,79 150 
1086277,07 68 
1088285,24 92 
1088285,24 65 
1088300,72 103 
1088300,72 101 
1088832,35 100 
1088832,35 1
1088832,35 2145
1088832,35 10
1090806,91 25 
1091460,47 75 
1092670,15 72 
1092739,72 70 
1094268,51 80 
1095657,86 83 
1095973,72 64 316
1096198,03 74 207
1096198,03 61 207
1097206,97 150 
1097232,39 68 
1098741,41 92 
1098741,41 65 
1098762,86 103 
1098762,86 101 
1099289,35 100 
1099289,35 1
1099289,35 2145
1099289,35 11
1101269,22 25 
1101815,93 75 
1103022,84 72 
1103095,12 70 
1104612,9 80 
1105680,3 83 
1106130,56 64 451
1106317,66 74 171
1106317,66 62 171
1106828,88 150 
1106854,3 68 
1107564,5 92 
1107564,5 65 
1107585,75 103 
1107585,75 101 
1108117,59 100 
1108117,59 1
1108117,59 2145
1108117,59 10
1110092,15 25 
1110638,93 75 
1111846,66 72 
1112104,73 70 
1113686,31 80 
1114276,7 83 
1115123,62 64 848
1115321,71 74 179
1115321,71 61 179
1116834,08 152 
1116862,9 69 
1117771,34 93 
1117781,74 103 
1117781,74 101 
1119812,05 100 
1119812,05 1
1119812,05 2145
1119812,05 10
1121793,76 25 
1121822,03 75 
1123029,7 72 
1123099,97 70 
1124626,67 80 
1125698,47 83 
1126105,54 64 408
1126318,68 74 194
1126318,68 61 194
1127329,12 150 
1127352,89 68 
1128062,27 92 
1128062,27 65 
1128083,7 103 
1128083,7 101 
1128610,47 100 
1128610,47 1
1128610,47 2145
1128610,47 10
1130590,06 25 
1131083,59 75 
1132290,46 72 
1132362,74 70 
1133884,41 80 
1135254,38 83 
1135611,24 64 357
1135840,19 74 213
1135840,19 61 213
1137349,98 150 
1137374,54 68 
1137518,65 249
1137725,07 171
1139382,92 92 
1139382,92 65 
1139398,92 103 
1139398,92 101 
1139925,31 100 
1139925,31 1
1139925,31 2145
1139925,31 10
1141905,24 25 
1142491,97 75 
1143698,35 72 
1143771,21 70 
1145302,17 80 
1145689,96 83 
1146581,51 64 892
1146790,24 74 194
1146790,24 61 194
1147300,86 150 
1147330,32 68 
1148840,22 92 
1148840,22 65 
1148861,55 103 
1148861,55 101 
1149399,77 100 
1149399,77 1
1149399,77 2145
1149399,77 11
1151381,15 25 
1151994,62 75 
1153203,04 72 
1153273,88 70 
1154794,8 80 
1155165,92 83 
1156138,29 64 972
1156337,9 74 186
1156337,9 62 186
1157348,99 150 
1157366,11 68 
1158274,52 92 
1158274,52 65 
1158297,57 103 
1158297,57 101 
1158823,79 100 
1158823,79 1
1158823,79 2145
1158823,79 11
1160803,91 25 
1161417,3 75 
1162626,49 72 
1162696,54 70 
1164228,88 80 
1165308,46 83 
1165755,28 64 447
1165917,23 74 143
1165917,23 62 143
1166426,61 150 
1166456,4 68 
1167968,56 92 
1167968,56 65 
1167986,74 103 
1167986,74 101 
1168515,25 100 
1168515,25 1
1168515,25 2145
1168515,25 10
1170493,02 25 
1170933,2 75 
1172140,51 72 
1172212,39 70 
1173743,2 80 
1175117,5 83 
1175389,8 64 273
1175587,27 74 177
1175587,27 61 177
1177098,18 150 
1177118,45 68 
1177541,78 249
1177825,59 92 
1177825,59 65 
1177849,23 103 
1177849,23 101 
1178383,87 100 
1178383,87 1
1178383,87 2145
1178383,87 11
1180368,97 25 
1180915,65 75 
1182124,33 72 
1182194,86 70 
1183725,77 80 
1184086,94 83 
1185876,48 64 1790
1186100,51 74 202
1186100,51 61 202
1186611,09 151 
1186633,23 69 
1187383,64 249 
1188188,79 181 
1188641,36 93 
1188657,97 103 
1188657,97 101 
1190687,23 100 
1190687,23 1
1190687,23 2145
1190687,23 10
1192670,28 25 
1192698,18 75 
1193904,98 72 
1193976,51 70 
1195500,64 80 
1196868,34 83 
1197060,46 64 193
1197299,06 74 218
1197299,06 61 218
1198810,73 150 
1198828,88 68 
1199455,96 249
1200339,19 92 
1200339,19 65 
1200359,66 103 
1200359,66 101 
1200886,04 100 
1200886,04 1
1200886,04 2145
1200886,04 11
1202866,02 25 
1203359,47 75 
1204568,46 72 
1204638,6 70 
1206159,74 80 
1207237,96 83 
1207503,88 64 267
1207726,37 74 197
1207726,37 61 197
1208737 151 
1208758,29 69 
1209465,94 93 
1209475,97 103 
1209475,97 101 
1211506,79 100 
1211506,79 1
1211506,79 2145
1211506,79 11
1213488,17 25 
1213515,34 75 
1214724,99 72 
1214794,35 70 
1216322,99 80 
1216886,34 83 
1217666,22 64 780
1217863,73 74 178
1217863,73 61 178
1218373,79 151 
1218393,74 69 
1219074,44 249 
1219362,98 181 
1220402,2 93 
1220417,77 103 
1220417,77 101 
1222444,08 100 
1222444,08 1
1222444,08 2145
1222444,08 11
1224430,14 25 
1224457,36 75 
1225665,69 72 
1225736,42 70 
1227265,25 80 
1228628,08 83 
1228660,95 64 33
1228872,05 74 191
1228872,05 61 191
1230379,68 153 
1230401,71 68 
1231310,41 92 
1231310,41 65 
1231333,15 103 
1231333,15 101 
1231864,57 100 
1231864,57 1
1231864,57 2145
1231864,57 11
1233839,44 25 
1234266,29 75 
1235475,05 72 
1235545,52 70 
1237069,16 80 
1238143,98 83 
1238721,05 64 577
1238947,41 74 205
1238947,41 61 205
1239958,43 151 
1239985,04 69 
1241476,26 249 
1241997,54 93 
1242008,63 103 
1242008,63 101 
1244037,48 100 
1244037,48 1
1244037,48 2145
1244037,48 10
1246021 25 
1246048,26 75 
1247255,69 72 
1247327,11 70 
1248851,62 80 
1249219,25 83 
1250232,17 64 1013
1250414,2 74 169
1250414,2 62 169
1250925,39 151 
1250952,93 69 
1252461,83 93 
1252484,19 103 
1252484,19 101 
1254511,1 100 
1254511,1 1
1254511,1 2145
1254511,1 10
1256496,51 25 
1256723,39 75 
1257934,32 72 
1258002,57 70 
1259527,49 80 
1260894,23 83 
1261256,59 64 363
1261484,85 74 204
1261484,85 61 204
1262495,69 150 
1262521,48 68 
1263429,14 92 
1263429,14 65 
1263452,83 103 
1263452,83 101 
1263979,21 100 
1263979,21 1
1263979,21 2145
1263979,21 10
1265959,13 25 
1266532,69 75 
1267740,71 72 
1267811,78 70 
1269346,68 80 
1270423,57 83 
1271102,52 64 680
1271311,52 74 196
1271311,52 61 196
1272819,76 150 
1272837,11 68 
1273547,48 92 
1273547,48 65 
1273568,54 103 
1273568,54 101 
1274106,1 100 
1274106,1 4
1274106,1 2145
1274106,1 11
1274106,1 78 
1274106,1 198 
1276088,12 25 
1276608,38 75 
1277817,86 72 
1277887,47 70 
1279409,54 80 
1280779,16 83 
1281029,42 64 251
1281202,33 74 158
1281202,33 62 158
1281714,84 151 
1281740,18 69 
1283748,14 93 
1283764,2 103 
1283764,2 101 
1285790,46 100 
1285790,46 4
1285790,46 2145
1285790,46 10
1287776,5 25 
1287804,06 75 
1289011,93 72 
1289082,75 70 
1290607,07 80 
1290974,81 83 
1291964,74 64 990
1292160,54 74 174
1292160,54 61 174
1293169,33 151 
1293189,06 69 
1293899,84 93 
1293919,9 103 
1293919,9 101 
1295947,83 100 
1295947,83 4
1295947,83 2145
1295947,83 11
1297932,18 25 
1297973,5 75 
1299184,33 72 
1299251,71 70 
1300779,43 80 
1301850,23 83 
1302355,5 64 506
1302531,58 74 162
1302531,58 62 162
1304044 151 
1304063,76 69 
1304971,91 93 
1304981,92 103 
1304981,92 101 
1307011,25 100 
1307011,25 4
1307011,25 2145
1307011,25 11
1308994,18 25 
1309021,47 75 
1310228,12 72 
1310300,4 70 
1311828,44 80 
1312885,53 83 
1313646,26 64 761
1313862,25 74 204
1313862,25 61 204
1315372,79 152 
1315393,1 69 
1316903,34 93 
1316923,64 103 
1316923,64 101 
1318953,65 100 
1318953,65 4
1318953,65 2145
1318953,65 10
1320935,71 25 
1320977,3 75 
1322184,12 72 
1322388,59 70 
1324007,91 80 
1325573,44 83 
1326032,96 64 460
1326233,96 74 181
1326233,96 62 181
1327245,37 150 
1327267,18 68 
1328174,88 92 
1328174,88 65 
1328198,67 103 
1328198,67 101 
1328724,73 100 
1328724,73 4
1328724,73 2145
1328724,73 11
1330704,97 25 
1330998,47 75 
1332207,04 72 
1332277,68 70 
1333820,64 80 
1334183,1 83 
1335318,89 64 1136
1335532,12 74 190
1335532,12 61 190
1336040,8 150 
1336064,13 68 
1336777,07 92 
1336777,07 65 
1336795,01 103 
1336795,01 101 
1337326,08 100 
1337326,08 4
1337326,08 2145
1337326,08 10
1339301,27 25 
1339808,1 75 
1341015,15 72 
1341087,3 70 
1342612,39 80 
1343197,45 250 
1343219,14 101 
1345232,07 100 
1345232,07 4
1345232,07 2145
1345232,07 10
1345232,07 25 
1345259,6 75 
1346467,98 72 
1346538,27 70 
1347370,09 250 
1347390,39 101 
1349403,61 100 
1349403,61 4
1349403,61 2145
1349403,61 10
1349403,61 25 
1349430,91 75 
1350640,45 72 
1350655,69 70 
1351866,02 80 
1352935,14 83 
1353699,98 64 765
1353920,26 74 199
1353920,26 61 199
1354431,51 151 
1354455,6 69 
1354740,38 249 
1355748,7 181 
1356467,47 93 
1356479,99 103 
1356479,99 101 
1358506,34 100 
1358506,34 4
1358506,34 2145
1358506,34 10
1360492,28 25 
1360519,47 75 
1361729,11 72 
1361798,49 70 
1363321,13 80 
1364690,27 83 
1365333,64 64 644
1365601,47 74 246
1365601,47 62 246
1366614,34 150 
1366637,04 68 
1368147,33 92 
1368147,33 65 
1368168,31 103 
1368168,31 101 
1368700,14 100 
1368700,14 4
1368700,14 2145
1368700,14 11
1370674,63 25 
1371354,68 75 
1372562,62 72 
1372633,96 70 
1374160,1 80 
1374525,96 83 
1375456,75 64 931
1375670,82 74 199
1375670,82 61 199
1377179,94 150 
1377206,66 68 
1377916,73 92 
1377916,73 65 
1377937,48 103 
1377937,48 101 
1378466,47 100 
1378466,47 4
1378466,47 2145
1378466,47 10
1380443,76 25 
1380884,03 75 
1382092,61 72 
1382163,11 70 
1383690,44 80 
1385054,87 83 
1385533,55 64 479
1385720,66 74 173
1385720,66 61 173
1387230,16 151 
1387254,98 69 
1388764,02 93 
1388786,23 103 
1388786,23 101 
1390814,12 100 
1390814,12 4
1390814,12 2145
1390814,12 10
1392798,53 25 
1392825,78 75 
1394036,87 72 
1394104,73 70 
1395626,8 80 
1396703,17 83 
1397307,18 64 604
1397518,07 74 189
1397518,07 61 189
1398031,92 151 
1398051,26 69 
1400062,07 93 
1400074,7 103 
1400074,7 101 
1402102,03 100 
1402102,03 4
1402102,03 2145
1402102,03 10
1404087,07 25 
1404115,16 75 
1405323,5 72 
1405393,47 70 
1406917,42 80 
1407285,36 83 
1408662,16 64 1377
1408867,67 74 183
1408867,67 61 183
1409882,59 151 
1409912,06 69 
1410314,68 249 
1410819,71 93 
1410830,22 103 
1410830,22 101 
1412867,89 100 
1412867,89 4
1412867,89 2145
1412867,89 10
1414855,89 25 
1414884,1 75 
1416091,51 72 
1416162 70 
1417687,29 80 
1418054,12 83 
1419090,26 64 1036
1419310,47 74 204
1419310,47 61 204
1420323,37 153 
1420347,54 68 
1422355,63 92 
1422355,63 65 
1422371,93 103 
1422371,93 101 
1422898,21 100 
1422898,21 4
1422898,21 2145
1422898,21 11
1424878,31 25 
1425425,04 75 
1426633,25 72 
1426704,23 70 
1428228,83 80 
1429289,38 83 
1429694,15 64 405
1429863,74 74 148
1429863,74 62 148
1431376,34 151 
1431396,25 69 
1432904,93 93 
1432914,12 103 
1432914,12 101 
1434941,21 100 
1434941,21 4
1434941,21 2145
1434941,21 11
1436926,41 25 
1436967,62 75 
1438177,95 72 
1438459,2 70 
1440040 80 
1441527,71 250 
1441537,02 101 
1443550,24 100 
1443550,24 4
1443550,24 2145
1443550,24 11
1443550,24 25 
1443578,31 75 
1444786,35 72 
1444989,76 70 
1446612,38 80 
1448174,67 83 
1448724,09 64 550
1448931,78 74 185
1448931,78 62 185
1449441,83 151 
1449469,39 69 
1450176,41 93 
1450200,14 103 
1450200,14 101 
1452231,07 100 
1452231,07 4
1452231,07 2145
1452231,07 10
1454212,4 25 
1454239,85 75 
1455448,67 72 
1455520,21 70 
1457052,73 80 
1457424 83 
1458661,7 64 1238
1458893,51 74 217
1458893,51 61 217
1459403,65 151 
1459424,98 69 
1460333,5 93 
1460355,77 103 
1460355,77 101 
1462384,54 100 
1462384,54 4
1462384,54 2145
1462384,54 11
1464368,09 25 
1464396,04 75 
1465604,54 72 
1465674,29 70 
1467209,53 80 
1468579,28 83 
1469213,66 64 635
1469416,21 74 184
1469416,21 62 184
1470426,24 151 
1470446,3 69 
1472456,81 93 
1472470,59 103 
1472470,59 101 
1474497,58 100 
1474497,58 4
1474497,58 2145
1474497,58 10
1476482,96 25 
1477069,77 75 
1478277,85 72 
1478348,93 70 
1479870,19 80 
1480947,36 83 
1481363,85 64 417
1481398,33 256 
1481590,72 74 204
1481590,72 61 204
1483098,57 151 
1483121,67 69 
1484031,72 93 
1484052,35 103 
1484052,35 101 
1486085,55 100 
1486085,55 4
1486085,55 2145
1486085,55 11
1488064,67 25 
1488105,47 75 
1489315,67 72 
1489384,18 70 
1490915,18 80 
1491289,68 83 
1492239,02 64 950
1492448,18 74 186
1492448,18 62 186
1492958,02 151 
1492983,35 69 
1494437,93 249 
1494492,55 93 
1494514,57 103 
1494514,57 101 
1496542,71 100 
1496542,71 4
1496542,71 2145
1496542,71 11
1498526,88 25 
1498554,27 75 
1499761,6 72 
1499833,15 70 
1501357,99 80 
1502724,77 83 
1503442,98 64 718
1503687,93 74 230
1503687,93 61 230
1504694,64 150 
1504725,02 68 
1505436,03 92 
1505436,03 65 
1505457,65 103 
1505457,65 101 
1505989,46 100 
1505989,46 4
1505989,46 2145
1505989,46 10
1507962,9 25 
1508563,03 75 
1509772,62 72 
1509842,3 70 
1511373,1 80 
1512440,66 83 
1513048,82 64 609
1513262,49 74 196
1513262,49 63 196
1514769,5 151 
1514800,8 69 
1516308,81 93 
1516318,63 103 
1516318,63 101 
1518354,42 100 
1518354,42 4
1518354,42 2145
1518354,42 11
1520331,07 25 
1520358,17 75 
1521565,19 72 
1521637,13 70 
1523160,08 80 
1523529,23 83 
1524659,02 64 1130
1525042,43 74 368
1525042,43 62 368
1526551,31 151 
1526569,85 69 
1527482,9 93 
1527500,53 103 
1527500,53 101 
1529528,1 100 
1529528,1 4
1529528,1 2145
1529528,1 11
1531512,9 25 
1531540,9 75 
1532750,04 72 
1532819,12 70 
1534341,97 80 
1535710,74 83 
1536019,59 64 309
1536192,48 74 149
1536192,48 62 149
1536700,48 151 
1536725,17 69 
1537435,66 93 
1537456,32 103 
1537456,32 101 
1539486,34 100 
1539486,34 4
1539486,34 2145
1539486,34 11
1541468,67 25 
1541495,78 75 
1542704,7 72 
1542774,83 70 
1544296,79 80 
1545373,33 83 
1545792,83 64 420
1546019,82 74 207
1546019,82 61 207
1547031,48 152 
1547055,41 69 
1549066,93 93 
1549078,02 103 
1549078,02 101 
1551116,77 100 
1551116,77 4
1551116,77 2145
1551116,77 10
1553090,55 25 
1553117,71 75 
1554325,69 72 
1554396,55 70 
1555922,71 80 
1556995,04 83 
1557575,11 64 580
1557752,52 74 158
1557752,52 62 158
1558261,19 150 
1558289,06 68 
1560299,86 92 
1560299,86 65 
1560313,35 103 
1560313,35 101 
1560839,46 100 
1560839,46 4
1560839,46 2145
1560839,46 11
1562819,56 25 
1563393,03 75 
1564600,65 72 
1564672,19 70 
1566198,33 80 
1567563,85 83 
1568555,4 64 992
1568803,53 74 227
1568803,53 61 227
1570312,8 150 
1570337,92 68 
1571045,73 92 
1571045,73 65 
1571068,66 103 
1571068,66 101 
1571594,94 100 
1571594,94 4
1571594,94 2145
1571594,94 10
1573574,96 25 
1573868,52 75 
1575076,04 72 
1575147,83 70 
1576677,76 80 
1577053,2 83 
1578102,26 64 1049
1578322,96 74 204
1578322,96 61 204
1579333,52 151 
1579360,04 69 
1580871,6 93 
1580891,16 103 
1580891,16 101 
1582919,83 100 
1582919,83 4
1582919,83 2145
1582919,83 10
1584903,55 25 
1584931,1 75 
1586138,1 72 
1586209,69 70 
1587733,06 80 
1589114,72 83 
1589590,68 64 476
1589778,33 74 171
1589778,33 61 171
1590290,76 151 
1590315,99 69 
1590687,54 249 
1591226,65 93 
1591246,78 103 
1591246,78 101 
1593279,14 100 
1593279,14 4
1593279,14 2145
1593279,14 11
1595259,08 25 
1595286,61 75 
1596493,98 72 
1596565,26 70 
1598086,63 80 
1598457,37 83 
1599348,33 64 892
1599534,18 74 171
1599534,18 61 171
1601046,66 150 
1601070,76 68 
1601982,49 92 
1601982,49 65 
1602002,25 103 
1602002,25 101 
1602528,46 100 
1602528,46 4
1602528,46 2145
1602528,46 10
1604508,51 25 
1604762,06 75 
1605969,17 72 
1606043,17 70 
1607572,52 80 
1608653,09 83 
1609074,64 64 422
1609255,48 74 163
1609255,48 62 163
1610264,11 150 
1610293,53 68 
1611803,53 92 
1611803,53 65 
1611824,66 103 
1611824,66 101 
1612356,21 100 
1612356,21 4
1612356,21 2145
1612356,21 10
1614330,94 25 
1614797,86 75 
1616007,51 72 
1616078,79 70 
1617601,59 80 
1618968,69 83 
1619532,69 64 565
1619716,64 74 162
1619716,64 62 162
1621224,28 150 
1621249,54 68 
1623260,62 92 
1623260,62 65 
1623286,5 103 
1623286,5 101 
1623812,8 100 
1623812,8 4
1623812,8 2145
1623812,8 10
1625792,79 25 
1626126,43 75 
1627334,22 72 
1627405,6 70 
1628936,56 80 
1629297,61 83 
1630261,82 64 965
1630445,5 74 162
1630445,5 62 162
1630958 150 
1630979,01 68 
1631689,05 92 
1631689,05 65 
1631709,55 103 
1631709,55 101 
1632241,83 100 
1632241,83 4
1632241,83 2145
1632241,83 11
1634215,84 25 
1634882,59 75 
1636092,01 72 
1636161,78 70 
1637695,44 80 
1638773,61 83 
1639182,27 64 409
1639382,93 74 183
1639382,93 61 183
1640395,95 150 
1640414,83 68 
1642423,28 92 
1642423,28 65 
1642438,34 103 
1642438,34 101 
1642971,09 100 
1642971,09 4
1642971,09 2145
1642971,09 11
1644944,66 25 
1645384,9 75 
1646593,4 72 
1646664,01 70 
1648188,46 80 
1648556,11 83 
1649899,64 64 1344
1650070,25 74 155
1650070,25 62 155
1651077,76 151 
1651102,88 69 
1652612,8 93 
1652633,99 103 
1652633,99 101 
1654660,3 100 
1654660,3 4
1654660,3 2145
1654660,3 10
1656646,29 25 
1656673,59 75 
1657882,36 72 
1658072,81 70 
1659703,7 80 
1661217,34 83 
1661911,92 64 695
1662088,65 74 152
1662088,65 62 152
1663596,62 150 
1663618,47 68 
1664531,1 92 
1664531,1 65 
1664548,95 103 
1664548,95 101 
1665078,27 100 
1665078,27 4
1665078,27 2145
1665078,27 11
1667055,27 25 
1667482,08 75 
1668689,86 72 
1668761,28 70 
1670287,88 80 
1671359,75 83 
1671771,09 64 412
1672003,72 74 218
1672003,72 61 218
1672512,88 150 
1672534,52 68 
1673245,06 92 
1673245,06 65 
1673265,23 103 
1673265,23 101 
1673802,2 100 
1673802,2 4
1673802,2 2145
1673802,2 10
1675784,83 25 
1676265,03 75 
1677474,31 72 
1677544,39 70 
1679070,1 80 
1680436,18 83 
1680873,88 64 438
1681073,02 74 184
1681073,02 61 184
1681582,04 153 
1681610,13 68 
1683118,71 92 
1683118,71 65 
1683141,03 103 
1683141,03 101 
1683668,12 100 
1683668,12 4
1683668,12 2145
1683668,12 11
1685647,41 25 
1686234,09 75 
1687441,1 72 
1687513,28 70 
1689035,44 80 
1690111,78 83 
1690675,78 64 564
1690859,1 74 161
1690859,1 62 161
1692370,19 151 
1692392,61 69 
1694373,01 249 
1694404,32 93 
1694416,22 103 
1694416,22 101 
1696444,6 100 
1696444,6 4
1696444,6 2145
1696444,6 11
1698428,57 25 
1698456,44 75 
1699665,59 72 
1699734,8 70 
1701258,5 80 
1701626,85 83 
1702783,26 64 1156
1702986,37 74 188
1702986,37 61 188
1703996,15 150 
1704026,97 68 
1704735,24 92 
1704735,24 65 
1704758,49 103 
1704758,49 101 
1705289,41 100 
1705289,41 4
1705289,41 2145
1705289,41 10
1707264,81 25 
1707904,95 75 
1709112,68 72 
1709184,1 70 
1710711,29 80 
1711089,49 83 
1712079,9 64 991
1712274,04 74 172
1712274,04 62 172
1713784,13 150 
1713809,53 68 
1714719,09 92 
1714719,09 65 
1714740,91 103 
1714740,91 101 
1715274,07 100 
1715274,07 4
1715274,07 2145
1715274,07 10
1717260,58 25 
1717647,44 75 
1718857,67 72 
1718926,6 70 
1720454,61 80 
1721818,24 83 
1722119,96 64 302
1722289,88 74 152
1722289,88 62 152
1722800,1 150 
1722819,69 68 
1723531,12 92 
1723531,12 65 
1723550,51 103 
1723550,51 101 
1724077,83 100 
1724077,83 4
1724077,83 2145
1724077,83 10
1726056,86 25 
1726657,02 75 
1727864,84 72 
1727936,23 70 
1729462,87 80 
1730534,57 83 
1730873,46 64 340
1731042,3 74 149
1731042,3 62 149
1732052,64 150 
1732082,41 68 
1734091,58 92 
1734091,58 65 
1734106,03 103 
1734106,03 101 
1734636,44 100 
1734636,44 4
1734636,44 2145
1734636,44 10
1736612,29 25 
1737225,92 75 
1738433,76 72 
1738504,95 70 
1740025,57 80 
1741396,58 83 
1741810,6 64 415
1741991,88 74 156
1741991,88 62 156
1743500,82 150 
1743530,92 68 
1745043,17 92 
1745043,17 65 
1745061,39 103 
1745061,39 101 
1745588,51 100 
1745588,51 4
1745588,51 2145
1745588,51 11
1747567,73 25 
1748194,48 75 
1749403,9 72 
1749473,58 70 
1750997,16 80 
1752072,05 83 
1752679,82 64 608
1752856,29 74 158
1752856,29 61 158
1753367,1 150 
1753393,32 68 
1753711,18 249
1754304,58 92 
1754304,58 65 
1754324,09 103 
1754324,09 101 
1754857,27 100 
1754857,27 4
1754857,27 2145
1754857,27 10
1756830,52 25 
1757457,31 75 
1758668,16 72 
1758736,31 70 
1760257,8 80 
1760895,04 83 
1761719,27 64 824
1761920,07 74 186
1761920,07 62 186
1762929,53 150 
1762948,53 68 
1763859,11 92 
1763859,11 65 
1763880,09 103 
1763880,09 101 
1764409,34 100 
1764409,34 4
1764409,34 2145
1764409,34 11
1766386,4 25 
1767026,43 75 
1768235,43 72 
1768305,63 70 
1769833,99 80 
1770197,72 83 
1771022,57 64 826
1771222,92 74 186
1771222,92 61 186
1771732,26 150 
1771758,94 68 
1772495,17 249
1773769,2 92 
1773769,2 65 
1773782,58 103 
1773782,58 101 
1774308,85 100 
1774308,85 4
1774308,85 2145
1774308,85 10
1776288,76 25 
1776862,25 75 
1778070,9 72 
1778141,44 70 
1779674,1 80 
1781046,6 83 
1781469,65 64 424
1781677,8 74 192
1781677,8 61 192
1783188,98 151 
1783219,97 69 
1784728,93 93 
1784738,03 103 
1784738,03 101 
1786765,9 100 
1786765,9 4
1786765,9 2145
1786765,9 11
1788750,2 25 
1788777,5 75 
1789988,4 72 
1790056,37 70 
1791579,58 80 
1792641,5 83 
1793173,49 64 533
1793194,52 256 
1793397,49 74 210
1793397,49 61 210
1794409,86 150 
1794428,58 68 
1794911,23 249
1795138,11 92 
1795138,11 65 
1795160,11 103 
1795160,11 101 
1795698,38 100 
1795698,38 4
1795698,38 2145
1795698,38 11
1797679,72 25 
1798146,51 75 
1799355,15 72 
1799425,72 70 
1800949,67 80 
1802010,88 83 
1802571,96 64 560
1802796,81 74 200
1802796,81 61 200
1803307,86 150 
1803331,36 68 
1804042,79 92 
1804042,79 65 
1804062,92 103 
1804062,92 101 
1804590,09 100 
1804590,09 4
1804590,09 2145
1804590,09 11
1806569,23 25 
1807169,34 75 
1808377,52 72 
1808448,52 70 
1809983,18 80 
1810353,92 83 
1811475,1 64 1121
1811657,7 74 158
1811657,7 62 158
1813165,94 153 
1813194,19 68 
1814701,55 92 
1814701,55 65 
1814725,07 103 
1814725,07 101 
1815252,2 100 
1815252,2 4
1815252,2 2145
1815252,2 11
1817231,35 25 
1817778,2 75 
1818987,37 72 
1819057,32 70 
1820586,37 80 
1821949,03 83 
1822714,95 64 766
1822893,9 74 159
1822893,9 61 159
1823904,01 150 
1823923,39 68 
1824833,88 92 
1824833,88 65 
1824854,14 103 
1824854,14 101 
1825385,21 100 
1825385,21 4
1825385,21 2145
1825385,21 10
1827360,42 25 
1828093,8 75 
1829301,08 72 
1829372,96 70 
1830898,76 80 
1831971,4 83 
1832452,48 64 482
1832673,57 74 196
1832673,57 61 196
1833182,62 151 
1833211,98 69 
1835222,36 93 
1835236,33 103 
1835236,33 101 
1837266,87 100 
1837266,87 4
1837266,87 2145
1837266,87 10
1839248,66 25 
1839276,83 75 
1840486,02 72 
1840554,92 70 
1842079,17 80 
1843446,55 83 
1843822,84 64 377
1844014,2 74 168
1844014,2 62 168
1845525,99 150 
1845554,2 68 
1846464,17 92 
1846464,17 65 
1846484,89 103 
1846484,89 101 
1847011,26 100 
1847011,26 4
1847011,26 2145
1847011,26 11
1848991,19 25 
1849431,4 75 
1850639,89 72 
1850710,54 70 
1852239,57 80 
1852602,61 83 
1853554,55 64 953
1853776,28 74 201
1853776,28 61 201
1854787,32 150 
1854816,89 68 
1856324,94 92 
1856324,94 65 
1856347,35 103 
1856347,35 101 
1856877,61 100 
1856877,61 4
1856877,61 2145
1856877,61 10
1858853,66 25 
1859120,86 75 
1860329,95 72 
1860399,75 70 
1861930,39 80 
1862291,89 83 
1863490,02 64 1198
1863658,22 74 154
1863658,22 62 154
1864665,54 152 
1864692,73 69 
1865402,77 93 
1865423,51 103 
1865423,51 101 
1867449,76 100 
1867449,76 4
1867449,76 2145
1867449,76 10
1869435,81 25 
1869463,18 75 
1870673,02 72 
1870875,36 70 
1872517,06 80 
1874073,51 83 
1874532,46 64 460
1874753,06 74 200
1874753,06 61 200
1876265,61 151 
1876287,74 69 
1878298,8 93 
1878311,42 103 
1878311,42 101 
1880341,88 100 
1880341,88 4
1880341,88 2145
1880341,88 11
1882323,79 25 
1882350,89 75 
1883558,71 72 
1883629,9 70 
1885155,99 80 
1886228,33 83 
1887084,36 64 857
1887263,63 74 156
1887263,63 61 156
1887775,94 150 
1887802,26 68 
1888033,54 249
1888196,77 171
1888512,12 92 
1888512,12 65 
1888533,74 103 
1888533,74 101 
1889064,02 100 
1889064,02 4
1889064,02 2145
1889064,02 11
1891039,95 25 
1891613,4 75 
1892822,09 72 
1892892,84 70 
1894412,77 80 
1895491,06 83 
1896151,04 64 660
1896374,4 74 204
1896374,4 61 204
1896884,18 150 
1896904,91 68 
1897714,02 249
1897816,98 92 
1897816,98 65 
1897836,47 103 
1897836,47 101 
1898363,71 100 
1898363,71 4
1898363,71 2145
1898363,71 11
1900342,69 25 
1901009,63 75 
1902216,76 72 
1902288,65 70 
1903818,31 80 
1905180,32 83 
1905571,83 64 392
1905811,46 74 219
1905811,46 61 219
1907322,98 150 
1907353,9 68 
1907387,76 249
1907647,05 171
1908863,41 92 
1908863,41 65 
1908885 103 
1908885 101 
1909412,39 100 
1909412,39 4
1909412,39 2145
1909412,39 10
1911391,32 25 
1912085,68 75 
1913294,55 72 
1913364,02 70 
1914887,4 80 
1915256,06 83 
1916327,03 64 1071
1916576,49 74 228
1916576,49 62 228
1917588,4 150 
1917616,19 68 
1919627,81 92 
1919627,81 65 
1919653,82 103 
1919653,82 101 
1920192,48 100 
1920192,48 2
1920192,48 2145
1920192,48 10
1920192,48 78 
1920192,48 198 
1922173,38 25 
1922693,67 75 
1923902,73 72 
1923972,82 70 
1925496,98 80 
1925864,82 83 
1926750,78 64 886
1926959,7 74 189
1926959,7 62 189
1927471,36 151 
1927491,87 69 
1928400,65 93 
1928410,13 103 
1928410,13 101 
1930437,35 100 
1930437,35 2
1930437,35 2145
1930437,35 11
1932422,36 25 
1932450,47 75 
1933659,68 72 
1933728,61 70 
1935255,73 80 
1936620,29 83 
1937042,46 64 423
1937237,08 74 177
1937237,08 61 177
1938748,13 153 
1938767,89 68 
1940776,39 92 
1940776,39 65 
1940791,47 103 
1940791,47 101 
1941318,52 100 
1941318,52 2
1941318,52 2145
1941318,52 11
1943297,75 25 
1943791,27 75 
1944998,52 72 
1945070,4 70 
1946596,63 80 
1947668,91 83 
1948220,9 64 552
1948412,65 74 171
1948412,65 62 171
1949425,96 151 
1949456,9 69 
1950167 93 
1950187,45 103 
1950187,45 101 
1952216,67 100 
1952216,67 2
1952216,67 2145
1952216,67 10
1954199,81 25 
1954227,41 75 
1955435,67 72 
1955505,95 70 
1957033,7 80 
1957398,12 83 
1958410,81 64 1013
1958594,24 74 170
1958594,24 62 170
1959605,83 151 
1959625,33 69 
1961136,58 93 
1961156,13 103 
1961156,13 101 
1963188,65 100 
1963188,65 2
1963188,65 2145
1963188,65 10
1965168,49 25 
1965196,44 75 
1966405,2 72 
1966474,68 70 
1968006,52 80 
1969366,41 83 
1970304,37 64 939
1970498,56 74 173
1970498,56 62 173
1971008,57 151 
1971034,52 69 
1971744,52 93 
1971765,03 103 
1971765,03 101 
1973792,33 100 
1973792,33 2
1973792,33 2145
1973792,33 11
1975777,32 25 
1975804,62 75 
1977011,75 72 
1977270,07 70 
1978854,22 80 
1980121,78 83 
1980648,42 64 527
1980839,12 74 171
1980839,12 61 171
1982348,98 151 
1982375,64 69 
1983286,66 93 
1983306,73 103 
1983306,73 101 
1985336,99 100 
1985336,99 2
1985336,99 2145
1985336,99 11
1987319,04 25 
1987346,34 75 
1988557,28 72 
1988625,29 70 
1990153,09 80 
1991210,42 83 
1991764,25 64 554
1992029,6 74 247
1992029,6 61 247
1992539,95 151 
1992557,68 69 
1993476,8 249 
1994569,33 93 
1994581,98 103 
1994581,98 101 
1996608,9 100 
1996608,9 2
1996608,9 2145
1996608,9 10
1998594,26 25 
1999207,7 75 
2000414,75 72 
2000486,9 70 
2002013,59 80 
2003391,86 83 
2004054,41 64 663
2004086,82 256 
2004359,17 74 288
2004359,17 61 288
2005369,19 150 
2005392,16 68 
2005467,27 249
2006903,91 92 
2006903,91 65 
2006923,36 103 
2006923,36 101 
2007454,6 100 
2007454,6 2
2007454,6 2145
2007454,6 10
2009429,61 25 
2009883,17 75 
2011091,07 72 
2011162,31 70 
2012688,57 80 
2013054,39 83 
2014350,61 64 1297
2014570,73 74 197
2014570,73 61 197
2016079,35 150 
2016107,6 68 
2018115,7 92 
2018115,7 65 
2018131,89 103 
2018131,89 101 
2018661,09 100 
2018661,09 2
2018661,09 2145
2018661,09 11
2020638,17 25 
2021185,28 75 
2022393,33 72 
2022464,22 70 
2023988,91 80 
2024356,28 83 
2025426,75 64 1071
2025606,69 74 158
2025606,69 62 158
2027118,04 151 
2027142,84 69 
2027850,95 93 
2027861,11 103 
2027861,11 101 
2029888,89 100 
2029888,89 2
2029888,89 2145
2029888,89 10
2031873,43 25 
2031901,25 75 
2033110,39 72 
2033181,5 70 
2034714,62 80 
2035791,43 83 
2036240,74 64 450
2036425,6 74 168
2036425,6 62 168
2036934,46 151 
2036952,65 69 
2038463,8 93 
2038483,25 103 
2038483,25 101 
2040509,45 100 
2040509,45 2
2040509,45 2145
2040509,45 11
2042495,7 25 
2042522,86 75 
2043732,37 72 
2043801,75 70 
2045331,49 80 
2046693,47 83 
2047462,84 64 770
2047897,76 74 418
2047897,76 62 418
2048907,58 153 
2048933,76 68 
2049844,16 92 
2049844,16 65 
2049865,06 103 
2049865,06 101 
2050401,33 100 
2050401,33 2
2050401,33 2145
2050401,33 10
2052384,77 25 
2052412,02 75 
2053622,22 72 
2053690,96 70 
2055217,36 80 
2056289,37 83 
2056973,2 64 684
2057179,21 74 183
2057179,21 61 183
2058190,6 150 
2058210,5 68 
2059121,55 92 
2059121,55 65 
2059141,23 103 
2059141,23 101 
2059667,37 100 
2059667,37 2
2059667,37 2145
2059667,37 10
2061647,41 25 
2062247,77 75 
2063456,31 72 
2063526,74 70 
2065054,13 80 
2066418,4 83 
2066855,91 64 438
2067059,35 74 189
2067059,35 61 189
2068568,13 150 
2068592,63 68 
2070602,86 92 
2070602,86 65 
2070629,65 103 
2070629,65 101 
2071155,98 100 
2071155,98 2
2071155,98 2145
2071155,98 11
2073135,94 25 
2073642,67 75 
2074850,79 72 
2074921,88 70 
2076447,57 80 
2076813,95 83 
2078007,58 64 1194
2078189,49 74 163
2078189,49 62 163
2078702,42 151 
2078721,78 69 
2080230,45 93 
2080252,16 103 
2080252,16 101 
2082282,83 100 
2082282,83 2
2082282,83 2145
2082282,83 11
2084264,49 25 
2084292,5 75 
2085501,31 72 
2085744,03 70 
2087341,01 80 
2088595,64 83 
2090328,5 64 1734
2090541,08 74 200
2090541,08 61 200
2091548,52 151 
2091569,64 69 
2092278,66 93 
2092300,4 103 
2092300,4 101 
2094331,43 100 
2094331,43 2
2094331,43 2145
2094331,43 10
2096312,74 25 
2096340,08 75 
2097549,39 72 
2097618,9 70 
2099151,33 80 
2099524,28 83 
2100427,17 64 903
2100603,89 74 160
2100603,89 61 160
2102114,22 150 
2102137,67 68 
2103645,67 92 
2103645,67 65 
2103668,88 103 
2103668,88 101 
2104195,13 100 
2104195,13 2
2104195,13 2145
2104195,13 11
2106175,24 25 
2106602,06 75 
2107808,44 72 
2107881,17 70 
2109420,85 80 
2110786,2 83 
2111366,98 64 581
2111563,36 74 178
2111563,36 62 178
2112073,03 151 
2112093,44 69 
2112800,4 93 
2112811,66 103 
2112811,66 101 
2114843,07 100 
2114843,07 2
2114843,07 2145
2114843,07 10
2116824 25 
2116851,33 75 
2118059,52 72 
2118130,18 70 
2119655,84 80 
2120022,25 83 
2121012,66 64 991
2121191,87 74 157
2121191,87 61 157
2121700,67 150 
2121729,29 68 
2123740,99 92 
2123740,99 65 
2123753,71 103 
2123753,71 101 
2124281,31 100 
2124281,31 2
2124281,31 2145
2124281,31 11
2126259,94 25 
2126900,03 75 
2128109,1 72 
2128179,21 70 
2129705,72 80 
2131084,33 83 
2131456,04 64 372
2131636,69 74 166
2131636,69 62 166
2132646,55 151 
2132671,76 69 
2133582,82 93 
2133602,8 103 
2133602,8 101 
2135635,61 100 
2135635,61 2
2135635,61 2145
2135635,61 10
2137615,15 25 
2137642,92 75 
2138850,68 72 
2138921,31 70 
2140460,48 80 
2141519,76 83 
2142017,54 64 498
2142203,11 74 164
2142203,11 61 164
2143715,22 150 
2143733,33 68 
2145744,43 92 
2145744,43 65 
2145757,75 103 
2145757,75 101 
2146286,38 100 
2146286,38 2
2146286,38 2145
2146286,38 10
2148264,06 25 
2148850,74 75 
2150059,93 72 
2150129,87 70 
2151655,46 80 
2153034,89 83 
2153352,38 64 318
2153565,81 74 198
2153565,81 61 198
2154074,11 150 
2154102,18 68 
2154227,4 249
2155611,52 92 
2155611,52 65 
2155633,43 103 
2155633,43 101 
2156160,36 100 
2156160,36 2
2156160,36 2145
2156160,36 11
2158139,74 25 
2158766,54 75 
2159973,57 72 
2160045,69 70 
2161570,46 80 
2162644,17 83 
2163109,65 64 466
2163291,71 74 168
2163291,71 62 168
2164798,35 151 
2164818,11 69 
2165527,62 93 
2165549,22 103 
2165549,22 101 
2167576,62 100 
2167576,62 2
2167576,62 2145
2167576,62 11
2169561,52 25 
2169588,87 75 
2170798,27 72 
2170867,79 70 
2172394,62 80 
2172759,87 83 
2173480,16 64 720
2173697,12 74 204
2173697,12 61 204
2174706,58 151 
2174733,95 69 
2175646,4 93 
2175664,89 103 
2175664,89 101 
2177700,67 100 
2177700,67 2
2177700,67 2145
2177700,67 11
2179677,25 25 
2179704,99 75 
2180911,81 72 
2180983,5 70 
2182507,91 80 
2183875,13 83 
2184271,02 64 396
2184496 74 208
2184496 63 208
2185505,9 150 
2185528,95 68 
2186439,88 92 
2186439,88 65 
2186460,43 103 
2186460,43 101 
2186987,6 100 
2186987,6 2
2186987,6 2145
2186987,6 10
2188966,6 25 
2189073,57 75 
2190282,6 72 
2190352,78 70 
2191880,56 80 
2192244,86 83 
2193178,83 64 934
2193376,95 74 186
2193376,95 61 186
2194886,53 150 
2194911,52 68 
2195622,4 92 
2195622,4 65 
2195643,1 103 
2195643,1 101 
2196173,39 100 
2196173,39 2
2196173,39 2145
2196173,39 11
2198149,45 25 
2198709,5 75 
2199918,95 72 
2199988,75 70 
2201708,94 80 
2202920,33 83 
2204493,71 64 1574
2204810,41 74 305
2204810,41 61 305
2205319,16 151 
2205347,11 69 
2207357,38 93 
2207371,46 103 
2207371,46 101 
2209403,27 100 
2209403,27 2
2209403,27 2145
2209403,27 10
2211383,82 25 
2211411,79 75 
2212619,11 72 
2212690 70 
2214219,33 80 
2215581,71 83 
2215967,97 64 387
2216170,88 74 190
2216170,88 61 190
2217679,14 152 
2217701,81 69 
2219213,88 93 
2219233,07 103 
2219233,07 101 
2221264,2 100 
2221264,2 2
2221264,2 2145
2221264,2 11
2223245,35 25 
2223272,71 75 
2224481,71 72 
2224551,57 70 
2226072,44 80 
2226443,73 83 
2227924,72 64 1482
2228164,44 74 216
2228164,44 63 216
2229176,7 150 
2229203,6 68 
2229911,89 92 
2229911,89 65 
2229935,21 103 
2229935,21 101 
2230464,48 100 
2230464,48 2
2230464,48 2145
2230464,48 10
2232441,56 25 
2232801,88 75 
2234011,73 72 
2234080,94 70 
2235613,74 80 
2236692,68 83 
2237132,51 64 441
2237357,41 74 212
2237357,41 61 212
2237865,5 150 
2237893,23 68 
2239400,38 92 
2239400,38 65 
2239424,52 103 
2239424,52 101 
2239957,74 100 
2239957,74 2
2239957,74 2145
2239957,74 10
2241930,96 25 
2242544,42 75 
2243753,25 72 
2243823,59 70 
2245351,05 80 
2245715,47 83 
2246605,11 64 890
2246803,09 74 181
2246803,09 61 181
2247312,75 150 
2247330,1 68 
2247440,62 249
2249341,48 92 
2249341,48 65 
2249366,93 103 
2249366,93 101 
2249893,24 100 
2249893,24 2
2249893,24 2145
2249893,24 10
2251873,23 25 
2252340,01 75 
2253549,13 72 
2253619,19 70 
2255146,32 80 
2256510,99 83 
2256938,77 64 428
2257185,72 74 222
2257185,72 61 222
2258197,07 150 
2258217,96 68 
2259127,85 92 
2259127,85 65 
2259149,43 103 
2259149,43 101 
2259678,87 100 
2259678,87 2
2259678,87 2145
2259678,87 10
2261655,73 25 
2262309,17 75 
2263516,78 72 
2263588,38 70 
2265118,32 80 
2266200,09 83 
2266905,9 64 706
2267081,72 74 162
2267081,72 62 162
2268593,01 151 
2268614,31 69 
2270622,87 93 
2270637,86 103 
2270637,86 101 
2272671,45 100 
2272671,45 2
2272671,45 2145
2272671,45 11
2274650,16 25 
2274677,7 75 
2275883,64 72 
2275958,18 70 
2277484,71 80 
2277848,45 83 
2278792,02 64 944
2279028,87 74 221
2279028,87 61 221
2280040,43 151 
2280062,9 69 
2281572,79 93 
2281593,2 103 
2281593,2 101 
2283621,18 100 
2283621,18 2
2283621,18 2145
2283621,18 10
2285605,66 25 
2285633,19 75 
2286840,27 72 
2286911,73 70 
2288437,92 80 
2289510,18 83 
2290118,73 64 609
2290337,22 74 201
2290337,22 61 201
2291844,82 150 
2291870,28 68 
2292547,59 249
2292579,71 92 
2292579,71 65 
2292602,88 103 
2292602,88 101 
2293129,19 100 
2293129,19 2
2293129,19 2145
2293129,19 11
2295108,14 25 
2295415,09 75 
2296624,09 72 
2296694,36 70 
2298221,28 80 
2299586,16 83 
2300007,71 64 422
2300208,32 74 183
2300208,32 62 183
2300721,78 151 
2300747,28 69 
2301660,11 93 
2301678,01 103 
2301678,01 101 
2303714,65 100 
2303714,65 2
2303714,65 2145
2303714,65 10
2305690,31 25 
2305717,67 75 
2306927,66 72 
2307249,82 70 
2308870,92 80 
2309421,78 83 
2312077,89 64 2657
2312289,28 74 189
2312289,28 61 189
2312800,25 150 
2312821,52 68 
2313532,4 92 
2313532,4 65 
2313552,94 103 
2313552,94 101 
2314080,41 100 
2314080,41 2
2314080,41 2145
2314080,41 11
2316059,28 25 
2316566,1 75 
2317773,95 72 
2317978,59 70 
2319515,04 80 
2320883,65 83 
2321407,87 64 525
2321614,7 74 185
2321614,7 63 185
2323124,69 150 
2323151,27 68 
2324061,32 92 
2324061,32 65 
2324081,85 103 
2324081,85 101 
2324608,29 100 
2324608,29 2
2324608,29 2145
2324608,29 11
2326588,1 25 
2326855,12 75 
2328065,3 72 
2328134,29 70 
2329660,11 80 
2330719,4 83 
2331260,13 64 541
2331523,02 74 244
2331523,02 63 244
2332532,12 152 
2332560,07 69 
2333542,96 249 
2333917,14 183 
2334571,46 93 
2334584,02 103 
2334584,02 101 
2336617,61 100 
2336617,61 2
2336617,61 2145
2336617,61 11
2338596,32 25 
2338623,62 75 
2339830,61 72 
2339902,55 70 
2341429,3 80 
2342807,55 83 
2343138,48 64 332
2343371,81 74 218
2343371,81 63 218
2343879,54 150 
2343901,56 68 
2344410,57 249
2345413,1 92 
2345413,1 65 
2345432,75 103 
2345432,75 101 
2345965,13 100 
2345965,13 2
2345965,13 2145
2345965,13 11
2347939,09 25 
2348419,21 75 
2349628 72 
2349698,35 70 
2351222,72 80 
2351590,51 83 
2352592,84 64 1003
2352835,71 74 220
2352835,71 63 220
2353842,91 150 
2353870,7 68 
2354779,24 92 
2354779,24 65 
2354802,08 103 
2354802,08 101 
2355329,47 100 
2355329,47 2
2355329,47 2145
2355329,47 11
2357308,35 25 
2357855,26 75 
2359063,18 72 
2359134,35 70 
2360660,69 80 
2361732,8 83 
2362104,84 64 372
2362351,77 74 233
2362351,77 63 233
2363860,32 150 
2363880,47 68 
2365891,19 92 
2365891,19 65 
2365904,05 103 
2365904,05 101 
2366434,6 100 
2366434,6 2
2366434,6 2145
2366434,6 10
2368410,29 25 
2369037,12 75 
2370246,5 72 
2370316,29 70 
2371849,45 80 
2373221,37 83 
2373641,5 64 421
2373856,66 74 196
2373856,66 61 196
2374864,81 150 
2374888,34 68 
2376396,03 92 
2376396,03 65 
2376419,54 103 
2376419,54 101 
2376945,78 100 
2376945,78 2
2376945,78 2145
2376945,78 11
2378925,84 25 
2379392,77 75 
2380599,38 72 
2380671,92 70 
2382203,16 80 
2382577,3 83 
2383576,43 64 1000
2383805,08 74 215
2383805,08 63 215
2385311,34 150 
2385337,22 68 
2386048 92 
2386048 65 
2386068,76 103 
2386068,76 101 
2386601,11 100 
2386601,11 2
2386601,11 2145
2386601,11 10
2388575,09 25 
2389375,21 75 
2390583,2 72 
2390654,27 70 
2392180,73 80 
2393239,45 83 
2394125,99 64 887
2394301,8 74 157
2394301,8 61 157
2394809,81 150 
2394827,36 68 
2395537,71 92 
2395537,71 65 
2395558,09 103 
2395558,09 101 
2396087,33 100 
2396087,33 2
2396087,33 2145
2396087,33 11
2398064,43 25 
2398664,67 75 
2399874,67 72 
2399943,73 70 
2401469,07 80 
2402835,31 83 
2403223,2 64 388
2403449,12 74 201
2403449,12 63 201
2404458,64 150 
2404475,77 68 
2405045,13 249
2406225,72 173 
2406488,58 92 
2406488,58 65 
2406513,45 103 
2406513,45 101 
2407040,55 100 
2407040,55 2
2407040,55 2145
2407040,55 10
2409019,68 25 
2409673,11 75 
2410879,69 72 
2410952,42 70 
2412480,38 80 
2412844,48 83 
2413987,27 64 1143
2414212,67 74 209
2414212,67 61 209
2414722,74 150 
2414752,21 68 
2415856,05 249
2416262,01 92 
2416262,01 65 
2416282,66 103 
2416282,66 101 
2416808,68 100 
2416808,68 2
2416808,68 2145
2416808,68 11
2418788,91 25 
2419508,92 75 
2420717,49 72 
2420961,42 70 
2422548,74 80 
2423813,1 83 
2424343,58 64 531
2424587,19 74 228
2424587,19 63 228
2426097,44 152 
2426120,61 69 
2427030,71 93 
2427051,34 103 
2427051,34 101 
2429088,04 100 
2429088,04 2
2429088,04 2145
2429088,04 10
2431077,03 25 
2431104,2 75 
2432311,96 72 
2432383,2 70 
2433911,32 80 
2434275,36 83 
2435451,61 64 1177
2435653,89 74 179
2435653,89 61 179
2436662,82 150 
2436688,74 68 
2438200,1 92 
2438200,1 65 
2438219,99 103 
2438219,99 101 
2438747,09 100 
2438747,09 2
2438747,09 2145
2438747,09 10
2440726,29 25 
2441313,07 75 
2442520,55 72 
2442592,2 70 
2444116,87 80 
2445497,22 83 
2445834,87 64 338
2446036,79 74 180
2446036,79 61 180
2446545,78 150 
2446564,54 68 
2447472,76 92 
2447472,76 65 
2447495,96 103 
2447495,96 101 
2448024,61 100 
2448024,61 2
2448024,61 2145
2448024,61 11
2450002,37 25 
2450629,09 75 
2451839,61 72 
2451908,22 70 
2453429,2 80 
2454506,71 83 
2454879,93 64 374
2455103,23 74 210
2455103,23 63 210
2456613,85 150 
2456640,28 68 
2457348,28 92 
2457348,28 65 
2457371,77 103 
2457371,77 101 
2457904,38 100 
2457904,38 2
2457904,38 2145
2457904,38 11
2459878,11 25 
2459998,5 75 
2461206,36 72 
2461277,56 70 
2462809,24 80 
2463183 83 
2464170,93 64 988
2464458,58 74 263
2464458,58 63 263
2464969,85 150 
2464997,5 68 
2465451,21 249
2467007,99 92 
2467007,99 65 
2467034,39 103 
2467034,39 101 
2467568,03 100 
2467568,03 2
2467568,03 2145
2467568,03 10
2469540,63 25 
2470141,05 75 
2471348,85 72 
2471419,95 70 
2472946,49 80 
2474311,62 83 
2474643,55 64 333
2474857,2 74 199
2474857,2 61 199
2476366,47 150 
2476391,85 68 
2477302,86 92 
2477302,86 65 
2477323,33 103 
2477323,33 101 
2477849,74 100 
2477849,74 2
2477849,74 2145
2477849,74 10
2479829,61 25 
2480189,79 75 
2481396,45 72 
2481468,98 70 
2482997,5 80 
2484067,48 83 
2484953,09 64 886
2485148,44 74 175
2485148,44 61 175
2486156,35 150 
2486174,34 68 
2488183,61 92 
2488183,61 65 
2488198,72 103 
2488198,72 101 
2488728,08 100 
2488728,08 2
2488728,08 2145
2488728,08 10
2490704,96 25 
2491251,86 75 
2492460,75 72 
2492530,97 70 
2494058,81 80 
2495436 83 
2495915,84 64 480
2496150,71 74 222
2496150,71 61 222
2497663,36 150 
2497689,45 68 
2498231,21 249
2498399,07 92 
2498399,07 65 
2498421,03 103 
2498421,03 101 
2498947,29 100 
2498947,29 2
2498947,29 2145
2498947,29 11
2500927,27 25 
2502020,49 75 
2503227,02 72 
2503299,73 70 
2504824,82 80 
2505191,84 83 
2506163,27 64 971
2506398,67 74 221
2506398,67 63 221
2506909,51 150 
2506938,82 68 
2507777,84 249
2508450,53 92 
2508450,53 65 
2508470,06 103 
2508470,06 101 
2508998,54 100 
2508998,54 2
2508998,54 2145
2508998,54 10
2510976,44 25 
2511509,87 75 
2512717,81 72 
2512789,05 70 
2514325,61 80 
2515387,5 83 
2516186,15 64 799
2516382,97 74 183
2516382,97 61 183
2517393,6 150 
2517414,37 68 
2519132,24 249
2519425,23 92 
2519425,23 65 
2519438,74 103 
2519438,74 101 
2519970,85 100 
2519970,85 2
2519970,85 2145
2519970,85 11
2521945,05 25 
2522465,2 75 
2523672,27 72 
2523744,4 70 
2525268,95 80 
2526636,24 83 
2526870,17 64 234
2527110,21 74 221
2527110,21 63 221
2527617,45 150 
2527636,67 68 
2528164,31 249
2528346,5 92 
2528346,5 65 
2528368,25 103 
2528368,25 101 
2528894,54 100 
2528894,54 2
2528894,54 2145
2528894,54 11
2530874,66 25 
2531181,53 75 
2532388,81 72 
2532633,93 70 
2534224,83 80 
2535525,59 83 
2536188,61 64 664
2536435,23 74 230
2536435,23 63 230
2537443,84 152 
2537472,58 69 
2538381,82 93 
2538404,02 103 
2538404,02 101 
2540431,3 100 
2540431,3 2
2540431,3 2145
2540431,3 10
2542416,3 25 
2542457,97 75 
2543665,93 72 
2543869,2 70 
2545502,68 80 
2546027,79 83 
2547021,4 64 994
2547249,47 74 210
2547249,47 61 210
2548759,68 150 
2548787,75 68 
2549279,06 249
2550298,3 92 
2550298,3 65 
2550318,92 103 
2550318,92 101 
2550858,77 100 
2550858,77 2
2550858,77 2145
2550858,77 11
2552838,54 25 
2553452,04 75 
2554661,63 72 
2554731,25 70 
2556265,24 80 
2556636,6 83 
2558078,15 64 1442
2558296,37 74 195
2558296,37 63 195
2558805,19 150 
2558823,57 68 
2559529,78 249
2560332,48 92 
2560332,48 65 
2560354,69 103 
2560354,69 101 
2560882,08 100 
2560882,08 2
2560882,08 2145
2560882,08 10
2562861,15 25 
2563687,67 75 
2564895,37 72 
2564967,01 70 
2566503,2 80 
2567578,62 83 
2568061,87 64 484
2568345,81 74 261
2568345,81 61 261
2569353,89 150 
2569378,95 68 
2570091,09 92 
2570091,09 65 
2570110,54 103 
2570110,54 101 
2570639,47 100 
2570639,47 2
2570639,47 2145
2570639,47 10
2572616,89 25 
2572990,34 75 
2574195,95 72 
2574269,5 70 
2575803,48 80 
2577174,55 83 
2577592,61 64 419
2577805,92 74 192
2577805,92 61 192
2579319,2 150 
2579348,25 68 
2580260,52 92 
2580260,52 65 
2580279,53 103 
2580279,53 101 
2580810,41 100 
2580810,41 2
2580810,41 2145
2580810,41 10
2582785,79 25 
2583212,69 75 
2584422,56 72 
2584491,85 70 
2586020,74 80 
2587383,79 83 
2588125,55 64 743
2588387,94 74 245
2588387,94 63 245
2589900,05 151 
2589930,99 69 
2591071,52 249 
2591260,3 256 
2596096,24 181 
2604012,28 93 
2604029,51 103 
2604029,51 101 
2606058,88 100 
2606058,88 2
2606058,88 2145
2606058,88 11
2608041,73 25 
2608068,96 75 
2609276,2 72 
2609347,93 70 
2610872,05 80 
2611240,07 83 
2612305,56 64 1066
2612481,47 74 162
2612481,47 61 162
2613489,49 151 
2613508,4 69 
2615018,99 93 
2615038,08 103 
2615038,08 101 
2617064,38 100 
2617064,38 2
2617064,38 2145
2617064,38 10
2619050,48 25 
2619077,77 75 
2620288,17 72 
2620356,64 70 
2621889,66 80 
2622968,39 83 
2623882,03 64 914
2624079,94 74 179
2624079,94 62 179
2624586,93 153 
2624609,53 68 
2625317,9 92 
2625317,9 65 
2625340,35 103 
2625340,35 101 
2625872,19 100 
2625872,19 2
2625872,19 2145
2625872,19 11
2627846,69 25 
2628206,83 75 
2629414,49 72 
2629486,09 70 
2631015,75 80 
2632084,56 83 
2633035,07 64 951
2633275,43 74 219
2633275,43 61 219
2634284,19 151 
2634311,3 69 
2635223,08 93 
2635242,84 103 
2635242,84 101 
2637268,99 100 
2637268,99 2
2637268,99 2145
2637268,99 11
2639255,22 25 
2639282,72 75 
2640493,61 72 
2640561,35 70 
2642095,65 80 
2643466,39 83 
2643887,94 64 422
2644102,15 74 196
2644102,15 63 196
2644611,89 150 
2644641,08 68 
2645106,55 249
2646649,43 92 
2646649,43 65 
2646664,63 103 
2646664,63 101 
2647195,45 100 
2647195,45 2
2647195,45 2145
2647195,45 11
2649170,97 25 
2649904,3 75 
2651113,97 72 
2651316,82 70 
2652950,39 80 
2653542,06 83 
2655368,52 64 1827
2655616,98 74 236
2655616,98 63 236
2657126,6 150 
2657154,97 68 
2657728,22 249
2658064,11 92 
2658064,11 65 
2658086,64 103 
2658086,64 101 
2658618,53 100 
2658618,53 2
2658618,53 2145
2658618,53 10
2660592,99 25 
2661206,21 75 
2662413,44 72 
2662605,31 70 
2664148,94 80 
2665217,09 83 
2666075,2 64 858
2666301,48 74 206
2666301,48 61 206
2667813,99 150 
2667843,78 68 
2668009,24 249
2668553,79 92 
2668553,79 65 
2668575,33 103 
2668575,33 101 
2669102,47 100 
2669102,47 5
2669102,47 2145
2669102,47 11
2669102,47 78 
2669102,47 198 
2671081,79 25 
2671468,43 75 
2672676,4 72 
2672747,71 70 
2674279,43 80 
2675666,09 83 
2676291,79 64 626
2676536,6 74 231
2676536,6 61 231
2677546,55 151 
2677572,99 69 
2678063,29 249 
2679582,59 93 
2679597,28 103 
2679597,28 101 
2681624,07 100 
2681624,07 5
2681624,07 2145
2681624,07 10
2683609,59 25 
2683637,34 75 
2684847,04 72 
2684915,82 70 
2686448,82 80 
2686821,33 83 
2688208,91 64 1388
2688415,59 74 182
2688415,59 61 182
2688924,8 151 
2688954,8 69 
2689479,47 249 
2690313,63 181 
2690466,61 93 
2690486,01 103 
2690486,01 101 
2692524,75 100 
2692524,75 5
2692524,75 2145
2692524,75 10
2694498,3 25 
2694525,52 75 
2695731,88 72 
2695804,54 70 
2697336,36 80 
2698416,36 83 
2698807,01 64 391
2699004,1 74 175
2699004,1 62 175
2699511,37 153 
2699536,92 68 
2700447,02 92 
2700447,02 65 
2700468,43 103 
2700468,43 101 
2700994,78 100 
2700994,78 5
2700994,78 2145
2700994,78 11
2702974,86 25 
2703241,72 75 
2704449,52 72 
2704520,86 70 
2706044,63 80 
2707425,84 83 
2707854,37 64 429
2708084,68 74 206
2708084,68 61 206
2709597,07 151 
2709626,73 69 
2711637,44 93 
2711650,32 103 
2711650,32 101 
2713677,65 100 
2713677,65 5
2713677,65 2145
2713677,65 11
2715662,67 25 
2715690,41 75 
2716899,19 72 
2716968,84 70 
2718504,46 80 
2718874,27 83 
2719837,54 64 964
2720039,31 74 180
2720039,31 61 180
2721051,4 151 
2721074,41 69 
2721785,42 93 
2721806,01 103 
2721806,01 101 
2723840,24 100 
2723840,24 5
2723840,24 2145
2723840,24 11
2725818,3 25 
2725845,58 75 
2727055,41 72 
2727124,59 70 
2728652,97 80 
2730016,2 83 
2730388,91 64 373
2730593,25 74 191
2730593,25 63 191
2732104,6 151 
2732122,73 69 
2733211,12 249 
2733633,71 93 
2733654,29 103 
2733654,29 101 
2735685,93 100 
2735685,93 5
2735685,93 2145
2735685,93 10
2737666,62 25 
2737693,75 75 
2738900,99 72 
2738972,87 70 
2740500,93 80 
2741557,96 83 
2742032,03 64 474
2742273,02 74 222
2742273,02 61 222
2742781,5 151 
2742812,02 69 
2743192,95 249 
2743723,07 93 
2743743,37 103 
2743743,37 101 
2745769,66 100 
2745769,66 5
2745769,66 2145
2745769,66 10
2747755,72 25 
2747782,94 75 
2748991,17 72 
2749061,87 70 
2750588,96 80 
2750954,07 83 
2751622,53 64 669
2751888,51 74 242
2751888,51 61 242
2752899,81 151 
2752927,63 69 
2754938,44 93 
2754951,9 103 
2754951,9 101 
2756983,82 100 
2756983,82 5
2756983,82 2145
2756983,82 10
2758964,25 25 
2758991,65 75 
2760200,84 72 
2760270,48 70 
2761797,57 80 
2763175,43 83 
2763398,48 64 224
2763602,14 74 187
2763602,14 62 187
2764611,63 151 
2764629,97 69 
2765338,57 93 
2765360,86 103 
2765360,86 101 
2767389,29 100 
2767389,29 5
2767389,29 2145
2767389,29 11
2769373,17 25 
2769400,4 75 
2770606,61 72 
2770679,33 70 
2772386,94 80 
2772957,99 83 
2774213,24 64 1255
2774433,16 74 196
2774433,16 61 196
2774942,99 151 
2774971,99 69 
2776413,06 249 
2778210,67 183 
2784808,28 93 
2784819,23 103 
2784819,23 101 
2786854,47 100 
2786854,47 5
2786854,47 2145
2786854,47 10
2788831,62 25 
2788859,63 75 
2790068,01 72 
2790137,74 70 
2791662,63 80 
2792723,15 83 
2793238,4 64 516
2793453,66 74 198
2793453,66 62 198
2794965,3 151 
2794990,76 69 
2795898,49 93 
2795921,16 103 
2795921,16 101 
2797953,52 100 
2797953,52 5
2797953,52 2145
2797953,52 11
2799933,52 25 
2799960,91 75 
2801169,34 72 
2801239,74 70 
2802763,72 80 
2803131,79 83 
2803853,88 64 722
2804145,16 74 267
2804145,16 62 267
2805152,82 150 
2805172,81 68 
2805882,45 92 
2805882,45 65 
2805903,55 103 
2805903,55 101 
2806430,1 100 
2806430,1 5
2806430,1 2145
2806430,1 10
2808409,85 25 
2808570,17 75 
2809777,44 72 
2809849,37 70 
2811381,66 80 
2812754,33 83 
2813249,33 64 496
2813461,02 74 187
2813461,02 63 187
2813971,66 152 
2813995,84 69 
2815505,53 93 
2815526,25 103 
2815526,25 101 
2817554,22 100 
2817554,22 5
2817554,22 2145
2817554,22 11
2819538,5 25 
2819565,78 75 
2820773,79 72 
2820844,66 70 
2822371,14 80 
2823443,23 83 
2824113,64 64 671
2824334,71 74 199
2824334,71 62 199
2825843,31 150 
2825870,63 68 
2827878,89 92 
2827878,89 65 
2827894,24 103 
2827894,24 101 
2828431,9 100 
2828431,9 5
2828431,9 2145
2828431,9 11
2830413,93 25 
2830534,15 75 
2831744,22 72 
2831813,48 70 
2833334,47 80 
2834705,46 83 
2835018,84 64 314
2835223,94 74 186
2835223,94 63 186
2836232,94 151 
2836252,18 69 
2836961,37 93 
2836970,6 103 
2836970,6 101 
2838997,89 100 
2838997,89 5
2838997,89 2145
2838997,89 10
2840982,7 25 
2841010,11 75 
2842218,82 72 
2842288,93 70 
2843816,02 80 
2844887,37 83 
2845488,67 64 602
2845661,3 74 148
2845661,3 62 148
2847172,91 151 
2847194,15 69 
2849203,29 93 
2849218,59 103 
2849218,59 101 
2851244,73 100 
2851244,73 5
2851244,73 2145
2851244,73 10
2853230,83 25 
2853271,71 75 
2854477,99 72 
2854550,37 70 
2856069,51 80 
2856442,42 83 
2858140,12 64 1698
2858321,32 74 161
2858321,32 62 161
2858831,59 151 
2858856,6 69 
2859768,92 93 
2859787,39 103 
2859787,39 101 
2861818,64 100 
2861818,64 5
2861818,64 2145
2861818,64 11
2863799,69 25 
2863840,5 75 
2865049,05 72 
2865119,32 70 
2866643,6 80 
2867717,63 83 
2868479,45 64 763
2868697,63 74 194
2868697,63 61 194
2869709,13 151 
2869732,06 69 
2871240,51 93 
2871262,46 103 
2871262,46 101 
2873292,31 100 
2873292,31 5
2873292,31 2145
2873292,31 11
2875274,81 25 
2875302,09 75 
2876510,7 72 
2876754,29 70 
2878377,44 80 
2879885,79 83 
2880538,48 64 653
2880563,27 256 
2880831,88 74 280
2880831,88 62 280
2882342,17 150 
2882366,63 68 
2883074,78 92 
2883074,78 65 
2883097,45 103 
2883097,45 101 
2883624,68 100 
2883624,68 5
2883624,68 2145
2883624,68 10
2885603,71 25 
2886097,23 75 
2887305,12 72 
2887376,35 70 
2888907,21 80 
2889268,51 83 
2890440,46 64 1173
2890653,31 74 199
2890653,31 62 199
2891161,93 151 
2891189,6 69 
2893202,17 93 
2893213,19 103 
2893213,19 101 
2895244,01 100 
2895244,01 5
2895244,01 2145
2895244,01 11
2897225,44 25 
2897252,76 75 
2898461,58 72 
2898531,64 70 
2900056,93 80 
2901423,3 83 
2901878,49 64 456
2902057,56 74 155
2902057,56 61 155
2902565,46 151 
2902584,81 69 
2903353,15 249 
2903495,01 93 
2903515,43 103 
2903515,43 101 
2905541,51 100 
2905541,51 5
2905541,51 2145
2905541,51 10
2907527,72 25 
2907555,75 75 
2908761,51 72 
2908833,99 70 
2910360,06 80 
2910726,02 83 
2915296,34 64 4571
2915501,33 74 190
2915501,33 61 190
2916514,19 151 
2916537,97 69 
2918045,98 93 
2918056,01 103 
2918056,01 101 
2920088,88 100 
2920088,88 5
2920088,88 2145
2920088,88 10
2922068,23 25 
2932068,3 254 
2932076,56 101 
2934089,02 100 
2934089,02 5
2934089,02 2145
2934089,02 10
2934089,02 25 
2944089,25 254 
2944098,08 101 
2946110,57 100 
2946110,57 5
2946110,57 2145
2946110,57 10
2946110,57 25 
2956112,46 254 
2956132,96 101 
2958145,5 100 
2958145,5 5
2958145,5 2145
2958145,5 10
2958145,5 25 
2968149,09 254 
2968167,83 101 
2970180,31 100 
2970180,31 5
2970180,31 2145
2970180,31 10
2970180,31 25 
2980183,6 254 
2980202,76 101 
2982201,98 100 
2982201,98 5
2982201,98 2145
2982201,98 10
2982201,98 25 
2992205,24 254 
2992224,26 101 
2994223,58 100 
2994223,58 5
2994223,58 2145
2994223,58 10
2994223,58 25 
3004227,1 254 
3004245,85 101 
3006258,32 100 
3006258,32 5
3006258,32 2145
3006258,32 10
3006258,32 25 
3016261,77 254 
3016280,7 101 
3018279,94 100 
3018279,94 5
3018279,94 2145
3018279,94 10
3018279,94 25 
3028280,18 254 
3028288,97 101 
3030301,52 100 
3030301,52 5
3030301,52 2145
3030301,52 10
3030301,52 25 
3040301,47 254 
3040310,55 101 
3042322,99 100 
3042322,99 5
3042322,99 2145
3042322,99 10
3042322,99 25 
3047988,4 75 
3049198,75 72 
3049454,32 70 
3051040,21 80 
3052252,5 83 
3052659,44 64 408
3052902,69 74 224
3052902,69 61 224
3054413,03 151 
3054439,39 69 
3055348,56 93 
3055370,85 103 
3055370,85 101 
3057403,21 100 
3057403,21 5
3057403,21 2145
3057403,21 11
3059383,22 25 
3059410,51 75 
3060621,62 72 
3060689,56 70 
3062218,2 80 
3063287,83 83 
3064678,62 64 1391
3064876,23 74 176
3064876,23 62 176
3066387,61 150 
3066409,22 68 
3066697,25 249
3066808,74 172 
3067920,69 92 
3067920,69 65 
3067938,82 103 
3067938,82 101 
3068465,53 100 
3068465,53 5
3068465,53 2145
3068465,53 10
3070445,14 25 
3070658,71 75 
3071868,81 72 
3071937,9 70 
3073465,16 80 
3074829,56 83 
3075223,25 64 394
3075416,35 74 174
3075416,35 62 174
3076428,11 153 
3076458,32 68 
3078467,71 92 
3078467,71 65 
3078481,01 103 
3078481,01 101 
3079007,58 100 
3079007,58 5
3079007,58 2145
3079007,58 11
3080987,39 25 
3081534,28 75 
3082741,63 72 
3082813,27 70 
3084336,89 80 
3084705,36 83 
3085971,18 64 1266
3086170,57 74 186
3086170,57 63 186
3086682,33 151 
3086706,42 69 
3087417,47 93 
3087437,22 103 
3087437,22 101 
3089475,9 100 
3089475,9 5
3089475,9 2145
3089475,9 11
3091462,85 25 
3091490,47 75 
3092697,46 72 
3092769,05 70 
3094296,23 80 
3095660,71 83 
3096301,53 64 642
3096500,88 74 187
3096500,88 62 187
3098012,19 150 
3098034,84 68 
3099545,19 92 
3099545,19 65 
3099565,36 103 
3099565,36 101 
3100091,71 100 
3100091,71 5
3100091,71 2145
3100091,71 11
3102071,67 25 
3102578,51 75 
3103786,93 72 
3103857,77 70 
3105386,83 80 
3106456,12 83 
3107030,66 64 575
3107215,53 74 160
3107215,53 62 160
3107726,63 150 
3107751,75 68 
3108059,25 249
3108209,32 172 
3108463,63 92 
3108463,63 65 
3108481,59 103 
3108481,59 101 
3109008,49 100 
3109008,49 5
3109008,49 2145
3109008,49 10
3110988,02 25 
3111322,38 75 
3112531,27 72 
3112600,62 70 
3114126,13 80 
3114492,74 83 
3115857,31 64 1366
3116074,64 74 196
3116074,64 63 196
3117084,86 150 
3117106,92 68 
3117551,72 249
3119119,15 92 
3119119,15 65 
3119143,71 103 
3119143,71 101 
3119675,88 100 
3119675,88 5
3119675,88 2145
3119675,88 10
3121663,33 25 
3122143,51 75 
3123350,56 72 
3123422,79 70 
3124945,67 80 
3126021,15 83 
3126460,17 64 439
3126679,02 74 205
3126679,02 63 205
3127688,11 150 
3127714,88 68 
3128624,42 92 
3128624,42 65 
3128646,33 103 
3128646,33 101 
3129176,06 100 
3129176,06 5
3129176,06 2145
3129176,06 11
3131152,6 25 
3131872,66 75 
3133081,75 72 
3133151,86 70 
3134674,39 80 
3135044,06 83 
3135982,66 64 939
3136201,15 74 198
3136201,15 63 198
3136710,4 153 
3136738,4 68 
3137233,22 249
3137649,29 92 
3137649,29 65 
3137669,21 103 
3137669,21 101 
3138195,52 100 
3138195,52 5
3138195,52 2145
3138195,52 11
3140175,49 25 
3140575,8 75 
3141783,78 72 
3141854,88 70 
3143383,83 80 
3144759,82 83 
3144964,45 64 205
3145207 74 221
3145207 63 221
3146716,01 151 
3146734,17 69 
3146941,98 249 
3147202,55 183 
3147442,9 93 
3147465,17 103 
3147465,17 101 
3149494,56 100 
3149494,56 5
3149494,56 2145
3149494,56 11
3151477,32 25 
3151504,66 75 
3152713,8 72 
3152970,11 70 
3154561,1 80 
3155781,85 83 
3156240,7 64 459
3156446,38 74 186
3156446,38 63 186
3157956,6 151 
3157982,81 69 
3159280,44 249 
3159580,32 256 
3162240,91 182 
3171946,02 93 
3171961,23 103 
3171961,23 101 
3173988,54 100 
3173988,54 5
3173988,54 2145
3173988,54 10
3175973,62 25 
3176001,82 75 
3177208,7 72 
3177279,81 70 
3178809,19 80 
3179171,86 83 
3179975,4 64 804
3180221,8 74 224
3180221,8 63 224
3181230,38 150 
3181252,13 68 
3181732,5 249
3182760,04 92 
3182760,04 65 
3182783,31 103 
3182783,31 101 
3183316,42 100 
3183316,42 5
3183316,42 2145
3183316,42 11
3185302,98 25 
3185849,76 75 
3187057,49 72 
3187128,96 70 
3188657,62 80 
3190020,64 83 
3190694,01 64 674
3190875,14 74 162
3190875,14 62 162
3191385,34 150 
3191407,87 68 
3192917,85 92 
3192917,85 65 
3192939,01 103 
3192939,01 101 
3193468,8 100 
3193468,8 5
3193468,8 2145
3193468,8 10
3195445,3 25 
3195845,53 75 
3197054,04 72 
3197124,73 70 
3198646,54 80 
3199723,13 83 
3200075,94 64 353
3200305,97 74 210
3200305,97 63 210
3201814,99 150 
3201844,11 68 
3202752,66 92 
3202752,66 65 
3202774,9 103 
3202774,9 101 
3203302,21 100 
3203302,21 5
3203302,21 2145
3203302,21 10
3205294,46 25 
3205588,14 75 
3206796,57 72 
3206867,17 70 
3208393,59 80 
3209758,94 83 
3210221,53 64 463
3210427,54 74 190
3210427,54 63 190
3210934,5 150 
3210960,22 68 
3211670,67 92 
3211670,67 65 
3211691,1 103 
3211691,1 101 
3212220,26 100 
3212220,26 5
3212220,26 2145
3212220,26 11
3214197,31 25 
3214557,59 75 
3215767,81 72 
3215836,69 70 
3217371,26 80 
3217742,17 83 
3218804,66 64 1063
3219007,29 74 186
3219007,29 63 186
3220018,46 151 
3220037,31 69 
3222048,08 93 
3222059,97 103 
3222059,97 101 
3224096,6 100 
3224096,6 5
3224096,6 2145
3224096,6 10
3226072,37 25 
3226099,64 75 
3227309,14 72 
3227378,47 70 
3228904,22 80 
3229963,78 83 
3230262,54 64 300
3230473,9 74 191
3230473,9 63 191
3231984,8 150 
3232004,61 68 
3233516,18 92 
3233516,18 65 
3233535,15 103 
3233535,15 101 
3234061,91 100 
3234061,91 5
3234061,91 2145
3234061,91 10
3236041,36 25 
3236241,69 75 
3237449,5 72 
3237520,95 70 
3239043,67 80 
3240412,48 83 
3240820,58 64 409
3241046,6 74 208
3241046,6 63 208
3241556,66 150 
3241587,5 68 
3242065,66 249
3242495,38 92 
3242495,38 65 
3242517,9 103 
3242517,9 101 
3243045,5 100 
3243045,5 5
3243045,5 2145
3243045,5 10
3245024,22 25 
3245504,51 75 
3246711,63 72 
3246783,62 70 
3248311,73 80 
3248675,64 83 
3249549,14 64 874
3249756,66 74 189
3249756,66 63 189
3250769,59 150 
3250795,99 68 
3251291,74 249
3251506,31 92 
3251506,31 65 
3251527,41 103 
3251527,41 101 
3252058,7 100 
3252058,7 5
3252058,7 2145
3252058,7 11
3254033,72 25 
3254487,44 75 
3255693,65 72 
3255939,69 70 
3257528,66 80 
3259044,56 83 
3259426,81 64 383
3259632 74 188
3259632 63 188
3261140,9 151 
3261164,91 69 
3263172,3 93 
3263189,14 103 
3263189,14 101 
3265219,11 100 
3265219,11 5
3265219,11 2145
3265219,11 11
3267201,43 25 
3267228,74 75 
3268438,82 72 
3268507,69 70 
3270485,34 80 
3271745,86 83 
3272294,83 64 549
3272670,9 74 352
3272670,9 62 352
3273681,79 150 
3273706,26 68 
3274418,66 92 
3274418,66 65 
3274437,68 103 
3274437,68 101 
3274966,98 100 
3274966,98 5
3274966,98 2145
3274966,98 10
3276943,97 25 
3276971,46 75 
3278181,85 72 
3278383,53 70 
3279921,62 80 
3280288,87 83 
3281165,89 64 877
3281387,46 74 206
3281387,46 63 206
3281895,65 150 
3281916,71 68 
3282418,54 249
3282828,02 92 
3282828,02 65 
3282847,41 103 
3282847,41 101 
3283379,24 100 
3283379,24 5
3283379,24 2145
3283379,24 10
3285353,75 25 
3285514,06 75 
3286723,27 72 
3286793,21 70 
3288320,6 80 
3289391,72 83 
3289980,93 64 590
3290231,44 74 227
3290231,44 63 227
3291241,12 150 
3291258,7 68 
3291711,69 249
3293270,19 92 
3293270,19 65 
3293296,35 103 
3293296,35 101 
3293824 100 
3293824 5
3293824 2145
3293824 11
3295802,65 25 
3296416,09 75 
3297625,46 72 
3297695,22 70 
3299227,2 80 
3299600,66 83 
3300614,43 64 1015
3300806,04 74 166
3300806,04 62 166
3301314,63 150 
3301334,4 68 
3302842,3 92 
3302842,3 65 
3302865,7 103 
3302865,7 101 
3303396,4 100 
3303396,4 5
3303396,4 2145
3303396,4 11
3305371,91 25 
3306051,97 75 
3307261,09 72 
3307331,18 70 
3308861,52 80 
3310222,83 83 
3310515,19 64 292
3310684,93 74 156
3310684,93 62 156
3312195,51 150 
3312223,86 68 
3312645,54 249
3312775,67 172 
3312935,28 92 
3312935,28 65 
3312954,62 103 
3312954,62 101 
3313485,29 100 
3313485,29 5
3313485,29 2145
3313485,29 10
3315460,9 25 
3316074,38 75 
3317283,97 72 
3317353,52 70 
3318878,89 80 
3319952 83 
3320330,01 64 378
3320553,8 74 202
3320553,8 63 202
3322064,79 150 
3322086,34 68 
3322583,27 249
3324094,88 92 
3324094,88 65 
3324109,9 103 
3324109,9 101 
3324637,28 100 
3324637,28 5
3324637,28 2145
3324637,28 10
3326616,21 25 
3327176,33 75 
3328384,53 72 
3328455,54 70 
3329984,39 80 
3330347,58 83 
3331303,36 64 957
3331525,23 74 205
3331525,23 63 205
3332536,74 152 
3332561,79 69 
3333473,14 93 
3333492,55 103 
3333492,55 101 
3335519,21 100 
3335519,21 5
3335519,21 2145
3335519,21 11
3337504,89 25 
3337532,91 75 
3338739,45 72 
3338811,14 70 
3340342,55 80 
3341729,43 83 
3342013,6 64 285
3342197,4 74 162
3342197,4 62 162
3342708,74 150 
3342730,14 68 
3344240,28 92 
3344240,28 65 
3344261,33 103 
3344261,33 101 
3344800,62 100 
3344800,62 5
3344800,62 2145
3344800,62 11
3346781,08 25 
3347407,69 75 
3348617,27 72 
3348686,87 70 
3350216,26 80 
3351298,69 83 
3351831,46 64 534
3352030,9 74 186
3352030,9 62 186
3352540,09 150 
3352566,63 68 
3354578,33 92 
3354578,33 65 
3354603,61 103 
3354603,61 101 
3355132,93 100 
3355132,93 5
3355132,93 2145
3355132,93 10
3357109,9 25 
3357310,17 75 
3358517,61 72 
3358589,37 70 
3360114,87 80 
3361481,04 83 
3361877,18 64 396
3362085,95 74 192
3362085,95 63 192
3363594,32 150 
3363615,29 68 
3364524,43 92 
3364524,43 65 
3364546,02 103 
3364546,02 101 
3365072,31 100 
3365072,31 5
3365072,31 2145
3365072,31 10
3367052,29 25 
3367812,39 75 
3369023,17 72 
3369091,51 70 
3370623,88 80 
3370996,99 83 
3372139,57 64 1143
3372396 74 240
3372396 63 240
3373402,49 150 
3373424,54 68 
3373902,58 249
3374133,17 92 
3374133,17 65 
3374155,27 103 
3374155,27 101 
3374687,12 100 
3374687,12 5
3374687,12 2145
3374687,12 10
3376674,9 25 
3377421,59 75 
3378630,59 72 
3378874,05 70 
3380463,16 80 
3380979,4 83 
3381883,72 64 905
3382082,67 74 184
3382082,67 63 184
3383091,88 150 
3383112,96 68 
3383611,55 249
3384620,77 92 
3384620,77 65 
3384644,15 103 
3384644,15 101 
3385175,76 100 
3385175,76 5
3385175,76 2145
3385175,76 11
3387150,44 25 
3387643,95 75 
3388853,5 72 
3388923,09 70 
3390452,56 80 
3391814,81 83 
3392098,71 64 284
3392270,92 74 150
3392270,92 62 150
3393781,63 150 
3393801,72 68 
3395310,62 92 
3395310,62 65 
3395332,92 103 
3395332,92 101 
3395859,26 100 
3395859,26 5
3395859,26 2145
3395859,26 10
3397839,26 25 
3398172,77 75 
3399383,08 72 
3399451,98 70 
3400973,02 80 
3402050,45 83 
3402482,06 64 432
3402695,31 74 192
3402695,31 63 192
3403202,73 150 
3403225,16 68 
3404133,71 92 
3404133,71 65 
3404155,84 103 
3404155,84 101 
3404686,43 100 
3404686,43 5
3404686,43 2145
3404686,43 11
3406662,18 25 
3407462,16 75 
3408670,93 72 
3408741,41 70 
3410265,99 80 
3410633,46 83 
3411593,31 64 960
3411795,16 74 189
3411795,16 62 189
3412804,42 152 
3412833,59 69 
3414845,22 93 
3414857,98 103 
3414857,98 101 
3416886,48 100 
3416886,48 5
3416886,48 2145
3416886,48 11
3418870,27 25 
3418898,5 75 
3420107,51 72 
3420176,55 70 
3421709,08 80 
3423081,51 83 
3423365,44 64 285
3423543,15 74 155
3423543,15 62 155
3424051,1 150 
3424069,71 68 
3424777,48 92 
3424777,48 65 
3424800,41 103 
3424800,41 101 
3425330,79 100 
3425330,79 5
3425330,79 2145
3425330,79 11
3427306,74 25 
3427920,1 75 
3429128,16 72 
3429200,95 70 
3430722,03 80 
3431797,76 83 
3432259,34 64 462
3432450,6 74 174
3432450,6 62 174
3433961,05 150 
3433985,36 68 
3434896,53 92 
3434896,53 65 
3434916,08 103 
3434916,08 101 
3435448,74 100 
3435448,74 5
3435448,74 2145
3435448,74 10
3437435,71 25 
3438075,92 75 
3439285,33 72 
3439356,58 70 
3440887,66 80 
3441966,8 83 
3442365,44 64 399
3442612,81 74 233
3442612,81 63 233
3444124,08 150 
3444154,43 68 
3444571,09 249
3444640,64 173 
3444864,04 92 
3444864,04 65 
3444885,19 103 
3444885,19 101 
3445412,51 100 
3445412,51 5
3445412,51 2145
3445412,51 10
3447391,47 25 
3448218,16 75 
3449429,46 72 
3449497,33 70 
3451023,03 80 
3452389,02 83 
3452853,49 64 465
3453079,28 74 210
3453079,28 63 210
3454088,32 152 
3454110,22 69 
3455478,46 249 
3455618,45 93 
3455640,64 103 
3455640,64 101 
3457667,76 100 
3457667,76 5
3457667,76 2145
3457667,76 10
3459652,93 25 
3459680,37 75 
3460890,02 72 
3460959,12 70 
3462483,97 80 
3462851,46 83 
3463766,27 64 915
3463971,71 74 188
3463971,71 63 188
3464480,99 150 
3464505 68 
3464840,49 249
3464861,22 173 
3466514,85 92 
3466514,85 65 
3466529,49 103 
3466529,49 101 
3467066,54 100 
3467066,54 5
3467066,54 2145
3467066,54 10
3469062,42 25 
3469315,9 75 
3470525,95 72 
3470595,02 70 
3472124,07 80 
3473486,97 83 
3473824,69 64 338
3474051,11 74 205
3474051,11 63 205
3475062,38 150 
3475087,21 68 
3475683,82 249
3475995,68 92 
3475995,68 65 
3476018,67 103 
3476018,67 101 
3476545,93 100 
3476545,93 5
3476545,93 2145
3476545,93 10
3478525,04 25 
3479151,77 75 
3480360,63 72 
3480430,89 70 
3482159,03 80 
3483535,8 83 
3483923,7 64 388
3484143,68 74 195
3484143,68 63 195
3484653,34 150 
3484683,13 68 
3485275,7 249
3486195,41 92 
3486195,41 65 
3486214,36 103 
3486214,36 101 
3486741,82 100 
3486741,82 5
3486741,82 2145
3486741,82 11
3488720,56 25 
3489094,16 75 
3490303,05 72 
3490373,31 70 
3491906,24 80 
3492278,73 83 
3493252,04 64 973
3493446,85 74 182
3493446,85 62 182
3494956,46 150 
3494985,34 68 
3496995,53 92 
3496995,53 65 
3497009,78 103 
3497009,78 101 
3497542,34 100 
3497542,34 5
3497542,34 2145
3497542,34 10
3499529,29 25 
3500022,84 75 
3501233,33 72 
3501301,99 70 
3502825,4 80 
3503194,07 83 
3504122,52 64 929
3504323,92 74 184
3504323,92 62 184
3505330,55 151 
3505354,32 69 
3506061,77 93 
3506072,52 103 
3506072,52 101 
3508102,81 100 
3508102,81 5
3508102,81 2145
3508102,81 11
3510084,81 25 
3510112,16 75 
3511319,64 72 
3511391,05 70 
3512921,46 80 
3513989,47 83 
3514736,61 64 748
3514942,55 74 181
3514942,55 62 181
3515454,46 150 
3515484 68 
3517495,37 92 
3517495,37 65 
3517520,96 103 
3517520,96 101 
3518047,15 100 
3518047,15 5
3518047,15 2145
3518047,15 11
3520027,39 25 
3520294,17 75 
3521500,55 72 
3521573,4 70 
3523100,31 80 
3524465,05 83 
3524747,55 64 283
3524933,41 74 163
3524933,41 62 163
3526443,38 150 
3526466,03 68 
3527178,44 92 
3527178,44 65 
3527196,93 103 
3527196,93 101 
3531866,83 102 
