34,59 100 
34,59 2
34,59 2146
34,59 11
2020,67 25 
2485,38 75 
3695,29 72 
4017,81 70 
5642,9 80 
7016,85 83 
7295,4 64 278
7510,26 74 186
7510,26 61 186
8522,37 151 
8550,25 69 
10059,75 93 
10083,95 103 
10083,95 101 
12108,72 100 
12108,72 2
12108,72 2146
12108,72 10
14094,27 25 
14122 75 
15329,67 72 
15400,49 70 
16931,58 80 
17998,89 83 
18449,58 64 451
18636,05 74 171
18636,05 61 171
20146,34 150 
20171,72 68 
20885,84 92 
20885,84 65 
20903,95 103 
20903,95 101 
21431,18 100 
21431,18 2
21431,18 2146
21431,18 11
23410,32 25 
23438,05 75 
24647,23 72 
24716,44 70 
26240,34 80 
26621,94 83 
27649,38 64 1028
27864,63 74 189
27864,63 63 189
28377,64 150 
28395,87 68 
29304,52 92 
29304,52 65 
29327,05 103 
29327,05 101 
29861,38 100 
29861,38 2
29861,38 2146
29861,38 11
31846,67 25 
31873,9 75 
33081,64 72 
33152,87 70 
34685,5 80 
36057,85 83 
36382,26 64 325
36570,14 74 166
36570,14 63 166
38077,25 150 
38098,09 68 
40109,36 92 
40109,36 65 
40135,74 103 
40135,74 101 
40663,23 100 
40663,23 2
40663,23 2146
40663,23 10
42642,02 25 
42669,98 75 
43876,48 72 
43948,22 70 
45470,23 80 
45853,65 83 
46799,05 64 946
46986,27 74 173
46986,27 61 173
47497,46 150 
47520,75 68 
49030,58 92 
49030,58 65 
49051,99 103 
49051,99 101 
49579,86 100 
49579,86 2
49579,86 2146
49579,86 10
51558,3 25 
51998,46 75 
53206,39 72 
53277,56 70 
54809,41 80 
55889,32 83 
56394,44 64 506
56569,32 74 160
56569,32 61 160
57578,85 150 
57596,54 68 
59608,29 92 
59608,29 65 
59634,09 103 
59634,09 101 
60170,68 100 
60170,68 2
60170,68 2146
60170,68 11
62153,63 25 
62181,16 75 
63389,49 72 
63459,83 70 
64985,01 80 
66351,51 83 
66716,82 64 366
66942,99 74 205
66942,99 63 205
68453,89 150 
68473,37 68 
69386,04 92 
69386,04 65 
69403,15 103 
69403,15 101 
69931,82 100 
69931,82 2
69931,82 2146
69931,82 11
71909,77 25 
72216,36 75 
73426,96 72 
73495,56 70 
75028,31 80 
75400,97 83 
76519,53 64 1119
76705,62 74 172
76705,62 63 172
77715,98 150 
77734,44 68 
78446,25 92 
78446,25 65 
78465,95 103 
78465,95 101 
78994,9 100 
78994,9 2
78994,9 2146
78994,9 10
80972,2 25 
81052,64 75 
82260,44 72 
82331,82 70 
83856,27 80 
84943,56 83 
85376,35 64 434
85568,3 74 172
85568,3 61 172
86079,96 152 
86103,75 69 
88116,09 93 
88128,48 103 
88128,48 101 
90166,36 100 
90166,36 2
90166,36 2146
90166,36 10
92140,82 25 
92167,94 75 
93374,86 72 
93447,01 70 
94984,27 80 
96365,31 83 
96696,7 64 332
96882,57 74 171
96882,57 61 171
98394,13 150 
98418,86 68 
99130,48 92 
99130,48 65 
99150,41 103 
99150,41 101 
99679,67 100 
99679,67 2
99679,67 2146
99679,67 10
101656,7 25 
101697,6 75 
102906,39 72 
102976,23 70 
104508,12 80 
105241,54 83 
106173,59 64 933
106386,55 74 199
106386,55 61 199
107395,05 150 
107414,99 68 
108323,86 92 
108323,86 65 
108346,47 103 
108346,47 101 
108873,57 100 
108873,57 2
108873,57 2146
108873,57 10
110852,81 25 
111213 75 
112419,36 72 
112492,14 70 
114029,54 80 
115103,99 83 
115535,98 64 432
115718,89 74 162
115718,89 61 162
116230,11 150 
116251,25 68 
117758,26 92 
117758,26 65 
117782,42 103 
117782,42 101 
118319,45 100 
118319,45 2
118319,45 2146
118319,45 11
120302,01 25 
120529,03 75 
121738,46 72 
121809,86 70 
123334,53 80 
124406,63 83 
125025,92 64 620
125260,09 74 214
125260,09 63 214
126767,53 150 
126794,4 68 
127702,98 92 
127702,98 65 
127724,82 103 
127724,82 101 
128252,52 100 
128252,52 2
128252,52 2146
128252,52 10
130231,21 25 
130298,17 75 
131504,91 72 
131577,47 70 
133097,29 80 
134469,11 83 
134778,46 64 310
135019,86 74 218
135019,86 61 218
136029,14 150 
136056,02 68 
138066,16 92 
138066,16 65 
138080,39 103 
138080,39 101 
138606,72 100 
138606,72 2
138606,72 2146
138606,72 11
140586,69 25 
140773,87 75 
141984,05 72 
142052,86 70 
143586,4 80 
143958,24 83 
145075,69 64 1118
145275,11 74 184
145275,11 63 184
145783,48 150 
145811,93 68 
147321,07 92 
147321,07 65 
147343,09 103 
147343,09 101 
147877,78 100 
147877,78 2
147877,78 2146
147877,78 11
149862,79 25 
150289,7 75 
151500,15 72 
151568,78 70 
153097,73 80 
154153,91 83 
155125,77 64 972
155357,69 74 218
155357,69 63 218
156868,02 150 
156887,16 68 
157340,36 249
157597,1 92 
157597,1 65 
157618,67 103 
157618,67 101 
158147,23 100 
158147,23 2
158147,23 2146
158147,23 11
160124,99 25 
160232,21 75 
161440,28 72 
161511,13 70 
163043,73 80 
163416,54 83 
165138,32 64 1723
165357,33 74 196
165357,33 63 196
166367,59 150 
166389,82 68 
167098,01 92 
167098,01 65 
167121,28 103 
167121,28 101 
167650,36 100 
167650,36 2
167650,36 2146
167650,36 10
169627,58 25 
170160,99 75 
171369,49 72 
171440,18 70 
172975,78 80 
174346,05 83 
174711,49 64 367
174924,21 74 193
174924,21 61 193
175434,64 150 
175452,69 68 
176360,25 92 
176360,25 65 
176383,94 103 
176383,94 101 
176920,7 100 
176920,7 2
176920,7 2146
176920,7 11
178903,6 25 
180250,07 75 
181459,13 72 
181529,24 70 
183058,79 80 
184434,26 83 
184836,93 64 403
185051,42 74 191
185051,42 63 191
185563,17 150 
185581,64 68 
187091,31 92 
187091,31 65 
187112,65 103 
187112,65 101 
187640,47 100 
187640,47 2
187640,47 2146
187640,47 10
189618,97 25 
189925,95 75 
191133,78 72 
191205,16 70 
192734,03 80 
193110,45 83 
194305,89 64 1196
194500,07 74 177
194500,07 61 177
195511,96 152 
195537,35 69 
197547,82 93 
197561,54 103 
197561,54 101 
199589,12 100 
199589,12 2
199589,12 2146
199589,12 10
201573,92 25 
201601,14 75 
202810,03 72 
202880,04 70 
204410,99 80 
205505,13 83 
206020,89 64 516
206207,23 74 170
206207,23 61 170
207715,34 150 
207745,3 68 
208656,45 92 
208656,45 65 
208676,78 103 
208676,78 101 
209210,29 100 
209210,29 2
209210,29 2146
209210,29 10
211196,35 25 
211356,74 75 
212564,85 72 
212875,77 70 
214519,78 80 
214887,91 83 
215969,12 64 1081
216171,72 74 178
216171,72 61 178
216683,72 152 
216701,51 69 
218708,94 93 
218725,75 103 
218725,75 101 
220754,89 100 
220754,89 2
220754,89 2146
220754,89 10
222738,13 25 
222765,56 75 
223975,1 72 
224044,37 70 
225569,6 80 
226949,34 83 
227256,01 64 307
227413,85 74 145
227413,85 61 145
228422,03 150 
228443,1 68 
229152,76 92 
229152,76 65 
229174,63 103 
229174,63 101 
229702,14 100 
229702,14 2
229702,14 2146
229702,14 10
231680,93 25 
231708,83 75 
232917,1 72 
232987,16 70 
234516,95 80 
235585,6 83 
236022,96 64 438
236236,68 74 198
236236,68 61 198
237745,25 150 
237772,39 68 
239280,32 92 
239280,32 65 
239303,64 103 
239303,64 101 
239842,18 100 
239842,18 2
239842,18 2146
239842,18 11
241823,31 25 
241850,99 75 
243058,5 72 
243129,46 70 
244657,61 80 
245727,98 83 
246266,33 64 539
246468,58 74 182
246468,58 63 182
246979,93 150 
247008,62 68 
247922,53 92 
247922,53 65 
247939,93 103 
247939,93 101 
248466,58 100 
248466,58 2
248466,58 2146
248466,58 11
250446,24 25 
250819,79 75 
252028,93 72 
252098,96 70 
253622,83 80 
254004,35 83 
255241,21 64 1237
255455,94 74 199
255455,94 63 199
256966,66 150 
256990,85 68 
257437,28 249
259003,19 92 
259003,19 65 
259028,49 103 
259028,49 101 
259556,34 100 
259556,34 2
259556,34 2146
259556,34 11
261534,82 25 
261588,5 75 
262796,98 72 
262867,68 70 
264403,56 80 
265785,97 83 
266324,51 64 539
266547,58 74 202
266547,58 63 202
267557,14 150 
267586,38 68 
267964,12 249
269097,28 92 
269097,28 65 
269117,58 103 
269117,58 101 
269652,47 100 
269652,47 2
269652,47 2146
269652,47 11
271637,15 25 
272010,76 75 
273217,87 72 
273289,94 70 
274818,57 80 
275195,32 83 
276312,72 64 1118
276505,85 74 178
276505,85 63 178
277015,8 150 
277035,58 68 
277746,91 92 
277746,91 65 
277767,16 103 
277767,16 101 
278298,26 100 
278298,26 2
278298,26 2146
278298,26 11
280273,47 25 
280580,44 75 
281789,8 72 
281859,56 70 
283389,99 80 
284471,34 83 
285052,36 64 582
285279,03 74 208
285279,03 63 208
286288,66 150 
286311,73 68 
288319,9 92 
288319,9 65 
288335,93 103 
288335,93 101 
288863,91 100 
288863,91 2
288863,91 2146
288863,91 10
290855,56 25 
291095,93 75 
292304,38 72 
292375,05 70 
293908,99 80 
295293,29 83 
295796,37 64 504
295998,67 74 186
295998,67 61 186
297509,95 150 
297533,59 68 
299041,48 92 
299041,48 65 
299064,69 103 
299064,69 101 
299601,08 100 
299601,08 2
299601,08 2146
299601,08 11
301571,02 25 
301957,81 75 
303165,54 72 
303236,97 70 
304762,64 80 
306128,66 83 
306624,62 64 497
306814,2 74 166
306814,2 63 166
307325,21 150 
307342,8 68 
307987,97 249
308049,92 92 
308049,92 65 
308074,16 103 
308074,16 101 
308603,45 100 
308603,45 2
308603,45 2146
308603,45 10
310580,44 25 
311060,59 75 
312272,55 72 
312339,77 70 
313877,93 80 
314245,23 83 
315403,91 64 1159
315635,74 74 218
315635,74 61 218
316647,83 150 
316672,9 68 
317584,59 92 
317584,59 65 
317603,38 103 
317603,38 101 
318133,31 100 
318133,31 2
318133,31 2146
318133,31 11
320109,67 25 
320363,31 75 
321571,5 72 
321642,39 70 
323162,26 80 
324240,9 83 
324743,72 64 503
324965,55 74 205
324965,55 63 205
326476 150 
326494,38 68 
327004,4 249
327203,19 92 
327203,19 65 
327225,97 103 
327225,97 101 
327758,25 100 
327758,25 2
327758,25 2146
327758,25 10
329732,42 25 
329905,87 75 
331115,24 72 
331185,03 70 
332719,96 80 
333090,43 83 
334336,71 64 1247
334564,2 74 209
334564,2 61 209
335576,81 150 
335597,2 68 
337107,24 92 
337107,24 65 
337128,33 103 
337128,33 101 
337656,15 100 
337656,15 2
337656,15 2146
337656,15 10
339634,61 25 
340114,79 75 
341323,4 72 
341394,04 70 
342923,49 80 
344285,59 83 
344539,77 64 255
344752,53 74 188
344752,53 61 188
346265,43 150 
346285,95 68 
347195,85 92 
347195,85 65 
347217,51 103 
347217,51 101 
347745,8 100 
347745,8 2
347745,8 2146
347745,8 10
349736,98 25 
349910,68 75 
351118,4 72 
351191,46 70 
352713,58 80 
353801,55 83 
354603,82 64 803
354806,35 74 179
354806,35 61 179
355314,3 150 
355335,44 68 
356433,11 249
357344,82 92 
357344,82 65 
357359,64 103 
357359,64 101 
357898,81 100 
357898,81 2
357898,81 2146
357898,81 11
359879,29 25 
360146,28 75 
361356,21 72 
361425,45 70 
362946,82 80 
364023,83 83 
364427,69 64 404
364634,82 74 185
364634,82 63 185
366142,25 150 
366170,74 68 
366569,76 249
368177,68 92 
368177,68 65 
368195 103 
368195 101 
368723,09 100 
368723,09 2
368723,09 2146
368723,09 11
370701,31 25 
371168,13 75 
372375,07 72 
372447,34 70 
373974,28 80 
374339,42 83 
375595,81 64 1257
375809,55 74 191
375809,55 63 191
376819,47 150 
376846,25 68 
377554,56 92 
377554,56 65 
377577,66 103 
377577,66 101 
378105 100 
378105 2
378105 2146
378105 10
380083,91 25 
381003,99 75 
382213,68 72 
382283,18 70 
383813,74 80 
385188,1 83 
385750,96 64 563
385969,21 74 196
385969,21 61 196
386480,23 150 
386508,68 68 
388017,64 92 
388017,64 65 
388039,85 103 
388039,85 101 
388575,87 100 
388575,87 2
388575,87 2146
388575,87 11
390559,42 25 
391212,91 75 
392420,27 72 
392492,15 70 
394019,34 80 
395090,5 83 
395793,13 64 703
396006,88 74 197
396006,88 63 197
397515,26 152 
397544,85 69 
398456,26 93 
398475,34 103 
398475,34 101 
400503,32 100 
400503,32 2
400503,32 2146
400503,32 11
402487,67 25 
402515,09 75 
403722,57 72 
403793,94 70 
405326,17 80 
406712,24 83 
406918,73 64 207
407149,22 74 211
407149,22 63 211
408158,18 150 
408179,44 68 
408619,46 249
410189,12 92 
410189,12 65 
410203,73 103 
410203,73 101 
410730,48 100 
410730,48 2
410730,48 2146
410730,48 10
412710,09 25 
412790,51 75 
413997,46 72 
414322,8 70 
415952,18 80 
416334,79 83 
417447,63 64 1113
417643,14 74 176
417643,14 61 176
418154,52 150 
418175,04 68 
418870,46 249
419086,43 92 
419086,43 65 
419106,54 103 
419106,54 101 
419641,9 100 
419641,9 2
419641,9 2146
419641,9 10
421626,26 25 
422146,32 75 
423357,16 72 
423425,54 70 
424955,58 80 
425330,89 83 
426423,76 64 1093
426618,77 74 182
426618,77 61 182
427129,58 150 
427157,91 68 
427516,33 249
427866,04 92 
427866,04 65 
427889,46 103 
427889,46 101 
428417,04 100 
428417,04 2
428417,04 2146
428417,04 10
430395,73 25 
430915,85 75 
432125,51 72 
432195,04 70 
433718,27 80 
435086,72 83 
435322,11 64 235
435519,65 74 180
435519,65 61 180
437029,76 150 
437047,24 68 
437590 249
438556,06 92 
438556,06 65 
438578,12 103 
438578,12 101 
439106,76 100 
439106,76 2
439106,76 2146
439106,76 11
441085,44 25 
441471,28 75 
442681,9 72 
442750,52 70 
444281,66 80 
445348,96 83 
445939 64 590
446154,92 74 193
446154,92 63 193
447165,24 150 
447189,37 68 
447730,78 249
448100,34 92 
448100,34 65 
448120,75 103 
448120,75 101 
448655,48 100 
448655,48 2
448655,48 2146
448655,48 11
450640,31 25 
450894,06 75 
452105,63 72 
452173,14 70 
453704,71 80 
454771,63 83 
455188,74 64 418
455442,04 74 231
455442,04 63 231
456955,25 152 
456985,1 69 
458497,66 93 
458516,37 103 
458516,37 101 
460543,83 100 
460543,83 2
460543,83 2146
460543,83 11
462528,59 25 
462569,46 75 
463777,25 72 
463848,13 70 
465380,61 80 
466766,39 83 
467037,86 64 272
467225,43 74 167
467225,43 63 167
467734,48 150 
467753,86 68 
469762,88 92 
469762,88 65 
469778,09 103 
469778,09 101 
470306,1 100 
470306,1 2
470306,1 2146
470306,1 11
472284,42 25 
472524,83 75 
473734,25 72 
473803,95 70 
475326,94 80 
475709,22 83 
476521,55 64 813
476712,43 74 178
476712,43 63 178
477719,45 150 
477736,54 68 
478248,36 249
478444,3 92 
478444,3 65 
478467,72 103 
478467,72 101 
479005,4 100 
479005,4 2
479005,4 2146
479005,4 10
480987,31 25 
481787,39 75 
482995,27 72 
483066,62 70 
484595,18 80 
485958,22 83 
486938,31 64 981
487144,19 74 186
487144,19 61 186
488655,04 150 
488678,17 68 
490688,01 92 
490688,01 65 
490715,79 103 
490715,79 101 
491244,38 100 
491244,38 2
491244,38 2146
491244,38 10
493222,06 25 
493568,94 75 
494776,42 72 
494848,22 70 
496371,06 80 
496740,22 83 
497889,56 64 1150
498073,91 74 161
498073,91 61 161
499082,83 150 
499113,8 68 
499826,7 92 
499826,7 65 
499845,18 103 
499845,18 101 
500373,37 100 
500373,37 2
500373,37 2146
500373,37 11
502351,62 25 
502511,82 75 
503718,32 72 
503790,94 70 
505329,83 80 
506402,79 83 
507366,89 64 963
507573,45 74 185
507573,45 63 185
508082,28 150 
508109,9 68 
508602,79 249
509018,84 92 
509018,84 65 
509041,26 103 
509041,26 101 
509574,99 100 
509574,99 2
509574,99 2146
509574,99 11
511560,86 25 
512081 75 
512314,66 250 
512333,06 101 
514346,39 100 
514346,39 2
514346,39 2146
514346,39 11
514346,39 25 
514373,15 75 
515583,51 72 
515905,78 70 
517534,68 80 
517904,48 83 
518909,44 64 1006
519150,58 74 220
519150,58 63 220
520662,53 150 
520691,03 68 
522199,86 92 
522199,86 65 
522222,26 103 
522222,26 101 
522751,7 100 
522751,7 2
522751,7 2146
522751,7 10
524728,55 25 
525155,5 75 
526363,66 72 
526434,66 70 
527971,87 80 
529046,4 83 
529789,64 64 744
530030,86 74 225
530030,86 61 225
531039,89 150 
531060,05 68 
531970,45 92 
531970,45 65 
531991,42 103 
531991,42 101 
532517,84 100 
532517,84 2
532517,84 2146
532517,84 10
534497,77 25 
534884,76 75 
536093,85 72 
536163,83 70 
537687,6 80 
539055,52 83 
539719 64 664
539927,61 74 193
539927,61 61 193
540436,88 150 
540455,97 68 
540842,85 249
541966,98 92 
541966,98 65 
541987,14 103 
541987,14 101 
542524,26 100 
542524,26 2
542524,26 2146
542524,26 10
544506,77 25 
544640,42 75 
545851,01 72 
545919,54 70 
547445,55 80 
547811,88 83 
548816,81 64 1005
549052,38 74 215
549052,38 61 215
550063,32 150 
550091,75 68 
550799,31 92 
550799,31 65 
550823,31 103 
550823,31 101 
551350,83 100 
551350,83 2
551350,83 2146
551350,83 11
553329,68 25 
553489,9 75 
554696,23 72 
554769,06 70 
556306,39 80 
557687,45 83 
558222,27 64 536
558445,89 74 199
558445,89 63 199
558954,61 150 
558982,18 68 
559520,1 249
560992,19 92 
560992,19 65 
561005,7 103 
561005,7 101 
561533,93 100 
561533,93 2
561533,93 2146
561533,93 10
563511,98 25 
563978,84 75 
565187,09 72 
565257,94 70 
566783,45 80 
567856,38 83 
568170,79 64 315
568366,11 74 177
568366,11 61 177
569877,94 150 
569897,56 68 
570604,55 92 
570604,55 65 
570628,18 103 
570628,18 101 
571162,94 100 
571162,94 2
571162,94 2146
571162,94 11
573147,77 25 
573454,66 75 
574661,25 72 
574733,93 70 
576262,52 80 
576625,93 83 
577725,54 64 1100
577927,42 74 183
577927,42 63 183
578938,91 150 
578959,41 68 
579476,04 249
580967,84 92 
580967,84 65 
580983,74 103 
580983,74 101 
581513 100 
581513 2
581513 2146
581513 10
583490,06 25 
584010,37 75 
585218,45 72 
585289,39 70 
586823,1 80 
588207,65 83 
588543,49 64 337
588751,12 74 184
588751,12 61 184
589262,45 150 
589288,36 68 
589355,77 249
589583,07 171
590198,13 92 
590198,13 65 
590219,79 103 
590219,79 101 
590747,64 100 
590747,64 2
590747,64 2146
590747,64 11
592726,03 25 
593206,24 75 
594414,92 72 
594485,36 70 
596004,49 80 
597070,53 83 
597755,1 64 685
597978,67 74 202
597978,67 63 202
599486,56 152 
599510,69 69 
601022,35 93 
601041,88 103 
601041,88 101 
603082,24 100 
603082,24 6
603082,24 2146
603082,24 11
603082,24 78 
603082,24 198 
605054,27 25 
605081,81 75 
606289 72 
606360,33 70 
607889,44 80 
608252,37 83 
609469,49 64 1218
609736,93 74 245
609736,93 63 245
610747,95 151 
610772,4 69 
611437,56 249 
612783,25 93 
612796,75 103 
612796,75 101 
614825,42 100 
614825,42 6
614825,42 2146
614825,42 11
616809,08 25 
616850,48 75 
618057,56 72 
618381,87 70 
620060,51 80 
621660 83 
622224,72 64 565
622423,95 74 178
622423,95 61 178
623934,9 152 
623953,55 69 
624662,04 93 
624685 103 
624685 101 
626712,79 100 
626712,79 6
626712,79 2146
626712,79 10
628697,29 25 
628725,1 75 
629935,1 72 
630003,46 70 
631535,1 80 
632601,99 83 
633296,48 64 695
633495,25 74 175
633495,25 61 175
634004,05 151 
634029,17 69 
634071,91 249 
635539,39 93 
635560,34 103 
635560,34 101 
637593,88 100 
637593,88 6
637593,88 2146
637593,88 11
639572,64 25 
640892,48 75 
642101,93 72 
642171,64 70 
643700,13 80 
645076,64 83 
645761,2 64 685
646001,71 74 219
646001,71 63 219
647013,01 151 
647036,97 69 
647948,71 93 
647968,33 103 
647968,33 101 
649997,47 100 
649997,47 6
649997,47 2146
649997,47 11
651981,69 25 
652354,2 75 
653563,47 72 
653633,36 70 
655162,64 80 
655525,54 83 
656544,95 64 1020
656745,65 74 181
656745,65 61 181
657254,21 150 
657272,5 68 
659282,72 92 
659282,72 65 
659297,66 103 
659297,66 101 
659825,14 100 
659825,14 6
659825,14 2146
659825,14 10
661803,09 25 
661910,11 75 
663117,67 72 
663189,36 70 
664716,2 80 
665787,78 83 
666675,93 64 888
666889,68 74 196
666889,68 63 196
668401,32 150 
668427,77 68 
668844,52 249
669135,88 92 
669135,88 65 
669159,23 103 
669159,23 101 
669696,1 100 
669696,1 6
669696,1 2146
669696,1 11
671678,82 25 
672039,02 75 
673245,34 72 
673318,33 70 
674838,27 80 
675210,3 83 
676100,15 64 890
676265,06 74 149
676265,06 61 149
677774,89 150 
677797,1 68 
679307,93 92 
679307,93 65 
679328,19 103 
679328,19 101 
679856,76 100 
679856,76 6
679856,76 2146
679856,76 10
681834,55 25 
682408 75 
683616,64 72 
683687,1 70 
685217,39 80 
686592,16 83 
686821,37 64 230
687039,02 74 194
687039,02 61 194
687547,06 151 
687565,85 69 
688477,06 93 
688497,61 103 
688497,61 101 
690525,87 100 
690525,87 6
690525,87 2146
690525,87 10
692510 25 
692537,34 75 
693745,84 72 
693816,13 70 
695349,23 80 
696441,2 83 
697015,59 64 575
697235,75 74 195
697235,75 63 195
698246,76 150 
698268,36 68 
698729,05 249
698979,3 92 
698979,3 65 
698999,75 103 
698999,75 101 
699537 100 
699537 6
699537 2146
699537 10
701519,41 25 
701919,56 75 
703128,2 72 
703198,79 70 
704719,7 80 
705090,91 83 
705888,63 64 798
706108,36 74 205
706108,36 63 205
707121,35 150 
707144,49 68 
708656,22 92 
708656,22 65 
708675,68 103 
708675,68 101 
709203,05 100 
709203,05 6
709203,05 2146
709203,05 10
711181,91 25 
711675,64 75 
712884,59 72 
712954,69 70 
714482,03 80 
715846,2 83 
716174,28 64 329
716370,26 74 178
716370,26 63 178
716881,36 150 
716900,33 68 
718911,1 92 
718911,1 65 
718924,58 103 
718924,58 101 
719452,73 100 
719452,73 6
719452,73 2146
719452,73 10
721430,84 25 
721764,4 75 
722973,85 72 
723296,83 70 
724962,02 80 
726241,97 83 
726632,08 64 390
726814,34 74 160
726814,34 63 160
728325,3 152 
728348,62 69 
729260,62 93 
729280,12 103 
729280,12 101 
731316,86 100 
731316,86 6
731316,86 2146
731316,86 11
733292,45 25 
733319,76 75 
734529,2 72 
734600,4 70 
736129,55 80 
737197,05 83 
737814,54 64 618
738019,57 74 183
738019,57 61 183
738526,97 150 
738544,48 68 
740053,54 92 
740053,54 65 
740075,49 103 
740075,49 101 
740604,34 100 
740604,34 6
740604,34 2146
740604,34 11
742581,81 25 
742928,78 75 
744135,21 72 
744207,84 70 
745739,31 80 
746113,22 83 
746978,97 64 866
747227,35 74 235
747227,35 61 235
748236,42 150 
748260,17 68 
748971,73 92 
748971,73 65 
748991,69 103 
748991,69 101 
749520,12 100 
749520,12 6
749520,12 2146
749520,12 11
751497,94 25 
752217,98 75 
753425,19 72 
753497,19 70 
755028,63 80 
756402,16 83 
756740,61 64 339
756927,42 74 166
756927,42 61 166
758435,89 150 
758455,77 68 
759366,28 92 
759366,28 65 
759387,2 103 
759387,2 101 
759919,85 100 
759919,85 6
759919,85 2146
759919,85 10
761906,83 25 
762307,07 75 
763515,87 72 
763586,29 70 
765108,48 80 
766184,64 83 
766757,75 64 574
766955,03 74 184
766955,03 63 184
767964,22 150 
767984,98 68 
768403,39 249
769995,69 92 
769995,69 65 
770009,31 103 
770009,31 101 
770539,2 100 
770539,2 6
770539,2 2146
770539,2 10
772515,66 25 
772729,18 75 
773937,91 72 
774008,35 70 
775543,07 80 
775927,18 83 
776815,25 64 889
777033,2 74 200
777033,2 63 200
778542,74 150 
778567,15 68 
778765,53 249
778895,16 173 
779275,86 92 
779275,86 65 
779298,69 103 
779298,69 101 
779824,94 100 
779824,94 6
779824,94 2146
779824,94 11
781804,96 25 
782125,2 75 
783332,93 72 
783404,36 70 
784941,26 80 
786309,34 83 
786999,54 64 691
787190,3 74 175
787190,3 63 175
787698,44 151 
787722,81 69 
789732,93 93 
789747,5 103 
789747,5 101 
791783,4 100 
791783,4 6
791783,4 2146
791783,4 11
793759,83 25 
793787,24 75 
794997,23 72 
795065,99 70 
796592,61 80 
797957,68 83 
798288,15 64 330
798490,71 74 187
798490,71 61 187
799501,55 150 
799531,52 68 
799695,64 249
801042,19 92 
801042,19 65 
801062,69 103 
801062,69 101 
801589,64 100 
801589,64 6
801589,64 2146
801589,64 10
803569,01 25 
804115,81 75 
805322,76 72 
805394,92 70 
806918,54 80 
807993,75 83 
808439,18 64 446
808641,74 74 182
808641,74 63 182
810150,98 150 
810180,23 68 
810581,97 249
811090,21 92 
811090,21 65 
811111,64 103 
811111,64 101 
811640,52 100 
811640,52 6
811640,52 2146
811640,52 11
813631,29 25 
813871,58 75 
815080,36 72 
815150,85 70 
816675,8 80 
817056,16 83 
818138,93 64 1083
818348,09 74 186
818348,09 61 186
818855,78 150 
818883,13 68 
819792,46 92 
819792,46 65 
819814,76 103 
819814,76 101 
820350,51 100 
820350,51 6
820350,51 2146
820350,51 10
822334,22 25 
822947,73 75 
824157,68 72 
824226,85 70 
825758,71 80 
827478,35 83 
827881,73 64 404
828062,51 74 158
828062,51 61 158
829576,02 151 
829598,6 69 
830309,59 93 
830330,11 103 
830330,11 101 
832356,65 100 
832356,65 6
832356,65 2146
832356,65 11
834342,37 25 
834369,79 75 
835577,02 72 
835648,6 70 
837178,57 80 
837554,04 83 
838716,12 64 1162
838902,02 74 162
838902,02 61 162
839912,48 152 
839940,44 69 
841949,52 93 
841965,07 103 
841965,07 101 
843992,91 100 
843992,91 6
843992,91 2146
843992,91 11
845977,39 25 
846004,84 75 
847213,7 72 
847283,69 70 
848816,26 80 
849895,4 83 
850585,72 64 691
850785,23 74 183
850785,23 63 183
851294,26 151 
851323,3 69 
852834,31 93 
852853,8 103 
852853,8 101 
854893,09 100 
854893,09 6
854893,09 2146
854893,09 11
856866,12 25 
856893,6 75 
858100,71 72 
858172,23 70 
859691,01 80 
860077,7 83 
860739,6 64 662
860948,99 74 192
860948,99 61 192
861457,71 150 
861478,21 68 
862985,91 92 
862985,91 65 
863009,43 103 
863009,43 101 
863535,98 100 
863535,98 6
863535,98 2146
863535,98 10
865515,7 25 
866142,52 75 
867351,54 72 
867421,66 70 
868950,83 80 
870326,64 83 
870749,98 64 424
870970,94 74 205
870970,94 63 205
872478,1 150 
872501,86 68 
873210,12 92 
873210,12 65 
873231,69 103 
873231,69 101 
873758,34 100 
873758,34 6
873758,34 2146
873758,34 10
875738,06 25 
876098,28 75 
877307,25 72 
877377,35 70 
878898,48 80 
879975,82 83 
880403,22 64 427
880596,38 74 168
880596,38 63 168
881604,78 150 
881629,61 68 
882540,76 92 
882540,76 65 
882561,01 103 
882561,01 101 
883094,94 100 
883094,94 6
883094,94 2146
883094,94 10
885080,62 25 
885107,9 75 
886316,05 72 
886386,85 70 
887915,08 80 
888985,25 83 
889334,15 64 349
889558,19 74 201
889558,19 63 201
890570,92 150 
890599,09 68 
892610,33 92 
892610,33 65 
892636,72 103 
892636,72 101 
893166,3 100 
893166,3 6
893166,3 2146
893166,3 10
895142,96 25 
895796,42 75 
897003,58 72 
897075,59 70 
898603,23 80 
899980,62 83 
900308,16 64 328
900560,58 74 234
900560,58 63 234
902068,77 150 
902087,48 68 
902524,13 249
904098,4 92 
904098,4 65 
904125,1 103 
904125,1 101 
904652,77 100 
904652,77 6
904652,77 2146
904652,77 11
906631,52 25 
906939,21 75 
908147,49 72 
908217,45 70 
909756,33 80 
910136,27 83 
910769,73 64 634
910996,06 74 207
910996,06 61 207
911504,39 150 
911523,52 68 
912234,06 92 
912234,06 65 
912254,96 103 
912254,96 101 
912791,76 100 
912791,76 6
912791,76 2146
912791,76 10
914774,59 25 
915228,25 75 
916436,83 72 
916507,21 70 
918036,97 80 
919092,36 83 
919555,5 64 464
919757,82 74 186
919757,82 61 186
920769,35 151 
920799,15 69 
921649,41 249 
922307,59 93 
922317,46 103 
922317,46 101 
924344,9 100 
924344,9 6
924344,9 2146
924344,9 11
926329,64 25 
926357,01 75 
927565,74 72 
927889,04 70 
929566,01 80 
930167,65 83 
931106,69 64 940
931335,09 74 208
931335,09 63 208
931845,28 151 
931874,66 69 
932781,37 93 
932792,8 103 
932792,8 101 
934822,69 100 
934822,69 6
934822,69 2146
934822,69 11
936805,1 25 
936832,41 75 
938042,01 72 
938111,38 70 
939638,1 80 
941016,31 83 
941360,05 64 344
941567,7 74 192
941567,7 61 192
943078,94 150 
943110,59 68 
943314,79 249
943437,65 171
945120,44 92 
945120,44 65 
945147,5 103 
945147,5 101 
945681,03 100 
945681,03 6
945681,03 2146
945681,03 10
947667,13 25 
947694,45 75 
948901,58 72 
948973,36 70 
950497,92 80 
951878,28 83 
952177,36 64 300
952410,94 74 213
952410,94 63 213
953919,96 150 
953945,23 68 
954325,52 249
954854,08 92 
954854,08 65 
954876,64 103 
954876,64 101 
955404,25 100 
955404,25 6
955404,25 2146
955404,25 11
957409,56 25 
957609,93 75 
958817,58 72 
958889,04 70 
960417,03 80 
961487,57 83 
961725,4 64 239
961944,4 74 204
961944,4 61 204
962954,49 150 
962981,39 68 
963049,46 249
964493,54 92 
964493,54 65 
964525,94 103 
964525,94 101 
965054,55 100 
965054,55 6
965054,55 2146
965054,55 10
967032,22 25 
967459,13 75 
968668,9 72 
968738,14 70 
970274,44 80 
970656,96 83 
971638,67 64 982
971846,29 74 190
971846,29 61 190
972353,89 151 
972377,31 69 
972453,9 249 
973087,77 93 
973108,85 103 
973108,85 101 
975145,1 100 
975145,1 6
975145,1 2146
975145,1 10
977121,15 25 
977148,69 75 
978356,16 72 
978427,38 70 
979966,66 80 
981039,21 83 
981748,3 64 710
981967,88 74 196
981967,88 63 196
982477,24 150 
982506,29 68 
983832,38 249
984016,29 92 
984016,29 65 
984037,49 103 
984037,49 101 
984566,06 100 
984566,06 6
984566,06 2146
984566,06 11
986543,81 25 
987237,23 75 
988447,04 72 
988516,43 70 
990047,17 80 
991407,97 83 
991685,93 64 278
991918,74 74 218
991918,74 61 218
993429,01 150 
993448,33 68 
994358,54 92 
994358,54 65 
994379,69 103 
994379,69 101 
994907,1 100 
994907,1 6
994907,1 2146
994907,1 11
996886,11 25 
997752,82 75 
998961,38 72 
999031,91 70 
1000556,37 80 
1000923,98 83 
1002235,99 64 1312
1002446,49 74 190
1002446,49 61 190
1003454,33 152 
1003483,95 69 
1004192,58 93 
1004215,5 103 
1004215,5 101 
1006250,77 100 
1006250,77 6
1006250,77 2146
1006250,77 10
1008227,94 25 
1008255,48 75 
1009464,38 72 
1009534,05 70 
1011062,5 80 
1012438,97 83 
1012694,55 64 256
1012909,74 74 191
1012909,74 63 191
1013918,61 150 
1013946,17 68 
1015955,47 92 
1015955,47 65 
1015970,45 103 
1015970,45 101 
1016499,5 100 
1016499,5 6
1016499,5 2146
1016499,5 11
1018476,77 25 
1018916,89 75 
1020125,02 72 
1020196,09 70 
1021720,09 80 
1022794,61 83 
1023159,66 64 366
1023323,6 74 143
1023323,6 61 143
1023833,7 150 
1023861,96 68 
1025871,18 92 
1025871,18 65 
1025886,19 103 
1025886,19 101 
1026414,08 100 
1026414,08 6
1026414,08 2146
1026414,08 10
1028392,62 25 
1028792,69 75 
1030003,42 72 
1030338,41 70 
1031973,95 80 
1032337,26 83 
1033297,52 64 961
1033527,04 74 204
1033527,04 63 204
1035037,16 150 
1035057,1 68 
1036568,19 92 
1036568,19 65 
1036588,24 103 
1036588,24 101 
1037123,18 100 
1037123,18 6
1037123,18 2146
1037123,18 10
1039107,93 25 
1039548,16 75 
1040757,39 72 
1040827,22 70 
1042361,74 80 
1043745,63 83 
1044116,56 64 372
1044327,5 74 196
1044327,5 63 196
1045339,26 150 
1045359,41 68 
1046267,83 92 
1046267,83 65 
1046290,77 103 
1046290,77 101 
1046819,05 100 
1046819,05 6
1046819,05 2146
1046819,05 11
1048797,12 25 
1049357,34 75 
1050568,27 72 
1050636,4 70 
1052166,66 80 
1052541,87 83 
1053464,31 64 923
1053690,84 74 203
1053690,84 61 203
1055201,27 150 
1055221,85 68 
1055933,58 92 
1055933,58 65 
1055953,37 103 
1055953,37 101 
1056482,6 100 
1056482,6 6
1056482,6 2146
1056482,6 10
1058472,99 25 
1059046,38 75 
1060253,9 72 
1060325,58 70 
1061857,56 80 
1062924,01 83 
1063402,32 64 478
1063696 74 279
1063696 63 279
1064206,88 150 
1064231,26 68 
1064633,78 249
1064942,1 92 
1064942,1 65 
1064962,78 103 
1064962,78 101 
1065499,36 100 
1065499,36 6
1065499,36 2146
1065499,36 11
1067482,44 25 
1068229,09 75 
1069437,57 72 
1069508,32 70 
1071037,16 80 
1072413,23 83 
1072864,16 64 451
1073064,25 74 184
1073064,25 61 184
1074072,77 150 
1074093,69 68 
1075605,67 92 
1075605,67 65 
1075624,86 103 
1075624,86 101 
1076151,26 100 
1076151,26 6
1076151,26 2146
1076151,26 11
1078131,2 25 
1078371,52 75 
1079580,5 72 
1079650,55 70 
1081178,03 80 
1082250,01 83 
1082834,79 64 586
1083020,36 74 172
1083020,36 61 172
1083532,63 150 
1083556,41 68 
1083733,54 249
1083987,45 171
1084464,84 92 
1084464,84 65 
1084487,71 103 
1084487,71 101 
1085015,33 100 
1085015,33 6
1085015,33 2146
1085015,33 11
1086993,99 25 
1087260,96 75 
1088469,24 72 
1088540,09 70 
1090066,53 80 
1090432,17 83 
1091485,01 64 1053
1091701,12 74 203
1091701,12 61 203
1093211,71 150 
1093232,15 68 
1095241,61 92 
1095241,61 65 
1095256,47 103 
1095256,47 101 
1095794,09 100 
1095794,09 6
1095794,09 2146
1095794,09 10
1097776,12 25 
1098309,58 75 
1099516,7 72 
1099588,68 70 
1101107,25 80 
1102493,74 83 
1102873,24 64 380
1103074,51 74 182
1103074,51 63 182
1103586,33 152 
1103614,39 69 
1104523,36 93 
1104532,54 103 
1104532,54 101 
1106561,87 100 
1106561,87 6
1106561,87 2146
1106561,87 10
1108544,74 25 
1108572,75 75 
1109779,78 72 
1109851,08 70 
1111386,18 80 
1112462,71 83 
1112828,8 64 366
1113027,9 74 179
1113027,9 63 179
1114037,4 150 
1114063,21 68 
1114772,26 92 
1114772,26 65 
1114794,72 103 
1114794,72 101 
1115323,12 100 
1115323,12 6
1115323,12 2146
1115323,12 11
1117300,97 25 
1117728,02 75 
1118938,42 72 
1119007,13 70 
1120527,43 80 
1120912,47 83 
1121877,36 64 966
1122097,18 74 198
1122097,18 61 198
1123607,13 150 
1123633,1 68 
1123708,18 249
1125142,79 92 
1125142,79 65 
1125163,62 103 
1125163,62 101 
1125699,33 100 
1125699,33 6
1125699,33 2146
1125699,33 10
1127683,2 25 
1127990,09 75 
1129199,35 72 
1129269,39 70 
1130799,93 80 
1132227,65 83 
1132808,93 64 582
1133070,26 74 244
1133070,26 63 244
1134578,51 150 
1134601,08 68 
1136608,56 92 
1136608,56 65 
1136625,41 103 
1136625,41 101 
1137152,5 100 
1137152,5 6
1137152,5 2146
1137152,5 10
1139131,75 25 
1139878,39 75 
1141089,15 72 
1141157,55 70 
1142686,46 80 
1143063,03 83 
1144364,49 64 1302
1144578,45 74 197
1144578,45 63 197
1145589,88 150 
1145609,77 68 
1146209,98 249
1147619,67 92 
1147619,67 65 
1147633,97 103 
1147633,97 101 
1148161,33 100 
1148161,33 6
1148161,33 2146
1148161,33 11
1150140,23 25 
1150860,28 75 
1152069,31 72 
1152139,57 70 
1153674,08 80 
1155057,85 83 
1155499,92 64 442
1155714,83 74 191
1155714,83 61 191
1156227,23 150 
1156245,07 68 
1157156,98 92 
1157156,98 65 
1157176,52 103 
1157176,52 101 
1157711,02 100 
1157711,02 6
1157711,02 2146
1157711,02 10
1159696,11 25 
1159883,13 75 
1161091,63 72 
1161162,26 70 
1162690,77 80 
1163054,38 83 
1164310,27 64 1257
1164534,51 74 201
1164534,51 63 201
1166042,95 150 
1166068,04 68 
1166778,88 92 
1166778,88 65 
1166799,07 103 
1166799,07 101 
1167326,32 100 
1167326,32 6
1167326,32 2146
1167326,32 11
1169305,41 25 
1170158,75 75 
1171368,19 72 
1171437,9 70 
1172960,43 80 
1174036,35 83 
1174791,57 64 756
1175009,17 74 200
1175009,17 61 200
1175517,57 150 
1175544,27 68 
1177056,31 92 
1177056,31 65 
1177074,68 103 
1177074,68 101 
1177602,58 100 
1177602,58 6
1177602,58 2146
1177602,58 10
1179580,99 25 
1179847,89 75 
1181057,06 72 
1181127,03 70 
1182644,95 80 
1184018,78 83 
1184218,17 64 199
1184420,09 74 188
1184420,09 61 188
1185430,4 151 
1185458,87 69 
1186169,02 93 
1186190,73 103 
1186190,73 101 
1188227,81 100 
1188227,81 6
1188227,81 2146
1188227,81 11
1190203,06 25 
1190230,18 75 
1191439,97 72 
1191509,39 70 
1193040,74 80 
1194121,08 83 
1194618,97 64 498
1194823,55 74 183
1194823,55 61 183
1196337,26 152 
1196361,31 69 
1198370,04 93 
1198385,51 103 
1198385,51 101 
1200414,86 100 
1200414,86 6
1200414,86 2146
1200414,86 10
1202397,85 25 
1202425,14 75 
1203633,58 72 
1203704,03 70 
1205234,15 80 
1206596,5 83 
1206927,74 64 332
1207152,05 74 197
1207152,05 63 197
1207659,33 150 
1207689,76 68 
1208599,57 92 
1208599,57 65 
1208621,13 103 
1208621,13 101 
1209148,49 100 
1209148,49 6
1209148,49 2146
1209148,49 11
1211127,4 25 
1211327,75 75 
1212534,56 72 
1212606,93 70 
1214138,44 80 
1214512,31 83 
1215634,16 64 1122
1215842,29 74 185
1215842,29 61 185
1216852,81 150 
1216872,64 68 
1218383,41 92 
1218383,41 65 
1218403,62 103 
1218403,62 101 
1218943,47 100 
1218943,47 6
1218943,47 2146
1218943,47 10
1220923,17 25 
1221363,63 75 
1222570,91 72 
1222642,64 70 
1224165,42 80 
1225241,04 83 
1225540,65 64 300
1225760,57 74 200
1225760,57 61 200
1226770,77 151 
1226789,16 69 
1227228,12 249 
1227736,76 181 
1228800,42 93 
1228812,5 103 
1228812,5 101 
1230840,16 100 
1230840,16 6
1230840,16 2146
1230840,16 11
1232824,78 25 
1232852,03 75 
1234059,15 72 
1234370,86 70 
1236006,41 80 
1236382,94 83 
1237179,32 64 797
1237385,61 74 190
1237385,61 61 190
1238895,48 150 
1238916,35 68 
1239627,8 92 
1239627,8 65 
1239647,83 103 
1239647,83 101 
1240176,11 100 
1240176,11 6
1240176,11 2146
1240176,11 11
1242154,16 25 
1242301,11 75 
1243510,72 72 
1243580,34 70 
1245098,4 80 
1246471,96 83 
1246716,48 64 245
1246924,5 74 187
1246924,5 61 187
1247432,69 150 
1247459,25 68 
1248367,14 92 
1248367,14 65 
1248390,73 103 
1248390,73 101 
1248926,78 100 
1248926,78 6
1248926,78 2146
1248926,78 11
1250910,36 25 
1251230,53 75 
1252438,05 72 
1252509,78 70 
1254035,53 80 
1254415,19 83 
1255298,16 64 883
1255522,34 74 202
1255522,34 61 202
1257029,99 150 
1257055,22 68 
1258568,01 92 
1258568,01 65 
1258586,35 103 
1258586,35 101 
1259114,8 100 
1259114,8 6
1259114,8 2146
1259114,8 11
1261092,72 25 
1261412,86 75 
1262619,61 72 
1262692,09 70 
1264216,57 80 
1265597,05 83 
1265977,05 64 380
1266180,67 74 184
1266180,67 63 184
1266690,56 151 
1266718,5 69 
1267426,93 93 
1267449,21 103 
1267449,21 101 
1269475,69 100 
1269475,69 6
1269475,69 2146
1269475,69 10
1271461,65 25 
1271489,78 75 
1272698,2 72 
1272767,75 70 
1274292,26 80 
1275366,4 83 
1275857,33 64 492
1276101,34 74 230
1276101,34 61 230
1277112,61 151 
1277139,52 69 
1277298,04 249 
1278050,47 93 
1278071,34 103 
1278071,34 101 
1280106,6 100 
1280106,6 6
1280106,6 2146
1280106,6 10
1282083,7 25 
1282110,92 75 
1283318,76 72 
1283389,86 70 
1284924,88 80 
1285295,34 83 
1286323,5 64 1029
1286533,05 74 185
1286533,05 63 185
1288042,79 150 
1288068,55 68 
1290081,78 92 
1290081,78 65 
1290106,17 103 
1290106,17 101 
1290633,16 100 
1290633,16 6
1290633,16 2146
1290633,16 10
1292613,36 25 
1292946,06 75 
1294155,27 72 
1294225,2 70 
1295757,94 80 
1296836,96 83 
1297374,82 64 538
1297603,5 74 207
1297603,5 63 207
1298617,02 152 
1298637,47 69 
1299187,76 249 
1300146,34 93 
1300168,52 103 
1300168,52 101 
1302197,77 100 
1302197,77 6
1302197,77 2146
1302197,77 10
1304180,85 25 
1304208,13 75 
1305415,5 72 
1305487 70 
1307009,06 80 
1308392,05 83 
1308801,63 64 410
1309033,39 74 216
1309033,39 63 216
1309544,91 150 
1309566,02 68 
1310048,31 249
1311077,11 92 
1311077,11 65 
1311097,19 103 
1311097,19 101 
1311631,92 100 
1311631,92 6
1311631,92 2146
1311631,92 11
1313616,77 25 
1314176,89 75 
1315385,92 72 
1315456,19 70 
1316991,23 80 
1317361,49 83 
1318378,24 64 1018
1318626,75 74 226
1318626,75 61 226
1319134,43 150 
1319162,1 68 
1319407,88 249
1319873,67 92 
1319873,67 65 
1319893,38 103 
1319893,38 101 
1320421,05 100 
1320421,05 3
1320421,05 2146
1320421,05 11
1320421,05 78 
1320421,05 198 
1322399,7 25 
1322813,24 75 
1324021,33 72 
1324093,97 70 
1325623,38 80 
1326690,89 83 
1327000 64 309
1327230,02 74 206
1327230,02 61 206
1328737,97 151 
1328757,8 69 
1329668,79 93 
1329689,15 103 
1329689,15 101 
1331716,66 100 
1331716,66 3
1331716,66 2146
1331716,66 11
1333701,51 25 
1333728,91 75 
1334937,22 72 
1335261,01 70 
1336946,67 80 
1338552,43 83 
1339224,72 64 673
1339409,39 74 163
1339409,39 62 163
1340420,37 151 
1340446,05 69 
1342456,11 93 
1342470,38 103 
1342470,38 101 
1344509,69 100 
1344509,69 3
1344509,69 2146
1344509,69 10
1346496,03 25 
1346523,32 75 
1347731,92 72 
1347802,3 70 
1349328,76 80 
1349694,34 83 
1350923,53 64 1230
1351129,75 74 183
1351129,75 63 183
1352639,8 151 
1352668,27 69 
1354677,65 93 
1354691,84 103 
1354691,84 101 
1356720,35 100 
1356720,35 3
1356720,35 2146
1356720,35 10
1358704,17 25 
1358731,45 75 
1359940,34 72 
1360010,33 70 
1361542,37 80 
1362928,62 83 
1363875,33 64 948
1364101,45 74 214
1364101,45 61 214
1364612,2 153 
1364635,71 68 
1365857,61 249
1366145,7 92 
1366145,7 65 
1366166,86 103 
1366166,86 101 
1366695,87 100 
1366695,87 3
1366695,87 2146
1366695,87 11
1368673,17 25 
1369020,15 75 
1370230,26 72 
1370299,24 70 
1371834,42 80 
1372897,66 83 
1373732,86 64 835
1373977,57 74 228
1373977,57 63 228
1374986,52 150 
1375017,9 68 
1375929,45 92 
1375929,45 65 
1375949,4 103 
1375949,4 101 
1376484,45 100 
1376484,45 3
1376484,45 2146
1376484,45 10
1378468,99 25 
1378935,75 75 
1380143,81 72 
1380214,98 70 
1381738,15 80 
1382107,11 83 
1383252,05 64 1145
1383466,24 74 201
1383466,24 63 201
1383977,61 151 
1384000,8 69 
1384709,27 93 
1384719,15 103 
1384719,15 101 
1386748,87 100 
1386748,87 3
1386748,87 2146
1386748,87 11
1388731,22 25 
1388758,96 75 
1389967,46 72 
1390037,42 70 
1391561,15 80 
1392635,91 83 
1393682,42 64 1047
1393855,83 74 154
1393855,83 62 154
1395367,11 151 
1395395,39 69 
1396307,29 93 
1396327,26 103 
1396327,26 101 
1398355,04 100 
1398355,04 3
1398355,04 2146
1398355,04 10
1400339,54 25 
1400366,9 75 
1401575,9 72 
1401645,84 70 
1403178,8 80 
1404564,07 83 
1405537,77 64 974
1405728,31 74 179
1405728,31 63 179
1406741,03 151 
1406764,57 69 
1408092,91 249 
1408273,68 93 
1408295,44 103 
1408295,44 101 
1410328,38 100 
1410328,38 3
1410328,38 2146
1410328,38 11
1412307,74 25 
1412335,28 75 
1413543,31 72 
1413613,95 70 
1415140,65 80 
1416505,62 83 
1416733,48 64 229
1416920,47 74 162
1416920,47 61 162
1417429,64 151 
1417453,03 69 
1419463,75 93 
1419477,31 103 
1419477,31 101 
1421504,77 100 
1421504,77 3
1421504,77 2146
1421504,77 10
1423489,67 25 
1423517,07 75 
1424726,88 72 
1424795,86 70 
1426320,45 80 
1426701,29 83 
1427858,47 64 1158
1428044,76 74 171
1428044,76 62 171
1429556,09 150 
1429581,13 68 
1430293,42 92 
1430293,42 65 
1430312,72 103 
1430312,72 101 
1430841,18 100 
1430841,18 3
1430841,18 2146
1430841,18 11
1432818,98 25 
1433139,2 75 
1434347,64 72 
1434418,41 70 
1435952,52 80 
1437030,18 83 
1437535,28 64 506
1437749,58 74 200
1437749,58 63 200
1438759,16 150 
1438778,07 68 
1439262,46 249
1440788,39 92 
1440788,39 65 
1440814,84 103 
1440814,84 101 
1441349,57 100 
1441349,57 3
1441349,57 2146
1441349,57 11
1443334,44 25 
1444001,16 75 
1445208,36 72 
1445520,33 70 
1447148,91 80 
1448212,06 83 
1448716,11 64 504
1448982,56 74 251
1448982,56 63 251
1449991,32 150 
1450012,39 68 
1450920,37 92 
1450920,37 65 
1450943,87 103 
1450943,87 101 
1451472,21 100 
1451472,21 3
1451472,21 2146
1451472,21 11
1453450,07 25 
1454210,14 75 
1455419,54 72 
1455489,32 70 
1457014,26 80 
1457381,55 83 
1458409,02 64 1028
1458598,08 74 164
1458598,08 63 164
1459106,58 150 
1459128,48 68 
1459651,15 249
1459837,49 92 
1459837,49 65 
1459859,98 103 
1459859,98 101 
1460387,33 100 
1460387,33 3
1460387,33 2146
1460387,33 11
1462366,31 25 
1462993,09 75 
1464203,25 72 
1464272,25 70 
1465801,07 80 
1467177,23 83 
1467560,58 64 384
1467742,91 74 166
1467742,91 62 166
1469250,96 151 
1469270,76 69 
1470781,95 93 
1470801,95 103 
1470801,95 101 
1472839,4 100 
1472839,4 3
1472839,4 2146
1472839,4 10
1474814,31 25 
1474841,98 75 
1476050,95 72 
1476120,51 70 
1477650,05 80 
1478012,54 83 
1494210,65 64 16199
1494436,8 74 205
1494436,8 63 205
1494948,1 151 
1494967,32 69 
1496975,53 93 
1496990,7 103 
1496990,7 101 
1499017,03 100 
1499017,03 3
1499017,03 2146
1499017,03 10
1501003,03 25 
1501031 75 
1502238,69 72 
1502309,34 70 
1503831,63 80 
1505200,89 83 
1505284,19 64 83
1505497,34 74 191
1505497,34 62 191
1506506,34 150 
1506534,82 68 
1507246,2 92 
1507246,2 65 
1507266,38 103 
1507266,38 101 
1507794,2 100 
1507794,2 3
1507794,2 2146
1507794,2 11
1509772,72 25 
1510359,45 75 
1511567,48 72 
1511638,66 70 
1513170,45 80 
1514250,43 83 
1514711,46 64 462
1514932,68 74 203
1514932,68 63 203
1516441,18 150 
1516464,6 68 
1516877,78 249
1517373,92 92 
1517373,92 65 
1517395,29 103 
1517395,29 101 
1517929,54 100 
1517929,54 3
1517929,54 2146
1517929,54 10
1519915,84 25 
1520301,82 75 
1521509,96 72 
1521581,04 70 
1523115,4 80 
1524499,34 83 
1524976,64 64 478
1525189,03 74 197
1525189,03 62 197
1525701,21 150 
1525726,55 68 
1527236,24 92 
1527236,24 65 
1527259,26 103 
1527259,26 101 
1527785,08 100 
1527785,08 3
1527785,08 2146
1527785,08 10
1529764,04 25 
1530057,63 75 
1531266,55 72 
1531336,85 70 
1532872,47 80 
1533242,36 83 
1534035,16 64 793
1534227,73 74 173
1534227,73 62 173
1535238,65 150 
1535269,88 68 
1536179,97 92 
1536179,97 65 
1536200,58 103 
1536200,58 101 
1536728,14 100 
1536728,14 3
1536728,14 2146
1536728,14 10
1538706,87 25 
1538827,26 75 
1540036,28 72 
1540108,04 70 
1541633,46 80 
1542704,82 83 
1543139,46 64 435
1543327,38 74 170
1543327,38 62 170
1544836,75 152 
1544864,98 69 
1546377,55 93 
1546396,22 103 
1546396,22 101 
1548433,37 100 
1548433,37 3
1548433,37 2146
1548433,37 11
1550408,76 25 
1550435,78 75 
1551643,3 72 
1551714,74 70 
1553243,87 80 
1554619,68 83 
1554725,84 64 106
1554978,37 74 239
1554978,37 63 239
1555488,77 150 
1555514,52 68 
1557378,6 249
1557526,6 92 
1557526,6 65 
1557551,43 103 
1557551,43 101 
1558079,47 100 
1558079,47 3
1558079,47 2146
1558079,47 11
1560057,69 25 
1560511,18 75 
1561717,76 72 
1561790,39 70 
1563315,2 80 
1564388,85 83 
1564876,9 64 488
1565064,85 74 170
1565064,85 62 170
1566573,62 151 
1566603,15 69 
1567310,52 93 
1567320,66 103 
1567320,66 101 
1569348,03 100 
1569348,03 3
1569348,03 2146
1569348,03 10
1571332,87 25 
1571360,87 75 
1572569,85 72 
1572639,1 70 
1574169,91 80 
1574531,21 83 
1575626,23 64 1096
1575657,95 256 
1575892,31 74 242
1575892,31 63 242
1576903,77 151 
1576932,04 69 
1577642,68 93 
1577662,8 103 
1577662,8 101 
1579694,9 100 
1579694,9 3
1579694,9 2146
1579694,9 10
1581675,12 25 
1581702,4 75 
1582912,51 72 
1582981,4 70 
1584517,81 80 
1585593,12 83 
1585968,75 64 376
1586147,51 74 155
1586147,51 62 155
1587155,48 150 
1587180,22 68 
1588092,38 92 
1588092,38 65 
1588111,65 103 
1588111,65 101 
1588639,36 100 
1588639,36 3
1588639,36 2146
1588639,36 10
1590617,94 25 
1590938,17 75 
1592146,54 72 
1592217,38 70 
1593745,73 80 
1595122,34 83 
1595519,36 64 398
1595706,29 74 171
1595706,29 62 171
1597217,75 150 
1597243,45 68 
1599255,6 92 
1599255,6 65 
1599280,27 103 
1599280,27 101 
1599809,89 100 
1599809,89 3
1599809,89 2146
1599809,89 10
1601786,52 25 
1602080,15 75 
1603288,3 72 
1603359,26 70 
1604882,36 80 
1605251,3 83 
1606185,7 64 935
1606371,76 74 161
1606371,76 62 161
1606881,45 150 
1606906 68 
1608414,73 92 
1608414,73 65 
1608436,26 103 
1608436,26 101 
1608975,75 100 
1608975,75 3
1608975,75 2146
1608975,75 11
1610955,87 25 
1611342,76 75 
1612550,01 72 
1612621,95 70 
1614150,75 80 
1615220,39 83 
1615773,15 64 553
1616015,22 74 222
1616015,22 63 222
1616523,44 150 
1616541,72 68 
1616989,98 249
1618050,26 92 
1618050,26 65 
1618072,15 103 
1618072,15 101 
1618599,47 100 
1618599,47 3
1618599,47 2146
1618599,47 11
1620578,46 25 
1621245,24 75 
1622452,24 72 
1622524,46 70 
1624070,36 80 
1625442,64 83 
1625570,8 64 129
1625819,99 74 231
1625819,99 63 231
1627331,89 152 
1627362,98 69 
1628131,7 249 
1629402,23 256 
1631170,87 183 
1633170,79 93 
1633185,61 103 
1633185,61 101 
1635213,59 100 
1635213,59 3
1635213,59 2146
1635213,59 10
1637197,93 25 
1637226,08 75 
1642161,44 250 
1642181,3 101 
1644195,09 100 
1644195,09 3
1644195,09 2146
1644195,09 10
1644195,09 25 
1644221,35 75 
1645430,01 72 
1645501,13 70 
1647029,73 80 
1647393,21 83 
1648126,52 64 734
1648299,43 74 161
1648299,43 62 161
1649309,25 150 
1649327,09 68 
1650235,91 92 
1650235,91 65 
1650258,32 103 
1650258,32 101 
1650794,75 100 
1650794,75 3
1650794,75 2146
1650794,75 11
1652777,89 25 
1652951,53 75 
1654160,02 72 
1654230,77 70 
1655761,24 80 
1656829,18 83 
1657060,75 64 232
1657312,86 74 231
1657312,86 63 231
1657824,39 150 
1657844,95 68 
1658311,75 249
1658554,88 92 
1658554,88 65 
1658574,77 103 
1658574,77 101 
1659102,13 100 
1659102,13 3
1659102,13 2146
1659102,13 11
1661081,02 25 
1661601,18 75 
1662810,9 72 
1662880,32 70 
1664415,38 80 
1664799,08 83 
1665820,1 64 1021
1666041,23 74 204
1666041,23 63 204
1667051,57 150 
1667079,31 68 
1667539,63 249
1669092,21 92 
1669092,21 65 
1669116,87 103 
1669116,87 101 
1669645,54 100 
1669645,54 3
1669645,54 2146
1669645,54 11
1671623,15 25 
1672196,63 75 
1673403,58 72 
1673475,85 70 
1675003,78 80 
1676367,56 83 
1676538,65 64 172
1676783,55 74 230
1676783,55 63 230
1678295,94 150 
1678314,49 68 
1679023,68 92 
1679023,68 65 
1679046,01 103 
1679046,01 101 
1679580,18 100 
1679580,18 3
1679580,18 2146
1679580,18 10
1681565,6 25 
1682605,51 75 
1683813,39 72 
1683884,7 70 
1685422,7 80 
1686496,46 83 
1686927,58 64 432
1687087,15 74 138
1687087,15 62 138
1688098,24 150 
1688123,52 68 
1689632,32 92 
1689632,32 65 
1689654,75 103 
1689654,75 101 
1690182,31 100 
1690182,31 3
1690182,31 2146
1690182,31 11
1692161,11 25 
1692481,24 75 
1693689,56 72 
1693760,53 70 
1695282,56 80 
1695665,95 83 
1696477,14 64 811
1696663,76 74 172
1696663,76 62 172
1698173 153 
1698200,82 68 
1699112,48 92 
1699112,48 65 
1699130,74 103 
1699130,74 101 
1699658,55 100 
1699658,55 3
1699658,55 2146
1699658,55 11
1701637,03 25 
1702397,08 75 
1703605,5 72 
1703676,27 70 
1705208,71 80 
1706594,47 83 
1706756,1 64 162
1706973,51 74 193
1706973,51 62 193
1707485,76 151 
1707516,14 69 
1709528,1 93 
1709539,6 103 
1709539,6 101 
1711574,15 100 
1711574,15 3
1711574,15 2146
1711574,15 10
1713551,86 25 
1713579,54 75 
1714786,18 72 
1714858,05 70 
1716384,58 80 
1717469,86 83 
1717816,53 64 347
1717983,61 74 141
1717983,61 62 141
1719494,86 150 
1719524,41 68 
1721034,07 92 
1721034,07 65 
1721054,63 103 
1721054,63 101 
1721582,82 100 
1721582,82 3
1721582,82 2146
1721582,82 11
1723560,97 25 
1724107,69 75 
1725314,65 72 
1725386,93 70 
1726916,01 80 
1727279,03 83 
1728662,42 64 1384
1728831,55 74 154
1728831,55 62 154
1729343 151 
1729373,3 69 
1730082,97 93 
1730104,05 103 
1730104,05 101 
1732131,03 100 
1732131,03 3
1732131,03 2146
1732131,03 10
1734116,38 25 
1734145,67 75 
1735354,29 72 
1735422,61 70 
1736951,7 80 
1738327,56 83 
1743010,49 64 4684
1743202,97 74 171
1743202,97 62 171
1744210,52 150 
1744233,6 68 
1744651,98 249
1745055,36 172 
1745142 92 
1745142 65 
1745164,25 103 
1745164,25 101 
1745705,01 100 
1745705,01 3
1745705,01 2146
1745705,01 10
1747683,86 25 
1748470,6 75 
1749678,29 72 
1749749,78 70 
1751279,11 80 
1753014,63 83 
1753366,43 64 353
1753530,44 74 143
1753530,44 62 143
1755043,9 150 
1755068,92 68 
1757078,95 92 
1757078,95 65 
1757105,96 103 
1757105,96 101 
1757634,07 100 
1757634,07 3
1757634,07 2146
1757634,07 10
1759612,13 25 
1760159 75 
1761367,4 72 
1761438,06 70 
1762970,55 80 
1764049,9 83 
1764499,71 64 450
1764665,11 74 149
1764665,11 62 149
1765178,14 150 
1765197,97 68 
1765906,63 92 
1765906,63 65 
1765928,65 103 
1765928,65 101 
1766458,05 100 
1766458,05 3
1766458,05 2146
1766458,05 10
1768434,98 25 
1768981,73 75 
1770191,11 72 
1770260,92 70 
1771785,28 80 
1772153,11 83 
1773006,88 64 854
1773167,39 74 135
1773167,39 62 135
1774178,3 150 
1774207,43 68 
1775119,17 92 
1775119,17 65 
1775151,42 103 
1775151,42 101 
1775685,4 100 
1775685,4 3
1775685,4 2146
1775685,4 10
1777670,98 25 
1778111,15 75 
1779318,01 72 
1779390,5 70 
1780920,46 80 
1782282,17 83 
1786461,94 64 4180
1786626,15 74 146
1786626,15 62 146
1787635,05 152 
1787655,32 69 
1789163,68 93 
1789185,38 103 
1789185,38 101 
1791214,08 100 
1791214,08 3
1791214,08 2146
1791214,08 10
1793197,71 25 
1793225,69 75 
1794434,43 72 
1794503,89 70 
1796024,08 80 
1797102,35 83 
1803994,25 64 6893
1804171,22 74 153
1804171,22 62 153
1805679,78 150 
1805700,69 68 
1807708,65 92 
1807708,65 65 
1807724,15 103 
1807724,15 101 
1808252,6 100 
1808252,6 3
1808252,6 2146
1808252,6 11
1810230,53 25 
1810710,51 75 
1811922,24 72 
1811989,78 70 
1813518,19 80 
1813895,16 83 
1814688,34 64 794
1814902,6 74 195
1814902,6 63 195
1815413,78 150 
1815443,02 68 
1815931,06 249
1816951,11 92 
1816951,11 65 
1816973,41 103 
1816973,41 101 
1817505,75 100 
1817505,75 3
1817505,75 2146
1817505,75 10
1819479,88 25 
1819760 75 
1820966,96 72 
1821039,23 70 
1822570,53 80 
1823651,07 83 
1824115 64 464
1824308,75 74 178
1824308,75 62 178
1825316,88 150 
1825344,68 68 
1826053,22 92 
1826053,22 65 
1826076,22 103 
1826076,22 101 
1826604,44 100 
1826604,44 3
1826604,44 2146
1826604,44 11
1828582,57 25 
1828769,61 75 
1829979,92 72 
1830048,67 70 
1831567,61 80 
1832927,26 83 
1833305,27 64 378
1833547,38 74 221
1833547,38 63 221
1835056,51 150 
1835074,4 68 
1835491,2 249
1835982,93 92 
1835982,93 65 
1836005,29 103 
1836005,29 101 
1836533,67 100 
1836533,67 3
1836533,67 2146
1836533,67 10
1838511,68 25 
1839218,44 75 
1840426,75 72 
1840497,52 70 
1842026,05 80 
1842402,99 83 
1843552,03 64 1149
1843719,36 74 144
1843719,36 62 144
1844232,14 150 
1844256,55 68 
1844682,19 249
1844969,27 92 
1844969,27 65 
1844988,1 103 
1844988,1 101 
1845523,59 100 
1845523,59 3
1845523,59 2146
1845523,59 11
1847494,53 25 
1847561,58 75 
1848769,38 72 
1848840,59 70 
1850368,55 80 
1850732,93 83 
1851768,18 64 1035
1851949,38 74 165
1851949,38 62 165
1852461,16 151 
1852480,49 69 
1854489,69 93 
1854504,03 103 
1854504,03 101 
1856530,66 100 
1856530,66 3
1856530,66 2146
1856530,66 11
1858516,34 25 
1868517,46 254 
1868537,92 101 
1870550,38 100 
1870550,38 3
1870550,38 2146
1870550,38 11
1870550,38 25 
1870578,54 75 
1871784,87 72 
1872097,22 70 
1873732,31 80 
1874815,65 83 
1875396,45 64 582
1875653,94 74 239
1875653,94 63 239
1876661,26 150 
1876682,73 68 
1877207,34 249
1878194,69 92 
1878194,69 65 
1878213,83 103 
1878213,83 101 
1878741,91 100 
1878741,91 3
1878741,91 2146
1878741,91 11
1880720,16 25 
1881160,37 75 
1882370,22 72 
1882439,58 70 
1883967,19 80 
1885331,15 83 
1885707,51 64 377
1885898,68 74 168
1885898,68 63 168
1887410,93 150 
1887438,05 68 
1888346,91 92 
1888346,91 65 
1888369,47 103 
1888369,47 101 
1888908,96 100 
1888908,96 3
1888908,96 2146
1888908,96 11
1890889,13 25 
1891275,99 75 
1892482,5 72 
1892555,17 70 
1894080,9 80 
1895140,38 83 
1895590,52 64 451
1895759,53 74 153
1895759,53 62 153
1896771,73 151 
1896794,38 69 
1898802,49 93 
1898818,31 103 
1898818,31 101 
1900846,53 100 
1900846,53 3
1900846,53 2146
1900846,53 10
1902830,67 25 
1902872,19 75 
1904081,29 72 
1904150,15 70 
1905673,93 80 
1907041,85 83 
1907295,22 64 253
1907456,16 74 148
1907456,16 62 148
1908967,78 152 
1908989,8 69 
1909901,54 93 
1909920,27 103 
1909920,27 101 
1911948,95 100 
1911948,95 3
1911948,95 2146
1911948,95 10
1913932,53 25 
1913960,07 75 
1915166,98 72 
1915238,78 70 
1916764 80 
1917130,92 83 
1918757,84 64 1627
1918961,04 74 178
1918961,04 61 178
1919472,85 151 
1919491,87 69 
1919630,67 249 
1920203,33 93 
1920222,55 103 
1920222,55 101 
1922258,79 100 
1922258,79 3
1922258,79 2146
1922258,79 11
1924234,83 25 
1924262,05 75 
1925471,85 72 
1925540,95 70 
1927072,09 80 
1928152,87 83 
1928651,12 64 498
1928881,09 74 209
1928881,09 63 209
1929392,34 150 
1929420,81 68 
1929861,56 249
1930934,31 92 
1930934,31 65 
1930951,22 103 
1930951,22 101 
1931479,04 100 
1931479,04 3
1931479,04 2146
1931479,04 10
1933457,58 25 
1933577,88 75 
1934787,7 72 
1934857,05 70 
1936381,32 80 
1937748,67 83 
1938154,76 64 407
1938382,15 74 207
1938382,15 63 207
1939394,92 151 
1939415,86 69 
1940127,04 93 
1940147,29 103 
1940147,29 101 
1942174,88 100 
1942174,88 3
1942174,88 2146
1942174,88 11
1944159,61 25 
1944187,41 75 
1945395,57 72 
1945465,78 70 
1946996,72 80 
1947371,19 83 
1956976,89 64 9606
1957192,19 74 199
1957192,19 63 199
1958703,71 150 
1958727,44 68 
1960735,73 92 
1960735,73 65 
1960751,76 103 
1960751,76 101 
1961285,76 100 
1961285,76 3
1961285,76 2146
1961285,76 11
1963271,41 25 
1963898,1 75 
1965107,55 72 
1965177,36 70 
1966708,11 80 
1967775,79 83 
1968491,48 64 716
1968680,66 74 172
1968680,66 62 172
1969191,06 151 
1969216,32 69 
1970724,97 93 
1970747,57 103 
1970747,57 101 
1972775,55 100 
1972775,55 3
1972775,55 2146
1972775,55 10
1974759,8 25 
1974788,02 75 
1975995,72 72 
1976265,93 70 
1977944,7 80 
1978531,12 83 
1979490,92 64 960
1979736,85 74 233
1979736,85 63 233
1980749,27 151 
1980772,17 69 
1981680,26 93 
1981702,78 103 
1981702,78 101 
1983730,33 100 
1983730,33 3
1983730,33 2146
1983730,33 10
1985715,08 25 
1988154,38 75 
1989364,33 72 
1989433,61 70 
1990958,38 80 
1992338,55 83 
1992992,89 64 655
1993193,7 74 176
1993193,7 61 176
1994703,74 151 
1994725,37 69 
1996736,54 93 
1996749,66 103 
1996749,66 101 
1998786,87 100 
1998786,87 3
1998786,87 2146
1998786,87 11
2000761,95 25 
2006066,7 75 
2007273,52 72 
2007345,87 70 
2008866,38 80 
2010250,87 83 
2010643,62 64 393
2010848,73 74 185
2010848,73 63 185
2012358,55 150 
2012385,2 68 
2013294,78 92 
2013294,78 65 
2013316 103 
2013316 101 
2013844,99 100 
2013844,99 3
2013844,99 2146
2013844,99 10
2015822,18 25 
2016289,33 75 
2017498,74 72 
2017568,16 70 
2019099,2 80 
2020180,02 83 
2021196,97 64 1017
2021439,35 74 221
2021439,35 63 221
2021947,6 151 
2021967,84 69 
2023479,3 93 
2023498,19 103 
2023498,19 101 
2025525,51 100 
2025525,51 3
2025525,51 2146
2025525,51 10
2027510,51 25 
2028497,12 75 
2029706,06 72 
2029776,24 70 
2031308,15 80 
2031681,75 83 
2032906,33 64 1225
2033082,69 74 162
2033082,69 62 162
2034093,62 152 
2034121,75 69 
2034831,71 93 
2034853,52 103 
2034853,52 101 
2036890,55 100 
2036890,55 3
2036890,55 2146
2036890,55 10
2038865,73 25 
2039932,27 75 
2041139,32 72 
2041211,34 70 
2042746,22 80 
2043130,13 83 
2047010,63 64 3881
2047207,67 74 173
2047207,67 62 173
2047715,49 150 
2047742,69 68 
2048505,19 249
2049753,39 92 
2049753,39 65 
2049767,04 103 
2049767,04 101 
2050293,32 100 
2050293,32 3
2050293,32 2146
2050293,32 11
2052273,22 25 
2056471,75 75 
2057678,5 72 
2057750,99 70 
2059272,25 80 
2060349,38 83 
2060808,23 64 459
2061003,6 74 175
2061003,6 63 175
2062512,69 150 
2062536,27 68 
2063443,5 92 
2063443,5 65 
2063467,72 103 
2063467,72 101 
2063995 100 
2063995 3
2063995 2146
2063995 11
2065973,95 25 
2066547,45 75 
2067756,42 72 
2067826,58 70 
2069364,85 80 
2070744,94 83 
2071145,23 64 401
2071339,35 74 182
2071339,35 63 182
2071466,87 256 
2076060,04 150 
2076077,61 68 
2076886,4 249
2077339,68 92 
2077339,68 65 
2077355,07 103 
2077355,07 101 
2077888,57 100 
2077888,57 3
2077888,57 2146
2077888,57 11
2079874,71 25 
2080448,11 75 
2081656,09 72 
2081980,6 70 
2083616,76 80 
2084712,24 83 
2085367,45 64 656
2085564,52 74 173
2085564,52 63 173
2086072,82 150 
2086099,52 68 
2086612,2 249
2087608,59 92 
2087608,59 65 
2087630,75 103 
2087630,75 101 
2088160,83 100 
2088160,83 3
2088160,83 2146
2088160,83 10
2090137,04 25 
2090910,39 75 
2092119,62 72 
2092189,48 70 
2093730,06 80 
2095122,1 83 
2095239,6 64 119
2095440,39 74 173
2095440,39 62 173
2096448,72 150 
2096468,38 68 
2097978,33 92 
2097978,33 65 
2097999,55 103 
2097999,55 101 
2098527,26 100 
2098527,26 3
2098527,26 2146
2098527,26 10
2100505,96 25 
2101705,84 75 
2102914,75 72 
2102984,89 70 
2104512,71 80 
2104876,92 83 
2106327,54 64 1451
2106536,94 74 194
2106536,94 61 194
2108048,35 151 
2108076,81 69 
2108784,53 93 
2108794,91 103 
2108794,91 101 
2110828,27 100 
2110828,27 3
2110828,27 2146
2110828,27 11
2112807,3 25 
2112834,56 75 
2114044,33 72 
2114113,47 70 
2115643,73 80 
2116005,61 83 
2117256,93 64 1252
2117505,15 74 234
2117505,15 63 234
2118517,38 150 
2118539,66 68 
2119021,8 249
2119451,79 92 
2119451,79 65 
2119470,34 103 
2119470,34 101 
2119997,15 100 
2119997,15 3
2119997,15 2146
2119997,15 11
2121976,59 25 
2122536,75 75 
2123744,49 72 
2123815,92 70 
2125334,25 80 
2126694,35 83 
2127155,08 64 461
2127387,91 74 214
2127387,91 63 214
2127896,86 150 
2127921,57 68 
2128442,86 249
2129932,29 92 
2129932,29 65 
2129945,86 103 
2129945,86 101 
2130474,39 100 
2130474,39 5
2130474,39 2146
2130474,39 10
2130474,39 78 
2130474,39 198 
2132452,19 25 
2134758,29 75 
2135966,89 72 
2136037,39 70 
2137562,16 80 
2138635,83 83 
2139181,49 64 546
2139346,25 74 152
2139346,25 62 152
2140857,07 151 
2140875,99 69 
2141785,18 93 
2141807,51 103 
2141807,51 101 
2143841,53 100 
2143841,53 5
2143841,53 2146
2143841,53 10
2145819,75 25 
2145847,13 75 
2147054,77 72 
2147125,98 70 
2148657,37 80 
2149724,38 83 
2150606,12 64 882
2150775,62 74 146
2150775,62 62 146
2152286,98 153 
2152311,06 68 
2153821,48 92 
2153821,48 65 
2153842,26 103 
2153842,26 101 
2154371 100 
2154371 5
2154371 2146
2154371 10
2156348,6 25 
2156628,75 75 
2157836,3 72 
2157907,98 70 
2159434,48 80 
2160812,96 83 
2161225,23 64 412
2161410,47 74 172
2161410,47 63 172
2161922,46 150 
2161947,9 68 
2162659,3 92 
2162659,3 65 
2162678,46 103 
2162678,46 101 
2163204,89 100 
2163204,89 5
2163204,89 2146
2163204,89 11
2165184,73 25 
2165811,65 75 
2167020,8 72 
2167090,68 70 
2168620,43 80 
2168982,89 83 
2170123,05 64 1140
2170308,12 74 166
2170308,12 62 166
2171318,68 150 
2171342,96 68 
2173355,54 92 
2173355,54 65 
2173380,54 103 
2173380,54 101 
2173920,49 100 
2173920,49 5
2173920,49 2146
2173920,49 10
2175900,17 25 
2176340,37 75 
2177547,51 72 
2177619,53 70 
2179143,48 80 
2180524,51 83 
2181470,32 64 947
2181960,81 74 477
2181960,81 62 477
2182969,91 151 
2182991,63 69 
2184503,25 93 
2184522,42 103 
2184522,42 101 
2186550,53 100 
2186550,53 5
2186550,53 2146
2186550,53 11
2188534,71 25 
2188562,17 75 
2189770,93 72 
2190054,19 70 
2191748,46 80 
2192332,75 83 
2554901,07 64 362568
2555103,6 74 180
2555103,6 61 180
2555610,51 151 
2555632,13 69 
2556342,03 93 
2556362,91 103 
2556362,91 101 
2558391,95 100 
2558391,95 5
2558391,95 2146
2558391,95 11
2560375,18 25 
2560402,73 75 
2561610,61 72 
2561894,66 70 
2563566 80 
2564866,33 83 
2567458,34 64 2593
2567647,16 74 169
2567647,16 62 169
2569155,83 150 
2569186,37 68 
2570093,5 92 
2570093,5 65 
2570116,97 103 
2570116,97 101 
2570651,99 100 
2570651,99 5
2570651,99 2146
2570651,99 11
2572636,57 25 
2572730,3 75 
2573937,07 72 
2574009,45 70 
2575532,95 80 
2575901,56 83 
2576835,36 64 935
2577011,69 74 151
2577011,69 62 151
2578024,26 150 
2578048,38 68 
2580057,13 92 
2580057,13 65 
2580072,71 103 
2580072,71 101 
2580600,63 100 
2580600,63 5
2580600,63 2146
2580600,63 10
2582592,32 25 
2582792,71 75 
2583999,23 72 
2584071,76 70 
2585601,62 80 
2586976,74 83 
2587374,29 64 398
2587618,59 74 229
2587618,59 63 229
2589126,25 150 
2589151,09 68 
2590059,24 92 
2590059,24 65 
2590081,76 103 
2590081,76 101 
2590611,47 100 
2590611,47 5
2590611,47 2146
2590611,47 11
2592588,15 25 
2592881,64 75 
2594091,09 72 
2594160,84 70 
2595695,63 80 
2596772,57 83 
2597399,61 64 628
2597600,16 74 188
2597600,16 63 188
2598108,53 151 
2598133,98 69 
2598845,71 93 
2598864,62 103 
2598864,62 101 
2600902,71 100 
2600902,71 5
2600902,71 2146
2600902,71 10
2602877,04 25 
2602904,31 75 
2604113,86 72 
2604183,15 70 
2605705,9 80 
2606781,61 83 
2607423,14 64 642
2607608,65 74 161
2607608,65 62 161
2608118,3 151 
2608142,52 69 
2610153,93 93 
2610166,46 103 
2610166,46 101 
2612196 100 
2612196 5
2612196 2146
2612196 10
2614178,78 25 
2614206,06 75 
2615416,13 72 
2615485 70 
2617012 80 
2618390,01 83 
2618713,12 64 323
2618877,19 74 142
2618877,19 62 142
2619887,9 151 
2619911,2 69 
2621418,65 93 
2621441,64 103 
2621441,64 101 
2623470,23 100 
2623470,23 5
2623470,23 2146
2623470,23 11
2625453,94 25 
2625481,39 75 
2626688,99 72 
2626760,14 70 
2628284,77 80 
2628652,26 83 
2629630,13 64 978
2629789,54 74 138
2629789,54 62 138
2631301,61 150 
2631332,95 68 
2632245,35 92 
2632245,35 65 
2632263,86 103 
2632263,86 101 
2632797,03 100 
2632797,03 5
2632797,03 2146
2632797,03 11
2634783,29 25 
2635143,56 75 
2636352,56 72 
2636422,62 70 
2637952,48 80 
2638328,09 83 
2639325,53 64 998
2639515,72 74 175
2639515,72 62 175
2640027,72 150 
2640049,32 68 
2641561,29 92 
2641561,29 65 
2641579,67 103 
2641579,67 101 
2642107,2 100 
2642107,2 5
2642107,2 2146
2642107,2 11
2644085,93 25 
2644366,2 75 
2645575,46 72 
2645645,36 70 
2647175,61 80 
2648537,03 83 
2648573,69 64 37
2648756,02 74 166
2648756,02 62 166
2650264,62 152 
2650284,56 69 
2650991,83 93 
2651002,28 103 
2651002,28 101 
2653030,48 100 
2653030,48 5
2653030,48 2146
2653030,48 11
2655014,56 25 
2655055,68 75 
2656263,55 72 
2656334,12 70 
2657864,43 80 
2658932,61 83 
2659762,29 64 831
2659923,1 74 138
2659923,1 62 138
2660933,86 150 
2660960,59 68 
2662972,6 92 
2662972,6 65 
2662997,43 103 
2662997,43 101 
2663537,07 100 
2663537,07 5
2663537,07 2146
2663537,07 10
2665516,77 25 
2665943,59 75 
2667154,19 72 
2667476 70 
2669160,86 80 
2669741,29 83 
2670793,81 64 1053
2671024,07 74 217
2671024,07 63 217
2672032,73 150 
2672062,39 68 
2673572,43 92 
2673572,43 65 
2673592,6 103 
2673592,6 101 
2674119,91 100 
2674119,91 5
2674119,91 2146
2674119,91 10
2676098,9 25 
2676539,08 75 
2677749,19 72 
2677818,21 70 
2679343,41 80 
2680709,97 83 
2681019,36 64 310
2681208,93 74 166
2681208,93 62 166
2681719,88 151 
2681738,04 69 
2682447,72 93 
2682468,77 103 
2682468,77 101 
2684496,03 100 
2684496,03 5
2684496,03 2146
2684496,03 11
2686481,09 25 
2686508,38 75 
2687717,17 72 
2687787,27 70 
2689319,48 80 
2690399,07 83 
2694821,17 64 4422
2695005,86 74 169
2695005,86 62 169
2696516,2 150 
2696544,98 68 
2697457,69 92 
2697457,69 65 
2697475,66 103 
2697475,66 101 
2698007,72 100 
2698007,72 5
2698007,72 2146
2698007,72 10
2699982,25 25 
2700382,18 75 
2701590,54 72 
2701661,37 70 
2703185,66 80 
2703553,42 83 
2704499,78 64 947
2704708,86 74 196
2704708,86 63 196
2706219,85 150 
2706247,63 68 
2708256,43 92 
2708256,43 65 
2708271,19 103 
2708271,19 101 
2708799,06 100 
2708799,06 5
2708799,06 2146
2708799,06 11
2710777,4 25 
2711364,14 75 
2712571,62 72 
2712643,35 70 
2714161,79 80 
2715548,29 83 
2715980,12 64 432
2716160,9 74 160
2716160,9 62 160
2717169,23 150 
2717189,45 68 
2719201,35 92 
2719201,35 65 
2719226,33 103 
2719226,33 101 
2719752,89 100 
2719752,89 5
2719752,89 2146
2719752,89 11
2721732,6 25 
2721959,6 75 
2723167,4 72 
2723238,71 70 
2724771,45 80 
2725850,49 83 
2726117,32 64 268
2726302,94 74 173
2726302,94 62 173
2726812,47 150 
2726838,74 68 
2728350,33 92 
2728350,33 65 
2728369,09 103 
2728369,09 101 
2728904,79 100 
2728904,79 5
2728904,79 2146
2728904,79 10
2730888,69 25 
2731062,51 75 
2732270,36 72 
2732341,53 70 
2733869,26 80 
2734939,98 83 
2735147,28 64 208
2735389,27 74 224
2735389,27 63 224
2736899,63 150 
2736927,72 68 
2737636,88 92 
2737636,88 65 
2737658,45 103 
2737658,45 101 
2738185,87 100 
2738185,87 5
2738185,87 2146
2738185,87 10
2740164,78 25 
2740418,34 75 
2741625,34 72 
2741697,53 70 
2743223,16 80 
2743602,95 83 
2744473,08 64 870
2744700,33 74 205
2744700,33 63 205
2745712,62 150 
2745737,27 68 
2746203,63 249
2746647,4 92 
2746647,4 65 
2746667,88 103 
2746667,88 101 
2747198,62 100 
2747198,62 5
2747198,62 2146
2747198,62 10
2749174,16 25 
2749680,99 75 
2750889,86 72 
2750960,2 70 
2752484,18 80 
2753851,85 83 
2754694,22 64 842
2754914,7 74 197
2754914,7 63 197
2755426,47 150 
2755452,32 68 
2756161,39 92 
2756161,39 65 
2756183,81 103 
2756183,81 101 
2756719,61 100 
2756719,61 5
2756719,61 2146
2756719,61 11
2758703,45 25 
2759276,93 75 
2760487,37 72 
2760556,09 70 
2762076,37 80 
2763141,36 83 
2763627,5 64 487
2763797,52 74 151
2763797,52 62 151
2764309,32 150 
2764329,34 68 
2765241,11 92 
2765241,11 65 
2765259,9 103 
2765259,9 101 
2765788,08 100 
2765788,08 5
2765788,08 2146
2765788,08 11
2767766,19 25 
2768246,44 75 
2769455,7 72 
2769778,89 70 
2771412,51 80 
2772790,38 83 
2773606,87 64 817
2773775,9 74 146
2773775,9 62 146
2774792,9 150 
2774818,1 68 
2776831,55 92 
2776831,55 65 
2776854,96 103 
2776854,96 101 
2777384,11 100 
2777384,11 5
2777384,11 2146
2777384,11 10
2779361,21 25 
2779522,56 75 
2780733,05 72 
2780800,75 70 
2782333,87 80 
2782706,4 83 
2783689,76 64 984
2783891,33 74 186
2783891,33 63 186
2785405,37 150 
2785426,86 68 
2786014,21 249
2786935,91 92 
2786935,91 65 
2786957,29 103 
2786957,29 101 
2787496,88 100 
2787496,88 5
2787496,88 2146
2787496,88 10
2789476,97 25 
2790077,05 75 
2791285,09 72 
2791356,24 70 
2792878,61 80 
2793941,44 83 
2794446,96 64 506
2794670,73 74 210
2794670,73 63 210
2796180,4 150 
2796208,17 68 
2796921,04 92 
2796921,04 65 
2796939,81 103 
2796939,81 101 
2797467,6 100 
2797467,6 5
2797467,6 2146
2797467,6 11
2799445,96 25 
2800245,99 75 
2801454,55 72 
2801525,23 70 
2803058,31 80 
2803443,98 83 
2804147,52 64 704
2804329,23 74 167
2804329,23 62 167
2804841,97 152 
2804871,45 69 
2806382,84 93 
2806402,24 103 
2806402,24 101 
2808429,59 100 
2808429,59 5
2808429,59 2146
2808429,59 10
2810414,6 25 
2810442,38 75 
2811650,59 72 
2811720,75 70 
2813255,96 80 
2814625,77 83 
2815441,09 64 815
2815706,02 74 241
2815706,02 63 241
2816717,74 150 
2816746,71 68 
2818203,21 249
2818757,75 92 
2818757,75 65 
2818783,62 103 
2818783,62 101 
2819319,94 100 
2819319,94 5
2819319,94 2146
2819319,94 10
2821303,26 25 
2821730,12 75 
2822940,09 72 
2823009,25 70 
2824526,62 80 
2825594,38 83 
2826047,56 64 454
2826263,66 74 203
2826263,66 63 203
2827273,72 150 
2827301,48 68 
2828213,1 92 
2828213,1 65 
2828232,92 103 
2828232,92 101 
2828760,1 100 
2828760,1 5
2828760,1 2146
2828760,1 11
2830739,17 25 
2832272,34 75 
2833482,2 72 
2833551,44 70 
2835083,13 80 
2835456,82 83 
2836302,28 64 845
2836482,79 74 160
2836482,79 62 160
2836995,67 150 
2837018,2 68 
2837927,5 92 
2837927,5 65 
2837948,77 103 
2837948,77 101 
2838476,33 100 
2838476,33 5
2838476,33 2146
2838476,33 10
2840455,09 25 
2841041,81 75 
2842252,13 72 
2842321,04 70 
2843851,59 80 
2845226 83 
2846089,27 64 863
2846365,48 74 261
2846365,48 63 261
2847873,67 150 
2847893,5 68 
2848041,23 249
2848222,93 173 
2848601,71 92 
2848601,71 65 
2848624,16 103 
2848624,16 101 
2849158,76 100 
2849158,76 5
2849158,76 2146
2849158,76 10
2851143,82 25 
2851770,71 75 
2852978,85 72 
2853049,75 70 
2854582,52 80 
2855648,21 83 
2856600,25 64 953
2856818,12 74 197
2856818,12 63 197
2858331,4 150 
2858354,81 68 
2859864,89 92 
2859864,89 65 
2859886,05 103 
2859886,05 101 
2860413,41 100 
2860413,41 5
2860413,41 2146
2860413,41 10
2862392,3 25 
2862712,53 75 
2863920,69 72 
2863991,66 70 
2865523,29 80 
2866910 83 
2867376,06 64 466
2867603,79 74 214
2867603,79 63 214
2868614,1 152 
2868644,18 69 
2870656,18 93 
2870668,07 103 
2870668,07 101 
2872696,66 100 
2872696,66 5
2872696,66 2146
2872696,66 11
2874680,33 25 
2874707,75 75 
2875919,14 72 
2875986,62 70 
2877508,49 80 
2877878,6 83 
2879715,97 64 1838
2879947,68 74 217
2879947,68 62 217
2880455,37 150 
2880479,39 68 
2881988,73 92 
2881988,73 65 
2882009,87 103 
2882009,87 101 
2882545,26 100 
2882545,26 5
2882545,26 2146
2882545,26 11
2884529,44 25 
2885102,99 75 
2886313,07 72 
2886382,1 70 
2887913 80 
2888274,23 83 
2888997,96 64 724
2889193,31 74 174
2889193,31 62 174
2890204,58 150 
2890235,15 68 
2891146,35 92 
2891146,35 65 
2891165,96 103 
2891165,96 101 
2891694,77 100 
2891694,77 5
2891694,77 2146
2891694,77 11
2893672,2 25 
2893952,5 75 
2895162,7 72 
2895231,64 70 
2896753,28 80 
2897817,03 83 
2898288,77 64 472
2898450,35 74 141
2898450,35 62 141
2899959,45 150 
2899989,91 68 
2900700,01 92 
2900700,01 65 
2900721,79 103 
2900721,79 101 
2901249,76 100 
2901249,76 5
2901249,76 2146
2901249,76 11
2903228,14 25 
2903934,9 75 
2905143,14 72 
2905213,98 70 
2906746,54 80 
2908119,02 83 
2908272,02 64 153
2908308,43 256 
2908594,03 74 302
2908594,03 62 302
2909103,42 150 
2909133,73 68 
2911145,18 92 
2911145,18 65 
2911170,67 103 
2911170,67 101 
2911710,1 100 
2911710,1 5
2911710,1 2146
2911710,1 11
2913717 25 
2913783,96 75 
2914993,71 72 
2915063,12 70 
2916585,42 80 
2917661,59 83 
2919052,09 64 1391
2919238,29 74 165
2919238,29 62 165
2920747,35 150 
2920768,91 68 
2921482,04 92 
2921482,04 65 
2921499,56 103 
2921499,56 101 
2922027,57 100 
2922027,57 5
2922027,57 2146
2922027,57 10
2924005,86 25 
2928777,48 75 
2929987,4 72 
2930056,75 70 
2931585,41 80 
2932949,32 83 
2933382,53 64 435
2933584,17 74 183
2933584,17 63 183
2934596,86 150 
2934616,19 68 
2935206,43 249
2936626,81 92 
2936626,81 65 
2936639,72 103 
2936639,72 101 
2937166,81 100 
2937166,81 5
2937166,81 2146
2937166,81 11
2939146,04 25 
2939346,4 75 
2940554,7 72 
2940625,63 70 
2942147,68 80 
2942517,91 83 
2943494,65 64 977
2943694,93 74 178
2943694,93 62 178
2944205,16 150 
2944224,71 68 
2945137,21 92 
2945137,21 65 
2945156,14 103 
2945156,14 101 
2945689,66 100 
2945689,66 5
2945689,66 2146
2945689,66 10
2947675,69 25 
2948169,26 75 
2949379,06 72 
2949448,42 70 
2950978,39 80 
2952340,23 83 
2952875,21 64 535
2953095,27 74 196
2953095,27 63 196
2953606,78 150 
2953634,66 68 
2954766,33 249
2955142,7 92 
2955142,7 65 
2955165,09 103 
2955165,09 101 
2955692,72 100 
2955692,72 5
2955692,72 2146
2955692,72 11
2957671,44 25 
2958351,5 75 
2959562,32 72 
2959630,68 70 
2961163,14 80 
2962255,8 83 
2962945,57 64 690
2963151,99 74 190
2963151,99 63 190
2964159,59 151 
2964190,19 69 
2964901,11 93 
2964920,96 103 
2964920,96 101 
2966949,87 100 
2966949,87 5
2966949,87 2146
2966949,87 10
2968933,32 25 
2968960,59 75 
2970168,79 72 
2970239,46 70 
2971772,78 80 
2972158,19 83 
2973223,49 64 1066
2973422,5 74 185
2973422,5 63 185
2974935,06 150 
2974958,08 68 
2976398,04 249
2976969,83 92 
2976969,83 65 
2976982,43 103 
2976982,43 101 
2979502,88 102 
