57,05 100 
57,05 2
57,05 2125
57,05 10
2025,55 25 
2450,25 75 
3658,24 72 
3902,76 70 
5330,09 80 
6522,24 250 
6541,93 101 
8554,91 100 
8554,91 2
8554,91 2125
8554,91 10
8554,91 25 
9236,43 75 
10442,55 72 
10634,16 70 
12156,46 80 
13525,73 83 
14266,57 64 740
14298,14 256 
14605,12 74 319
14605,12 63 319
15615,61 151 
15645,28 69 
17654,4 93 
17672,41 103 
17672,41 101 
19699,65 100 
19699,65 2
19699,65 2125
19699,65 10
21682,84 25 
21710,65 75 
22917,21 72 
22988,94 70 
24509,46 80 
24867,69 83 
25883,95 64 1016
26113,29 74 205
26113,29 61 205
26622,99 150 
26640,74 68 
28153,12 92 
28153,12 65 
28172,63 103 
28172,63 101 
28699,11 100 
28699,11 2
28699,11 2125
28699,11 10
30679,02 25 
30707,12 75 
31916,24 72 
31985,28 70 
33497,81 80 
34557,05 83 
34944,92 64 388
35120,72 74 151
35120,72 61 151
36628,47 150 
36650,56 68 
37361,31 92 
37361,31 65 
37382,15 103 
37382,15 101 
37912,34 100 
37912,34 2
37912,34 2125
37912,34 11
39888,59 25 
40062,05 75 
41271,84 72 
41341,31 70 
42857,86 80 
43220,08 83 
44215,26 64 996
44415,13 74 181
44415,13 62 181
45424,47 151 
45446,92 69 
46355,74 93 
46378,39 103 
46378,39 101 
48406,26 100 
48406,26 2
48406,26 2125
48406,26 11
50390,72 25 
50418,03 75 
51627,11 72 
51696,93 70 
53212,99 80 
54268,8 83 
54953,74 64 685
55184,99 74 210
55184,99 61 210
56694,1 151 
56723,09 69 
58716,46 249 
58737,68 256 
62543,67 183 
70006,48 93 
70021,89 103 
70021,89 101 
72049,5 100 
72049,5 2
72049,5 2125
72049,5 10
74034,2 25 
74061,8 75 
75269,67 72 
75340,46 70 
76855,96 80 
78218,79 83 
78600,36 64 380
78784,35 74 167
78784,35 61 167
79296,84 150 
79326,1 68 
80036,66 92 
80036,66 65 
80057,81 103 
80057,81 101 
80588,21 100 
80588,21 2
80588,21 2125
80588,21 11
82563,93 25 
82591,15 75 
83798,33 72 
83870,16 70 
85386,95 80 
85749,02 83 
86705,39 64 957
86889,63 74 168
86889,63 62 168
87900,33 151 
87922,99 69 
89336,17 249 
89434,89 93 
89453,71 103 
89453,71 101 
91482,09 100 
91482,09 2
91482,09 2125
91482,09 11
93466,08 25 
93493,43 75 
94702,95 72 
94772,27 70 
96293,24 80 
97663,98 83 
97779,32 64 116
98061,78 74 265
98061,78 63 265
98569,35 152 
98598,13 69 
99509,19 93 
99529,51 103 
99529,51 101 
101558,99 100 
101558,99 2
101558,99 2125
101558,99 10
103541,91 25 
103569,86 75 
104778,24 72 
104848,05 70 
106363,87 80 
107419,9 83 
107865 64 445
108060,92 74 175
108060,92 61 175
109569,66 150 
109593,63 68 
111602,66 92 
111602,66 65 
111617,77 103 
111617,77 101 
112150,01 100 
112150,01 2
112150,01 2125
112150,01 11
114137,41 25 
114444,33 75 
115652,71 72 
115843,51 70 
117460,3 80 
118015,45 83 
119107,85 64 1093
119314,25 74 193
119314,25 63 193
120326,28 150 
120349,79 68 
120843,21 249
121259,35 92 
121259,35 65 
121280,42 103 
121280,42 101 
121809,93 100 
121809,93 2
121809,93 2125
121809,93 10
123800,14 25 
123987,09 75 
125195,25 72 
125386,15 70 
126995,22 80 
128184,75 83 
128638,4 64 454
128795,58 74 145
128795,58 61 145
130306,69 150 
130331,44 68 
131841,65 92 
131841,65 65 
131862,66 103 
131862,66 101 
132389,24 100 
132389,24 2
132389,24 2125
132389,24 11
134369,01 25 
134809,14 75 
136017,05 72 
136088,39 70 
137602,08 80 
138953,4 83 
139363,5 64 411
139583,66 74 204
139583,66 63 204
140093,82 150 
140114,06 68 
140581,55 249
140823 92 
140823 65 
140845,59 103 
140845,59 101 
141380,79 100 
141380,79 2
141380,79 2125
141380,79 11
143365,25 25 
143565,58 75 
144776,61 72 
144844,68 70 
146355,34 80 
146710,29 83 
147858,58 64 1149
148067,02 74 184
148067,02 63 184
149579,95 150 
149603,37 68 
150118,15 249
150511,39 92 
150511,39 65 
150534,86 103 
150534,86 101 
151061,35 100 
151061,35 2
151061,35 2125
151061,35 10
153041,15 25 
153294,73 75 
154500,68 72 
154573,93 70 
156090,8 80 
157145,75 83 
157681,57 64 536
157890,34 74 186
157890,34 61 186
158402,81 150 
158426,37 68 
158934,25 249
159934,43 92 
159934,43 65 
159957,62 103 
159957,62 101 
160484,14 100 
160484,14 2
160484,14 2125
160484,14 10
162463,92 25 
162930,78 75 
164138,66 72 
164209,96 70 
165718,25 80 
167075,01 83 
167819,71 64 745
167982,22 74 148
167982,22 61 148
168991,27 150 
169021,91 68 
169733,44 92 
169733,44 65 
169753,5 103 
169753,5 101 
170287,24 100 
170287,24 2
170287,24 2125
170287,24 11
172273,11 25 
172446,74 75 
173656,46 72 
173725,94 70 
175240,7 80 
175591,63 83 
176633,67 64 1043
176882,25 74 225
176882,25 63 225
177391,96 150 
177418,46 68 
177811,31 249
179426,82 92 
179426,82 65 
179442,78 103 
179442,78 101 
179970,08 100 
179970,08 2
179970,08 2125
179970,08 10
181949,09 25 
182349,51 75 
183558,68 72 
183628,47 70 
185137,05 80 
186493,61 83 
187118,49 64 626
187353,24 74 221
187353,24 61 221
188361,98 150 
188387,2 68 
189294,66 92 
189294,66 65 
189318,69 103 
189318,69 101 
189844,98 100 
189844,98 2
189844,98 2125
189844,98 10
191825,04 25 
192118,61 75 
193327,47 72 
193397,71 70 
194912,43 80 
195969,7 83 
196626,53 64 658
196836,7 74 188
196836,7 61 188
198348,19 150 
198369,65 68 
199880,66 92 
199880,66 65 
199900,99 103 
199900,99 101 
200431,9 100 
200431,9 2
200431,9 2125
200431,9 11
202407,3 25 
202674,28 75 
203886,4 72 
203953,35 70 
205462,88 80 
206525,21 83 
207457,54 64 933
207679,04 74 208
207679,04 63 208
209188,77 150 
209218,47 68 
209701,65 249
211227,19 92 
211227,19 65 
211242,86 103 
211242,86 101 
211770,44 100 
211770,44 2
211770,44 2125
211770,44 11
213749,12 25 
213777,18 75 
214986,13 72 
215055,39 70 
216575,04 80 
217933,74 83 
218101,28 64 168
218309,13 74 189
218309,13 63 189
218818,92 152 
218840,89 69 
219549,08 93 
219559,41 103 
219559,41 101 
221590,8 100 
221590,8 2
221590,8 2125
221590,8 11
223571,67 25 
223599,08 75 
224804,68 72 
224877,91 70 
226386,14 80 
226745,07 83 
228443,38 64 1701
228615,1 74 152
228615,1 63 152
229622,57 150 
229649,96 68 
230082,96 249
230562,16 92 
230562,16 65 
230581,42 103 
230581,42 101 
231113,65 100 
231113,65 2
231113,65 2125
231113,65 10
233087,69 25 
233115,52 75 
234324,59 72 
234513,91 70 
236043,55 80 
237112,37 83 
237768,97 64 657
237976,9 74 185
237976,9 61 185
238485,78 150 
238512,87 68 
240523,36 92 
240523,36 65 
240537,22 103 
240537,22 101 
241063,71 100 
241063,71 2
241063,71 2125
241063,71 11
243043,6 25 
243177,32 75 
244385,86 72 
244456,37 70 
245971,5 80 
247334,74 83 
247681,6 64 347
247892,75 74 185
247892,75 63 185
248904,42 150 
248921,85 68 
249389,25 249
250431,99 92 
250431,99 65 
250453,09 103 
250453,09 101 
250979,63 100 
250979,63 2
250979,63 2125
250979,63 11
252959,42 25 
253586,23 75 
254792,43 72 
254865,55 70 
256375,68 80 
256730,83 83 
257873,29 64 1143
258088 74 198
258088 63 198
259599,67 150 
259624,09 68 
260335,89 92 
260335,89 65 
260355,61 103 
260355,61 101 
260889,83 100 
260889,83 2
260889,83 2125
260889,83 11
262875,27 25 
263195,5 75 
264402,24 72 
264474,69 70 
265989,39 80 
267339,75 83 
268405,08 64 1065
268609,82 74 191
268609,82 63 191
269617,94 150 
269647,34 68 
270062,15 249
271156,29 92 
271156,29 65 
271177,76 103 
271177,76 101 
271706,55 100 
271706,55 2
271706,55 2125
271706,55 10
273684,16 25 
274217,55 75 
275428,93 72 
275496,72 70 
277011,1 80 
278068,64 83 
278955,55 64 888
279167,43 74 193
279167,43 61 193
279677,05 150 
279695,71 68 
279865,19 249
280123,13 171
281704,39 92 
281704,39 65 
281720,05 103 
281720,05 101 
282246,49 100 
282246,49 2
282246,49 2125
282246,49 10
284226,38 25 
284693,18 75 
285901,88 72 
285972,39 70 
287486,01 80 
287837,84 83 
288860,41 64 1023
289049,18 74 173
289049,18 61 173
290557,13 150 
290584,63 68 
291494,17 92 
291494,17 65 
291515,93 103 
291515,93 101 
292048,22 100 
292048,22 2
292048,22 2125
292048,22 10
294035,64 25 
294409,12 75 
295616,9 72 
295688,38 70 
297200,7 80 
298260,11 83 
298800,33 64 541
298977,61 74 158
298977,61 61 158
299985,82 152 
300007,15 69 
300715,29 93 
300725,43 103 
300725,43 101 
302752,61 100 
302752,61 2
302752,61 2125
302752,61 11
304737,85 25 
304765,57 75 
305976,02 72 
306043,99 70 
307557,43 80 
308922,38 83 
309342,9 64 421
309570,82 74 209
309570,82 63 209
311081,21 150 
311108,86 68 
311536,85 249
313118,02 92 
313118,02 65 
313133,55 103 
313133,55 101 
313659,96 100 
313659,96 2
313659,96 2125
313659,96 10
315639,9 25 
315813,56 75 
317022,8 72 
317092,86 70 
318600,71 80 
318961,12 83 
319792,71 64 835
320060,21 74 250
320060,21 61 250
320570,37 150 
320598,62 68 
320845,05 249
321306,89 92 
321306,89 65 
321330,15 103 
321330,15 101 
321866,65 100 
321866,65 2
321866,65 2125
321866,65 11
323849,76 25 
324223,37 75 
325431,62 72 
325502,52 70 
327017,07 80 
327367,95 83 
328516,62 64 1149
328789,28 74 249
328789,28 63 249
330297,09 150 
330314,56 68 
331227,66 92 
331227,66 65 
331246,01 103 
331246,01 101 
331775,01 100 
331775,01 2
331775,01 2125
331775,01 11
333752,39 25 
334299,11 75 
335507,9 72 
335751,59 70 
337324,05 80 
338856,54 83 
339229,18 64 373
339422,95 74 180
339422,95 63 180
339937,17 152 
339963,93 69 
341473,96 93 
341495,07 103 
341495,07 101 
343521,42 100 
343521,42 2
343521,42 2125
343521,42 10
345507,38 25 
345534,51 75 
346743,51 72 
346933,63 70 
348546,93 80 
349785,3 83 
350385 64 600
350590,05 74 192
350590,05 61 192
351601,51 150 
351626,56 68 
352535,75 92 
352535,75 65 
352557,1 103 
352557,1 101 
353086,39 100 
353086,39 2
353086,39 2125
353086,39 10
355063,5 25 
355663,69 75 
356871,94 72 
356942,84 70 
358452,02 80 
359821,05 83 
360064,96 64 244
360260,1 74 172
360260,1 61 172
361770,15 150 
361794,74 68 
362505,3 92 
362505,3 65 
362526,26 103 
362526,26 101 
363052,5 100 
363052,5 2
363052,5 2125
363052,5 11
365032,72 25 
365406,16 75 
366613,94 72 
366685,39 70 
368196,68 80 
369257,11 83 
369751,49 64 495
369952,57 74 176
369952,57 63 176
370464,88 150 
370484,46 68 
371992,78 92 
371992,78 65 
372015,66 103 
372015,66 101 
372542,16 100 
372542,16 2
372542,16 2125
372542,16 10
374521,91 25 
374588,97 75 
375797,28 72 
375868,22 70 
377384,65 80 
377733,68 83 
378693,1 64 959
378923,78 74 217
378923,78 61 217
379935,48 150 
379960,44 68 
380497,02 249
381969,48 92 
381969,48 65 
381984,81 103 
381984,81 101 
382517,87 100 
382517,87 2
382517,87 2125
382517,87 10
384504,48 25 
384904,61 75 
386113,75 72 
386183,89 70 
387691,7 80 
388049,28 83 
388939,64 64 891
389150,12 74 195
389150,12 61 195
390660,9 150 
390689,35 68 
392696,35 92 
392696,35 65 
392713,68 103 
392713,68 101 
393240,31 100 
393240,31 2
393240,31 2125
393240,31 11
395219,94 25 
395593,48 75 
396802,48 72 
396872,81 70 
398392,69 80 
399751,5 83 
400050,6 64 300
400267,62 74 197
400267,62 63 197
400777,19 150 
400805,17 68 
400954,26 249
401174,97 173 
401713,89 92 
401713,89 65 
401736,55 103 
401736,55 101 
402265,58 100 
402265,58 2
402265,58 2125
402265,58 11
404242,93 25 
404829,8 75 
406038,22 72 
406108,84 70 
407002,73 250 
407014,34 101 
409027,49 100 
409027,49 2
409027,49 2125
409027,49 11
409027,49 25 
409054,56 75 
410263,73 72 
410279,58 70 
411488,84 80 
412545,74 83 
413038,18 64 492
413253,89 74 202
413253,89 63 202
414266,36 150 
414292,9 68 
414439,61 249
414661,46 173 
415004,5 92 
415004,5 65 
415024,48 103 
415024,48 101 
415555,43 100 
415555,43 2
415555,43 2125
415555,43 10
417530,61 25 
417731,01 75 
418939,69 72 
419010,1 70 
420522,98 80 
421888,54 83 
422482,89 64 595
422707,02 74 206
422707,02 61 206
423716,02 150 
423743,06 68 
424419,81 249
425251,66 92 
425251,66 65 
425273,36 103 
425273,36 101 
425806,03 100 
425806,03 2
425806,03 2125
425806,03 10
427779,7 25 
428259,91 75 
429467,49 72 
429539,03 70 
431058,17 80 
432110,91 83 
432636,43 64 526
432845,05 74 188
432845,05 61 188
434357,21 150 
434377,68 68 
435086,31 92 
435086,31 65 
435109,28 103 
435109,28 101 
435637,29 100 
435637,29 2
435637,29 2125
435637,29 11
437615,66 25 
438029,17 75 
439236,44 72 
439308,34 70 
440816,05 80 
441173,78 83 
442324,28 64 1151
442528,58 74 183
442528,58 63 183
443041,24 150 
443067,02 68 
443557,54 249
444576,18 92 
444576,18 65 
444598,66 103 
444598,66 101 
445132,04 100 
445132,04 2
445132,04 2125
445132,04 11
447104,96 25 
447665,04 75 
448873,35 72 
448944,3 70 
450465,54 80 
451849,38 83 
452114,76 64 266
452320,77 74 192
452320,77 63 192
453328,35 150 
453356,49 68 
453899,61 249
455366,08 92 
455366,08 65 
455380,79 103 
455380,79 101 
455907,19 100 
455907,19 2
455907,19 2125
455907,19 10
457887,3 25 
458527,35 75 
459735,08 72 
459966,67 70 
461534,6 80 
462058,39 83 
463354,9 64 1297
463554,4 74 177
463554,4 61 177
465063,44 150 
465084,97 68 
465993,21 92 
465993,21 65 
466016,38 103 
466016,38 101 
466544,08 100 
466544,08 2
466544,08 2125
466544,08 11
468522,64 25 
469082,79 75 
470290,36 72 
470362,1 70 
471881,34 80 
472947,19 83 
474412,96 64 1466
474630,37 74 204
474630,37 63 204
475140,23 150 
475160,28 68 
475197,16 249
475570,46 173 
476670,01 92 
476670,01 65 
476691,97 103 
476691,97 101 
477225,94 100 
477225,94 2
477225,94 2125
477225,94 10
479198,4 25 
479625,09 75 
480831,66 72 
480904,23 70 
482418,49 80 
482769,72 83 
483681,25 64 912
483859,16 74 156
483859,16 61 156
484870,94 150 
484889,96 68 
485597,34 92 
485597,34 65 
485621,65 103 
485621,65 101 
486148,97 100 
486148,97 2
486148,97 2125
486148,97 10
488127,79 25 
488674,67 75 
489882,56 72 
489953,85 70 
491473,03 80 
492818,83 83 
493040,91 64 222
493282,62 74 224
493282,62 61 224
493794,98 150 
493820,26 68 
493961,35 249
494260,38 171
494727,45 92 
494727,45 65 
494751,05 103 
494751,05 101 
495278,47 100 
495278,47 2
495278,47 2125
495278,47 10
497257,32 25 
497884,13 75 
499090,48 72 
499163,28 70 
500676,06 80 
501735,08 83 
502482,36 64 748
502691,92 74 184
502691,92 61 184
504202,41 150 
504230,17 68 
506238,86 92 
506238,86 65 
506253,01 103 
506253,01 101 
506788,6 100 
506788,6 2
506788,6 2125
506788,6 11
508772,49 25 
509039,46 75 
510245,28 72 
510318,63 70 
511834,58 80 
513183,79 83 
513592,81 64 409
513828,9 74 219
513828,9 63 219
514340,96 152 
514370,66 69 
516378,88 93 
516395,31 103 
516395,31 101 
518421,78 100 
518421,78 2
518421,78 2125
518421,78 11
520407,67 25 
520435,17 75 
521645,36 72 
521713,91 70 
523232,99 80 
523592,66 83 
525001,82 64 1409
525194,71 74 176
525194,71 61 176
526706,48 151 
526726,71 69 
528235,17 93 
528257,05 103 
528257,05 101 
530287,74 100 
530287,74 2
530287,74 2125
530287,74 10
532270,27 25 
532296,88 75 
533506,05 72 
533577,28 70 
535082,09 80 
536134,09 83 
536781,81 64 648
536975,17 74 176
536975,17 61 176
537986,3 150 
538014,41 68 
538725,78 92 
538725,78 65 
538745,96 103 
538745,96 101 
539275,32 100 
539275,32 2
539275,32 2125
539275,32 11
541252,27 25 
541852,4 75 
543059,83 72 
543131,57 70 
544646,84 80 
545010,35 83 
546791,73 64 1782
547034,09 74 225
547034,09 63 225
547546,18 152 
547570,41 69 
548480,92 93 
548501,88 103 
548501,88 101 
550530,11 100 
550530,11 2
550530,11 2125
550530,11 11
552514,29 25 
552542,1 75 
553751,16 72 
553820,46 70 
555332,25 80 
556392,25 83 
556826,51 64 435
557027,02 74 182
557027,02 61 182
558540,04 151 
558565,79 69 
560576,44 93 
560590,17 103 
560590,17 101 
562617,71 100 
562617,71 2
562617,71 2125
562617,71 10
564602,5 25 
564630,52 75 
565837,31 72 
566068,64 70 
567641,38 80 
569186,97 83 
569525,86 64 339
569721,25 74 175
569721,25 61 175
570730,74 150 
570761,77 68 
570804,17 249
572272,71 92 
572272,71 65 
572291,95 103 
572291,95 101 
572822,61 100 
572822,61 2
572822,61 2125
572822,61 10
574798,27 25 
574892,02 75 
576099,77 72 
576171,09 70 
577688,02 80 
578742,95 83 
579873,1 64 1130
580078,76 74 190
580078,76 61 190
581088,33 150 
581116,44 68 
581827,33 92 
581827,33 65 
581848,01 103 
581848,01 101 
582375,76 100 
582375,76 2
582375,76 2125
582375,76 11
584354,28 25 
584927,73 75 
586136,43 72 
586207 70 
587713,96 80 
588072,41 83 
589196,86 64 1125
589408,3 74 191
589408,3 61 191
589918,96 151 
589940,18 69 
590055,29 249 
590849,07 93 
590870,84 103 
590870,84 101 
592897,31 100 
592897,31 2
592897,31 2125
592897,31 11
594883,22 25 
594910,86 75 
596117,23 72 
596189,38 70 
597702,32 80 
599067,74 83 
599263,87 64 196
599490,85 74 210
599490,85 63 210
600998,25 150 
601028,03 68 
602539,43 92 
602539,43 65 
602559,29 103 
602559,29 101 
603089,25 100 
603089,25 2
603089,25 2125
603089,25 11
605065,67 25 
605385,99 75 
606596,4 72 
606665,09 70 
608181,68 80 
609530,21 83 
609960,38 64 431
610173,77 74 191
610173,77 63 191
611184,22 150 
611210,18 68 
611295,02 249
611639,37 173 
612120,76 92 
612120,76 65 
612141,95 103 
612141,95 101 
612669,57 100 
612669,57 2
612669,57 2125
612669,57 10
614648,3 25 
615021,78 75 
616229,97 72 
616301,05 70 
617813,06 80 
618872,84 83 
619406,03 64 533
619613,41 74 195
619613,41 61 195
620123,52 150 
620154,18 68 
620714,52 249
620861,2 92 
620861,2 65 
620884,97 103 
620884,97 101 
621412,36 100 
621412,36 2
621412,36 2125
621412,36 10
623391,3 25 
623818,15 75 
625026,72 72 
625097,38 70 
626608,29 80 
626976,14 83 
628198,48 64 1223
628385,12 74 170
628385,12 61 170
629896,5 150 
629922,74 68 
631936,41 92 
631936,41 65 
631960,38 103 
631960,38 101 
632501,38 100 
632501,38 4
632501,38 2125
632501,38 11
632501,38 78 
632501,38 198 
634493,28 25 
634653,58 75 
635863,81 72 
635932,79 70 
637443,07 80 
638811,16 83 
639205,82 64 395
639432,14 74 208
639432,14 63 208
639940,19 151 
639958,79 69 
641969,94 93 
641982,79 103 
641982,79 101 
644009,34 100 
644009,34 4
644009,34 2125
644009,34 11
645995,18 25 
646023,21 75 
647230,27 72 
647301,46 70 
648817,29 80 
649167,14 83 
650044,84 64 878
650263,62 74 204
650263,62 63 204
651773,67 151 
651794,3 69 
652503,49 93 
652525,14 103 
652525,14 101 
654551,9 100 
654551,9 4
654551,9 2125
654551,9 11
656537,47 25 
656565,19 75 
657772,77 72 
657843,59 70 
659362,79 80 
660415,45 83 
660922,62 64 508
661173,22 74 226
661173,22 61 226
662183,98 152 
662202,63 69 
663113,32 93 
663133,97 103 
663133,97 101 
665165,29 100 
665165,29 4
665165,29 2125
665165,29 10
667146,37 25 
667173,53 75 
668381,81 72 
668452,56 70 
669974,16 80 
671224,28 83 
671701,99 64 478
671889,11 74 172
671889,11 62 172
673398,85 150 
673424,6 68 
674933,49 92 
674933,49 65 
674955,69 103 
674955,69 101 
675484,89 100 
675484,89 4
675484,89 2125
675484,89 10
677462 25 
677662,27 75 
678872,27 72 
678941,51 70 
680454,65 80 
680820,29 83 
681900,74 64 1081
682085,37 74 160
682085,37 62 160
683096,88 150 
683114,76 68 
684023,86 92 
684023,86 65 
684045,31 103 
684045,31 101 
684572,11 100 
684572,11 4
684572,11 2125
684572,11 11
686551,58 25 
686658,56 75 
687869,11 72 
687937,75 70 
689451,89 80 
690816,06 83 
691117,81 64 302
691328,53 74 193
691328,53 63 193
691837,7 151 
691856,74 69 
692568,84 93 
692588,33 103 
692588,33 101 
694619,36 100 
694619,36 4
694619,36 2125
694619,36 11
696600,7 25 
696628,15 75 
697838,24 72 
697906,91 70 
699417,94 80 
700478,74 83 
700991,86 64 513
701226,51 74 215
701226,51 63 215
701740,89 151 
701759,33 69 
703269,5 93 
703290,51 103 
703290,51 101 
705317,72 100 
705317,72 4
705317,72 2125
705317,72 10
707302,9 25 
707343,63 75 
708552,5 72 
708622,4 70 
710137,14 80 
711500,79 83 
711694,95 64 194
711879,79 74 166
711879,79 62 166
712891 150 
712915,41 68 
714928,7 92 
714928,7 65 
714952,36 103 
714952,36 101 
715482,71 100 
715482,71 4
715482,71 2125
715482,71 10
717458,72 25 
717845,45 75 
719054,67 72 
719124,73 70 
720641,82 80 
720990,42 83 
722071,39 64 1082
722268,18 74 173
722268,18 62 173
723778,85 150 
723804,17 68 
725311,42 92 
725311,42 65 
725334,66 103 
725334,66 101 
725868,25 100 
725868,25 4
725868,25 2125
725868,25 10
727854,28 25 
728281,2 75 
729489,12 72 
729560,35 70 
731072,08 80 
731426 83 
732538,15 64 1112
732713,55 74 155
732713,55 62 155
734222,2 150 
734252,79 68 
736264,12 92 
736264,12 65 
736290,07 103 
736290,07 101 
736818,72 100 
736818,72 4
736818,72 2125
736818,72 10
738796,4 25 
738824,52 75 
740031,4 72 
740102,76 70 
741619,44 80 
742687,85 83 
742955,82 64 268
743157,86 74 177
743157,86 62 177
743668,14 152 
743688,4 69 
744595,79 93 
744606,89 103 
744606,89 101 
746633,92 100 
746633,92 4
746633,92 2125
746633,92 11
748618,97 25 
748646,45 75 
749855,29 72 
749925,16 70 
751435,82 80 
752790,41 83 
753156,3 64 367
753332,18 74 155
753332,18 62 155
754343,35 151 
754364,4 69 
755074,46 93 
755095,55 103 
755095,55 101 
757130,47 100 
757130,47 4
757130,47 2125
757130,47 11
759107,92 25 
759135,75 75 
760341,71 72 
760414,07 70 
761927,77 80 
762985,94 83 
763399,84 64 414
763635,17 74 223
763635,17 63 223
764644,38 151 
764667,03 69 
765432,76 249 
765577,15 93 
765597,83 103 
765597,83 101 
767624,74 100 
767624,74 4
767624,74 2125
767624,74 10
769610,14 25 
769637,54 75 
770845,28 72 
770916,38 70 
772436,83 80 
773794,81 83 
774231,31 64 437
774439,35 74 192
774439,35 62 192
775952,69 150 
775982,51 68 
777491,92 92 
777491,92 65 
777512,83 103 
777512,83 101 
778040,19 100 
778040,19 4
778040,19 2125
778040,19 11
780019,16 25 
780046,46 75 
781256,49 72 
781525,33 70 
783088,93 80 
783577,31 83 
784566,79 64 990
784832,65 74 243
784832,65 63 243
785339,49 151 
785364,46 69 
787374,42 93 
787388,7 103 
787388,7 101 
789420,93 100 
789420,93 4
789420,93 2125
789420,93 10
791401,14 25 
791429,2 75 
792637,54 72 
792707,3 70 
794218,45 80 
795585,63 83 
795975,93 64 390
796152,36 74 154
796152,36 62 154
796662,51 150 
796693,7 68 
797402,31 92 
797402,31 65 
797424,51 103 
797424,51 101 
797952,1 100 
797952,1 4
797952,1 2125
797952,1 11
799930,87 25 
800224,48 75 
801431,98 72 
801503,58 70 
803016,79 80 
804075,41 83 
804754,64 64 680
804956,41 74 189
804956,41 61 189
805965,95 150 
805996,7 68 
806909,29 92 
806909,29 65 
806927,26 103 
806927,26 101 
807453,84 100 
807453,84 4
807453,84 2125
807453,84 11
809433,54 25 
809553,88 75 
810762,81 72 
810833,23 70 
812358,51 80 
812725,19 83 
813583,43 64 859
813782,25 74 178
813782,25 61 178
815294,06 150 
815312,23 68 
816822,14 92 
816822,14 65 
816843,07 103 
816843,07 101 
817375,51 100 
817375,51 4
817375,51 2125
817375,51 10
819349,5 25 
819802,91 75 
821011,63 72 
821082,1 70 
822595,56 80 
822947,59 83 
823744,46 64 798
823944,02 74 184
823944,02 62 184
825456,4 150 
825480,52 68 
826191,62 92 
826191,62 65 
826212,49 103 
826212,49 101 
826740,33 100 
826740,33 4
826740,33 2125
826740,33 10
828718,85 25 
829212,29 75 
830421,17 72 
830491,52 70 
832001,91 80 
833063,27 83 
833468,52 64 406
833637,45 74 148
833637,45 62 148
834646,18 150 
834664,49 68 
836672,47 92 
836672,47 65 
836701,42 103 
836701,42 101 
837233,02 100 
837233,02 4
837233,02 2125
837233,02 11
839207,81 25 
839235,08 75 
840442,34 72 
840514,04 70 
842027,49 80 
843392,33 83 
843924,47 64 533
844139,44 74 201
844139,44 61 201
844650,64 152 
844673,75 69 
846184,39 93 
846204,12 103 
846204,12 101 
848236,78 100 
848236,78 4
848236,78 2125
848236,78 10
850216,56 25 
859599,62 75 
860808,13 72 
860878,79 70 
862395,68 80 
862757,54 83 
914685,11 64 51928
914892,72 74 184
914892,72 62 184
916403,19 150 
916430,34 68 
918437,69 92 
918437,69 65 
918453,94 103 
918453,94 101 
918980,42 100 
918980,42 4
918980,42 2125
918980,42 10
920960,21 25 
921453,78 75 
922660,43 72 
922892,88 70 
924459,68 80 
925957,78 83 
926115,27 64 158
926310,54 74 180
926310,54 62 180
927318,7 150 
927345,78 68 
928254,53 92 
928254,53 65 
928276,51 103 
928276,51 101 
928804,04 100 
928804,04 4
928804,04 2125
928804,04 10
930783,1 25 
931036,41 75 
932245,44 72 
932315,64 70 
933824 80 
934887,41 83 
935613,61 64 727
935786,6 74 153
935786,6 62 153
936296,65 150 
936315,34 68 
937024,94 92 
937024,94 65 
937046,14 103 
937046,14 101 
937585,43 100 
937585,43 4
937585,43 2125
937585,43 10
939565,84 25 
939939,46 75 
941148,61 72 
941218,67 70 
942729,94 80 
943084,05 83 
944040,29 64 957
944231,88 74 175
944231,88 62 175
945240,96 150 
945271,72 68 
946784,07 92 
946784,07 65 
946802,08 103 
946802,08 101 
947330,12 100 
947330,12 4
947330,12 2125
947330,12 11
949308,42 25 
949682,09 75 
950890,69 72 
950962,92 70 
952470,35 80 
953532,93 83 
954381,7 64 849
954549,93 74 151
954549,93 62 151
955057,73 151 
955080,89 69 
957092,93 93 
957104,43 103 
957104,43 101 
959132,27 100 
959132,27 4
959132,27 2125
959132,27 10
961116,9 25 
961144,07 75 
962354,35 72 
962423,01 70 
963936,24 80 
965288,05 83 
965492,29 64 205
965690,18 74 176
965690,18 62 176
967198,72 150 
967222,49 68 
967510,65 249
967680,86 172 
968132,55 92 
968132,55 65 
968153,13 103 
968153,13 101 
968685,71 100 
968685,71 4
968685,71 2125
968685,71 11
970659,66 25 
971073,01 75 
972282,22 72 
972352,28 70 
973864,31 80 
975217,22 83 
975905,97 64 689
976126,29 74 204
976126,29 61 204
976639,76 150 
976658,83 68 
977368,27 92 
977368,27 65 
977389,34 103 
977389,34 101 
977916,54 100 
977916,54 4
977916,54 2125
977916,54 11
979895,58 25 
980402,45 75 
981611,73 72 
981681,64 70 
983192,7 80 
983560,43 83 
984289,2 64 729
984546,72 74 240
984546,72 61 240
986057,92 150 
986080,51 68 
986789,29 92 
986789,29 65 
986812,02 103 
986812,02 101 
987339,92 100 
987339,92 4
987339,92 2125
987339,92 11
989318,38 25 
989611,87 75 
990820,6 72 
990891,08 70 
992401,27 80 
993462,93 83 
994139,55 64 677
994405,97 74 250
994405,97 61 250
995416,05 150 
995437,5 68 
996945,2 92 
996945,2 65 
996967,78 103 
996967,78 101 
997503,7 100 
997503,7 4
997503,7 2125
997503,7 11
999487,46 25 
999754,49 75 
1000963,58 72 
1001033,58 70 
1002547,83 80 
1003898,61 83 
1004365,76 64 468
1004644,57 74 253
1004644,57 61 253
1006156,97 150 
1006178,9 68 
1008190,56 92 
1008190,56 65 
1008216,42 103 
1008216,42 101 
1008744,92 100 
1008744,92 4
1008744,92 2125
1008744,92 11
1010722,82 25 
1010949,64 75 
1012158,8 72 
1012228,87 70 
1013746,99 80 
1014120,99 83 
1015020,79 64 900
1015306,18 74 266
1015306,18 61 266
1016317,5 152 
1016348,59 69 
1017257,43 93 
1017279,28 103 
1017279,28 101 
1019305,61 100 
1019305,61 4
1019305,61 2125
1019305,61 10
1021291,68 25 
1021319,07 75 
1022528,07 72 
1022597,86 70 
1024107,77 80 
1025169,73 83 
1025612,45 64 443
1025797,75 74 162
1025797,75 62 162
1026306,36 150 
1026330,41 68 
1028339,78 92 
1028339,78 65 
1028354,67 103 
1028354,67 101 
1028887,74 100 
1028887,74 4
1028887,74 2125
1028887,74 10
1030874,3 25 
1031301,29 75 
1032509,22 72 
1032700,33 70 
1034224,55 80 
1034579,58 83 
1035807,04 64 1228
1035978,69 74 147
1035978,69 62 147
1036487,65 150 
1036513,45 68 
1037424,85 92 
1037424,85 65 
1037444,21 103 
1037444,21 101 
1037971,98 100 
1037971,98 4
1037971,98 2125
1037971,98 10
1039950,53 25 
1040390,75 75 
1041598,21 72 
1041669,92 70 
1043183,7 80 
1044241,74 83 
1044627,89 64 386
1044826,64 74 186
1044826,64 62 186
1045839,59 150 
1045869,55 68 
1046578,88 92 
1046578,88 65 
1046600,36 103 
1046600,36 101 
1047128,53 100 
1047128,53 4
1047128,53 2125
1047128,53 11
1049106,7 25 
1049334,6 75 
1050541,54 72 
1050612,88 70 
1052126,81 80 
1053491,25 83 
1053758,29 64 268
1053970,84 74 200
1053970,84 61 200
1055478,21 150 
1055505,52 68 
1057015,82 92 
1057015,82 65 
1057036,02 103 
1057036,02 101 
1057571,16 100 
1057571,16 4
1057571,16 2125
1057571,16 10
1059555,76 25 
1060169,23 75 
1061376,08 72 
1061448,3 70 
1062961 80 
1063313,98 83 
1064102 64 788
1064278,68 74 152
1064278,68 62 152
1064786,46 150 
1064807,63 68 
1066316,78 92 
1066316,78 65 
1066338,79 103 
1066338,79 101 
1066865,47 100 
1066865,47 4
1066865,47 2125
1066865,47 11
1068845,14 25 
1069232,01 75 
1070439,7 72 
1070512,79 70 
1072020,76 80 
1073082,97 83 
1073442,15 64 359
1073691 74 235
1073691 61 235
1074701,29 150 
1074724,26 68 
1075635,64 92 
1075635,64 65 
1075654,89 103 
1075654,89 101 
1076184,44 100 
1076184,44 4
1076184,44 2125
1076184,44 11
1078161,18 25 
1078641,49 75 
1079852,13 72 
1079920,55 70 
1081430,74 80 
1082785,57 83 
1083087,02 64 302
1083271,2 74 167
1083271,2 61 167
1084782,73 150 
1084812,55 68 
1086821,98 92 
1086821,98 65 
1086836,9 103 
1086836,9 101 
1087366,16 100 
1087366,16 4
1087366,16 2125
1087366,16 10
1089343,32 25 
1089556,95 75 
1090764,93 72 
1090835,96 70 
1092350,83 80 
1093701,06 83 
1093976,2 64 275
1094175,99 74 182
1094175,99 62 182
1095688,54 150 
1095714,95 68 
1096424,69 92 
1096424,69 65 
1096446,21 103 
1096446,21 101 
1096979,86 100 
1096979,86 4
1096979,86 2125
1096979,86 11
1098952,74 25 
1099592,6 75 
1100801,83 72 
1100871,84 70 
1102383,97 80 
1102737,3 83 
1104045,97 64 1309
1104269,54 74 200
1104269,54 61 200
1104783,89 150 
1104804,62 68 
1106313,21 92 
1106313,21 65 
1106335,4 103 
1106335,4 101 
1106864,06 100 
1106864,06 4
1106864,06 2125
1106864,06 11
1108841,7 25 
1109468,58 75 
1110676,07 72 
1110747,76 70 
1112260,48 80 
1113306,33 83 
1114123,95 64 818
1114318,47 74 173
1114318,47 61 173
1115329,74 150 
1115359,76 68 
1116067,34 92 
1116067,34 65 
1116091,32 103 
1116091,32 101 
1116620,6 100 
1116620,6 4
1116620,6 2125
1116620,6 11
1118597,66 25 
1119131,09 75 
1120340,66 72 
1120411,97 70 
1121923,19 80 
1123288,66 83 
1123806,08 64 517
1124010,66 74 189
1124010,66 61 189
1125519,94 150 
1125542,18 68 
1127552,4 92 
1127552,4 65 
1127566,52 103 
1127566,52 101 
1128094,82 100 
1128094,82 4
1128094,82 2125
1128094,82 10
1130072,96 25 
1130366,52 75 
1131572,71 72 
1131645,6 70 
1133155,29 80 
1134404,04 83 
1134872,09 64 468
1135083,8 74 187
1135083,8 62 187
1135591,75 150 
1135617,62 68 
1136527,23 92 
1136527,23 65 
1136549,46 103 
1136549,46 101 
1137076,52 100 
1137076,52 4
1137076,52 2125
1137076,52 10
1139055,79 25 
1139656,15 75 
1140863,57 72 
1141055,01 70 
1142673,68 80 
1143213,72 83 
1144527,7 64 1314
1144701,2 74 156
1144701,2 62 156
1145711,35 150 
1145734,56 68 
1146444,24 92 
1146444,24 65 
1146465,3 103 
1146465,3 101 
1146999 100 
1146999 4
1146999 2125
1146999 11
1148985,08 25 
1149478,42 75 
1150686,04 72 
1150757,6 70 
1152270,61 80 
1152623,39 83 
1155121,31 64 2499
1155319,83 74 178
1155319,83 61 178
1156828,43 152 
1156849,11 69 
1158865,18 93 
1158887,38 103 
1158887,38 101 
1160913,72 100 
1160913,72 4
1160913,72 2125
1160913,72 10
1162899,11 25 
1162926,48 75 
1164136,71 72 
1164205,31 70 
1165723,54 80 
1167083,77 83 
1167410,87 64 327
1167620,85 74 191
1167620,85 62 191
1168131,96 150 
1168151,94 68 
1169059,66 92 
1169059,66 65 
1169082,51 103 
1169082,51 101 
1169610,69 100 
1169610,69 4
1169610,69 2125
1169610,69 11
1171588,98 25 
1171735,92 75 
1172943,01 72 
1173014,95 70 
1174534,58 80 
1175600,15 83 
1176297,4 64 698
1176555,38 74 236
1176555,38 61 236
1177567,43 150 
1177587,83 68 
1179097,55 92 
1179097,55 65 
1179118,35 103 
1179118,35 101 
1179650,8 100 
1179650,8 4
1179650,8 2125
1179650,8 10
1181637,97 25 
1182211,42 75 
1183421,49 72 
1183490,63 70 
1185004,62 80 
1186355,65 83 
1186769,8 64 414
1186956,16 74 174
1186956,16 62 174
1187467,19 150 
1187489,63 68 
1188197,47 92 
1188197,47 65 
1188221,17 103 
1188221,17 101 
1188747,8 100 
1188747,8 4
1188747,8 2125
1188747,8 10
1190727,51 25 
1191087,71 75 
1192297,99 72 
1192367,02 70 
1193881,75 80 
1194938,69 83 
1195439,56 64 501
1195654,33 74 197
1195654,33 62 197
1196661,75 150 
1196686,68 68 
1197594,47 92 
1197594,47 65 
1197617,3 103 
1197617,3 101 
1198147,09 100 
1198147,09 4
1198147,09 2125
1198147,09 10
1200123,66 25 
1200510,48 75 
1201718,58 72 
1201791,62 70 
1203300,84 80 
1203655,09 83 
1204520,04 64 865
1204713,5 74 179
1204713,5 62 179
1206221,62 150 
1206242,48 68 
1207752,98 92 
1207752,98 65 
1207773,02 103 
1207773,02 101 
1208305,94 100 
1208305,94 4
1208305,94 2125
1208305,94 11
1210281,04 25 
1211305,91 75 
1212513,32 72 
1212585,13 70 
1214106,04 80 
1215476,84 83 
1215682,92 64 206
1215918,98 74 216
1215918,98 61 216
1216926,5 150 
1216944,89 68 
1218954,78 92 
1218954,78 65 
1218981,69 103 
1218981,69 101 
1219509,43 100 
1219509,43 4
1219509,43 2125
1219509,43 11
1221487,95 25 
1222221,36 75 
1223430,5 72 
1223500,56 70 
1225021,58 80 
1225379,51 83 
1227108,02 64 1729
1227308,84 74 184
1227308,84 62 184
1228818,9 151 
1228846,54 69 
1230856,13 93 
1230870,01 103 
1230870,01 101 
1232898,26 100 
1232898,26 4
1232898,26 2125
1232898,26 10
1234882,43 25 
1243239,25 75 
1244445,57 72 
1244518,41 70 
1246038,35 80 
1247276,83 83 
1273438,89 64 26162
1273626,19 74 174
1273626,19 62 174
1274137,88 150 
1274160,1 68 
1275068,61 92 
1275068,61 65 
1275091,54 103 
1275091,54 101 
1275623,65 100 
1275623,65 4
1275623,65 2125
1275623,65 10
1277598,09 25 
1278291,34 75 
1279499,9 72 
1279690,38 70 
1281215,73 80 
1282569,11 83 
1282971,22 64 403
1283152,72 74 158
1283152,72 62 158
1284160,83 150 
1284183,38 68 
1285695,15 92 
1285695,15 65 
1285713,74 103 
1285713,74 101 
1286241,29 100 
1286241,29 4
1286241,29 2125
1286241,29 11
1288220,21 25 
1288700,31 75 
1289910,78 72 
1289979,47 70 
1291494,18 80 
1292551,23 83 
1292996,35 64 446
1293202,33 74 185
1293202,33 61 185
1294710,95 152 
1294738,85 69 
1295446,71 93 
1295456,56 103 
1295456,56 101 
1297485,34 100 
1297485,34 4
1297485,34 2125
1297485,34 10
1299468,82 25 
1299495,97 75 
1300703,56 72 
1300775 70 
1302290,05 80 
1302640,37 83 
1303639,41 64 1000
1303839,92 74 187
1303839,92 62 187
1304351,38 150 
1304374,53 68 
1306386,52 92 
1306386,52 65 
1306411,75 103 
1306411,75 101 
1306943,23 100 
1306943,23 4
1306943,23 2125
1306943,23 10
1308918,13 25 
1309145,05 75 
1310354,7 72 
1310424,24 70 
1311930,65 80 
1312289,66 83 
1313109,68 64 820
1313293,78 74 165
1313293,78 62 165
1314804,32 150 
1314823,86 68 
1316333,56 92 
1316333,56 65 
1316354,34 103 
1316354,34 101 
1316881,41 100 
1316881,41 4
1316881,41 2125
1316881,41 11
1318860,73 25 
1319114,27 75 
1320323,07 72 
1320393,37 70 
1321903,94 80 
1322965,31 83 
1323338,11 64 373
1323548,09 74 196
1323548,09 61 196
1324059,23 150 
1324086,67 68 
1324994,28 92 
1324994,28 65 
1325017,35 103 
1325017,35 101 
1325543,71 100 
1325543,71 4
1325543,71 2125
1325543,71 11
1327523,76 25 
1328003,83 75 
1329211,41 72 
1329283,07 70 
1330796,35 80 
1332148,09 83 
1332569,19 64 421
1332736,34 74 149
1332736,34 62 149
1333744,01 151 
1333761,62 69 
1334470,49 93 
1334493,43 103 
1334493,43 101 
1336536,26 100 
1336536,26 4
1336536,26 2125
1336536,26 11
1338519,05 25 
1338546,43 75 
1339754,04 72 
1339825,25 70 
1341335,21 80 
1342703,64 83 
1343461,8 64 758
1343700,72 74 224
1343700,72 61 224
1344709,56 150 
1344730,78 68 
1346740,62 92 
1346740,62 65 
1346754,91 103 
1346754,91 101 
1347282,67 100 
1347282,67 4
1347282,67 2125
1347282,67 10
1349261,2 25 
1349448,43 75 
1350657,28 72 
1350727,39 70 
1352242,76 80 
1353312,59 83 
1353783,36 64 472
1353967,18 74 161
1353967,18 62 161
1355475,9 152 
1355500,16 69 
1357008,81 93 
1357030,59 103 
1357030,59 101 
1359058,82 100 
1359058,82 4
1359058,82 2125
1359058,82 11
1361042,94 25 
1361070,15 75 
1362276,19 72 
1362349,16 70 
1363861,9 80 
1364214,64 83 
1365409,24 64 1195
1365618,05 74 191
1365618,05 61 191
1366129,33 150 
1366148,18 68 
1367056,24 92 
1367056,24 65 
1367079,77 103 
1367079,77 101 
1367609,71 100 
1367609,71 4
1367609,71 2125
1367609,71 10
1369586,09 25 
1370159,6 75 
1371366,64 72 
1371438,74 70 
1372949,45 80 
1374010,62 83 
1374415,94 64 406
1374582,64 74 146
1374582,64 62 146
1375594,81 150 
1375624,3 68 
1376334,81 92 
1376334,81 65 
1376355,85 103 
1376355,85 101 
1376884,24 100 
1376884,24 4
1376884,24 2125
1376884,24 11
1378862,3 25 
1379195,91 75 
1380404,32 72 
1380648,2 70 
1382224,5 80 
1383766,55 83 
1384085,96 64 320
1384293,55 74 194
1384293,55 61 194
1385802,58 150 
1385821,07 68 
1386730,97 92 
1386730,97 65 
1386751,53 103 
1386751,53 101 
1387278 100 
1387278 4
1387278 2125
1387278 10
1389257,87 25 
1389644,8 75 
1390852,06 72 
1391043,85 70 
1392568,94 80 
1392924,45 83 
1393832,38 64 910
1394006,1 74 151
1394006,1 62 151
1394515,47 150 
1394536,42 68 
1396545,96 92 
1396545,96 65 
1396560,83 103 
1396560,83 101 
1397094,48 100 
1397094,48 4
1397094,48 2125
1397094,48 10
1399067,21 25 
1399427,38 75 
1400633,25 72 
1400706,48 70 
1402215,77 80 
1403584,85 83 
1403890,75 64 306
1404066,78 74 162
1404066,78 62 162
1405077,86 150 
1405106,12 68 
1405815,94 92 
1405815,94 65 
1405836,94 103 
1405836,94 101 
1406364,74 100 
1406364,74 4
1406364,74 2125
1406364,74 11
1408343,18 25 
1408823,34 75 
1410031,18 72 
1410102,65 70 
1411613,94 80 
1411981,34 83 
1413499,28 64 1519
1413726,52 74 213
1413726,52 61 213
1414235 150 
1414262,42 68 
1415151,94 249
1415770,66 92 
1415770,66 65 
1415792,71 103 
1415792,71 101 
1416320,7 100 
1416320,7 4
1416320,7 2125
1416320,7 10
1418299,2 25 
1418752,51 75 
1419961,78 72 
1420031,78 70 
1421548,23 80 
1422603,55 83 
1423130,26 64 528
1423352,89 74 203
1423352,89 62 203
1424863,51 150 
1424883,73 68 
1426396,74 92 
1426396,74 65 
1426414,96 103 
1426414,96 101 
1426947,87 100 
1426947,87 4
1426947,87 2125
1426947,87 11
1428934,59 25 
1429214,81 75 
1430422,89 72 
1430494,02 70 
1432007,24 80 
1433372,42 83 
1433824,7 64 453
1434043,42 74 205
1434043,42 61 205
1434551,83 150 
1434573,91 68 
1436584,95 92 
1436584,95 65 
1436610,68 103 
1436610,68 101 
1437139,69 100 
1437139,69 1
1437139,69 2125
1437139,69 10
1437139,69 78 
1437139,69 198 
1439117,04 25 
1439371,73 75 
1440580,54 72 
1440649,8 70 
1442169,67 80 
1443248,3 83 
1443784,79 64 537
1443982,72 74 175
1443982,72 62 175
1444994,65 151 
1445022,83 69 
1445735,27 93 
1445753,58 103 
1445753,58 101 
1447781,99 100 
1447781,99 1
1447781,99 2125
1447781,99 11
1449765,93 25 
1449795,22 75 
1451002,83 72 
1451072,08 70 
1452587,67 80 
1452950,88 83 
1454952,48 64 2002
1455108,37 74 132
1455108,37 62 132
1456620,09 150 
1456643,83 68 
1457556,74 92 
1457556,74 65 
1457575,26 103 
1457575,26 101 
1458109,81 100 
1458109,81 1
1458109,81 2125
1458109,81 10
1460094,95 25 
1460122,39 75 
1461331,31 72 
1461401,09 70 
1462919,87 80 
1464279,51 83 
1464557,97 64 279
1464741,59 74 169
1464741,59 62 169
1466250,66 151 
1466280,21 69 
1468288,8 93 
1468304,25 103 
1468304,25 101 
1470330,81 100 
1470330,81 1
1470330,81 2125
1470330,81 10
1472316,48 25 
1472344 75 
1473551,56 72 
1473622,73 70 
1475139,35 80 
1475488,22 83 
1477211,68 64 1724
1477387,17 74 153
1477387,17 62 153
1478397,08 151 
1478422,19 69 
1479132,83 93 
1479152,9 103 
1479152,9 101 
1481179,77 100 
1481179,77 1
1481179,77 2125
1481179,77 11
1483165,29 25 
1483192,64 75 
1484402,8 72 
1484471,46 70 
1485986,83 80 
1487043,3 83 
1487606,58 64 564
1487795,29 74 166
1487795,29 62 166
1488305 150 
1488324,76 68 
1489832,58 92 
1489832,58 65 
1489855,2 103 
1489855,2 101 
1490392,07 100 
1490392,07 1
1490392,07 2125
1490392,07 10
1492374,76 25 
1492402,08 75 
1493611,26 72 
1493854,21 70 
1495423,13 80 
1496972,49 83 
1497022,13 64 50
1497294,72 74 256
1497294,72 61 256
1498806,97 150 
1498826,97 68 
1499736,05 92 
1499736,05 65 
1499757,64 103 
1499757,64 101 
1500285,2 100 
1500285,2 1
1500285,2 2125
1500285,2 11
1502263,93 25 
1502757,52 75 
1503964,65 72 
1504036,72 70 
1505550,28 80 
1505902,09 83 
1507142,16 64 1240
1507327,56 74 173
1507327,56 62 173
1508336,76 150 
1508355,49 68 
1510363,36 92 
1510363,36 65 
1510379,85 103 
1510379,85 101 
1510907,56 100 
1510907,56 1
1510907,56 2125
1510907,56 11
1512886,39 25 
1512913,61 75 
1514121,5 72 
1514192,43 70 
1515699,89 80 
1516764,19 83 
1517197,73 64 434
1517386,91 74 170
1517386,91 62 170
1517900,08 150 
1517925,67 68 
1519437,06 92 
1519437,06 65 
1519456,09 103 
1519456,09 101 
1519987,78 100 
1519987,78 1
1519987,78 2125
1519987,78 10
1521962,41 25 
1522389,23 75 
1523597,58 72 
1523668,45 70 
1525181,06 80 
1526533,43 83 
1526667,49 64 135
1526848,68 74 169
1526848,68 62 169
1527359,13 151 
1527388,34 69 
1528296,89 93 
1528305,98 103 
1528305,98 101 
1530335,04 100 
1530335,04 1
1530335,04 2125
1530335,04 11
1532318,08 25 
1532345,32 75 
1533554,7 72 
1533624,3 70 
1535137,09 80 
1535489,74 83 
1536977,77 64 1488
1537166,4 74 171
1537166,4 62 171
1538177,3 152 
1538197,08 69 
1538908,29 93 
1538927,98 103 
1538927,98 101 
1540958,68 100 
1540958,68 1
1540958,68 2125
1540958,68 10
1542940,32 25 
1542967,6 75 
1544178,01 72 
1544246,53 70 
1545758,57 80 
1546818,32 83 
1547348,3 64 531
1547528,38 74 164
1547528,38 62 164
1549037,88 151 
1549058,99 69 
1550566,55 93 
1550576,42 103 
1550576,42 101 
1552608,78 100 
1552608,78 1
1552608,78 2125
1552608,78 11
1554588,74 25 
1554616,91 75 
1555824,97 72 
1555895,06 70 
1557414,99 80 
1558480,12 83 
1558801,58 64 322
1558983,28 74 157
1558983,28 62 157
1559492,92 150 
1559521,57 68 
1560431,29 92 
1560431,29 65 
1560452,22 103 
1560452,22 101 
1560980,04 100 
1560980,04 1
1560980,04 2125
1560980,04 11
1562958,62 25 
1563252,19 75 
1564460,29 72 
1564531,39 70 
1566049,03 80 
1566410,13 83 
1567480,92 64 1071
1567671,7 74 169
1567671,7 62 169
1569183,3 150 
1569211,77 68 
1569920,83 92 
1569920,83 65 
1569941,61 103 
1569941,61 101 
1570467,99 100 
1570467,99 1
1570467,99 2125
1570467,99 11
1572447,94 25 
1572981,41 75 
1574189,2 72 
1574260,68 70 
1575771,76 80 
1577125,78 83 
1577436,91 64 311
1577619,39 74 161
1577619,39 62 161
1578630,95 150 
1578660,23 68 
1580672,63 92 
1580672,63 65 
1580697,13 103 
1580697,13 101 
1581230,67 100 
1581230,67 1
1581230,67 2125
1581230,67 11
1583216,76 25 
1583377,1 75 
1584584,93 72 
1584658,02 70 
1586164,74 80 
1586521,75 83 
1587540,06 64 1018
1587737,93 74 177
1587737,93 62 177
1588245,31 150 
1588269,6 68 
1589176,85 92 
1589176,85 65 
1589200,25 103 
1589200,25 101 
1589728,65 100 
1589728,65 1
1589728,65 2125
1589728,65 10
1591706,78 25 
1592160,12 75 
1593366,93 72 
1593439,29 70 
1594958,21 80 
1596304,34 83 
1596610,67 64 307
1596810,23 74 187
1596810,23 62 187
1598321,88 153 
1598345,48 68 
1600355,94 92 
1600355,94 65 
1600382,29 103 
1600382,29 101 
1600908,82 100 
1600908,82 1
1600908,82 2125
1600908,82 10
1602888,59 25 
1603382,03 75 
1604592,31 72 
1604794,54 70 
1606414,58 80 
1607646,21 83 
1608010,65 64 365
1608193,24 74 161
1608193,24 62 161
1609204,54 151 
1609234,11 69 
1609944,23 93 
1609964,87 103 
1609964,87 101 
1611995,09 100 
1611995,09 1
1611995,09 2125
1611995,09 10
1613977,27 25 
1614017,93 75 
1615225,57 72 
1615296,79 70 
1616816,83 80 
1617175,57 83 
1678777,32 64 61603
1678983,79 74 181
1678983,79 62 181
1679492,89 151 
1679511,9 69 
1681019,73 93 
1681041,88 103 
1681041,88 101 
1683068,85 100 
1683068,85 1
1683068,85 2125
1683068,85 10
1685054,25 25 
1685081,89 75 
1686290,76 72 
1686360,47 70 
1687870,36 80 
1689225,45 83 
1958000,62 64 268776
1958197,81 74 178
1958197,81 62 178
1959705,26 151 
1959727,28 69 
1960438,16 93 
1960458,39 103 
1960458,39 101 
1962485,03 100 
1962485,03 1
1962485,03 2125
1962485,03 11
1964470,8 25 
1964500,46 75 
1965708,31 72 
1965950,26 70 
1967516 80 
1968761,92 83 
1976387,73 64 7626
1976636,89 74 225
1976636,89 61 225
1977644,23 151 
1977666,49 69 
1979176,81 93 
1979197,27 103 
1979197,27 101 
1981233,9 100 
1981233,9 1
1981233,9 2125
1981233,9 11
1983209,63 25 
1993210,49 254 
1993218,07 101 
1995231,4 100 
1995231,4 1
1995231,4 2125
1995231,4 11
1995231,4 25 
2005234,11 254 
2005252,94 101 
2007265,44 100 
2007265,44 1
2007265,44 2125
2007265,44 11
2007265,44 25 
2017266,8 254 
2017274,58 101 
2019287,08 100 
2019287,08 1
2019287,08 2125
2019287,08 11
2019287,08 25 
2029290,09 254 
2029309,54 101 
2031308,86 100 
2031308,86 1
2031308,86 2125
2031308,86 11
2031308,86 25 
2041311,92 254 
2041331,21 101 
2043343,7 100 
2043343,7 1
2043343,7 2125
2043343,7 11
2043343,7 25 
2053345,58 254 
2053352,96 101 
2055353,06 100 
2055353,06 1
2055353,06 2125
2055353,06 11
2055353,06 25 
2065354,61 254 
2065374,48 101 
2067386,98 100 
2067386,98 1
2067386,98 2125
2067386,98 11
2067386,98 25 
2077388,08 254 
2077396,12 101 
2079408,69 100 
2079408,69 1
2079408,69 2125
2079408,69 11
2079408,69 25 
2089412,25 254 
2089431,08 101 
2091443,61 100 
2091443,61 1
2091443,61 2125
2091443,61 11
2091443,61 25 
2101444,11 254 
2101452,76 101 
2103465,22 100 
2103465,22 1
2103465,22 2125
2103465,22 11
2103465,22 25 
2113465,68 254 
2113474,37 101 
2115486,85 100 
2115486,85 1
2115486,85 2125
2115486,85 11
2115486,85 25 
2125487,44 254 
2125496,02 101 
2127495,32 100 
2127495,32 1
2127495,32 2125
2127495,32 11
2127495,32 25 
2137496,93 254 
2137504,55 101 
2139516,84 100 
2139516,84 1
2139516,84 2125
2139516,84 11
2139516,84 25 
2149517,6 254 
2149525,97 101 
2151538,48 100 
2151538,48 1
2151538,48 2125
2151538,48 11
2151538,48 25 
2161542,17 254 
2161561,8 101 
2163573,44 100 
2163573,44 1
2163573,44 2125
2163573,44 11
2163573,44 25 
2173574,59 254 
2173582,58 101 
2175595,08 100 
2175595,08 1
2175595,08 2125
2175595,08 11
2175595,08 25 
2182100,14 75 
2183306,8 72 
2183552,61 70 
2185129,14 80 
2185617,99 83 
2186939,69 64 1322
2187198,82 74 235
2187198,82 61 235
2188206,33 153 
2188232,12 68 
2190243,44 92 
2190243,44 65 
2190269,02 103 
2190269,02 101 
2190795,88 100 
2190795,88 1
2190795,88 2125
2190795,88 10
2192775,32 25 
2192804,63 75 
2194015,24 72 
2194081,59 70 
2195594,34 80 
2196959,89 83 
2197524,29 64 565
2197694,19 74 148
2197694,19 62 148
2199203,25 151 
2199227,48 69 
2200137,53 93 
2200158,25 103 
2200158,25 101 
2202185,16 100 
2202185,16 1
2202185,16 2125
2202185,16 11
2204170,58 25 
2204197,82 75 
2205404,78 72 
2205476,82 70 
2206992,91 80 
2208048,62 83 
2208953,04 64 905
2209196,96 74 229
2209196,96 61 229
2209707,42 151 
2209728,65 69 
2209761,89 249 
2211739,55 93 
2211753,34 103 
2211753,34 101 
2213783,37 100 
2213783,37 1
2213783,37 2125
2213783,37 11
2215765,76 25 
2215794,71 75 
2217003,09 72 
2217071,96 70 
2218588,09 80 
2219643,82 83 
2220405,24 64 762
2220613,71 74 184
2220613,71 61 184
2221623,88 151 
2221644,05 69 
2223155,05 93 
2223175,31 103 
2223175,31 101 
2225201,83 100 
2225201,83 1
2225201,83 2125
2225201,83 11
2227187,59 25 
2227215,62 75 
2228424,22 72 
2228493,83 70 
2230009,19 80 
2231358,88 83 
2239390,04 64 8031
2239611,37 74 203
2239611,37 61 203
2240123,21 151 
2240143,68 69 
2240854,9 93 
2240874,51 103 
2240874,51 101 
2242903,44 100 
2242903,44 1
2242903,44 2125
2242903,44 10
2244886,92 25 
2253243,79 75 
2254452,83 72 
2254522,93 70 
2256038,09 80 
2256388,46 83 
2334180,51 64 77793
2334399,41 74 204
2334399,41 62 204
2335910,57 151 
2335930,44 69 
2336843,88 93 
2336861,08 103 
2336861,08 101 
2338894,54 100 
2338894,54 1
2338894,54 2125
2338894,54 10
2340873,42 25 
2340900,76 75 
2342108,93 72 
2342339,57 70 
2343909,69 80 
2345457,86 83 
2451371,42 64 105914
2451547,53 74 161
2451547,53 62 161
2452559,87 151 
2452588,21 69 
2453499,37 93 
2453519,1 103 
2453519,1 101 
2455546,63 100 
2455546,63 1
2455546,63 2125
2455546,63 10
2457531,31 25 
2457559,41 75 
2458767,04 72 
2458957,6 70 
2460488,64 80 
2461542,66 83 
2462242,84 64 700
2462473,14 74 211
2462473,14 61 211
2462980,23 150 
2463009,8 68 
2463721,07 92 
2463721,07 65 
2463741,42 103 
2463741,42 101 
2464270,99 100 
2464270,99 1
2464270,99 2125
2464270,99 10
2466247,73 25 
2466527,93 75 
2467737,15 72 
2467807,19 70 
2469317,38 80 
2469672,62 83 
2471157,06 64 1485
2471374,22 74 197
2471374,22 61 197
2472884,69 150 
2472913,09 68 
2473350,44 249
2474424,58 92 
2474424,58 65 
2474443,62 103 
2474443,62 101 
2474974,78 100 
2474974,78 1
2474974,78 2125
2474974,78 11
2476950,05 25 
2477350,1 75 
2478557,25 72 
2478629,25 70 
2480143,19 80 
2481201,12 83 
2482106,4 64 906
2482288,56 74 168
2482288,56 62 168
2483800,28 150 
2483827,84 68 
2485838,57 92 
2485838,57 65 
2485865,47 103 
2485865,47 101 
2486396,06 100 
2486396,06 1
2486396,06 2125
2486396,06 11
2488371,78 25 
2488398,98 75 
2489605,92 72 
2489678,21 70 
2491196,29 80 
2491543,52 83 
2492615,86 64 1073
2492816,83 74 181
2492816,83 62 181
2493830,16 152 
2493851,04 69 
2494560,57 93 
2494581,83 103 
2494581,83 101 
2496608,21 100 
2496608,21 1
2496608,21 2125
2496608,21 11
2498594,16 25 
2498622,27 75 
2499829,65 72 
2499900,42 70 
2501418,7 80 
2502778,74 83 
2503145,26 64 367
2503336,16 74 171
2503336,16 62 171
2503845,6 150 
2503873,59 68 
2505384,71 92 
2505384,71 65 
2505403,94 103 
2505403,94 101 
2505934,56 100 
2505934,56 1
2505934,56 2125
2505934,56 11
2507910,38 25 
2508417,25 75 
2509625,25 72 
2509696,4 70 
2511205,89 80 
2511575,06 83 
2512748,37 64 1174
2512939,18 74 165
2512939,18 62 165
2513950,61 150 
2513975,95 68 
2515986,97 92 
2515986,97 65 
2515999,54 103 
2515999,54 101 
2516527,48 100 
2516527,48 1
2516527,48 2125
2516527,48 11
2518505,95 25 
2518932,75 75 
2520141,57 72 
2520212,04 70 
2521737,53 80 
2523103,6 83 
2523407,69 64 303
2523614,21 74 192
2523614,21 62 192
2524125,42 150 
2524145,2 68 
2525053,29 92 
2525053,29 65 
2525075,74 103 
2525075,74 101 
2525602,25 100 
2525602,25 1
2525602,25 2125
2525602,25 10
2527582,21 25 
2527837,08 75 
2529046,32 72 
2529114,84 70 
2530626,97 80 
2531686,81 83 
2532834,25 64 1148
2533060,44 74 202
2533060,44 61 202
2534569,29 150 
2534594,04 68 
2534762,97 249
2535502,94 92 
2535502,94 65 
2535524,72 103 
2535524,72 101 
2536063,38 100 
2536063,38 1
2536063,38 2125
2536063,38 10
2538044,43 25 
2538564,74 75 
2539775,7 72 
2539843,66 70 
2541361,3 80 
2542415,54 83 
2542950,77 64 536
2543207,99 74 233
2543207,99 61 233
2544220 150 
2544242,59 68 
2546253,86 92 
2546253,86 65 
2546280,25 103 
2546280,25 101 
2546808,79 100 
2546808,79 1
2546808,79 2125
2546808,79 10
2548786,56 25 
2549426,65 75 
2550634,38 72 
2550705,86 70 
2552214,98 80 
2552571,38 83 
2553849,41 64 1279
2554044,83 74 181
2554044,83 61 181
2554555,33 150 
2554584,93 68 
2554966,99 249
2556097,59 92 
2556097,59 65 
2556116,08 103 
2556116,08 101 
2556642,63 100 
2556642,63 1
2556642,63 2125
2556642,63 10
2558622,42 25 
2559235,96 75 
2560442,94 72 
2560675,22 70 
2562460,86 80 
2563993,17 83 
2564458,25 64 465
2564682,83 74 210
2564682,83 61 210
2566191,97 150 
2566220,06 68 
2566932,55 92 
2566932,55 65 
2566951,56 103 
2566951,56 101 
2567486,39 100 
2567486,39 1
2567486,39 2125
2567486,39 10
2569471,2 25 
2570231,25 75 
2571441,01 72 
2571510,48 70 
2573020,81 80 
2574375,77 83 
2574922,97 64 547
2575124,12 74 176
2575124,12 61 176
2576636,79 150 
2576655,73 68 
2577564,9 92 
2577564,9 65 
2577587,12 103 
2577587,12 101 
2578116,64 100 
2578116,64 1
2578116,64 2125
2578116,64 11
2580093,44 25 
2580653,67 75 
2581860,25 72 
2581932,78 70 
2583448,57 80 
2584504,55 83 
2585104,81 64 601
2585303,4 74 186
2585303,4 62 186
2585815,43 150 
2585838,47 68 
2587850,34 92 
2587850,34 65 
2587876,16 103 
2587876,16 101 
2588405,12 100 
2588405,12 1
2588405,12 2125
2588405,12 10
2590382,52 25 
2590409,87 75 
2591619,88 72 
2591688,76 70 
2593204,33 80 
2593567,51 83 
2594334,51 64 768
2594578,62 74 225
2594578,62 61 225
2595587,26 150 
2595608,57 68 
2596320,24 92 
2596320,24 65 
2596339,32 103 
2596339,32 101 
2596869,71 100 
2596869,71 1
2596869,71 2125
2596869,71 11
2598845,7 25 
2599032,6 75 
2600240,5 72 
2600311,77 70 
2601827,89 80 
2602883,58 83 
2603406,75 64 524
2603599,48 74 170
2603599,48 62 170
2605111,72 150 
2605136,74 68 
2606648,93 92 
2606648,93 65 
2606668,34 103 
2606668,34 101 
2607196,39 100 
2607196,39 1
2607196,39 2125
2607196,39 10
2609174,65 25 
2609414,96 75 
2610624,96 72 
2610694,09 70 
2612204,41 80 
2612559,53 83 
2613649,29 64 1091
2613858,22 74 193
2613858,22 61 193
2614870,45 150 
2614893,74 68 
2615189,49 249
2615804,8 92 
2615804,8 65 
2615824,62 103 
2615824,62 101 
2616352,03 100 
2616352,03 1
2616352,03 2125
2616352,03 11
2618330,89 25 
2619157,61 75 
2620366 72 
2620436,7 70 
2621952,05 80 
2623315,09 83 
2623725,75 64 411
2623925,4 74 185
2623925,4 62 185
2624435,29 150 
2624462,48 68 
2626471,87 92 
2626471,87 65 
2626486,71 103 
2626486,71 101 
2627016,45 100 
2627016,45 1
2627016,45 2125
2627016,45 10
2628993,03 25 
2629446,55 75 
2630654,86 72 
2630725,72 70 
2632237,2 80 
2633297,55 83 
2633846,23 64 550
2634038,31 74 169
2634038,31 61 169
2634548,2 150 
2634578,91 68 
2635200,39 249
2635289,92 92 
2635289,92 65 
2635309,68 103 
2635309,68 101 
2635836,88 100 
2635836,88 1
2635836,88 2125
2635836,88 11
2637816 25 
2638323,24 75 
2639532,29 72 
2639602,01 70 
2641111,47 80 
2641467,57 83 
2642631,59 64 1165
2642828,21 74 176
2642828,21 62 176
2644340,54 152 
2644361,12 69 
2645870,95 93 
2645891,91 103 
2645891,91 101 
2647920,8 100 
2647920,8 1
2647920,8 2125
2647920,8 10
2649904,29 25 
2649932,28 75 
2651141,89 72 
2651210,5 70 
2652726,34 80 
2654075,48 83 
2654546,71 64 472
2654776,59 74 208
2654776,59 61 208
2655786,36 150 
2655809,33 68 
2656720,1 92 
2656720,1 65 
2656740,71 103 
2656740,71 101 
2657274,63 100 
2657274,63 1
2657274,63 2125
2657274,63 11
2659246,99 25 
2659314,12 75 
2660522,75 72 
2660593,24 70 
2662112,3 80 
2663484,97 83 
2663889,56 64 405
2664090,06 74 179
2664090,06 62 179
2665603,73 150 
2665632,53 68 
2666344,16 92 
2666344,16 65 
2666363,41 103 
2666363,41 101 
2666889,95 100 
2666889,95 1
2666889,95 2125
2666889,95 11
2668869,75 25 
2668898,09 75 
2670107,81 72 
2670309,13 70 
2671926,39 80 
2673120,89 83 
2673649,21 64 528
2673829,05 74 162
2673829,05 62 162
2674339,13 150 
2674362,21 68 
2676372,71 92 
2676372,71 65 
2676399,12 103 
2676399,12 101 
2676925,62 100 
2676925,62 1
2676925,62 2125
2676925,62 10
2678905,56 25 
2678932,73 75 
2680141,04 72 
2680211,82 70 
2681722,38 80 
2682077,15 83 
2683194,33 64 1118
2683436,89 74 227
2683436,89 61 227
2684449,62 150 
2684478,08 68 
2684603,39 249
2685988,81 92 
2685988,81 65 
2686008,52 103 
2686008,52 101 
2686547,77 100 
2686547,77 1
2686547,77 2125
2686547,77 11
2688528,11 25 
2689474,78 75 
2690681,24 72 
2690753,93 70 
2692264,38 80 
2692619,42 83 
2693569,83 64 951
2693770,24 74 178
2693770,24 62 178
2694778,91 150 
2694806,42 68 
2695515,29 92 
2695515,29 65 
2695537,82 103 
2695537,82 101 
2696064,62 100 
2696064,62 1
2696064,62 2125
2696064,62 10
2698044,15 25 
2698097,87 75 
2699306,35 72 
2699376,99 70 
2700887,3 80 
2701948,91 83 
2702773,39 64 825
2703039,21 74 252
2703039,21 61 252
2704546,84 150 
2704576,33 68 
2706083,94 92 
2706083,94 65 
2706106,73 103 
2706106,73 101 
2706632,98 100 
2706632,98 1
2706632,98 2125
2706632,98 10
2708613,1 25 
2709306,45 75 
2710516,08 72 
2710585,72 70 
2712097,96 80 
2713450,93 83 
2713933,94 64 483
2714158,88 74 202
2714158,88 61 202
2714670,99 150 
2714691,41 68 
2715601,06 92 
2715601,06 65 
2715622,79 103 
2715622,79 101 
2716155,1 100 
2716155,1 1
2716155,1 2125
2716155,1 10
2718129,07 25 
2718795,86 75 
2720004,87 72 
2720075,05 70 
2721587,55 80 
2721940,49 83 
2723157,59 64 1218
2723378,48 74 199
2723378,48 61 199
2724888,77 150 
2724914,47 68 
2726923,69 92 
2726923,69 65 
2726951,33 103 
2726951,33 101 
2727480,58 100 
2727480,58 1
2727480,58 2125
2727480,58 10
2729457,77 25 
2729644,6 75 
2730853,67 72 
2730923,8 70 
2732438,54 80 
2733802,24 83 
2734252,94 64 451
2734481,44 74 213
2734481,44 61 213
2735490,68 150 
2735509,97 68 
2737518,43 92 
2737518,43 65 
2737533,82 103 
2737533,82 101 
2738060,96 100 
2738060,96 1
2738060,96 2125
2738060,96 10
2740039,99 25 
2740187,14 75 
2741395,23 72 
2741466,05 70 
2742980,81 80 
2744037,89 83 
2744418,86 64 381
2744617,38 74 180
2744617,38 61 180
2745127,68 150 
2745146,23 68 
2745858,15 92 
2745858,15 65 
2745876,76 103 
2745876,76 101 
2746406,88 100 
2746406,88 1
2746406,88 2125
2746406,88 11
2748383,1 25 
2748516,79 75 
2749724,81 72 
2749795,92 70 
2751313,1 80 
2752367,73 83 
2752832,66 64 465
2753030,35 74 184
2753030,35 62 184
2754042,32 150 
2754061,54 68 
2755571,4 92 
2755571,4 65 
2755592,77 103 
2755592,77 101 
2756120,91 100 
2756120,91 1
2756120,91 2125
2756120,91 11
2758099,11 25 
2758126,97 75 
2759336,19 72 
2759405,34 70 
2760919,01 80 
2761270,73 83 
2762434,49 64 1164
2762589,49 74 133
2762589,49 62 133
2763099,3 150 
2763125,25 68 
2764034,75 92 
2764034,75 65 
2764055,93 103 
2764055,93 101 
2764583,51 100 
2764583,51 1
2764583,51 2125
2764583,51 11
2766562,26 25 
2766882,49 75 
2768092,17 72 
2768161,66 70 
2769677,28 80 
2771039,94 83 
2771369,59 64 330
2771554,33 74 169
2771554,33 62 169
2773063,03 150 
2773081,23 68 
2773788,97 92 
2773788,97 65 
2773811,76 103 
2773811,76 101 
2774343,63 100 
2774343,63 1
2774343,63 2125
2774343,63 11
2776318,1 25 
2776398,6 75 
2777608,21 72 
2777837,57 70 
2779406,65 80 
2780982,66 83 
2781207,28 64 226
2781410,08 74 187
2781410,08 62 187
2782419,12 152 
2782450,51 69 
2784459,66 93 
2784473,96 103 
2784473,96 101 
2786502,38 100 
2786502,38 1
2786502,38 2125
2786502,38 10
2788486,36 25 
2788513,61 75 
2789719,65 72 
2789792,59 70 
2791303,49 80 
2791658,04 83 
2792648,92 64 991
2792853,87 74 183
2792853,87 61 183
2793363,58 150 
2793392,61 68 
2794301,91 92 
2794301,91 65 
2794323,22 103 
2794323,22 101 
2794850,62 100 
2794850,62 1
2794850,62 2125
2794850,62 10
2796829,61 25 
2797003,13 75 
2798210,98 72 
2798282,38 70 
2799801,7 80 
2800854,15 83 
2801671,94 64 818
2801913,83 74 220
2801913,83 61 220
2803422,14 150 
2803441,72 68 
2804949,61 92 
2804949,61 65 
2804972,06 103 
2804972,06 101 
2805505,04 100 
2805505,04 1
2805505,04 2125
2805505,04 10
2807491,71 25 
2807638,85 75 
2808848,48 72 
2808917,9 70 
2810440,16 80 
2810809,99 83 
2811968,13 64 1158
2812189,73 74 207
2812189,73 61 207
2812701,14 150 
2812729,91 68 
2813767,12 249
2814738,88 92 
2814738,88 65 
2814754,64 103 
2814754,64 101 
2815281,06 100 
2815281,06 1
2815281,06 2125
2815281,06 11
2817260,93 25 
2817847,79 75 
2819054,47 72 
2819126,94 70 
2820640 80 
2821698,81 83 
2822185,67 64 487
2822387,98 74 183
2822387,98 62 183
2823898,08 150 
2823925,68 68 
2824637,99 92 
2824637,99 65 
2824657,18 103 
2824657,18 101 
2825183,89 100 
2825183,89 1
2825183,89 2125
2825183,89 11
2827163,48 25 
2827337,21 75 
2828543,93 72 
2828616,41 70 
2830132,06 80 
2831481,34 83 
2831824,26 64 344
2832030,81 74 190
2832030,81 62 190
2833039,34 150 
2833069,25 68 
2833977,42 92 
2833977,42 65 
2833999,96 103 
2833999,96 101 
2834537,07 100 
2834537,07 1
2834537,07 2125
2834537,07 10
2836519,59 25 
2837133,03 75 
2838340,75 72 
2838412,3 70 
2839932,76 80 
2840997,56 83 
2841565 64 568
2841773,65 74 190
2841773,65 61 190
2842282,19 150 
2842305,45 68 
2843817 92 
2843817 65 
2843835,84 103 
2843835,84 101 
2844363,6 100 
2844363,6 1
2844363,6 2125
2844363,6 11
2846342,16 25 
2846835,73 75 
2848043,54 72 
2848114,9 70 
2849627,27 80 
2849980,24 83 
2850884,57 64 905
2851066,93 74 167
2851066,93 62 167
2852577,72 150 
2852607,81 68 
2853318,87 92 
2853318,87 65 
2853338,55 103 
2853338,55 101 
2853866,29 100 
2853866,29 1
2853866,29 2125
2853866,29 10
2855844,81 25 
2856005,11 75 
2857213,52 72 
2857284,32 70 
2858795,65 80 
2860149,39 83 
2860305,2 64 157
2860545,53 74 223
2860545,53 61 223
2861555,73 150 
2861577,41 68 
2863088,05 92 
2863088,05 65 
2863107,78 103 
2863107,78 101 
2863637,48 100 
2863637,48 1
2863637,48 2125
2863637,48 11
2865614,13 25 
2865734,39 75 
2866942,11 72 
2867013,58 70 
2868529,96 80 
2868892,36 83 
2869898,18 64 1006
2870118,37 74 200
2870118,37 62 200
2870631,07 150 
2870665,79 68 
2872677,33 92 
2872677,33 65 
2872690,56 103 
2872690,56 101 
2873217,8 100 
2873217,8 1
2873217,8 2125
2873217,8 11
2875196,83 25 
2875610,33 75 
2876820,94 72 
2876889,49 70 
2878401,4 80 
2879461,35 83 
2880001,11 64 540
2880199,97 74 179
2880199,97 62 179
2881207,56 152 
2881235,81 69 
2882143,94 93 
2882166,47 103 
2882166,47 101 
2884199,28 100 
2884199,28 1
2884199,28 2125
2884199,28 11
2886178,83 25 
2886206,15 75 
2887415,95 72 
2887645,03 70 
2889218,93 80 
2890749,93 83 
2891093,81 64 344
2891311,35 74 202
2891311,35 62 202
2892822,69 150 
2892844,28 68 
2893553,83 92 
2893553,83 65 
2893575,08 103 
2893575,08 101 
2894110,96 100 
2894110,96 1
2894110,96 2125
2894110,96 10
2896081,52 25 
2896641,51 75 
2897851,28 72 
2898040,67 70 
2899650,75 80 
2900146,06 83 
2900993,46 64 848
2901224,97 74 213
2901224,97 61 213
2902235,78 150 
2902253,33 68 
2903162,22 92 
2903162,22 65 
2903184,34 103 
2903184,34 101 
2903713,52 100 
2903713,52 1
2903713,52 2125
2903713,52 10
2905690,93 25 
2905890,96 75 
2907098,64 72 
2907170,19 70 
2908683,38 80 
2909741,95 83 
2910396,16 64 654
2910641,42 74 220
2910641,42 61 220
2911148,5 150 
2911169,35 68 
2911277,22 249
2912678,65 92 
2912678,65 65 
2912700,37 103 
2912700,37 101 
2913227,47 100 
2913227,47 1
2913227,47 2125
2913227,47 11
2915206,72 25 
2915233,87 75 
2916442,61 72 
2916512,96 70 
2918019,31 80 
2919378,1 83 
2919785,55 64 408
2919969,1 74 165
2919969,1 62 165
2921477,65 150 
2921498,24 68 
2923509,7 92 
2923509,7 65 
2923535,85 103 
2923535,85 101 
2924071,72 100 
2924071,72 1
2924071,72 2125
2924071,72 10
2926055,52 25 
2926442,46 75 
2927650,91 72 
2927721,67 70 
2929237,25 80 
2930599,91 83 
2931549,9 64 950
2931793,73 74 221
2931793,73 61 221
2932305,43 150 
2932334,37 68 
2932643,63 249
2933842,22 92 
2933842,22 65 
2933864,85 103 
2933864,85 101 
2934393,9 100 
2934393,9 1
2934393,9 2125
2934393,9 10
2936371,17 25 
2936598,16 75 
2937808,65 72 
2937877,35 70 
2939390,23 80 
2940449,21 83 
2940866,35 64 418
2941089,75 74 201
2941089,75 61 201
2942099,19 152 
2942130,31 69 
2942839,53 93 
2942861,12 103 
2942861,12 101 
2944887,68 100 
2944887,68 1
2944887,68 2125
2944887,68 11
2946873,52 25 
2946900,95 75 
2948109,1 72 
2948179,68 70 
2949687,49 80 
2950045,13 83 
2951100,27 64 1056
2951357,18 74 233
2951357,18 61 233
2952867,84 151 
2952884,78 69 
2954895,64 93 
2954909,41 103 
2954909,41 101 
2956940,6 100 
2956940,6 1
2956940,6 2125
2956940,6 11
2958921,81 25 
2958949,1 75 
2960157,17 72 
2960227,97 70 
2961738,31 80 
2962093,45 83 
2963788,12 64 1695
2963977,19 74 165
2963977,19 61 165
2964486,45 151 
2964506,85 69 
2964904,66 249 
2965410,67 181 
2965430,2 93 
2965451,73 103 
2965451,73 101 
2967478,8 100 
2967478,8 1
2967478,8 2125
2967478,8 10
2969463,99 25 
2969491,37 75 
2970699,78 72 
2970770,22 70 
2972284,29 80 
2973342,05 83 
2973811,72 64 470
2974002,63 74 168
2974002,63 61 168
2975013,03 150 
2975035,83 68 
2975312,67 249
2975946,75 92 
2975946,75 65 
2975967,26 103 
2975967,26 101 
2976494,04 100 
2976494,04 1
2976494,04 2125
2976494,04 11
2978473,62 25 
2978500,91 75 
2979709,62 72 
2979779,85 70 
2981288,12 80 
2982644,86 83 
2982879,37 64 235
2983090,64 74 192
2983090,64 62 192
2984600,45 150 
2984618,71 68 
2986626,81 92 
2986626,81 65 
2986642,84 103 
2986642,84 101 
2987176,59 100 
2987176,59 1
2987176,59 2125
2987176,59 11
2989162,47 25 
2989429,41 75 
2990637,14 72 
2990708,61 70 
2992221,75 80 
2993280,41 83 
2993771,96 64 492
2993979,93 74 193
2993979,93 62 193
2994989,42 150 
2995014,85 68 
2995727,94 92 
2995727,94 65 
2995745,74 103 
2995745,74 101 
2996274,55 100 
2996274,55 1
2996274,55 2125
2996274,55 10
2998252,04 25 
2998385,74 75 
2999593,41 72 
2999664,95 70 
3001380,14 80 
3002916,41 83 
3003192,33 64 277
3003394,16 74 185
3003394,16 61 185
3004903,03 150 
3004930,89 68 
3006441,53 92 
3006441,53 65 
3006461,21 103 
3006461,21 101 
3006989,01 100 
3006989,01 1
3006989,01 2125
3006989,01 11
3008967,59 25 
3009487,7 75 
3010695,72 72 
3010766,96 70 
3012278,63 80 
3012632,33 83 
3014608,34 64 1977
3014830,46 74 200
3014830,46 61 200
3015338,2 151 
3015366,29 69 
3016078,58 93 
3016097,15 103 
3016097,15 101 
3018127,22 100 
3018127,22 1
3018127,22 2125
3018127,22 10
3020109,53 25 
3020136,7 75 
3021345,82 72 
3021415,72 70 
3022927,82 80 
3024294,1 83 
3024646,38 64 353
3024874,09 74 207
3024874,09 61 207
3025382,28 150 
3025401,51 68 
3025483,09 249
3026911,21 92 
3026911,21 65 
3026932,64 103 
3026932,64 101 
3027462,11 100 
3027462,11 1
3027462,11 2125
3027462,11 10
3029438,96 25 
3030132,41 75 
3031339,92 72 
3031411,54 70 
3032927,18 80 
3033983,4 83 
3035067,68 64 1085
3035255,46 74 167
3035255,46 61 167
3036766,94 150 
3036796,61 68 
3037705,87 92 
3037705,87 65 
3037728,14 103 
3037728,14 101 
3038254,75 100 
3038254,75 1
3038254,75 2125
3038254,75 10
3040234,6 25 
3040328,09 75 
3041537,31 72 
3041607,32 70 
3043117,45 80 
3043472,76 83 
3044495,05 64 1022
3044754,31 74 243
3044754,31 61 243
3045766,62 150 
3045792,88 68 
3047804,18 92 
3047804,18 65 
3047817,46 103 
3047817,46 101 
3048352,27 100 
3048352,27 1
3048352,27 2125
3048352,27 11
3050350,2 25 
3050510,58 75 
3051719,71 72 
3051789,73 70 
3053304,97 80 
3054348,22 83 
3055109,08 64 761
3055304,02 74 170
3055304,02 62 170
3055811,56 150 
3055842,03 68 
3056753,5 92 
3056753,5 65 
3056773,49 103 
3056773,49 101 
3057299,96 100 
3057299,96 1
3057299,96 2125
3057299,96 10
3059279,81 25 
3059573,48 75 
3060781,45 72 
3060852,68 70 
3062362,36 80 
3062718,04 83 
3064052,1 64 1334
3064274,61 74 198
3064274,61 61 198
3065285,47 152 
3065305,51 69 
3066016,19 93 
3066036,33 103 
3066036,33 101 
3068062,88 100 
3068062,88 1
3068062,88 2125
3068062,88 11
3070048,69 25 
3070075,93 75 
3071285,5 72 
3071354,97 70 
3072863,04 80 
3074233,26 83 
3074729,33 64 497
3074949,59 74 197
3074949,59 62 197
3076457,4 150 
3076487,46 68 
3077999,85 92 
3077999,85 65 
3078017,96 103 
3078017,96 101 
3078546,72 100 
3078546,72 1
3078546,72 2125
3078546,72 11
3080524,36 25 
3080564,65 75 
3081770,5 72 
3081843,79 70 
3083353,49 80 
3084415,64 83 
3084803,74 64 388
3084998,39 74 170
3084998,39 62 170
3085509,32 150 
3085537,08 68 
3087547,91 92 
3087547,91 65 
3087574,01 103 
3087574,01 101 
3088105,15 100 
3088105,15 1
3088105,15 2125
3088105,15 10
3090080,31 25 
3090147,26 75 
3091356,37 72 
3091426,43 70 
3092938,41 80 
3094304,83 83 
3095035,55 64 731
3095261,7 74 211
3095261,7 61 211
3096772,25 150 
3096798,96 68 
3097506 92 
3097506 65 
3097529,77 103 
3097529,77 101 
3098057,46 100 
3098057,46 1
3098057,46 2125
3098057,46 10
3100036,08 25 
3100103,14 75 
3101312,27 72 
3101382,31 70 
3102892,37 80 
3103261,11 83 
3104031,9 64 771
3104226,18 74 180
3104226,18 61 180
3105234,29 150 
3105261,37 68 
3107270,87 92 
3107270,87 65 
3107285,75 103 
3107285,75 101 
3107815,28 100 
3107815,28 1
3107815,28 2125
3107815,28 10
3109792,11 25 
3110285,62 75 
3111494 72 
3111684,79 70 
3113291,51 80 
3114816,26 83 
3115609,22 64 793
3115843,91 74 215
3115843,91 61 215
3116853,99 150 
3116883,65 68 
3118394,36 92 
3118394,36 65 
3118414,44 103 
3118414,44 101 
3118940,94 100 
3118940,94 1
3118940,94 2125
3118940,94 11
3120920,73 25 
3121094,37 75 
3122301,2 72 
3122373,57 70 
3123887,66 80 
3124945,39 83 
3125487,69 64 543
3125719,99 74 215
3125719,99 62 215
3127232,53 150 
3127252,32 68 
3128163,99 92 
3128163,99 65 
3128183,71 103 
3128183,71 101 
3128711,13 100 
3128711,13 1
3128711,13 2125
3128711,13 11
3130690,14 25 
3131343,35 75 
3132551,08 72 
3132622,59 70 
3134133,33 80 
3134488,07 83 
3135842,58 64 1355
3136050,34 74 190
3136050,34 62 190
3136561,72 152 
3136581,22 69 
3137293,82 93 
3137313,18 103 
3137313,18 101 
3139349,87 100 
3139349,87 1
3139349,87 2125
3139349,87 11
3141325,55 25 
3141366,32 75 
3142574,93 72 
3142645,1 70 
3144161,63 80 
3145216,9 83 
3145783,52 64 567
3145973,28 74 171
3145973,28 62 171
3147482,38 150 
3147511,18 68 
3148421,17 92 
3148421,17 65 
3148441,85 103 
3148441,85 101 
3148970,36 100 
3148970,36 1
3148970,36 2125
3148970,36 10
3150948,13 25 
3151415,22 75 
3152622,85 72 
3152695,93 70 
3154205,7 80 
3155572,62 83 
3156191,2 64 619
3156419,12 74 207
3156419,12 61 207
3157430,64 150 
3157453,62 68 
3157910,13 249
3159463,63 92 
3159463,63 65 
3159477,24 103 
3159477,24 101 
3160004,31 100 
3160004,31 1
3160004,31 2125
3160004,31 11
3161983,57 25 
3162743,92 75 
3163951,34 72 
3164022,92 70 
3165538,32 80 
3165888,3 83 
3166936,11 64 1048
3167145,56 74 192
3167145,56 62 192
3167655,82 150 
3167675,31 68 
3169184,36 92 
3169184,36 65 
3169206,48 103 
3169206,48 101 
3169743,76 100 
3169743,76 1
3169743,76 2125
3169743,76 10
3171726,21 25 
3171887,55 75 
3173097,19 72 
3173165,7 70 
3174682,47 80 
3175031,08 83 
3176515,07 64 1484
3176760,1 74 223
3176760,1 61 223
3177270,6 150 
3177298,72 68 
3178208,9 92 
3178208,9 65 
3178229,39 103 
3178229,39 101 
3178757,04 100 
3178757,04 1
3178757,04 2125
3178757,04 11
3180735,91 25 
3181109,43 75 
3182317,15 72 
3182388,46 70 
3183900,99 80 
3185266,83 83 
3185583,19 64 316
3185803,65 74 204
3185803,65 62 204
3186814,58 150 
3186841,36 68 
3188852,79 92 
3188852,79 65 
3188878,42 103 
3188878,42 101 
3189410,61 100 
3189410,61 3
3189410,61 2125
3189410,61 10
3189410,61 78 
3189410,61 198 
3191384,65 25 
3192997,61 75 
3194204,25 72 
3194276,84 70 
3195785,65 80 
3196848,65 83 
3197356,73 64 508
3197588,7 74 207
3197588,7 61 207
3199096,64 151 
3199115,87 69 
3199827,23 93 
3199847,04 103 
3199847,04 101 
3201876,59 100 
3201876,59 3
3201876,59 2125
3201876,59 10
3203859,37 25 
3203886,88 75 
3205095,29 72 
3205165,6 70 
3206676,8 80 
3207737,45 83 
3208198,62 64 462
3208413,13 74 196
3208413,13 61 196
3208922,32 151 
3208951,33 69 
3209653,25 249 
3210461,1 93 
3210482,75 103 
3210482,75 101 
3212511,09 100 
3212511,09 3
3212511,09 2125
3212511,09 11
3214494,93 25 
3215308,3 75 
3216516,51 72 
3216760,78 70 
3218334,55 80 
3219892,36 83 
3220061,93 64 170
3220276,83 74 198
3220276,83 62 198
3221285,92 151 
3221306,26 69 
3223316,06 93 
3223330,51 103 
3223330,51 101 
3225358,09 100 
3225358,09 3
3225358,09 2125
3225358,09 11
3227342,94 25 
3227370,22 75 
3228577,79 72 
3228649,08 70 
3230160,99 80 
3230514,53 83 
3231236,1 64 722
3231457,91 74 197
3231457,91 61 197
3232968,95 151 
3232995,43 69 
3234507,49 93 
3234527,51 103 
3234527,51 101 
3236558,71 100 
3236558,71 3
3236558,71 2125
3236558,71 10
3238538,26 25 
3238566,9 75 
3239773,17 72 
3239844,41 70 
3241360,94 80 
3242416,28 83 
3242905,02 64 489
3243119,37 74 197
3243119,37 61 197
3244631,89 151 
3244657,34 69 
3245569,15 93 
3245587,9 103 
3245587,9 101 
3247616,25 100 
3247616,25 3
3247616,25 2125
3247616,25 10
3249600,3 25 
3249627,86 75 
3250100,51 250 
3250118,9 101 
3252132,51 100 
3252132,51 3
3252132,51 2125
3252132,51 10
3252132,51 25 
3252905,17 75 
3253876,44 250 
3253890,64 101 
3255891,17 100 
3255891,17 3
3255891,17 2125
3255891,17 10
3255891,17 25 
3261341,65 75 
3262549,07 72 
3262621,56 70 
3264136,75 80 
3265499,95 83 
3265831,85 64 332
3266011,32 74 166
3266011,32 62 166
3266522,01 150 
3266541,35 68 
3267252,74 92 
3267252,74 65 
3267272,21 103 
3267272,21 101 
3267799,61 100 
3267799,61 3
3267799,61 2125
3267799,61 11
3269778,5 25 
3269805,9 75 
3271014,41 72 
3271084,75 70 
3272596,76 80 
3272950,28 83 
3274250,64 64 1301
3274484,42 74 216
3274484,42 61 216
3275495,18 151 
3275523,57 69 
3276235,07 93 
3276255,06 103 
3276255,06 101 
3278287,77 100 
3278287,77 3
3278287,77 2125
3278287,77 10
3280267,47 25 
3280295,26 75 
3281502,84 72 
3281573,67 70 
3283083,63 80 
3284438,7 83 
3284764,44 64 326
3284969,14 74 184
3284969,14 62 184
3285979,59 150 
3285999,86 68 
3288011,48 92 
3288011,48 65 
3288036,81 103 
3288036,81 101 
3288564,39 100 
3288564,39 3
3288564,39 2125
3288564,39 11
3290543,23 25 
3290570,49 75 
3291781,91 72 
3291849,34 70 
3293364,91 80 
3293714,92 83 
3294547,42 64 833
3294786,46 74 219
3294786,46 61 219
3296299,73 153 
3296329,08 68 
3297239,78 92 
3297239,78 65 
3297259,65 103 
3297259,65 101 
3297786,11 100 
3297786,11 3
3297786,11 2125
3297786,11 11
3299766,06 25 
3300046,38 75 
3301254,73 72 
3301325,45 70 
3302834,86 80 
3303897,24 83 
3304367,11 64 470
3304601,21 74 212
3304601,21 61 212
3305108,26 151 
3305138,01 69 
3306648,23 93 
3306669,05 103 
3306669,05 101 
3308708,5 100 
3308708,5 3
3308708,5 2125
3308708,5 10
3310694,78 25 
3310722,13 75 
3311449,16 250 
3311466,58 101 
3313480,24 100 
3313480,24 3
3313480,24 2125
3313480,24 10
3313480,24 25 
3313506,46 75 
3314714,08 72 
3314786,43 70 
3316301,33 80 
3317651,53 83 
3317998,85 64 348
3318207,05 74 196
3318207,05 62 196
3319218,26 150 
3319238,66 68 
3320748,99 92 
3320748,99 65 
3320769,83 103 
3320769,83 101 
3321297,4 100 
3321297,4 3
3321297,4 2125
3321297,4 11
3323276,12 25 
3323329,82 75 
3323666,21 250 
3323674,81 101 
3325688,5 100 
3325688,5 3
3325688,5 2125
3325688,5 11
3325688,5 25 
3325714,9 75 
3326922,64 72 
3327114,7 70 
3328737,51 80 
3329966,39 83 
3330632,74 64 667
3330875,89 74 230
3330875,89 63 230
3332383,24 150 
3332407,38 68 
3332662,98 249
3332803,79 173 
3333317,17 92 
3333317,17 65 
3333337,92 103 
3333337,92 101 
3333864,85 100 
3333864,85 3
3333864,85 2125
3333864,85 11
3335844,23 25 
3335871,49 75 
3337080,65 72 
3337150,46 70 
3338661,7 80 
3339015,99 83 
3340230,77 64 1215
3340486,11 74 231
3340486,11 63 231
3340998,18 150 
3341016,94 68 
3341726,15 92 
3341726,15 65 
3341747,72 103 
3341747,72 101 
3342278,98 100 
3342278,98 3
3342278,98 2125
3342278,98 10
3344254,03 25 
3344547,61 75 
3345757,26 72 
3345826,8 70 
3347342,93 80 
3348411,93 83 
3349006,49 64 595
3349216,69 74 192
3349216,69 62 192
3349729,11 150 
3349746,04 68 
3351757,58 92 
3351757,58 65 
3351783,51 103 
3351783,51 101 
3352313,92 100 
3352313,92 3
3352313,92 2125
3352313,92 10
3354289,84 25 
3354810,05 75 
3356020,13 72 
3356089,21 70 
3357603,72 80 
3357954,64 83 
3359015,28 64 1061
3359195,14 74 161
3359195,14 62 161
3360206,99 150 
3360236,5 68 
3362245,49 92 
3362245,49 65 
3362259,22 103 
3362259,22 101 
3362787,7 100 
3362787,7 3
3362787,7 2125
3362787,7 11
3364765,54 25 
3364819,24 75 
3366028,04 72 
3366098,32 70 
3367611,45 80 
3368976,7 83 
3369347,06 64 370
3369555,89 74 193
3369555,89 63 193
3371065,15 150 
3371084,4 68 
3371992,53 92 
3371992,53 65 
3372015,06 103 
3372015,06 101 
3372544,46 100 
3372544,46 3
3372544,46 2125
3372544,46 11
3374521,38 25 
3374548,73 75 
3375756,09 72 
3375827,66 70 
3377346,03 80 
3378692,64 83 
3379032,76 64 340
3379246,18 74 194
3379246,18 63 194
3379755,09 150 
3379773,46 68 
3381284,53 92 
3381284,53 65 
3381304,52 103 
3381304,52 101 
3381832,39 100 
3381832,39 3
3381832,39 2125
3381832,39 10
3383810,85 25 
3384384,55 75 
3385596,26 72 
3385663,47 70 
3387187,29 80 
3388248,64 83 
3388711,52 64 463
3388894,07 74 166
3388894,07 62 166
3390405,31 152 
3390435,52 69 
3391147,37 93 
3391167,07 103 
3391167,07 101 
3393195,78 100 
3393195,78 3
3393195,78 2125
3393195,78 10
3395179,44 25 
3395207,13 75 
3396416,93 72 
3396485,64 70 
3397999,28 80 
3398351,1 83 
3400695,6 64 2345
3400896,84 74 187
3400896,84 62 187
3401907,57 150 
3401938,18 68 
3403950,79 92 
3403950,79 65 
3403975,03 103 
3403975,03 101 
3404507,44 100 
3404507,44 3
3404507,44 2125
3404507,44 11
3406481,4 25 
3406521,99 75 
3407730,49 72 
3407801 70 
3409308,6 80 
3410372,71 83 
3411219,94 64 847
3411455,95 74 217
3411455,95 63 217
3412965,94 150 
3412987,92 68 
3413697,11 92 
3413697,11 65 
3413717,63 103 
3413717,63 101 
3414244,93 100 
3414244,93 3
3414244,93 2125
3414244,93 11
3416224 25 
3416277,66 75 
3417485,69 72 
3417556,81 70 
3419074,38 80 
3419422,6 83 
3420695,04 64 1273
3420947,01 74 232
3420947,01 63 232
3421457,87 152 
3421476,26 69 
3422386,53 93 
3422407,35 103 
3422407,35 101 
3424434,72 100 
3424434,72 3
3424434,72 2125
3424434,72 10
3426419,7 25 
3426447,53 75 
3427656,23 72 
3427725,94 70 
3429237,8 80 
3430591,04 83 
3430937,35 64 347
3431135,79 74 185
3431135,79 62 185
3432147,54 150 
3432178,84 68 
3433687,92 92 
3433687,92 65 
3433709,3 103 
3433709,3 101 
3434244,38 100 
3434244,38 3
3434244,38 2125
3434244,38 10
3436215,81 25 
3436322,63 75 
3437531,36 72 
3437721,7 70 
3439245,53 80 
3440306,88 83 
3440889,82 64 583
3441081,52 74 162
3441081,52 62 162
3442093,46 150 
3442121,29 68 
3443631,56 92 
3443631,56 65 
3443651,79 103 
3443651,79 101 
3444178,06 100 
3444178,06 3
3444178,06 2125
3444178,06 11
3446158,1 25 
3446851,49 75 
3448061,64 72 
3448130,73 70 
3449644,13 80 
3451009,07 83 
3452124,97 64 1116
3452370,81 74 229
3452370,81 63 229
3453881,01 150 
3453903,2 68 
3454307,47 249
3454612,48 92 
3454612,48 65 
3454633,87 103 
3454633,87 101 
3455160,29 100 
3455160,29 3
3455160,29 2125
3455160,29 10
3457140,27 25 
3457553,69 75 
3458763,3 72 
3458832,88 70 
3460350,44 80 
3460698,4 83 
3461607,92 64 910
3461842,91 74 212
3461842,91 62 212
3462350,41 150 
3462378,95 68 
3464386,28 92 
3464386,28 65 
3464403,09 103 
3464403,09 101 
3469098,47 102 
