60,81 100 
60,81 5
60,81 2109
60,81 11
2028,84 25 
2493,56 75 
3701,32 72 
4039,26 70 
5688,25 80 
6985,02 83 
8183,95 64 1199
8350,13 74 138
8350,13 62 138
9864,52 150 
9890,81 68 
10305,7 249
10604,14 92 
10604,14 65 
10625,59 103 
10625,59 101 
11149,36 100 
11149,36 5
11149,36 2109
11149,36 10
13129,5 25 
13156,69 75 
14365,69 72 
14435,7 70 
15949,11 80 
17327,41 83 
18139,69 64 812
18339,97 74 185
18339,97 63 185
18853,38 150 
18874,5 68 
19785,06 92 
19785,06 65 
19805,99 103 
19805,99 101 
20332,31 100 
20332,31 5
20332,31 2109
20332,31 10
22312,39 25 
22792,54 75 
24001,37 72 
24071,73 70 
25599,33 80 
25963,77 83 
26928,2 64 965
27163,79 74 214
27163,79 63 214
28175,14 150 
28204,74 68 
29289,32 249
29712,74 92 
29712,74 65 
29735,16 103 
29735,16 101 
30268,71 100 
30268,71 5
30268,71 2109
30268,71 11
32254,77 25 
32282,04 75 
33491,65 72 
33561,15 70 
35090,05 80 
35453,12 83 
36508,69 64 1056
36718,84 74 185
36718,84 61 185
37229,73 151 
37252,62 69 
37663,07 249 
38661,35 181 
39266 93 
39277,81 103 
39277,81 101 
41304,76 100 
41304,76 5
41304,76 2109
41304,76 11
43290,13 25 
43317,97 75 
44526,17 72 
44596,33 70 
46127,37 80 
47501,44 83 
48119,63 64 618
48332,8 74 192
48332,8 63 192
49343,05 151 
49368,31 69 
50877,71 93 
50899,61 103 
50899,61 101 
52928,47 100 
52928,47 5
52928,47 2109
52928,47 10
54911,92 25 
54939,16 75 
56147,71 72 
56218,09 70 
57745,67 80 
58816,61 83 
59469,76 64 653
59630,01 74 148
59630,01 62 148
61138,26 151 
61164,11 69 
62076,14 93 
62094,87 103 
62094,87 101 
64130,25 100 
64130,25 5
64130,25 2109
64130,25 11
66107,19 25 
66134,59 75 
67342,71 72 
67413,42 70 
68942,77 80 
70305,09 83 
70685,46 64 381
70867,68 74 163
70867,68 62 163
72377,3 150 
72398,67 68 
73111,64 92 
73111,64 65 
73130,19 103 
73130,19 101 
73658,47 100 
73658,47 5
73658,47 2109
73658,47 10
75636,52 25 
75663,78 75 
76871,47 72 
76942,72 70 
78477,86 80 
79541,27 83 
80132,24 64 592
80351,23 74 198
80351,23 63 198
81361,69 152 
81382,24 69 
81618,7 249 
82011,49 183 
83390,21 93 
83405,92 103 
83405,92 101 
85432,25 100 
85432,25 5
85432,25 2109
85432,25 10
87418,2 25 
87445,43 75 
88653,1 72 
88724,42 70 
90238,26 80 
90603,26 83 
91499,2 64 897
91678,37 74 156
91678,37 62 156
92188,9 151 
92217,68 69 
93129,22 93 
93148,5 103 
93148,5 101 
95181,04 100 
95181,04 5
95181,04 2109
95181,04 11
97160,84 25 
97188,03 75 
98395,29 72 
98466,94 70 
99988,72 80 
101052,14 83 
102274,34 64 1223
102507,18 74 216
102507,18 62 216
103016,49 150 
103039,75 68 
103748,59 92 
103748,59 65 
103770,63 103 
103770,63 101 
104301,74 100 
104301,74 5
104301,74 2109
104301,74 10
106276,91 25 
106304,17 75 
107511,58 72 
107836,37 70 
109462,7 80 
110834,7 83 
111262,26 64 428
111487,39 74 200
111487,39 63 200
112499,52 150 
112529,18 68 
113167,76 249
114042,71 92 
114042,71 65 
114059,62 103 
114059,62 101 
114587,62 100 
114587,62 5
114587,62 2109
114587,62 11
116565,94 25 
116686,29 75 
117894,41 72 
117965,43 70 
119491,95 80 
119870,9 83 
120751,97 64 882
120931,05 74 155
120931,05 62 155
122440,84 152 
122471,65 69 
124423,62 249 
124483,17 93 
124495,21 103 
124495,21 101 
126529,88 100 
126529,88 5
126529,88 2109
126529,88 11
128507,69 25 
128535,03 75 
129744,03 72 
129813,84 70 
131336,36 80 
132718,79 83 
132933,38 64 215
133108,23 74 150
133108,23 62 150
133618,9 150 
133640,48 68 
135652,36 92 
135652,36 65 
135677,27 103 
135677,27 101 
136205,61 100 
136205,61 5
136205,61 2109
136205,61 10
138183,54 25 
138211,33 75 
139420 72 
139489,71 70 
141005,86 80 
142074,92 83 
142974,81 64 900
143180,98 74 187
143180,98 63 187
144188,57 150 
144209,17 68 
144292,05 249
144530,31 173 
145120,26 92 
145120,26 65 
145139,87 103 
145139,87 101 
145667,1 100 
145667,1 5
145667,1 2109
145667,1 10
147646,23 25 
147673,58 75 
148882,18 72 
148952,38 70 
150487,75 80 
150857,92 83 
151817,32 64 960
152038,91 74 208
152038,91 63 208
153548,53 150 
153577,73 68 
153661,93 249
153926,5 173 
155085,66 92 
155085,66 65 
155109,04 103 
155109,04 101 
155646,23 100 
155646,23 5
155646,23 2109
155646,23 11
157628,62 25 
157655,85 75 
158864,12 72 
158934,82 70 
160450,46 80 
161506,68 83 
161898,81 64 392
162085,63 74 166
162085,63 62 166
162597,37 150 
162628,05 68 
163336,96 92 
163336,96 65 
163358,84 103 
163358,84 101 
163886,05 100 
163886,05 5
163886,05 2109
163886,05 10
165865,13 25 
166265,38 75 
167474,58 72 
167544,58 70 
169061,12 80 
170422,87 83 
170726,25 64 304
170894,4 74 152
170894,4 62 152
171905,09 151 
171930,03 69 
172639,6 93 
172661,63 103 
172661,63 101 
174687,99 100 
174687,99 5
174687,99 2109
174687,99 11
176674,84 25 
176701,68 75 
177909,68 72 
177980,13 70 
179500,57 80 
179872,26 83 
180771,37 64 900
180956,87 74 165
180956,87 62 165
182465,05 150 
182486,35 68 
183995,85 92 
183995,85 65 
184016,94 103 
184016,94 101 
184550,83 100 
184550,83 5
184550,83 2109
184550,83 11
186523,09 25 
186563,7 75 
187774,08 72 
187842,69 70 
189374,88 80 
190734,35 83 
190865,24 64 132
191111,83 74 231
191111,83 62 231
192623,71 150 
192642,01 68 
193145 249
193308,61 172 
194651,8 92 
194651,8 65 
194665,81 103 
194665,81 101 
195193,83 100 
195193,83 5
195193,83 2109
195193,83 10
197171,98 25 
197278,92 75 
198487,88 72 
198558,13 70 
200088,32 80 
201143,3 83 
201518,95 64 377
201720,74 74 178
201720,74 63 178
202731,28 150 
202757,77 68 
203242,31 249
203668,77 92 
203668,77 65 
203688,66 103 
203688,66 101 
204221,79 100 
204221,79 5
204221,79 2109
204221,79 11
206194,85 25 
206768,4 75 
207977,63 72 
208300,76 70 
209936,34 80 
210312,8 83 
211095,47 64 783
211284,92 74 172
211284,92 62 172
211794,48 150 
211819,93 68 
212528,39 92 
212528,39 65 
212551,45 103 
212551,45 101 
213085,07 100 
213085,07 5
213085,07 2109
213085,07 10
215057,8 25 
215644,55 75 
216853,31 72 
216923,71 70 
218448,07 80 
219815,43 83 
220080,54 64 265
220330,17 74 236
220330,17 63 236
221840,76 150 
221869,82 68 
223881,54 92 
223881,54 65 
223906,67 103 
223906,67 101 
224434,28 100 
224434,28 5
224434,28 2109
224434,28 10
226426,4 25 
226639,92 75 
227848,95 72 
227919,1 70 
229434,07 80 
230504,35 83 
230886,13 64 383
231081,02 74 178
231081,02 62 178
231588,57 151 
231612,58 69 
233122,65 93 
233142,86 103 
233142,86 101 
235169,72 100 
235169,72 5
235169,72 2109
235169,72 11
237155,1 25 
237182,88 75 
238391,73 72 
238461,33 70 
239990,56 80 
240354,07 83 
240930,29 64 577
241150,65 74 198
241150,65 62 198
242161,9 150 
242181,27 68 
243090,76 92 
243090,76 65 
243112,08 103 
243112,08 101 
243647,97 100 
243647,97 5
243647,97 2109
243647,97 10
245631,57 25 
245845,19 75 
247052,26 72 
247124,36 70 
248655,06 80 
249736,18 83 
250202,77 64 467
250464,82 74 249
250464,82 63 249
251472,24 150 
251497,35 68 
253505,65 92 
253505,65 65 
253520,85 103 
253520,85 101 
254046,88 100 
254046,88 5
254046,88 2109
254046,88 11
256027,19 25 
256134,15 75 
257341,52 72 
257413,4 70 
258930,38 80 
260276,11 250 
260291,59 101 
262291,4 100 
262291,4 5
262291,4 2109
262291,4 11
262291,4 25 
262318,44 75 
263526,34 72 
263597,37 70 
265128,66 80 
266489,06 83 
266904,48 64 416
267080,72 74 152
267080,72 62 152
268589,04 150 
268610,01 68 
270118,15 92 
270118,15 65 
270140,52 103 
270140,52 101 
270666,65 100 
270666,65 5
270666,65 2109
270666,65 11
272646,85 25 
272713,83 75 
273922,48 72 
273992,98 70 
275521,86 80 
275885,15 83 
277158,14 64 1274
277357,95 74 180
277357,95 62 180
277865,09 152 
277886,15 69 
278796,08 93 
278816,93 103 
278816,93 101 
280848,52 100 
280848,52 5
280848,52 2109
280848,52 10
282829,16 25 
282856,75 75 
284065,77 72 
284135,4 70 
285657,91 80 
286733,87 83 
287204,18 64 471
287446,64 74 220
287446,64 63 220
287956,38 150 
287975,35 68 
288687,33 92 
288687,33 65 
288706,09 103 
288706,09 101 
289232,25 100 
289232,25 5
289232,25 2109
289232,25 11
291212,39 25 
291239,55 75 
292449,71 72 
292518,53 70 
294049,15 80 
295423,63 83 
295869,85 64 446
296060,86 74 171
296060,86 62 171
297068,75 150 
297091,42 68 
298601,91 92 
298601,91 65 
298621,87 103 
298621,87 101 
299148,86 100 
299148,86 5
299148,86 2109
299148,86 10
301128,16 25 
301475,19 75 
302682,39 72 
302754,22 70 
304283,61 80 
304646,35 83 
305435,18 64 790
305612,13 74 154
305612,13 62 154
307122,12 151 
307153,75 69 
308063,44 93 
308084,68 103 
308084,68 101 
310121,78 100 
310121,78 5
310121,78 2109
310121,78 11
312096,95 25 
312124,76 75 
313333,94 72 
313403,08 70 
314923,11 80 
316001,56 83 
316483,53 64 482
316669,7 74 162
316669,7 62 162
317677,21 150 
317696,01 68 
318407,56 92 
318407,56 65 
318426,85 103 
318426,85 101 
318952,98 100 
318952,98 5
318952,98 2109
318952,98 10
320933,13 25 
320960,61 75 
322169,92 72 
322239,37 70 
323760,02 80 
324131,47 83 
325047,93 64 916
325310,13 74 246
325310,13 63 246
325821,26 150 
325839,25 68 
327847,28 92 
327847,28 65 
327862,93 103 
327862,93 101 
328389,02 100 
328389,02 5
328389,02 2109
328389,02 11
330369,17 25 
330582,83 75 
331793,86 72 
331861,98 70 
333385,03 80 
334753,63 83 
335042,89 64 289
335248,99 74 190
335248,99 62 190
336756,44 150 
336781,37 68 
338292,67 92 
338292,67 65 
338311,78 103 
338311,78 101 
338844,22 100 
338844,22 5
338844,22 2109
338844,22 11
340818,12 25 
341191,62 75 
342399,54 72 
342470,79 70 
344001,12 80 
345375,91 83 
345451,83 64 75
345666,61 74 198
345666,61 62 198
346180,46 150 
346203,97 68 
346912,05 92 
346912,05 65 
346934,83 103 
346934,83 101 
347461,53 100 
347461,53 5
347461,53 2109
347461,53 10
349441,13 25 
350014,67 75 
351222,9 72 
351293,77 70 
352820,32 80 
353878,96 83 
354366,55 64 488
354597,06 74 212
354597,06 63 212
356109,72 152 
356133,16 69 
358141,1 93 
358156,87 103 
358156,87 101 
360186,39 100 
360186,39 5
360186,39 2109
360186,39 11
362169,09 25 
362196,52 75 
363405,36 72 
363475,32 70 
365004,63 80 
365367,44 83 
366426,13 64 1059
366605,53 74 159
366605,53 62 159
367613,02 150 
367635,02 68 
368546,87 92 
368546,87 65 
368565,71 103 
368565,71 101 
369099,59 100 
369099,59 5
369099,59 2109
369099,59 11
371073,01 25 
371818,75 75 
373027,23 72 
373097,95 70 
374623,06 80 
375989,61 83 
376375,18 64 386
376557,23 74 168
376557,23 62 168
378067,83 150 
378097,19 68 
380108,48 92 
380108,48 65 
380134,22 103 
380134,22 101 
380660,26 100 
380660,26 5
380660,26 2109
380660,26 10
382640,46 25 
382840,8 75 
384047,75 72 
384119,94 70 
385637,13 80 
385998,72 83 
387038,98 64 1041
387287,15 74 236
387287,15 63 236
387797,41 150 
387826,49 68 
389335,51 92 
389335,51 65 
389356,93 103 
389356,93 101 
389884,47 100 
389884,47 5
389884,47 2109
389884,47 10
391863,22 25 
392343,54 75 
393552,32 72 
393622,59 70 
395142,14 80 
396207,77 83 
396639,42 64 432
396811,62 74 151
396811,62 62 151
397823,61 151 
397849,03 69 
398758,78 93 
398779,68 103 
398779,68 101 
400811,12 100 
400811,12 5
400811,12 2109
400811,12 10
402791,97 25 
402820 75 
404025,43 72 
404098,21 70 
405622,63 80 
406683,37 83 
407286,6 64 604
407516,5 74 207
407516,5 63 207
408026,15 150 
408044,63 68 
408755,59 92 
408755,59 65 
408775,44 103 
408775,44 101 
409308,82 100 
409308,82 5
409308,82 2109
409308,82 11
411295,12 25 
411362,06 75 
412569,64 72 
412881,16 70 
414499,87 80 
415866,14 83 
416358,13 64 493
416550,24 74 178
416550,24 62 178
417558,5 150 
417587,21 68 
418295,19 92 
418295,19 65 
418318,06 103 
418318,06 101 
418844,37 100 
418844,37 5
418844,37 2109
418844,37 10
420824,38 25 
421411,13 75 
422620,82 72 
422690,32 70 
424214,12 80 
424582,51 83 
425592,91 64 1010
425809,72 74 201
425809,72 63 201
427318,35 150 
427343,13 68 
429352,04 92 
429352,04 65 
429366,73 103 
429366,73 101 
429896,92 100 
429896,92 5
429896,92 2109
429896,92 10
431873,07 25 
432219,93 75 
433428,47 72 
433499,14 70 
435019,62 80 
436404,13 83 
436730,05 64 327
436962,18 74 212
436962,18 63 212
438472,01 150 
438498,42 68 
440009,31 92 
440009,31 65 
440028,91 103 
440028,91 101 
440555,22 100 
440555,22 5
440555,22 2109
440555,22 10
442535,29 25 
442908,74 75 
444116,58 72 
444187,94 70 
445715,19 80 
446786,41 83 
447635,76 64 849
447898,43 74 246
447898,43 63 246
448908,14 152 
448934,02 69 
449014,36 249 
449731,22 183 
449845,17 93 
449864,8 103 
449864,8 101 
451893,48 100 
451893,48 5
451893,48 2109
451893,48 10
453877,13 25 
453917,95 75 
455127,18 72 
455196,65 70 
456716,57 80 
457075,42 83 
459000,28 64 1925
459233,28 74 213
459233,28 63 213
459741,74 150 
459769,57 68 
461282,07 92 
461282,07 65 
461299,99 103 
461299,99 101 
461839,29 100 
461839,29 5
461839,29 2109
461839,29 11
463819,62 25 
464393 75 
465602,76 72 
465672,3 70 
467190,27 80 
467551 83 
468465,76 64 915
468658,54 74 175
468658,54 62 175
469167,15 150 
469192,23 68 
471200,91 92 
471200,91 65 
471215,86 103 
471215,86 101 
471746,26 100 
471746,26 5
471746,26 2109
471746,26 11
473722,12 25 
474255,58 75 
475464,27 72 
475534,74 70 
477054,34 80 
478133,21 83 
478831,57 64 699
479015,51 74 163
479015,51 62 163
480526,61 150 
480547,54 68 
481256,35 92 
481256,35 65 
481278,25 103 
481278,25 101 
481805,38 100 
481805,38 5
481805,38 2109
481805,38 11
483784,53 25 
484171,48 75 
485380,08 72 
485450,6 70 
486975,15 80 
488355,58 83 
488822,43 64 467
489003,23 74 168
489003,23 62 168
490014,04 150 
490036,69 68 
490945,61 92 
490945,61 65 
490967,46 103 
490967,46 101 
491503,39 100 
491503,39 5
491503,39 2109
491503,39 10
493487,08 25 
493860,65 75 
495069,81 72 
495139,82 70 
496657,23 80 
497031,98 83 
498579,68 64 1548
498837,2 74 233
498837,2 63 233
500346,78 150 
500365,74 68 
501874,14 92 
501874,14 65 
501896,2 103 
501896,2 101 
502424,57 100 
502424,57 5
502424,57 2109
502424,57 11
504402,46 25 
504762,7 75 
505971,01 72 
506041,99 70 
507568,86 80 
508946,9 83 
509383,75 64 437
509599,05 74 200
509599,05 62 200
510106,01 150 
510134,94 68 
512144,38 92 
512144,38 65 
512158,6 103 
512158,6 101 
512688,84 100 
512688,84 5
512688,84 2109
512688,84 10
514664,82 25 
514905,12 75 
516115 72 
516184,44 70 
517703,86 80 
518769,46 83 
519357,35 64 588
519588,33 74 206
519588,33 63 206
520599,02 150 
520623,81 68 
520823,52 249
520983,72 173 
521334,36 92 
521334,36 65 
521354,67 103 
521354,67 101 
521885,35 100 
521885,35 5
521885,35 2109
521885,35 11
523860,93 25 
524221,2 75 
525428,75 72 
525500,45 70 
527019,08 80 
528085,52 83 
528742,83 64 657
528926,19 74 162
528926,19 62 162
529934,83 150 
529953,51 68 
530866,03 92 
530866,03 65 
530883,98 103 
530883,98 101 
531411,26 100 
531411,26 5
531411,26 2109
531411,26 10
533390,3 25 
533830,42 75 
535038,17 72 
535109,63 70 
536640,76 80 
538014,66 83 
538328,92 64 314
538573,54 74 226
538573,54 63 226
539081,71 150 
539109,35 68 
541120,47 92 
541120,47 65 
541146,3 103 
541146,3 101 
541673,65 100 
541673,65 5
541673,65 2109
541673,65 10
543652,65 25 
544079,55 75 
545287,33 72 
545358,7 70 
546883,16 80 
547250,8 83 
548275,23 64 1025
548523,32 74 234
548523,32 63 234
550031,83 152 
550051,61 69 
550763,13 93 
550782,26 103 
550782,26 101 
552814,94 100 
552814,94 5
552814,94 2109
552814,94 10
554794,61 25 
554822,56 75 
556031,24 72 
556100,84 70 
557628,97 80 
558992,46 83 
559312,14 64 320
559535,46 74 210
559535,46 63 210
561046,47 150 
561073,44 68 
561985,96 92 
561985,96 65 
562004,22 103 
562004,22 101 
562531,22 100 
562531,22 5
562531,22 2109
562531,22 10
564510,5 25 
564564,13 75 
565772,99 72 
565843,39 70 
567365,34 80 
568441,82 83 
568850,56 64 409
569028,01 74 161
569028,01 62 161
570039,34 151 
570069,65 69 
571580,26 93 
571600,2 103 
571600,2 101 
573626,65 100 
573626,65 5
573626,65 2109
573626,65 11
575612,59 25 
575653,79 75 
576862,44 72 
576932,03 70 
578457,87 80 
578824,14 83 
579899,14 64 1076
580085,7 74 169
580085,7 62 169
580595,66 150 
580625,18 68 
582135,17 92 
582135,17 65 
582155,69 103 
582155,69 101 
582686,36 100 
582686,36 5
582686,36 2109
582686,36 11
584662,01 25 
585528,7 75 
586737,13 72 
586807,82 70 
588324,88 80 
588686,61 83 
589635,73 64 949
589824,09 74 165
589824,09 62 165
590833,03 150 
590860,94 68 
592869,04 92 
592869,04 65 
592884,52 103 
592884,52 101 
593412,12 100 
593412,12 5
593412,12 2109
593412,12 11
595390,81 25 
595897,71 75 
597104,99 72 
597176,83 70 
598705,48 80 
600068,54 83 
600314,72 64 246
600479,66 74 145
600479,66 62 145
600991,66 150 
601016,63 68 
601723,41 92 
601723,41 65 
601747,43 103 
601747,43 101 
602274,32 100 
602274,32 5
602274,32 2109
602274,32 11
604253,71 25 
604600,66 75 
605809,98 72 
605879,81 70 
607402,68 80 
608478,27 83 
608841,03 64 364
609022,59 74 158
609022,59 62 158
610532,67 150 
610559,25 68 
611471,69 92 
611471,69 65 
611489,99 103 
611489,99 101 
612028,98 100 
612028,98 5
612028,98 2109
612028,98 11
614009,68 25 
614649,69 75 
615856,41 72 
616168,87 70 
617783,06 80 
619153,76 83 
619516,24 64 363
619717,99 74 179
619717,99 62 179
621230,65 150 
621261,45 68 
621852,11 249
622083,51 172 
623271,35 92 
623271,35 65 
623285,01 103 
623285,01 101 
623813,34 100 
623813,34 5
623813,34 2109
623813,34 10
625791,31 25 
626151,57 75 
627361,87 72 
627430,7 70 
628957,4 80 
630029,21 83 
630853,57 64 825
631098,68 74 230
631098,68 63 230
631607,07 150 
631630,36 68 
632235,1 249
632541,14 92 
632541,14 65 
632561,13 103 
632561,13 101 
633089,05 100 
633089,05 5
633089,05 2109
633089,05 10
635067,43 25 
635507,58 75 
636716,59 72 
636786,98 70 
638309,66 80 
638679,01 83 
639628,57 64 950
639944,34 74 293
639944,34 63 293
640955,06 152 
640986,41 69 
641698,12 93 
641717,26 103 
641717,26 101 
643746,64 100 
643746,64 5
643746,64 2109
643746,64 11
645729,58 25 
645756,91 75 
646962,83 72 
647035,82 70 
648555,13 80 
649607,66 83 
650113,15 64 506
650318,92 74 192
650318,92 62 192
651829,71 150 
651847,77 68 
653358,94 92 
653358,94 65 
653379,09 103 
653379,09 101 
653905,42 100 
653905,42 5
653905,42 2109
653905,42 10
655885,35 25 
656792,16 75 
658002,6 72 
658071,2 70 
659587,87 80 
660962,88 83 
661697,59 64 735
661957,95 74 236
661957,95 63 236
662970,18 150 
662990,48 68 
663899,31 92 
663899,31 65 
663921,21 103 
663921,21 101 
664447,4 100 
664447,4 5
664447,4 2109
664447,4 10
666427,59 25 
666654,54 75 
667862,68 72 
667933,7 70 
669465,57 80 
669839,12 83 
670895,53 64 1057
671091,2 74 173
671091,2 62 173
671600,09 151 
671626,8 69 
673138,3 93 
673157,36 103 
673157,36 101 
675191,89 100 
675191,89 5
675191,89 2109
675191,89 10
677169,65 25 
677196,9 75 
678406,8 72 
678475,9 70 
680000,76 80 
680356,29 83 
683665,14 64 3311
683911,39 74 225
683911,39 61 225
684922,6 151 
684941,29 69 
685313,43 249 
686776,84 181 
686952,12 93 
686964,85 103 
686964,85 101 
688993,77 100 
688993,77 5
688993,77 2109
688993,77 11
690977,21 25 
691017,95 75 
692227,21 72 
692296,75 70 
693823,91 80 
694895,19 83 
702032,86 64 7138
702231,65 74 180
702231,65 62 180
702740,77 150 
702760,4 68 
703149,76 249
703261,26 172 
703469,44 92 
703469,44 65 
703491,23 103 
703491,23 101 
704020,04 100 
704020,04 5
704020,04 2109
704020,04 11
705997,53 25 
706477,69 75 
707687,29 72 
707756,89 70 
709286,51 80 
710648,68 83 
711028,37 64 380
711201,94 74 154
711201,94 62 154
712713,93 150 
712743,13 68 
713120,53 249
713248,43 172 
713454,08 92 
713454,08 65 
713473,67 103 
713473,67 101 
714003,86 100 
714003,86 5
714003,86 2109
714003,86 11
715979,99 25 
716660,2 75 
717868,99 72 
718192,48 70 
719810,26 80 
721177,43 83 
721590,78 64 413
721776,78 74 173
721776,78 62 173
723283,91 150 
723311,7 68 
723816,88 249
723941,3 172 
725322,17 92 
725322,17 65 
725335,35 103 
725335,35 101 
725864,12 100 
725864,12 5
725864,12 2109
725864,12 10
727841,7 25 
728015,34 75 
729224,61 72 
729294,52 70 
730812,05 80 
731879,63 83 
732529,28 64 650
732748,59 74 203
732748,59 63 203
733756,74 150 
733786,56 68 
735299,61 92 
735299,61 65 
735317,82 103 
735317,82 101 
735844,83 100 
735844,83 5
735844,83 2109
735844,83 11
737824,09 25 
738224,28 75 
739432,76 72 
739503,5 70 
741021,06 80 
741382,34 83 
742343,84 64 962
742551,06 74 183
742551,06 62 183
743060,57 150 
743090,1 68 
744002,02 92 
744002,02 65 
744020,79 103 
744020,79 101 
744555,64 100 
744555,64 5
744555,64 2109
744555,64 10
746540,43 25 
746887,31 75 
748096,4 72 
748166,51 70 
749690,08 80 
750071,95 83 
751027,42 64 956
751296,67 74 252
751296,67 63 252
752306,28 152 
752326,29 69 
753038,49 93 
753057,03 103 
753057,03 101 
755084,12 100 
755084,12 5
755084,12 2109
755084,12 11
757069,33 25 
757096,67 75 
758307,29 72 
758375,53 70 
759895,33 80 
760974,05 83 
766713,82 64 5740
766924,38 74 193
766924,38 62 193
768435,11 150 
768466,05 68 
769974,63 92 
769974,63 65 
769996,51 103 
769996,51 101 
770523,82 100 
770523,82 5
770523,82 2109
770523,82 10
772502,84 25 
773156,24 75 
774364,82 72 
774435,43 70 
775961,07 80 
777340,48 83 
777819,74 64 479
778066,1 74 233
778066,1 63 233
778576,65 150 
778595,22 68 
779505,93 92 
779505,93 65 
779525,83 103 
779525,83 101 
780059,59 100 
780059,59 5
780059,59 2109
780059,59 11
782045,45 25 
782299,07 75 
783507,69 72 
783578,25 70 
785106,66 80 
785470,38 83 
786425,01 64 955
786634,32 74 192
786634,32 62 192
788142,44 150 
788164,43 68 
788617,07 249
788743,03 172 
790175,32 92 
790175,32 65 
790201,35 103 
790201,35 101 
790732,75 100 
790732,75 5
790732,75 2109
790732,75 10
792707,63 25 
793227,83 75 
794436,22 72 
794506,98 70 
796032,06 80 
797092,16 83 
797706,76 64 615
797971,46 74 240
797971,46 63 240
798481,55 150 
798506,73 68 
799417,27 92 
799417,27 65 
799437,47 103 
799437,47 101 
799964,58 100 
799964,58 5
799964,58 2109
799964,58 10
801943,74 25 
802370,6 75 
803580,52 72 
803649,76 70 
805170,51 80 
806541,46 83 
806933,84 64 392
807128,16 74 174
807128,16 61 174
808138,51 151 
808168,97 69 
808882,42 93 
808900,16 103 
808900,16 101 
810931,52 100 
810931,52 5
810931,52 2109
810931,52 11
812912,45 25 
812939,99 75 
814146,93 72 
814218,65 70 
815740,77 80 
817110,38 83 
817394,86 64 284
817575,39 74 159
817575,39 62 159
819086,01 150 
819111,35 68 
820619,78 92 
820619,78 65 
820641,87 103 
820641,87 101 
821168,05 100 
821168,05 5
821168,05 2109
821168,05 11
823148,16 25 
823241,8 75 
824448,74 72 
824760,93 70 
826388,08 80 
826746,38 83 
827952,54 64 1207
828147,44 74 175
828147,44 62 175
829160,22 150 
829187,14 68 
831195,44 92 
831195,44 65 
831210,74 103 
831210,74 101 
831743,57 100 
831743,57 5
831743,57 2109
831743,57 10
833717,22 25 
834303,89 75 
835513,08 72 
835583,01 70 
837106,21 80 
838181,48 83 
838949,13 64 768
839213,7 74 246
839213,7 63 246
839724,06 152 
839756 69 
841764,91 93 
841779,59 103 
841779,59 101 
843812 100 
843812 5
843812 2109
843812 10
845791,92 25 
845819,48 75 
847029,87 72 
847098,15 70 
848632 80 
850003,15 83 
881487,26 64 31485
881735,46 74 226
881735,46 63 226
882743,14 150 
882764,62 68 
883672,37 92 
883672,37 65 
883695,26 103 
883695,26 101 
884221,3 100 
884221,3 5
884221,3 2109
884221,3 11
886201,6 25 
886561,78 75 
887772,08 72 
887840,99 70 
889354,8 80 
890426,13 83 
891219,83 64 794
891415,9 74 177
891415,9 62 177
892926,93 150 
892947,06 68 
893326,88 249
893351,55 172 
894456,22 92 
894456,22 65 
894477,41 103 
894477,41 101 
895003,55 100 
895003,55 5
895003,55 2109
895003,55 10
896983,71 25 
897463,87 75 
898672,44 72 
898743,06 70 
900262,08 80 
900635,17 83 
901551,87 64 917
901802,92 74 236
901802,92 63 236
902313,25 150 
902342,92 68 
903053,84 92 
903053,84 65 
903073,8 103 
903073,8 101 
903606,6 100 
903606,6 5
903606,6 2109
903606,6 10
905593,46 25 
906034,05 75 
907243,23 72 
907312,75 70 
908830,13 80 
910191,13 83 
910872,46 64 682
911132,03 74 235
911132,03 63 235
912144,32 150 
912165,5 68 
913073,6 92 
913073,6 65 
913096,24 103 
913096,24 101 
913623,76 100 
913623,76 5
913623,76 2109
913623,76 10
915602,49 25 
915816,14 75 
917026,01 72 
917095,31 70 
918620,3 80 
919693,79 83 
920125,44 64 432
920360,69 74 214
920360,69 63 214
921873,53 150 
921894,67 68 
922603,4 92 
922603,4 65 
922625,57 103 
922625,57 101 
923152,49 100 
923152,49 5
923152,49 2109
923152,49 11
925131,87 25 
925385,42 75 
926593,99 72 
926904,68 70 
928519,04 80 
928891,51 83 
930024,9 64 1135
930216,95 74 168
930216,95 62 168
930726,94 150 
930757,66 68 
932769,72 92 
932769,72 65 
932794,6 103 
932794,6 101 
933325 100 
933325 5
933325 2109
933325 11
935300,97 25 
935754,43 75 
936961,98 72 
937033,63 70 
938560,06 80 
939925,34 83 
940352,35 64 428
940541,83 74 177
940541,83 62 177
941551,67 150 
941579,79 68 
942102,7 249
943089,77 92 
943089,77 65 
943110,29 103 
943110,29 101 
943639,31 100 
943639,31 5
943639,31 2109
943639,31 11
945616,58 25 
945856,83 75 
947065,19 72 
947135,99 70 
948669,15 80 
949747,81 83 
950750,18 64 1003
950967,54 74 194
950967,54 62 194
952479,43 150 
952507,75 68 
953415,72 92 
953415,72 65 
953439,23 103 
953439,23 101 
953965,41 100 
953965,41 5
953965,41 2109
953965,41 11
955945,76 25 
956372,36 75 
957580,43 72 
957651,67 70 
959171,27 80 
959543,83 83 
960707,27 64 1164
960929,38 74 200
960929,38 62 200
961438,94 150 
961464,73 68 
962176,34 92 
962176,34 65 
962195,51 103 
962195,51 101 
962730,5 100 
962730,5 5
962730,5 2109
962730,5 10
964715,18 25 
965235,57 75 
966443,64 72 
966514,52 70 
968040,78 80 
968406,59 83 
970630,27 64 2224
970894,64 74 249
970894,64 63 249
971403,5 150 
971434,09 68 
973445,75 92 
973445,75 65 
973470,77 103 
973470,77 101 
973998,7 100 
973998,7 5
973998,7 2109
973998,7 11
975990,45 25 
976230,7 75 
977441,68 72 
977509,83 70 
979029,93 80 
980095,01 83 
980795,24 64 701
981024,25 74 210
981024,25 62 210
982535,29 152 
982562,56 69 
984073,94 93 
984093,01 103 
984093,01 101 
986122,31 100 
986122,31 5
986122,31 2109
986122,31 10
988105,29 25 
988132,58 75 
989340,58 72 
989411,47 70 
990931,87 80 
992303,19 83 
993095,81 64 793
993326,95 74 212
993326,95 62 212
994338,53 151 
994357,56 69 
995065,6 93 
995075,13 103 
995075,13 101 
997103,82 100 
997103,82 5
997103,82 2109
997103,82 10
999087,35 25 
999114,64 75 
1000320,41 72 
1000393,67 70 
1001932,81 80 
1003005,34 83 
1003981,39 64 976
1004181,43 74 177
1004181,43 62 177
1005190,7 151 
1005219,55 69 
1007227,95 93 
1007243,21 103 
1007243,21 101 
1009269,5 100 
1009269,5 5
1009269,5 2109
1009269,5 11
1011255,52 25 
1011283,01 75 
1012489,23 72 
1012561,78 70 
1014086,1 80 
1014453,88 83 
1015224,74 64 771
1015429,74 74 190
1015429,74 62 190
1015937,56 150 
1015961,73 68 
1016871,95 92 
1016871,95 65 
1016892,58 103 
1016892,58 101 
1017421,78 100 
1017421,78 5
1017421,78 2109
1017421,78 11
1019398,8 25 
1019918,91 75 
1021126,22 72 
1021198,09 70 
1022721,04 80 
1024103,14 83 
1024371,13 64 269
1024580,96 74 186
1024580,96 62 186
1026091,59 150 
1026117,44 68 
1026542,75 249
1026707,12 172 
1027626,62 92 
1027626,62 65 
1027647,96 103 
1027647,96 101 
1028182,57 100 
1028182,57 5
1028182,57 2109
1028182,57 11
1030167,62 25 
1030727,7 75 
1031933,95 72 
1032193,49 70 
1033722,74 80 
1035085,21 83 
1035390,68 64 306
1035603,99 74 200
1035603,99 62 200
1036614,95 150 
1036633,19 68 
1037344,9 249
1037454,91 172 
1038142,43 92 
1038142,43 65 
1038163,52 103 
1038163,52 101 
1038690,84 100 
1038690,84 5
1038690,84 2109
1038690,84 10
1040669,86 25 
1041336,59 75 
1042544,34 72 
1042615,73 70 
1044138,95 80 
1044507,9 83 
1045840,83 64 1333
1046032,07 74 166
1046032,07 62 166
1047543,62 151 
1047561,71 69 
1048470,05 93 
1048479,18 103 
1048479,18 101 
1050505,29 100 
1050505,29 5
1050505,29 2109
1050505,29 10
1052491,56 25 
1052518,89 75 
1053727,49 72 
1053797,7 70 
1055319,7 80 
1056396,17 83 
1057492,66 64 1097
1057746,9 74 231
1057746,9 63 231
1058256,58 150 
1058277,29 68 
1058986,42 92 
1058986,42 65 
1059008,07 103 
1059008,07 101 
1059540,96 100 
1059540,96 5
1059540,96 2109
1059540,96 11
1061514,58 25 
1061568,04 75 
1062776,67 72 
1062847,25 70 
1064371,14 80 
1064739,32 83 
1065597,48 64 859
1065793,09 74 175
1065793,09 62 175
1066303,38 150 
1066327,2 68 
1066844,98 249
1066893,2 172 
1068339,12 92 
1068339,12 65 
1068364,2 103 
1068364,2 101 
1068898,74 100 
1068898,74 4
1068898,74 2109
1068898,74 11
1068898,74 78 
1068898,74 198 
1070883,81 25 
1071297,33 75 
1072503,17 72 
1072576,52 70 
1074110,84 80 
1075481,47 83 
1075782,08 64 301
1076220,8 74 420
1076220,8 63 420
1077732,22 151 
1077762,35 69 
1078673,73 93 
1078693,17 103 
1078693,17 101 
1080719,2 100 
1080719,2 4
1080719,2 2109
1080719,2 11
1082705,41 25 
1082733,14 75 
1083942,98 72 
1084011,66 70 
1085529,03 80 
1086583,66 83 
1087341,34 64 758
1087553,24 74 197
1087553,24 62 197
1088566,03 151 
1088597,92 69 
1090106,26 93 
1090128,28 103 
1090128,28 101 
1092158,28 100 
1092158,28 4
1092158,28 2109
1092158,28 10
1094140,61 25 
1094181,6 75 
1095389,7 72 
1095460,17 70 
1096979,56 80 
1098338,48 83 
1103975,56 64 5637
1104233,23 74 244
1104233,23 63 244
1104743,64 151 
1104764,4 69 
1105472,43 93 
1105481,8 103 
1105481,8 101 
1107508,93 100 
1107508,93 4
1107508,93 2109
1107508,93 10
1109494,14 25 
1109521,75 75 
1110730,51 72 
1110800,34 70 
1112320,67 80 
1112679,11 83 
1125545,35 64 12867
1125759,81 74 193
1125759,81 62 193
1127267,13 152 
1127288,14 69 
1129297,56 93 
1129311,77 103 
1129311,77 101 
1131337,97 100 
1131337,97 4
1131337,97 2109
1131337,97 10
1133324,14 25 
1133351,47 75 
1134561,2 72 
1134896,89 70 
1136514,78 80 
1137588,65 83 
1146450,24 64 8862
1146714,57 74 250
1146714,57 63 250
1147724,87 151 
1147746,14 69 
1148655,99 93 
1148676,96 103 
1148676,96 101 
1150711,74 100 
1150711,74 4
1150711,74 2109
1150711,74 11
1152689,23 25 
1152716,54 75 
1153926,15 72 
1153997,21 70 
1155526,33 80 
1156887,17 83 
1157221,39 64 335
1157434,9 74 188
1157434,9 62 188
1157943,97 151 
1157968,16 69 
1158679,29 93 
1158699,39 103 
1158699,39 101 
1160726,88 100 
1160726,88 4
1160726,88 2109
1160726,88 11
1162711,73 25 
1162738,9 75 
1163945,93 72 
1164017,92 70 
1165541,41 80 
1165910,03 83 
1166624,5 64 715
1166882,02 74 240
1166882,02 61 240
1168389,84 150 
1168417,46 68 
1170426,16 92 
1170426,16 65 
1170441,11 103 
1170441,11 101 
1170968,07 100 
1170968,07 4
1170968,07 2109
1170968,07 10
1172947,4 25 
1172974,8 75 
1174181,89 72 
1174253,6 70 
1175781,65 80 
1176852,09 83 
1177279,55 64 428
1177465,22 74 173
1177465,22 61 173
1178474,41 151 
1178492,91 69 
1180001,47 93 
1180023,72 103 
1180023,72 101 
1182058,43 100 
1182058,43 4
1182058,43 2109
1182058,43 10
1184036,1 25 
1184076,71 75 
1185286,09 72 
1185355,6 70 
1186874,33 80 
1188233,91 83 
1188658,86 64 425
1188917,39 74 244
1188917,39 63 244
1189427,53 151 
1189448,57 69 
1190650,34 249 
1190805,02 256 
1192382,09 183 
1194399,73 93 
1194417,73 103 
1194417,73 101 
1196444,03 100 
1196444,03 4
1196444,03 2109
1196444,03 11
1198430,01 25 
1198457,73 75 
1199664,08 72 
1199736,16 70 
1201262,16 80 
1201628,28 83 
1202795,57 64 1168
1202979,3 74 165
1202979,3 62 165
1203989,51 151 
1204015,75 69 
1204727,03 93 
1204746,63 103 
1204746,63 101 
1206775,87 100 
1206775,87 4
1206775,87 2109
1206775,87 10
1208759,01 25 
1208786,16 75 
1209992,06 72 
1210065,2 70 
1211592,66 80 
1212663,74 83 
1213674,32 64 1011
1213886,74 74 197
1213886,74 61 197
1215395,26 151 
1215424,32 69 
1216335,28 93 
1216355,15 103 
1216355,15 101 
1218385,94 100 
1218385,94 4
1218385,94 2109
1218385,94 11
1220367,4 25 
1220394,82 75 
1221601,46 72 
1221673,63 70 
1223206,86 80 
1223579,13 83 
1224701,12 64 1123
1224787,33 256 
1225299,84 74 575
1225299,84 63 575
1225812,26 151 
1225832,89 69 
1227153,01 249 
1227256,78 183 
1228757,26 93 
1228776,5 103 
1228776,5 101 
1230803,37 100 
1230803,37 4
1230803,37 2109
1230803,37 11
1232788,82 25 
1232816,15 75 
1234024,28 72 
1234095,03 70 
1235616,79 80 
1237319,93 83 
1237833,6 64 514
1238023,7 74 171
1238023,7 62 171
1239534,59 151 
1239560,79 69 
1240471,34 93 
1240491,62 103 
1240491,62 101 
1242518,01 100 
1242518,01 4
1242518,01 2109
1242518,01 10
1244503,89 25 
1244531,27 75 
1245739,38 72 
1245810,09 70 
1247333,16 80 
1248408,6 83 
1249191,89 64 783
1249394,24 74 187
1249394,24 62 187
1250405,11 152 
1250422,91 69 
1251132,32 93 
1251153,79 103 
1251153,79 101 
1253184 100 
1253184 4
1253184 2109
1253184 10
1255166,1 25 
1255193,35 75 
1256402,87 72 
1256472,26 70 
1257997,3 80 
1259057,45 83 
1259646,52 64 589
1259888,04 74 218
1259888,04 61 218
1260895,87 151 
1260925,16 69 
1262936,62 93 
1262948,79 103 
1262948,79 101 
1264980,54 100 
1264980,54 4
1264980,54 2109
1264980,54 10
1266961,09 25 
1266989,25 75 
1268198,32 72 
1268267,33 70 
1269789,09 80 
1270172,76 83 
1270995,41 64 823
1271252,14 74 240
1271252,14 63 240
1272763,15 151 
1272786,76 69 
1274295,8 93 
1274317,32 103 
1274317,32 101 
1276346,32 100 
1276346,32 4
1276346,32 2109
1276346,32 10
1278330,48 25 
1278357,1 75 
1279565,65 72 
1279635,85 70 
1281165,17 80 
1282527,53 83 
1283644,66 64 1117
1283856,87 74 196
1283856,87 61 196
1284367,37 151 
1284395,32 69 
1286406,37 93 
1286418,85 103 
1286418,85 101 
1288447,08 100 
1288447,08 4
1288447,08 2109
1288447,08 11
1290431,32 25 
1290458,51 75 
1291667,48 72 
1291737,42 70 
1293269,7 80 
1293629,51 83 
1294642,34 64 1013
1294894,49 74 239
1294894,49 61 239
1296403,6 150 
1296430,26 68 
1296923,75 249
1297107,61 171
1297140,04 92 
1297140,04 65 
1297161,04 103 
1297161,04 101 
1297687,47 100 
1297687,47 4
1297687,47 2109
1297687,47 11
1299667,35 25 
1299694,83 75 
1300904,49 72 
1300973,49 70 
1302491,03 80 
1303545,36 83 
1304378,34 64 833
1304570,82 74 173
1304570,82 61 173
1305079,79 150 
1305106,5 68 
1306614,91 92 
1306614,91 65 
1306637,03 103 
1306637,03 101 
1307163,64 100 
1307163,64 4
1307163,64 2109
1307163,64 11
1309143,32 25 
1309690,27 75 
1310899,34 72 
1310969,29 70 
1312490,94 80 
1313861,01 83 
1314216,44 64 356
1314394,07 74 161
1314394,07 61 161
1315406,33 150 
1315435,53 68 
1316038,63 249
1316345,09 92 
1316345,09 65 
1316366,24 103 
1316366,24 101 
1316905,48 100 
1316905,48 4
1316905,48 2109
1316905,48 10
1318885,9 25 
1319192,83 75 
1320401,91 72 
1320471,97 70 
1321998,97 80 
1322364,1 83 
1323797,41 64 1434
1323822,82 256 
1324201,5 74 385
1324201,5 63 385
1324710,98 151 
1324738,24 69 
1325450,88 93 
1325469,09 103 
1325469,09 101 
1327495,18 100 
1327495,18 4
1327495,18 2109
1327495,18 11
1329481,39 25 
1329508,72 75 
1330717,43 72 
1330787,64 70 
1332311,47 80 
1333679,29 83 
1334039,22 64 361
1334259,07 74 207
1334259,07 61 207
1335269,5 150 
1335293,06 68 
1336803,6 92 
1336803,6 65 
1336824,36 103 
1336824,36 101 
1337350,5 100 
1337350,5 4
1337350,5 2109
1337350,5 11
1339330,58 25 
1339744,12 75 
1340953,8 72 
1341263,2 70 
1342881,54 80 
1343955,01 83 
1344700,64 64 746
1344915,43 74 201
1344915,43 61 201
1346423,19 152 
1346449,08 69 
1347360,17 93 
1347379,86 103 
1347379,86 101 
1349409,71 100 
1349409,71 4
1349409,71 2109
1349409,71 10
1351392,18 25 
1351419,78 75 
1352627,94 72 
1352698,48 70 
1354226,28 80 
1355296,9 83 
1356259,67 64 963
1356617,93 74 336
1356617,93 63 336
1357129,11 151 
1357151,39 69 
1359161,26 93 
1359174,84 103 
1359174,84 101 
1361202,2 100 
1361202,2 4
1361202,2 2109
1361202,2 10
1363187,33 25 
1363214,67 75 
1364423,52 72 
1364493,42 70 
1366014,15 80 
1366398,86 83 
1367591,9 64 1193
1367792,12 74 181
1367792,12 61 181
1368804,46 151 
1368826,45 69 
1370337,83 93 
1370356,88 103 
1370356,88 101 
1372382,96 100 
1372382,96 4
1372382,96 2109
1372382,96 11
1374369,2 25 
1375075,95 75 
1376284,89 72 
1376355,21 70 
1377881,82 80 
1379246,74 83 
1379627,08 64 381
1379837,2 74 191
1379837,2 61 191
1381351,19 150 
1381381,02 68 
1382090,77 92 
1382090,77 65 
1382111,9 103 
1382111,9 101 
1382644,1 100 
1382644,1 4
1382644,1 2109
1382644,1 10
1384618,26 25 
1384765,14 75 
1385974,25 72 
1386044,35 70 
1387571,47 80 
1388629,47 83 
1389201,97 64 573
1389423,78 74 208
1389423,78 61 208
1390934,9 151 
1390963,62 69 
1392972,46 93 
1392987,31 103 
1392987,31 101 
1395015,19 100 
1395015,19 4
1395015,19 2109
1395015,19 10
1396999,76 25 
1397026,94 75 
1398234,86 72 
1398305,82 70 
1399839,67 80 
1401210,85 83 
1401244,43 64 34
1401587,12 74 324
1401587,12 61 324
1402097,51 151 
1402119,05 69 
1403026,29 93 
1403036,82 103 
1403036,82 101 
1405065,2 100 
1405065,2 4
1405065,2 2109
1405065,2 11
1407048,73 25 
1407075,9 75 
1408283,12 72 
1408354,93 70 
1409880,65 80 
1410247,02 83 
1411017,62 64 771
1411197,42 74 164
1411197,42 62 164
1412208,69 151 
1412234,74 69 
1412946,07 93 
1412965,55 103 
1412965,55 101 
1414999,6 100 
1414999,6 4
1414999,6 2109
1414999,6 11
1416977,85 25 
1417005,18 75 
1418214,41 72 
1418284,08 70 
1419819,21 80 
1421189,08 83 
1422369,33 64 1181
1422570,43 74 182
1422570,43 61 182
1424081,74 150 
1424109,71 68 
1425022,5 92 
1425022,5 65 
1425040,46 103 
1425040,46 101 
1425568,91 100 
1425568,91 4
1425568,91 2109
1425568,91 11
1427546,74 25 
1427693,67 75 
1428901,59 72 
1428972,95 70 
1430498,97 80 
1430865,19 83 
1432083,63 64 1219
1432322,21 74 218
1432322,21 61 218
1432833,17 150 
1432852,75 68 
1434361,5 92 
1434361,5 65 
1434383,2 103 
1434383,2 101 
1434909,52 100 
1434909,52 4
1434909,52 2109
1434909,52 10
1436889,51 25 
1437449,76 75 
1438656,3 72 
1438728,8 70 
1440249,5 80 
1441327,27 83 
1441922,41 64 596
1442128 74 188
1442128 61 188
1443135,67 151 
1443155,97 69 
1445167,55 93 
1445178,61 103 
1445178,61 101 
1447213,33 100 
1447213,33 4
1447213,33 2109
1447213,33 10
1449190,95 25 
1449218,36 75 
1450425,69 72 
1450737,06 70 
1452358,5 80 
1453415,61 83 
1454110,87 64 695
1454315,12 74 181
1454315,12 61 181
1455826,75 151 
1455856,37 69 
1457864,62 93 
1457879,92 103 
1457879,92 101 
1459909,06 100 
1459909,06 4
1459909,06 2109
1459909,06 10
1461892,25 25 
1461919,62 75 
1463125,69 72 
1463198,46 70 
1464731,88 80 
1466103,58 83 
1466160,97 64 58
1466368,01 74 185
1466368,01 62 185
1467378,85 150 
1467398,24 68 
1468308,09 92 
1468308,09 65 
1468328,9 103 
1468328,9 101 
1468855,81 100 
1468855,81 4
1468855,81 2109
1468855,81 11
1470835,17 25 
1470968,81 75 
1472176,09 72 
1472247,99 70 
1473766,23 80 
1474127,01 83 
1474968,92 64 842
1475158,56 74 166
1475158,56 61 166
1475669,64 150 
1475688,31 68 
1477196,11 92 
1477196,11 65 
1477218,44 103 
1477218,44 101 
1477752,1 100 
1477752,1 4
1477752,1 2109
1477752,1 11
1479738,09 25 
1480058,36 75 
1481266,51 72 
1481337,53 70 
1482858,39 80 
1483229,62 83 
1484283,67 64 1054
1484486,76 74 178
1484486,76 61 178
1484999,65 150 
1485017,53 68 
1485726,9 92 
1485726,9 65 
1485748,18 103 
1485748,18 101 
1486275,92 100 
1486275,92 4
1486275,92 2109
1486275,92 10
1488254,51 25 
1488574,83 75 
1489781,6 72 
1489853,96 70 
1491373,6 80 
1492758,93 83 
1493114,37 64 356
1493311,58 74 180
1493311,58 61 180
1494318,92 151 
1494346,73 69 
1495860,75 93 
1495877,25 103 
1495877,25 101 
1497904,27 100 
1497904,27 4
1497904,27 2109
1497904,27 11
1499889,58 25 
1499916,88 75 
1501123,82 72 
1501195,84 70 
1502728,84 80 
1503780,98 83 
1555470,88 64 51690
1555676,54 74 184
1555676,54 61 184
1557187,71 150 
1557214,01 68 
1557925,03 92 
1557925,03 65 
1557944,47 103 
1557944,47 101 
1558475,27 100 
1558475,27 4
1558475,27 2109
1558475,27 11
1560450,78 25 
1561051,75 75 
1562259,21 72 
1562529,97 70 
1564195,15 80 
1564781,92 83 
1566431,28 64 1650
1566605,45 74 158
1566605,45 61 158
1567117 150 
1567142,87 68 
1567724,78 249
1567807,6 171
1568052,65 92 
1568052,65 65 
1568073,49 103 
1568073,49 101 
1568602,41 100 
1568602,41 4
1568602,41 2109
1568602,41 10
1570579,79 25 
1571153,26 75 
1572361,47 72 
1572432,47 70 
1573951,82 80 
1575017,58 83 
1576182,07 64 1165
1576378,28 74 175
1576378,28 61 175
1577886,98 153 
1577911,58 68 
1579920,82 92 
1579920,82 65 
1579935,15 103 
1579935,15 101 
1580466,28 100 
1580466,28 4
1580466,28 2109
1580466,28 10
1582441,46 25 
1583214,85 75 
1584423,07 72 
1584494 70 
1586017,65 80 
1587385,69 83 
1588101,69 64 716
1588304,56 74 186
1588304,56 61 186
1589315,92 151 
1589346,75 69 
1590255,95 93 
1590278,33 103 
1590278,33 101 
1592308,01 100 
1592308,01 4
1592308,01 2109
1592308,01 10
1594289,87 25 
1594317,11 75 
1595524,5 72 
1595596,02 70 
1597112,85 80 
1597474,92 83 
1598612,21 64 1138
1598814,37 74 181
1598814,37 62 181
1600327,41 150 
1600355,4 68 
1602365,07 92 
1602365,07 65 
1602379,04 103 
1602379,04 101 
1602905,13 100 
1602905,13 4
1602905,13 2109
1602905,13 10
1604885,35 25 
1604992,5 75 
1606200,72 72 
1606271,57 70 
1607799,25 80 
1608856,87 83 
1609340,38 64 484
1609507,09 74 145
1609507,09 62 145
1610014,34 150 
1610044,76 68 
1610756,88 92 
1610756,88 65 
1610775,54 103 
1610775,54 101 
1611301,69 100 
1611301,69 4
1611301,69 2109
1611301,69 11
1613281,8 25 
1613309,16 75 
1614516,6 72 
1614588 70 
1616105,15 80 
1617466,39 83 
1617752,28 64 286
1617944,52 74 172
1617944,52 61 172
1618953,1 150 
1618974,22 68 
1620486,05 92 
1620486,05 65 
1620504,71 103 
1620504,71 101 
1621039,99 100 
1621039,99 4
1621039,99 2109
1621039,99 11
1623024,37 25 
1623424,54 75 
1624633,5 72 
1624703,72 70 
1626232,88 80 
1627595,43 83 
1627977,68 64 382
1628175,98 74 182
1628175,98 61 182
1629684,28 150 
1629702,88 68 
1630610,67 92 
1630610,67 65 
1630633,8 103 
1630633,8 101 
1631160,79 100 
1631160,79 4
1631160,79 2109
1631160,79 10
1633141,06 25 
1633526,97 75 
1634734,88 72 
1634806,16 70 
1636321,26 80 
1636685,01 83 
1637474,64 64 790
1637695,88 74 198
1637695,88 61 198
1638206,09 151 
1638232,75 69 
1638943,18 93 
1638963,65 103 
1638963,65 101 
1640989,84 100 
1640989,84 4
1640989,84 2109
1640989,84 11
1642975,98 25 
1643003,47 75 
1644214,36 72 
1644282,15 70 
1645796,88 80 
1646867,33 83 
1647346,38 64 480
1647518,43 74 158
1647518,43 61 158
1648526,68 150 
1648548,44 68 
1650559,63 92 
1650559,63 65 
1650585,44 103 
1650585,44 101 
1651117,18 100 
1651117,18 4
1651117,18 2109
1651117,18 11
1653104,99 25 
1653265,37 75 
1654473,94 72 
1654544,54 70 
1656070,55 80 
1656436,66 83 
1657268,15 64 832
1657481,59 74 192
1657481,59 61 192
1658993,13 150 
1659010,88 68 
1660521,28 92 
1660521,28 65 
1660541,2 103 
1660541,2 101 
1661069,73 100 
1661069,73 4
1661069,73 2109
1661069,73 10
1663047,56 25 
1663421,03 75 
1664631,21 72 
1664953,64 70 
1666611,71 80 
1668204,95 83 
1668387,24 64 183
1668572,62 74 168
1668572,62 61 168
1669585,48 153 
1669606,22 68 
1671117,26 92 
1671117,26 65 
1671136,73 103 
1671136,73 101 
1671664,1 100 
1671664,1 4
1671664,1 2109
1671664,1 11
1673643,04 25 
1673803,38 75 
1675012,7 72 
1675082,54 70 
1676615,47 80 
1677667,67 83 
1678083,07 64 416
1678275,36 74 168
1678275,36 62 168
1678787,74 151 
1678815,66 69 
1680827,36 93 
1680839,32 103 
1680839,32 101 
1682873,36 100 
1682873,36 4
1682873,36 2109
1682873,36 11
1684851,72 25 
1689729,94 75 
1690937,54 72 
1691009,17 70 
1692530,29 80 
1693914,13 83 
1694267,72 64 354
1694483,86 74 197
1694483,86 61 197
1695995,75 150 
1696021,79 68 
1696731,2 92 
1696731,2 65 
1696752,63 103 
1696752,63 101 
1697279,91 100 
1697279,91 4
1697279,91 2109
1697279,91 10
1699258,92 25 
1699619,26 75 
1700827,45 72 
1700898,3 70 
1702414,27 80 
1703470,12 83 
1703994,44 64 525
1704197,15 74 181
1704197,15 62 181
1705205,34 150 
1705231,18 68 
1705629,66 249
1705702,41 172 
1706141,98 92 
1706141,98 65 
1706161,97 103 
1706161,97 101 
1706690,5 100 
1706690,5 4
1706690,5 2109
1706690,5 10
1708668,3 25 
1708748,61 75 
1709957,57 72 
1710027,81 70 
1711554,17 80 
1711919,88 83 
1712592,9 64 673
1712784,45 74 172
1712784,45 62 172
1713293,59 150 
1713321,21 68 
1713845,46 249
1713941,18 172 
1715330,12 92 
1715330,12 65 
1715344,79 103 
1715344,79 101 
1715873,74 100 
1715873,74 4
1715873,74 2109
1715873,74 11
1717851,24 25 
1717878,27 75 
1719085,15 72 
1719157,32 70 
1720672,64 80 
1721729,09 83 
1722360,73 64 632
1722610,89 74 229
1722610,89 61 229
1723120,72 150 
1723143,03 68 
1724654,34 92 
1724654,34 65 
1724674,18 103 
1724674,18 101 
1725201,08 100 
1725201,08 4
1725201,08 2109
1725201,08 11
1727180,46 25 
1727620,73 75 
1728829,93 72 
1728899,8 70 
1730426,63 80 
1731791,54 83 
1732170,59 64 379
1732368,14 74 177
1732368,14 61 177
1733876,06 150 
1733899,13 68 
1734551,74 249
1734809,15 92 
1734809,15 65 
1734829,89 103 
1734829,89 101 
1735357,35 100 
1735357,35 4
1735357,35 2109
1735357,35 11
1737336,19 25 
1737429,9 75 
1738639 72 
1738709,04 70 
1740239,06 80 
1740614,5 83 
1741411,27 64 797
1741622,31 74 195
1741622,31 61 195
1742630,07 152 
1742655,73 69 
1743365,04 93 
1743386,31 103 
1743386,31 101 
1745420,51 100 
1745420,51 4
1745420,51 2109
1745420,51 10
1747398,6 25 
1747425,79 75 
1748634,12 72 
1748704,86 70 
1750227,21 80 
1750597,15 83 
1751337,43 64 741
1751549,09 74 192
1751549,09 62 192
1753058,97 150 
1753077,19 68 
1754585,75 92 
1754585,75 65 
1754608,21 103 
1754608,21 101 
1755135,73 100 
1755135,73 4
1755135,73 2109
1755135,73 10
1757114,52 25 
1757421,39 75 
1758629,89 72 
1758700,61 70 
1760220,11 80 
1761299,07 83 
1763383,73 64 2085
1763566,65 74 162
1763566,65 62 162
1764574,89 150 
1764606,2 68 
1766617,32 92 
1766617,32 65 
1766643,15 103 
1766643,15 101 
1767169,49 100 
1767169,49 4
1767169,49 2109
1767169,49 10
1769149,47 25 
1769616,27 75 
1770822,99 72 
1771135,37 70 
1772801,96 80 
1774373,57 83 
1774599,71 64 226
1774808,04 74 195
1774808,04 62 195
1775320,39 150 
1775348,31 68 
1775826,53 249
1775909,19 172 
1776258,02 92 
1776258,02 65 
1776279,14 103 
1776279,14 101 
1776809,31 100 
1776809,31 4
1776809,31 2109
1776809,31 11
1778785,52 25 
1778865,9 75 
1780073,63 72 
1780145 70 
1781678,03 80 
1782756,69 83 
1783123,38 64 367
1783327,98 74 186
1783327,98 61 186
1784340,48 150 
1784371,22 68 
1785081,06 92 
1785081,06 65 
1785102,06 103 
1785102,06 101 
1785634,09 100 
1785634,09 1
1785634,09 2109
1785634,09 10
1785634,09 78 
1785634,09 198 
1787608,61 25 
1788061,85 75 
1789268,33 72 
1789341,01 70 
1790860,27 80 
1791219,84 83 
1792295,86 64 1076
1792505,66 74 193
1792505,66 61 193
1793015,7 150 
1793036,2 68 
1793948,49 92 
1793948,49 65 
1793964,98 103 
1793964,98 101 
1794490,99 100 
1794490,99 1
1794490,99 2109
1794490,99 11
1796471,26 25 
1797031,41 75 
1798237,01 72 
1798310,57 70 
1799839,87 80 
1801202,39 83 
1803063,14 64 1862
1803275,51 74 194
1803275,51 61 194
1804785,15 151 
1804816 69 
1805523,22 93 
1805533,68 103 
1805533,68 101 
1807565,31 100 
1807565,31 1
1807565,31 2109
1807565,31 11
1809545,74 25 
1819545,17 254 
1819554,41 101 
1821566,59 100 
1821566,59 1
1821566,59 2109
1821566,59 11
1821566,59 25 
1831567,71 254 
1831575,76 101 
1833588,19 100 
1833588,19 1
1833588,19 2109
1833588,19 11
1833588,19 25 
1843590,95 254 
1843610,62 101 
1845623,12 100 
1845623,12 1
1845623,12 2109
1845623,12 11
1845623,12 25 
1855624,41 254 
1855632,21 101 
1857644,74 100 
1857644,74 1
1857644,74 2109
1857644,74 11
1857644,74 25 
1867649,49 254 
1867667,16 101 
1869679,68 100 
1869679,68 1
1869679,68 2109
1869679,68 11
1869679,68 25 
1879681,17 254 
1879688,93 101 
1881701,26 100 
1881701,26 1
1881701,26 2109
1881701,26 11
1881701,26 25 
1891704,14 254 
1891723,69 101 
1893736,17 100 
1893736,17 1
1893736,17 2109
1893736,17 11
1893736,17 25 
1903739,31 254 
1903758,61 101 
1905771,13 100 
1905771,13 1
1905771,13 2109
1905771,13 11
1905771,13 25 
1915774,26 254 
1915793,55 101 
1917806,07 100 
1917806,07 1
1917806,07 2109
1917806,07 11
1917806,07 25 
1927809,61 254 
1927828,46 101 
1929827,78 100 
1929827,78 1
1929827,78 2109
1929827,78 11
1929827,78 25 
1939830,25 254 
1939850,07 101 
1941862,56 100 
1941862,56 1
1941862,56 2109
1941862,56 11
1941862,56 25 
1951864,88 254 
1951871,77 101 
1953884,17 100 
1953884,17 1
1953884,17 2109
1953884,17 11
1953884,17 25 
1963886,89 254 
1963906,8 101 
1965919,1 100 
1965919,1 1
1965919,1 2109
1965919,1 11
1965919,1 25 
1965947,47 75 
1967155,34 72 
1967479,38 70 
1969112,19 80 
1970171,06 83 
1971691,62 64 1521
1971910,68 74 194
1971910,68 61 194
1972922,44 151 
1972945,12 69 
1974458,54 93 
1974475,57 103 
1974475,57 101 
1976502,59 100 
1976502,59 1
1976502,59 2109
1976502,59 11
1978487,92 25 
1978515,46 75 
1979725,19 72 
1979794,12 70 
1981326,72 80 
1982712,44 83 
1983111,09 64 399
1983289,27 74 164
1983289,27 62 164
1983800,63 150 
1983820,79 68 
1985833,08 92 
1985833,08 65 
1985857,43 103 
1985857,43 101 
1986387,56 100 
1986387,56 1
1986387,56 2109
1986387,56 10
1988363,73 25 
1988391,6 75 
1989598,7 72 
1989669,94 70 
1991192,37 80 
1991548,69 83 
1993175,46 64 1627
1993402,83 74 201
1993402,83 61 201
1994913,49 150 
1994935,05 68 
1995643,59 92 
1995643,59 65 
1995666,65 103 
1995666,65 101 
1996204,11 100 
1996204,11 1
1996204,11 2109
1996204,11 10
1998186,24 25 
1998839,72 75 
2000048,47 72 
2000118,9 70 
2001634,37 80 
2002690,71 83 
2003106,85 64 416
2003318,3 74 188
2003318,3 61 188
2004326,42 150 
2004345,14 68 
2006357,28 92 
2006357,28 65 
2006382,14 103 
2006382,14 101 
2006909,04 100 
2006909,04 1
2006909,04 2109
2006909,04 10
2008888,4 25 
2009341,9 75 
2010549,25 72 
2010621,15 70 
2012150,42 80 
2013512,78 83 
2013817,16 64 305
2014023,22 74 191
2014023,22 61 191
2015534,86 150 
2015553,87 68 
2016465,22 92 
2016465,22 65 
2016484,61 103 
2016484,61 101 
2017011,93 100 
2017011,93 1
2017011,93 2109
2017011,93 11
2018990,78 25 
2019670,89 75 
2020877,41 72 
2020950,08 70 
2022480,6 80 
2022855,58 83 
2024727,85 64 1872
2024906,97 74 160
2024906,97 62 160
2025418,1 152 
2025442,99 69 
2026953,35 93 
2026973,43 103 
2026973,43 101 
2029010,96 100 
2029010,96 1
2029010,96 2109
2029010,96 11
2030985,75 25 
2031013,56 75 
2032219,99 72 
2032291,98 70 
2033812,22 80 
2034170,74 83 
2035085,56 64 915
2035282,49 74 179
2035282,49 61 179
2036294,38 151 
2036317,21 69 
2037029,21 93 
2037049,19 103 
2037049,19 101 
2039075,42 100 
2039075,42 1
2039075,42 2109
2039075,42 10
2041061,56 25 
2041088,75 75 
2042296,12 72 
2042367,74 70 
2043888,84 80 
2045259,43 83 
2045400,41 64 141
2045651,17 74 232
2045651,17 61 232
2047163,78 150 
2047193,81 68 
2048703,21 92 
2048703,21 65 
2048724,29 103 
2048724,29 101 
2049251,97 100 
2049251,97 1
2049251,97 2109
2049251,97 10
2051230,58 25 
2051271,37 75 
2052478,59 72 
2052550,1 70 
2054074,54 80 
2055148,6 83 
2055998,77 64 850
2056253,47 74 239
2056253,47 61 239
2056764,78 150 
2056789,83 68 
2057699,24 92 
2057699,24 65 
2057720,47 103 
2057720,47 101 
2058250,12 100 
2058250,12 1
2058250,12 2109
2058250,12 11
2060226,77 25 
2060560,38 75 
2061768,88 72 
2061839,55 70 
2063362,44 80 
2063731,7 83 
2064562,91 64 831
2064775,36 74 191
2064775,36 62 191
2065786,05 150 
2065812,29 68 
2067490,56 249
2067824,37 92 
2067824,37 65 
2067849,56 103 
2067849,56 101 
2068376,71 100 
2068376,71 1
2068376,71 2109
2068376,71 11
2070355,88 25 
2070915,97 75 
2072126,02 72 
2072448,4 70 
2074120,6 80 
2075699,9 83 
2076111,48 64 412
2076314,89 74 188
2076314,89 61 188
2076824,02 151 
2076848,01 69 
2077557,79 93 
2077578,78 103 
2077578,78 101 
2079605,59 100 
2079605,59 1
2079605,59 2109
2079605,59 10
2081591,1 25 
2082684,32 75 
2083891,31 72 
2083963,53 70 
2085489,4 80 
2086548,67 83 
2086964,36 64 416
2087145,23 74 157
2087145,23 61 157
2088654,08 150 
2088682,21 68 
2090694,56 92 
2090694,56 65 
2090719,89 103 
2090719,89 101 
2091249,34 100 
2091249,34 1
2091249,34 2109
2091249,34 11
2093226,18 25 
2093746,4 75 
2094955,97 72 
2095025,6 70 
2096551,11 80 
2096917,64 83 
2098106,14 64 1189
2098277,18 74 147
2098277,18 62 147
2099289,6 150 
2099318,51 68 
2100227,08 92 
2100227,08 65 
2100249,22 103 
2100249,22 101 
2100779,95 100 
2100779,95 1
2100779,95 2109
2100779,95 11
2102755,51 25 
2102783,65 75 
2103992,18 72 
2104061,72 70 
2105583,53 80 
2106660,19 83 
2107148,05 64 489
2107371,27 74 205
2107371,27 62 205
2107880,63 152 
2107901,55 69 
2109409,96 93 
2109432,13 103 
2109432,13 101 
2111458,09 100 
2111458,09 1
2111458,09 2109
2111458,09 11
2113444,34 25 
2114137,8 75 
2115347,35 72 
2115416,92 70 
2116931,84 80 
2118295,27 83 
2118563,86 64 269
2118751,02 74 163
2118751,02 62 163
2120262,58 150 
2120282,93 68 
2120961,77 249
2121462,75 172 
2122294,48 92 
2122294,48 65 
2122306,64 103 
2122306,64 101 
2122836,35 100 
2122836,35 1
2122836,35 2109
2122836,35 10
2124826,22 25 
2124959,86 75 
2126168,04 72 
2126239,04 70 
2127753,03 80 
2129117,4 83 
2129405,9 64 288
2129618,57 74 195
2129618,57 61 195
2131129,79 150 
2131158,42 68 
2132068,14 92 
2132068,14 65 
2132089,18 103 
2132089,18 101 
2132617,19 100 
2132617,19 1
2132617,19 2109
2132617,19 10
2134595,45 25 
2135342,2 75 
2136551,39 72 
2136621,31 70 
2138148,68 80 
2138513,43 83 
2139557,58 64 1044
2139757,21 74 178
2139757,21 61 178
2140266,37 150 
2140287,87 68 
2141797,1 92 
2141797,1 65 
2141818,38 103 
2141818,38 101 
2142346,49 100 
2142346,49 1
2142346,49 2109
2142346,49 10
2144324,73 25 
2144578,23 75 
2145785,74 72 
2145857,44 70 
2147382,93 80 
2148442,61 83 
2148990,17 64 548
2149193,2 74 178
2149193,2 61 178
2150201,11 150 
2150230,33 68 
2150939,96 92 
2150939,96 65 
2150961,19 103 
2150961,19 101 
2151498,75 100 
2151498,75 1
2151498,75 2109
2151498,75 10
2153480,83 25 
2153920,98 75 
2155129,23 72 
2155200,21 70 
2156726,41 80 
2157092,29 83 
2158403,89 64 1312
2158647,65 74 223
2158647,65 61 223
2159659,22 150 
2159679,67 68 
2161688,21 92 
2161688,21 65 
2161703,34 103 
2161703,34 101 
2162230,49 100 
2162230,49 1
2162230,49 2109
2162230,49 10
2164209,6 25 
2164236,81 75 
2165446,24 72 
2165515,83 70 
2167047,76 80 
2168101,04 83 
2168444,18 64 344
2168672,67 74 212
2168672,67 61 212
2170182,12 150 
2170208,63 68 
2171719,08 92 
2171719,08 65 
2171739,11 103 
2171739,11 101 
2172266,58 100 
2172266,58 1
2172266,58 2109
2172266,58 11
2174245,42 25 
2174619,75 75 
2175828,8 72 
2176151,45 70 
2177763,77 80 
2179123,08 83 
2179417,41 64 295
2179633,53 74 191
2179633,53 62 191
2180143,78 150 
2180164,35 68 
2180874,3 92 
2180874,3 65 
2180895,25 103 
2180895,25 101 
2181424,47 100 
2181424,47 1
2181424,47 2109
2181424,47 11
2183401,56 25 
2183428,8 75 
2184636,3 72 
2184707,77 70 
2186237,66 80 
2187306,22 83 
2187695,19 64 390
2187898,83 74 179
2187898,83 62 179
2188907,11 150 
2188933,28 68 
2189380,6 249
2189510,14 172 
2189846,76 92 
2189846,76 65 
2189864,8 103 
2189864,8 101 
2190391,66 100 
2190391,66 1
2190391,66 2109
2190391,66 11
2192371,11 25 
2192864,59 75 
2194072,58 72 
2194145,57 70 
2195656,1 80 
2196022,6 83 
2197077,23 64 1055
2197620,61 74 519
2197620,61 62 519
2199132,48 150 
2199156,66 68 
2200302,09 249
2201169,2 92 
2201169,2 65 
2201193,39 103 
2201193,39 101 
2201722,85 100 
2201722,85 1
2201722,85 2109
2201722,85 10
2203699,65 25 
2204286,58 75 
2205493,46 72 
2205565,69 70 
2207086,19 80 
2208457,32 83 
2209123,47 64 667
2209338,74 74 202
2209338,74 61 202
2209850 152 
2209871,84 69 
2210782,77 93 
2210802,68 103 
2210802,68 101 
2212832,45 100 
2212832,45 1
2212832,45 2109
2212832,45 10
2214814,94 25 
2214842,19 75 
2216050,92 72 
2216121,19 70 
2217646,8 80 
2219026,15 83 
2233262,25 64 14237
2233480,8 74 194
2233480,8 61 194
2234991 150 
2235020,56 68 
2236528,95 92 
2236528,95 65 
2236551,78 103 
2236551,78 101 
2237078,87 100 
2237078,87 1
2237078,87 2109
2237078,87 10
2239058,04 25 
2239498,24 75 
2240706,16 72 
2240777,51 70 
2242300,75 80 
2242669,55 83 
2243934,4 64 1265
2244147,57 74 199
2244147,57 61 199
2245158,11 150 
2245177,01 68 
2245886,05 92 
2245886,05 65 
2245907,82 103 
2245907,82 101 
2246433,96 100 
2246433,96 1
2246433,96 2109
2246433,96 11
2248414,11 25 
2248867,72 75 
2250075,81 72 
2250146,98 70 
2251660,85 80 
2252718,63 83 
2253124,38 64 406
2253326,96 74 183
2253326,96 62 183
2253838,14 150 
2253866,72 68 
2254577,72 92 
2254577,72 65 
2254597,54 103 
2254597,54 101 
2255127,24 100 
2255127,24 1
2255127,24 2109
2255127,24 11
2257103,82 25 
2257704,18 75 
2258912,86 72 
2258983,13 70 
2260508,65 80 
2261888,15 83 
2262462,1 64 575
2262690,08 74 216
2262690,08 62 216
2263200,16 150 
2263221,58 68 
2264732,61 92 
2264732,61 65 
2264753,2 103 
2264753,2 101 
2265281,65 100 
2265281,65 1
2265281,65 2109
2265281,65 11
2267272,83 25 
2267419,86 75 
2268627,32 72 
2268699,12 70 
2270229,77 80 
2270604,4 83 
2271634,65 64 1030
2271808,01 74 152
2271808,01 62 152
2273316,3 150 
2273337,72 68 
2275346,56 92 
2275346,56 65 
2275362,1 103 
2275362,1 101 
2275889,88 100 
2275889,88 1
2275889,88 2109
2275889,88 10
2277868,38 25 
2278548,45 75 
2279755,01 72 
2280054,48 70 
2281678,75 80 
2282745,97 83 
2283751,32 64 1006
2283951,76 74 180
2283951,76 61 180
2284963,63 152 
2284986,9 69 
2285898,62 93 
2285917,63 103 
2285917,63 101 
2287952,4 100 
2287952,4 1
2287952,4 2109
2287952,4 10
2289929,96 25 
2289957,56 75 
2291164,42 72 
2291236,2 70 
2292757,57 80 
2294127,83 83 
2303474,45 64 9347
2303666,05 74 170
2303666,05 61 170
2305176,19 150 
2305204,29 68 
2305913,31 92 
2305913,31 65 
2305935,85 103 
2305935,85 101 
2306462,24 100 
2306462,24 1
2306462,24 2109
2306462,24 11
2308442,15 25 
2309148,89 75 
2310356,95 72 
2310428,1 70 
2311945,99 80 
2312320,21 83 
2313093,29 64 774
2313292,24 74 186
2313292,24 62 186
2313803,77 150 
2313828,04 68 
2315337,21 92 
2315337,21 65 
2315358,56 103 
2315358,56 101 
2315884,78 100 
2315884,78 1
2315884,78 2109
2315884,78 10
2317864,86 25 
2318078,48 75 
2319284,98 72 
2319357,67 70 
2320882,26 80 
2321942,84 83 
2322194,86 64 252
2322421,83 74 212
2322421,83 61 212
2323430,19 150 
2323449,91 68 
2325459,65 92 
2325459,65 65 
2325474,3 103 
2325474,3 101 
2326009,92 100 
2326009,92 1
2326009,92 2109
2326009,92 10
2327993,95 25 
2328420,89 75 
2329629,49 72 
2329699,97 70 
2331223,57 80 
2331592,05 83 
2332395,85 64 804
2332570,15 74 152
2332570,15 61 152
2334079,23 150 
2334099,5 68 
2335009,8 92 
2335009,8 65 
2335030,33 103 
2335030,33 101 
2335557,49 100 
2335557,49 1
2335557,49 2109
2335557,49 11
2337536,58 25 
2337896,75 75 
2339103,64 72 
2339175,96 70 
2340703,2 80 
2342067,68 83 
2342526,28 64 459
2342729,12 74 182
2342729,12 62 182
2343742,35 150 
2343761,72 68 
2344231,88 249
2344246,08 172 
2344470,96 92 
2344470,96 65 
2344492,96 103 
2344492,96 101 
2345019,56 100 
2345019,56 1
2345019,56 2109
2345019,56 11
2346999,23 25 
2347199,55 75 
2348407,84 72 
2348478,72 70 
2350004,57 80 
2351063,82 83 
2351572,51 64 509
2351793,04 74 197
2351793,04 62 197
2352302,21 150 
2352331,87 68 
2353354,23 249
2353842,15 92 
2353842,15 65 
2353862,34 103 
2353862,34 101 
2354393,87 100 
2354393,87 1
2354393,87 2109
2354393,87 11
2356368,66 25 
2356902,1 75 
2358109,28 72 
2358181,34 70 
2359705,78 80 
2360779,93 83 
2361364,81 64 585
2361564,21 74 185
2361564,21 62 185
2362575,23 150 
2362593,44 68 
2363386,96 249
2363501,84 92 
2363501,84 65 
2363524,95 103 
2363524,95 101 
2364053,35 100 
2364053,35 1
2364053,35 2109
2364053,35 10
2366031,25 25 
2366617,98 75 
2367827,5 72 
2367897,23 70 
2369415,93 80 
2369776,01 83 
2370851,83 64 1076
2371029,5 74 161
2371029,5 61 161
2371541,98 150 
2371563,15 68 
2373572,26 92 
2373572,26 65 
2373587,34 103 
2373587,34 101 
2374119,3 100 
2374119,3 1
2374119,3 2109
2374119,3 11
2376107,03 25 
2376333,88 75 
2377543,68 72 
2377613,15 70 
2379133,63 80 
2380504,78 83 
2380822,81 64 318
2380990 74 153
2380990 62 153
2382498,98 150 
2382519,14 68 
2383228,3 92 
2383228,3 65 
2383249,95 103 
2383249,95 101 
2383780,21 100 
2383780,21 1
2383780,21 2109
2383780,21 11
2385756,24 25 
2386196,41 75 
2387403,39 72 
2387702,2 70 
2389329,92 80 
2389700,92 83 
2390896,82 64 1196
2391126,28 74 213
2391126,28 62 213
2391637,54 152 
2391661,9 69 
2393173,28 93 
2393192,42 103 
2393192,42 101 
2395218,43 100 
2395218,43 1
2395218,43 2109
2395218,43 11
2397204,76 25 
2397232 75 
2398438,66 72 
2398510,96 70 
2400037,18 80 
2401109,52 83 
2402618,9 64 1509
2402819,93 74 179
2402819,93 62 179
2403828,6 150 
2403856,84 68 
2405407,59 249
2405866,11 92 
2405866,11 65 
2405880,44 103 
2405880,44 101 
2406406,38 100 
2406406,38 1
2406406,38 2109
2406406,38 10
2408386,68 25 
2408773,56 75 
2409980,51 72 
2410052,93 70 
2411573,67 80 
2412931,1 83 
2413268,05 64 338
2413450,61 74 160
2413450,61 61 160
2414961,12 150 
2414984,89 68 
2415893,45 92 
2415893,45 65 
2415916,25 103 
2415916,25 101 
2416450,99 100 
2416450,99 1
2416450,99 2109
2416450,99 11
2418435,81 25 
2419009,35 75 
2420217,81 72 
2420288,47 70 
2421807,42 80 
2422180,6 83 
2423212,95 64 1033
2423425,46 74 192
2423425,46 62 192
2424434,35 150 
2424461,1 68 
2424930,09 249
2426470,92 92 
2426470,92 65 
2426485,04 103 
2426485,04 101 
2427012,82 100 
2427012,82 1
2427012,82 2109
2427012,82 10
2428991,46 25 
2429031,69 75 
2430239,79 72 
2430310,87 70 
2431836,84 80 
2433202,71 83 
2433687,03 64 485
2433889,58 74 181
2433889,58 61 181
2435396,09 150 
2435416,12 68 
2436124,87 92 
2436124,87 65 
2436147,69 103 
2436147,69 101 
2436675,09 100 
2436675,09 1
2436675,09 2109
2436675,09 10
2438653,95 25 
2439227,45 75 
2440436,99 72 
2440506,56 70 
2442034,91 80 
2443105,09 83 
2444086,17 64 982
2444305,09 74 201
2444305,09 61 201
2444813,1 150 
2444840,09 68 
2446351,32 92 
2446351,32 65 
2446370,03 103 
2446370,03 101 
2446899,14 100 
2446899,14 1
2446899,14 2109
2446899,14 10
2448876,34 25 
2449343,16 75 
2450550,19 72 
2450622,33 70 
2452152,18 80 
2453220,87 83 
2453581,43 64 361
2453771,84 74 178
2453771,84 61 178
2454282,17 150 
2454302,15 68 
2455213,01 92 
2455213,01 65 
2455232,96 103 
2455232,96 101 
2455762,04 100 
2455762,04 1
2455762,04 2109
2455762,04 11
2457740,2 25 
2458046,13 75 
2459256,32 72 
2459325,31 70 
2460855,04 80 
2461230,84 83 
2462161,29 64 931
2462363,9 74 188
2462363,9 62 188
2463875,29 150 
2463898,15 68 
2464360,66 249
2464426,65 172 
2464606,73 92 
2464606,73 65 
2464628,99 103 
2464628,99 101 
2465157,94 100 
2465157,94 1
2465157,94 2109
2465157,94 10
2467135,28 25 
2467442,23 75 
2468650,12 72 
2468721,38 70 
2470253,42 80 
2471626,44 83 
2471930,29 64 304
2472144,71 74 199
2472144,71 61 199
2473155,85 150 
2473174,47 68 
2474085,52 92 
2474085,52 65 
2474104,99 103 
2474104,99 101 
2474638,87 100 
2474638,87 1
2474638,87 2109
2474638,87 10
2476638 25 
2476851,59 75 
2478060,84 72 
2478130,71 70 
2479653,08 80 
2480022,83 83 
2481799,69 64 1777
2482063,59 74 242
2482063,59 61 242
2483574,75 152 
2483596,49 69 
2485107,32 93 
2485127,98 103 
2485127,98 101 
2487155,15 100 
2487155,15 1
2487155,15 2109
2487155,15 11
2489139,33 25 
2499142,28 254 
2499161 101 
2501173,52 100 
2501173,52 1
2501173,52 2109
2501173,52 11
2501173,52 25 
2511175,91 254 
2511182,68 101 
2513195,14 100 
2513195,14 1
2513195,14 2109
2513195,14 11
2513195,14 25 
2523195,87 254 
2523204,23 101 
2525216,8 100 
2525216,8 1
2525216,8 2109
2525216,8 11
2525216,8 25 
2535220,21 254 
2535239,14 101 
2537251,66 100 
2537251,66 1
2537251,66 2109
2537251,66 11
2537251,66 25 
2547254,12 254 
2547274,06 101 
2549286,57 100 
2549286,57 1
2549286,57 2109
2549286,57 11
2549286,57 25 
2559289,01 254 
2559295,79 101 
2561308,18 100 
2561308,18 1
2561308,18 2109
2561308,18 11
2561308,18 25 
2571311,18 254 
2571330,6 101 
2573343,12 100 
2573343,12 1
2573343,12 2109
2573343,12 11
2573343,12 25 
2583343,95 254 
2583352,18 101 
2585351,44 100 
2585351,44 1
2585351,44 2109
2585351,44 11
2585351,44 25 
2595355,53 254 
2595373,78 101 
2597373,09 100 
2597373,09 1
2597373,09 2109
2597373,09 11
2597373,09 25 
2607376,09 254 
2607395,37 101 
2609407,9 100 
2609407,9 1
2609407,9 2109
2609407,9 11
2609407,9 25 
2619411,59 254 
2619430,35 101 
2621429,69 100 
2621429,69 1
2621429,69 2109
2621429,69 11
2621429,69 25 
2631431,7 254 
2631438,81 101 
2633451,11 100 
2633451,11 1
2633451,11 2109
2633451,11 11
2633451,11 25 
2643452,48 254 
2643460,28 101 
2645472,71 100 
2645472,71 1
2645472,71 2109
2645472,71 11
2645472,71 25 
2655474,33 254 
2655481,87 101 
2657494,29 100 
2657494,29 1
2657494,29 2109
2657494,29 11
2657494,29 25 
2667497,37 254 
2667516,71 101 
2669529,25 100 
2669529,25 1
2669529,25 2109
2669529,25 11
2669529,25 25 
2679531,83 254 
2679538,33 101 
2681550,83 100 
2681550,83 1
2681550,83 2109
2681550,83 11
2681550,83 25 
2691553,29 254 
2691573,26 101 
2693585,75 100 
2693585,75 1
2693585,75 2109
2693585,75 11
2693585,75 25 
2703589,19 254 
2703608,16 101 
2705620,7 100 
2705620,7 1
2705620,7 2109
2705620,7 11
2705620,7 25 
2715621,03 254 
2715629,77 101 
2717642,31 100 
2717642,31 1
2717642,31 2109
2717642,31 11
2717642,31 25 
2727642,8 254 
2727651,39 101 
2729663,9 100 
2729663,9 1
2729663,9 2109
2729663,9 11
2729663,9 25 
2739664,4 254 
2739672,99 101 
2741685,48 100 
2741685,48 1
2741685,48 2109
2741685,48 11
2741685,48 25 
2751686,2 254 
2751694,58 101 
2753707,1 100 
2753707,1 1
2753707,1 2109
2753707,1 11
2753707,1 25 
2763710,29 254 
2763729,5 101 
2765742,02 100 
2765742,02 1
2765742,02 2109
2765742,02 11
2765742,02 25 
2775745,92 254 
2775764,46 101 
2777776,94 100 
2777776,94 1
2777776,94 2109
2777776,94 11
2777776,94 25 
2787778,48 254 
2787786,14 101 
2789785,46 100 
2789785,46 1
2789785,46 2109
2789785,46 11
2789785,46 25 
2798809,18 75 
2800017,35 72 
2800341,64 70 
2802007,17 80 
2803286,73 83 
2804511,06 64 1225
2804735,88 74 210
2804735,88 62 210
2805247,66 150 
2805274,25 68 
2807285,54 92 
2807285,54 65 
2807311,22 103 
2807311,22 101 
2807838,17 100 
2807838,17 1
2807838,17 2109
2807838,17 10
2809817,52 25 
2809844,73 75 
2811052,23 72 
2811123,72 70 
2812642,97 80 
2814002,08 83 
2814410,12 64 409
2814622,6 74 194
2814622,6 61 194
2815632,42 150 
2815655,78 68 
2816365,92 92 
2816365,92 65 
2816387,39 103 
2816387,39 101 
2816918 100 
2816918 1
2816918 2109
2816918 10
2818893,72 25 
2819280,57 75 
2820486,54 72 
2820559,78 70 
2822077,63 80 
2823144,9 83 
2823897,38 64 753
2824104,98 74 188
2824104,98 61 188
2825614,7 150 
2825638,75 68 
2827150,65 92 
2827150,65 65 
2827169,51 103 
2827169,51 101 
2827697,13 100 
2827697,13 1
2827697,13 2109
2827697,13 11
2829675,88 25 
2830022,67 75 
2831231,18 72 
2831301,9 70 
2832832,01 80 
2833207,36 83 
2834602,15 64 1396
2834797,95 74 179
2834797,95 62 179
2835809,27 150 
2835834,72 68 
2836452,11 249
2836742,54 92 
2836742,54 65 
2836765,5 103 
2836765,5 101 
2837294,1 100 
2837294,1 1
2837294,1 2109
2837294,1 10
2839271,76 25 
2839632,03 75 
2840840,35 72 
2840911,2 70 
2842437,81 80 
2843802,86 83 
2844293,57 64 491
2844510,1 74 202
2844510,1 61 202
2845022,07 150 
2845043,51 68 
2847055,69 92 
2847055,69 65 
2847081,12 103 
2847081,12 101 
2847612,58 100 
2847612,58 1
2847612,58 2109
2847612,58 11
2849587,45 25 
2849894,31 75 
2851103,04 72 
2851173,61 70 
2852692,75 80 
2853758,8 83 
2854642,27 64 884
2855103,49 74 439
2855103,49 62 439
2855612,64 150 
2855639,76 68 
2855699,88 249
2856197,31 172 
2856353,25 92 
2856353,25 65 
2856370,56 103 
2856370,56 101 
2856896,77 100 
2856896,77 1
2856896,77 2109
2856896,77 11
2858876,83 25 
2859303,69 75 
2860512,49 72 
2860582,89 70 
2862103,43 80 
2863461,24 83 
2869056,47 64 5596
2869255,26 74 184
2869255,26 62 184
2870267,38 150 
2870286,12 68 
2871798,55 92 
2871798,55 65 
2871817,35 103 
2871817,35 101 
2872344,59 100 
2872344,59 1
2872344,59 2109
2872344,59 11
2874323,72 25 
2874843,79 75 
2876052,94 72 
2876123,01 70 
2877651,71 80 
2878015,12 83 
2880915,42 64 2901
2881132,95 74 200
2881132,95 61 200
2882643,06 151 
2882668,37 69 
2883577,62 93 
2883599,05 103 
2883599,05 101 
2885628,48 100 
2885628,48 1
2885628,48 2109
2885628,48 10
2887611,52 25 
2888344,75 75 
2889554,68 72 
2889623,98 70 
2891156,71 80 
2892515,66 83 
3053490,35 64 160975
3053687,07 74 173
3053687,07 61 173
3055195,24 150 
3055221,62 68 
3057232,21 92 
3057232,21 65 
3057245,89 103 
3057245,89 101 
3057775,28 100 
3057775,28 1
3057775,28 2109
3057775,28 10
3059752,26 25 
3059779,59 75 
3060987,31 72 
3061258,32 70 
3062917,05 80 
3064203,42 83 
3064666,85 64 464
3064894,65 74 212
3064894,65 61 212
3065405,52 150 
3065431,43 68 
3066343,14 92 
3066343,14 65 
3066362,03 103 
3066362,03 101 
3066888,2 100 
3066888,2 1
3066888,2 2109
3066888,2 11
3068868,33 25 
3069255,28 75 
3070464,27 72 
3070534,36 70 
3072057,49 80 
3072426,49 83 
3073780,94 64 1355
3073978,98 74 181
3073978,98 62 181
3074986,61 150 
3075013,91 68 
3075725,01 92 
3075725,01 65 
3075744,77 103 
3075744,77 101 
3076274,81 100 
3076274,81 1
3076274,81 2109
3076274,81 10
3078251,04 25 
3078278,45 75 
3079484,58 72 
3079557,27 70 
3081082,92 80 
3082155,74 83 
3083198,97 64 1044
3083405,66 74 184
3083405,66 62 184
3084913,63 151 
3084942,7 69 
3086952,63 93 
3086966,69 103 
3086966,69 101 
3088995,51 100 
3088995,51 1
3088995,51 2109
3088995,51 10
3090979,01 25 
3091019,81 75 
3092227,66 72 
3092298,54 70 
3093824,93 80 
3095190,24 83 
3101427,04 64 6238
3101638,46 74 198
3101638,46 61 198
3102649,3 150 
3102668,23 68 
3104180,81 92 
3104180,81 65 
3104199,49 103 
3104199,49 101 
3104728,28 100 
3104728,28 1
3104728,28 2109
3104728,28 11
3106705,7 25 
3107306,06 75 
3108513,11 72 
3108585,03 70 
3110106,46 80 
3110477,24 83 
3122006,09 64 11530
3122238,54 74 220
3122238,54 61 220
3122746,33 153 
3122767,21 68 
3123676,71 92 
3123676,71 65 
3123698,89 103 
3123698,89 101 
3124232,25 100 
3124232,25 1
3124232,25 2109
3124232,25 11
3126217,5 25 
3126977,57 75 
3128185,83 72 
3128256,79 70 
3129784,47 80 
3130135,49 83 
3582869,24 64 452734
3583112,19 74 221
3583112,19 61 221
3584120,07 151 
3584146,01 69 
3586153,91 93 
3586169,64 103 
3586169,64 101 
3588197,04 100 
3588197,04 1
3588197,04 2109
3588197,04 10
3590181,95 25 
3590209,29 75 
3591416,59 72 
3591488,24 70 
3593016,51 80 
3594393,15 83 
3596533,6 64 2141
3596739,19 74 188
3596739,19 61 188
3597249,12 150 
3597274,01 68 
3597982,49 92 
3597982,49 65 
3598004,65 103 
3598004,65 101 
3598533,31 100 
3598533,31 1
3598533,31 2109
3598533,31 11
3600510,95 25 
3600777,89 75 
3601984,54 72 
3602057,04 70 
3603588,13 80 
3604655,57 83 
3605150,42 64 495
3605376,09 74 202
3605376,09 62 202
3606887,97 150 
3606909,8 68 
3607375,63 249
3607488,35 172 
3608421,9 92 
3608421,9 65 
3608440,23 103 
3608440,23 101 
3608973,27 100 
3608973,27 1
3608973,27 2109
3608973,27 10
3610946,56 25 
3611200,18 75 
3612408,54 72 
3612479,41 70 
3613999,68 80 
3615371,05 83 
3615409,17 64 39
3615634,29 74 211
3615634,29 62 211
3617146,24 151 
3617172,15 69 
3617883,11 93 
3617902,92 103 
3617902,92 101 
3619931,45 100 
3619931,45 1
3619931,45 2109
3619931,45 11
3621915,29 25 
3621942,48 75 
3623149,12 72 
3623221,48 70 
3624748,83 80 
3625806,64 83 
3629631,32 64 3825
3629837,58 74 193
3629837,58 62 193
3630848,61 150 
3630872,22 68 
3631780,99 92 
3631780,99 65 
3631803,75 103 
3631803,75 101 
3632332,42 100 
3632332,42 1
3632332,42 2109
3632332,42 10
3634310,02 25 
3634736,88 75 
3635945,78 72 
3636016,07 70 
3637546,29 80 
3637921,61 83 
3639228,57 64 1307
3639510,8 74 257
3639510,8 61 257
3640019,95 150 
3640041,33 68 
3641553,36 92 
3641553,36 65 
3641572,99 103 
3641572,99 101 
3642103,7 100 
3642103,7 1
3642103,7 2109
3642103,7 10
3644079,65 25 
3644626,13 75 
3645833,42 72 
3645905,22 70 
3647419,3 80 
3647784,09 83 
3649125,76 64 1342
3649363,46 74 220
3649363,46 61 220
3650872,1 150 
3650891,35 68 
3652901,73 92 
3652901,73 65 
3652914,95 103 
3652914,95 101 
3653446,4 100 
3653446,4 1
3653446,4 2109
3653446,4 11
3655421,13 25 
3655874,65 75 
3657083,71 72 
3657153,83 70 
3658674,52 80 
3659752,32 83 
3660362,49 64 611
3660582,7 74 204
3660582,7 62 204
3661593,27 150 
3661620,08 68 
3663131,41 92 
3663131,41 65 
3663150,5 103 
3663150,5 101 
3663678,39 100 
3663678,39 1
3663678,39 2109
3663678,39 11
3665656,81 25 
3665870,44 75 
3667078,66 72 
3667149,6 70 
3668669,9 80 
3670041,31 83 
3670103,48 64 63
3670373,1 74 253
3670373,1 61 253
3670881,63 151 
3670908,74 69 
3671618,81 93 
3671640,33 103 
3671640,33 101 
3673671,6 100 
3673671,6 1
3673671,6 2109
3673671,6 10
3675652,6 25 
3675680,93 75 
3676889,85 72 
3676958,81 70 
3678482,92 80 
3679543,95 83 
3679912,71 64 369
3680115,05 74 185
3680115,05 62 185
3681123,67 151 
3681144,8 69 
3683152,55 93 
3683168,76 103 
3683168,76 101 
3685196,85 100 
3685196,85 1
3685196,85 2109
3685196,85 10
3687181,08 25 
3687208,43 75 
3688414,39 72 
3688740,52 70 
3690355,49 80 
3690725,94 83 
3691666,93 64 942
3691907,3 74 222
3691907,3 61 222
3692415,04 152 
3692447,04 69 
3693356,2 93 
3693377,79 103 
3693377,79 101 
3695406,97 100 
3695406,97 1
3695406,97 2109
3695406,97 10
3697390,1 25 
3697417,52 75 
3698626,07 72 
3698696,32 70 
3700220,37 80 
3701587,99 83 
3709292,51 64 7705
3709500,84 74 183
3709500,84 62 183
3711008,9 151 
3711039,17 69 
3712476,8 256 
3712488,48 249 
3718019,06 183 
3725583,09 93 
3725604,21 103 
3725604,21 101 
3727633,58 100 
3727633,58 1
3727633,58 2109
3727633,58 11
3729616,55 25 
3729644,03 75 
3730850,51 72 
3730922,74 70 
3732454,79 80 
3733507,93 83 
3733936,34 64 429
3734133,95 74 174
3734133,95 62 174
3734642,06 150 
3734668,52 68 
3736179,44 92 
3736179,44 65 
3736199,76 103 
3736199,76 101 
3736727,21 100 
3736727,21 1
3736727,21 2109
3736727,21 11
3738706,06 25 
3738893,08 75 
3740099,99 72 
3740172,28 70 
3741697,89 80 
3742064,3 83 
3743110,03 64 1047
3743346,39 74 216
3743346,39 62 216
3744855,23 150 
3744877,5 68 
3745590,48 92 
3745590,48 65 
3745609,09 103 
3745609,09 101 
3746135,43 100 
3746135,43 1
3746135,43 2109
3746135,43 11
3748115,42 25 
3748569,01 75 
3749775,36 72 
3749848,11 70 
3751381,57 80 
3752739,76 83 
3752901,97 64 163
3753108 74 182
3753108 62 182
3754118,2 150 
3754141,1 68 
3754593,75 249
3754779,13 172 
3755052,4 92 
3755052,4 65 
3755071,75 103 
3755071,75 101 
3755608,67 100 
3755608,67 1
3755608,67 2109
3755608,67 10
3757591,38 25 
3758005,96 75 
3759214,63 72 
3759284,11 70 
3760803,52 80 
3761162,89 83 
3761882,37 64 720
3762120,57 74 225
3762120,57 61 225
3762628,45 150 
3762657,46 68 
3763367,45 92 
3763367,45 65 
3763388,27 103 
3763388,27 101 
3763915,67 100 
3763915,67 1
3763915,67 2109
3763915,67 11
3765894,68 25 
3766161,65 75 
3767368,81 72 
3767440,73 70 
3768958,19 80 
3770319,05 83 
3770680,14 64 362
3770897,11 74 192
3770897,11 61 192
3772410,19 151 
3772439,66 69 
3773948,15 93 
3773970,47 103 
3773970,47 101 
3775997,55 100 
3775997,55 1
3775997,55 2109
3775997,55 11
3777983,66 25 
3778010,12 75 
3779216,98 72 
3779289,03 70 
3780819,79 80 
3781874,26 83 
3782210,85 64 337
3782455,07 74 222
3782455,07 62 222
3783466,73 150 
3783489,57 68 
3785499,17 92 
3785499,17 65 
3785525,63 103 
3785525,63 101 
3786056,34 100 
3786056,34 1
3786056,34 2109
3786056,34 11
3788031,94 25 
3788698,76 75 
3789907,08 72 
3790217,74 70 
3791886,19 80 
3793176,09 83 
3793823 64 648
3794031,25 74 189
3794031,25 62 189
3795543,82 150 
3795562,84 68 
3796355,35 249
3796470,8 92 
3796470,8 65 
3796494,31 103 
3796494,31 101 
3798928,39 102 
