67,66 100 
67,66 6
67,66 2129
67,66 11
2033,84 25 
2058,58 75 
3264,85 72 
3591,51 70 
5206,32 80 
6576,79 83 
6583,94 64 7
6684,36 256 
6958,3 74 354
6958,3 62 354
7473,08 151 
7496,9 69 
8208,99 93 
8231,2 103 
8231,2 101 
10255,47 100 
10255,47 6
10255,47 2129
10255,47 10
12241,48 25 
12268,95 75 
13478,25 72 
13547,79 70 
15077,86 80 
15439,87 83 
16445,61 64 1006
16690,31 74 223
16690,31 61 223
17703,06 153 
17732,55 68 
19740,65 92 
19740,65 65 
19757,75 103 
19757,75 101 
20285,65 100 
20285,65 6
20285,65 2129
20285,65 11
22264 25 
22291,32 75 
23497,32 72 
23570,23 70 
25093,09 80 
26168,8 83 
26923,64 64 756
27234,29 74 293
27234,29 61 293
28742,44 150 
28768,81 68 
30281,08 92 
30281,08 65 
30301,07 103 
30301,07 101 
30830,84 100 
30830,84 6
30830,84 2129
30830,84 10
32806,31 25 
32834 75 
34040,81 72 
34112,61 70 
35640,38 80 
37004,36 83 
39198,33 64 2194
39435,49 74 220
39435,49 61 220
40444,59 151 
40471,31 69 
41380,72 93 
41402,2 103 
41402,2 101 
43445,25 100 
43445,25 6
43445,25 2129
43445,25 10
45427,83 25 
45455,57 75 
46662,39 72 
46734,04 70 
48256,79 80 
48626,12 83 
49847,46 64 1222
50025,17 74 160
50025,17 62 160
51536,42 151 
51559,33 69 
52467 93 
52477,68 103 
52477,68 101 
54503,98 100 
54503,98 6
54503,98 2129
54503,98 10
56489,85 25 
56517,49 75 
57725,8 72 
57796,15 70 
59322,93 80 
60394,62 83 
60938,26 64 544
61198,35 74 245
61198,35 61 245
61710,57 151 
61729,01 69 
62219,49 249 
63580,28 181 
63736,33 93 
63752,84 103 
63752,84 101 
65785,09 100 
65785,09 6
65785,09 2129
65785,09 10
67765,24 25 
67792,48 75 
69001,86 72 
69071,49 70 
70596,6 80 
71963,1 83 
72364,43 64 402
72544,26 74 155
72544,26 62 155
74052,62 151 
74084,05 69 
75595,21 93 
75614,67 103 
75614,67 101 
77640,96 100 
77640,96 6
77640,96 2129
77640,96 11
79626,93 25 
79654,19 75 
80863,54 72 
80933,19 70 
82460,85 80 
82825,25 83 
83738,38 64 914
83949,98 74 192
83949,98 61 192
84461,32 150 
84479,39 68 
84856,33 249
85190,49 92 
85190,49 65 
85210,63 103 
85210,63 101 
85738,31 100 
85738,31 6
85738,31 2129
85738,31 11
87716,94 25 
87744,99 75 
88952,43 72 
89023,16 70 
90541,83 80 
91608,37 83 
92103,75 64 496
92320,93 74 193
92320,93 61 193
93332,36 150 
93355,35 68 
93879,17 249
94264,94 92 
94264,94 65 
94288,04 103 
94288,04 101 
94818,38 100 
94818,38 6
94818,38 2129
94818,38 11
96793,19 25 
96821,07 75 
98031,37 72 
98099,41 70 
99622,53 80 
100684,83 83 
101316,77 64 633
101572,1 74 235
101572,1 61 235
102083,36 150 
102111,76 68 
102144,26 249
102822,81 92 
102822,81 65 
102843,32 103 
102843,32 101 
103370,92 100 
103370,92 6
103370,92 2129
103370,92 10
105349,64 25 
105390,53 75 
106600,33 72 
106922,41 70 
108592,92 80 
109187,7 83 
110234,44 64 1048
110464,01 74 209
110464,01 63 209
111474,94 150 
111494,59 68 
111902,28 249
111986,97 173 
113505,98 92 
113505,98 65 
113532,22 103 
113532,22 101 
114059,07 100 
114059,07 6
114059,07 2129
114059,07 10
116038,56 25 
116066,32 75 
117273,1 72 
117344,76 70 
118869,39 80 
120236,45 83 
120586,59 64 351
120811,32 74 203
120811,32 63 203
122319,45 150 
122343,54 68 
123854,22 92 
123854,22 65 
123874,6 103 
123874,6 101 
124409,31 100 
124409,31 6
124409,31 2129
124409,31 11
126394,28 25 
126647,93 75 
127856,55 72 
127927,1 70 
129450,38 80 
130832,13 83 
131320,95 64 489
131514,13 74 176
131514,13 61 176
133022,45 152 
133046,33 69 
135053,39 93 
135069,99 103 
135069,99 101 
137097,27 100 
137097,27 6
137097,27 2129
137097,27 11
139082,39 25 
139109,67 75 
140319 72 
140388,56 70 
141914,2 80 
142987,04 83 
143500,22 64 513
143736,86 74 217
143736,86 61 217
144748,14 150 
144774,07 68 
145206,65 249
145683,64 92 
145683,64 65 
145705,56 103 
145705,56 101 
146232,89 100 
146232,89 6
146232,89 2129
146232,89 10
148211,9 25 
148252,69 75 
149460,23 72 
149531,47 70 
151052,82 80 
151423,54 83 
152360,23 64 937
152592,18 74 209
152592,18 63 209
153104,32 150 
153130,61 68 
153545,52 249
153840,86 92 
153840,86 65 
153862,19 103 
153862,19 101 
154399,48 100 
154399,48 6
154399,48 2129
154399,48 10
156381,84 25 
156915,35 75 
158123,93 72 
158194,5 70 
159715,31 80 
161086,42 83 
161499,9 64 414
161738,05 74 212
161738,05 63 212
163245,79 150 
163273,13 68 
163620,32 249
163677,63 173 
164785,8 92 
164785,8 65 
164804,31 103 
164804,31 101 
165336,21 100 
165336,21 6
165336,21 2129
165336,21 11
167310,66 25 
167631,08 75 
168840,54 72 
168910,11 70 
170429,84 80 
170802,23 83 
171888,15 64 1086
172117,35 74 210
172117,35 61 210
173129,06 150 
173149 68 
174656,85 92 
174656,85 65 
174680,22 103 
174680,22 101 
175206,78 100 
175206,78 6
175206,78 2129
175206,78 10
177186,53 25 
177373,75 75 
178580,6 72 
178652,7 70 
180178,63 80 
181251,21 83 
182849,76 64 1599
183060,53 74 197
183060,53 63 197
183573,35 150 
183597,99 68 
184007,35 249
184309,13 92 
184309,13 65 
184329,66 103 
184329,66 101 
184863,55 100 
184863,55 6
184863,55 2129
184863,55 11
186849,19 25 
186889,55 75 
188097,63 72 
188168,76 70 
189698,1 80 
190767,35 83 
191302,72 64 536
191576,52 74 250
191576,52 61 250
193084,52 150 
193114,08 68 
195122,26 92 
195122,26 65 
195138,44 103 
195138,44 101 
195664,98 100 
195664,98 6
195664,98 2129
195664,98 11
197644,72 25 
197951,62 75 
199161,72 72 
199230,87 70 
200751,9 80 
201122,97 83 
203416,99 64 2294
203638,93 74 197
203638,93 61 197
204146,52 150 
204176,13 68 
205038,41 249
205086,06 92 
205086,06 65 
205107,67 103 
205107,67 101 
205640,15 100 
205640,15 6
205640,15 2129
205640,15 10
207614,1 25 
207747,65 75 
208957,45 72 
209280,11 70 
210907,12 80 
212278,33 83 
212703,94 64 426
212919,14 74 201
212919,14 63 201
213926,71 150 
213945,42 68 
214469,35 249
214852,69 92 
214852,69 65 
214876,93 103 
214876,93 101 
215405,74 100 
215405,74 6
215405,74 2129
215405,74 11
217384,31 25 
217637,78 75 
218846,46 72 
218916,08 70 
220439,67 80 
220808,12 83 
222214,66 64 1406
222462,83 74 229
222462,83 61 229
223972,91 150 
223994,59 68 
224704,84 92 
224704,84 65 
224726,15 103 
224726,15 101 
225252,34 100 
225252,34 6
225252,34 2129
225252,34 11
227232,48 25 
227779,3 75 
228988,24 72 
229058,54 70 
230588,18 80 
231657,02 83 
232119,09 64 462
232351,55 74 215
232351,55 61 215
232860,55 150 
232883,86 68 
232918,67 249
234393,85 92 
234393,85 65 
234415,5 103 
234415,5 101 
234942,08 100 
234942,08 6
234942,08 2129
234942,08 10
236921,79 25 
237002,2 75 
238211,33 72 
238281,44 70 
239807,45 80 
241186,35 83 
241543,35 64 357
241759,51 74 201
241759,51 63 201
242768,9 150 
242786,8 68 
243262,23 249
244794,55 92 
244794,55 65 
244811,25 103 
244811,25 101 
245346,19 100 
245346,19 6
245346,19 2129
245346,19 10
247330,83 25 
248184,39 75 
249394,26 72 
249463,37 70 
250992,14 80 
251355,68 83 
252434,98 64 1080
252673,85 74 226
252673,85 63 226
254182,15 150 
254208,8 68 
254714,81 249
254920,64 92 
254920,64 65 
254940,35 103 
254940,35 101 
255469,71 100 
255469,71 6
255469,71 2129
255469,71 10
257446,68 25 
257953,45 75 
259161,66 72 
259232,7 70 
260755,01 80 
262124,39 83 
262885,15 64 761
263124,04 74 227
263124,04 63 227
264131,84 150 
264151,36 68 
264557,28 249
264590,63 256 
266331,25 173 
267721,62 92 
267721,62 65 
267748,35 103 
267748,35 101 
268275,49 100 
268275,49 6
268275,49 2129
268275,49 11
270254,7 25 
270282,62 75 
271489,96 72 
271560,9 70 
273090,08 80 
274172,75 83 
274779,53 64 608
274980,13 74 181
274980,13 61 181
275490,8 150 
275520,01 68 
277532,4 92 
277532,4 65 
277557,74 103 
277557,74 101 
278092,07 100 
278092,07 6
278092,07 2129
278092,07 10
280064,06 25 
280117,6 75 
281326,55 72 
281396,86 70 
282925,37 80 
283288,92 83 
284449,83 64 1161
284677 74 202
284677 63 202
286186,02 152 
286209,85 69 
287120,86 93 
287140,35 103 
287140,35 101 
289168,02 100 
289168,02 6
289168,02 2129
289168,02 11
291152,72 25 
291180,65 75 
292386,36 72 
292458,98 70 
293989,08 80 
295350,62 83 
296006,71 64 657
296259,18 74 229
296259,18 61 229
296771,45 150 
296791,15 68 
297700,22 92 
297700,22 65 
297722,6 103 
297722,6 101 
298250,23 100 
298250,23 6
298250,23 2129
298250,23 11
300229,03 25 
300469,26 75 
301677,19 72 
301748,41 70 
303274,01 80 
304333,72 83 
304670,14 64 337
304893,03 74 200
304893,03 61 200
305905,84 150 
305934,1 68 
307444,44 92 
307444,44 65 
307465,27 103 
307465,27 101 
308000,15 100 
308000,15 6
308000,15 2129
308000,15 10
309984,89 25 
310451,77 75 
311659,86 72 
311984,18 70 
313651,23 80 
315249,1 83 
315588,61 64 340
315804,54 74 196
315804,54 63 196
316814,8 150 
316836,25 68 
317248,6 249
317546,9 92 
317546,9 65 
317567,71 103 
317567,71 101 
318096,35 100 
318096,35 6
318096,35 2129
318096,35 10
320074,04 25 
320341,19 75 
321548,13 72 
321620,17 70 
323153,35 80 
323525,67 83 
324807,94 64 1283
325015,57 74 185
325015,57 63 185
325525,53 150 
325552,54 68 
326041,13 249
327562,89 92 
327562,89 65 
327576,9 103 
327576,9 101 
328105,24 100 
328105,24 6
328105,24 2129
328105,24 11
330083,22 25 
330456,79 75 
331666,04 72 
331736,01 70 
333268,54 80 
334334,51 83 
334856,05 64 522
335081,88 74 201
335081,88 61 201
336594,49 150 
336614,61 68 
338622,61 92 
338622,61 65 
338639,09 103 
338639,09 101 
339173,2 100 
339173,2 6
339173,2 2129
339173,2 10
341145,51 25 
341692,14 75 
342901,23 72 
342971,37 70 
344494,8 80 
345863,03 83 
346703,28 64 840
346905,85 74 177
346905,85 63 177
347916,58 152 
347943,38 69 
348027,78 249 
348857,41 183 
349454,68 93 
349474,51 103 
349474,51 101 
351502,21 100 
351502,21 6
351502,21 2129
351502,21 10
353486,99 25 
353514,16 75 
354725,16 72 
354793,08 70 
356320,2 80 
356685,5 83 
358614,01 64 1929
358825,88 74 195
358825,88 63 195
359334,59 150 
359365,21 68 
359838,5 249
360273,18 92 
360273,18 65 
360296,7 103 
360296,7 101 
360825,3 100 
360825,3 6
360825,3 2129
360825,3 11
362803,03 25 
363016,62 75 
364229,1 72 
364295,83 70 
365823,38 80 
366894,35 83 
367815,21 64 921
368016,15 74 176
368016,15 61 176
369527,04 150 
369547,77 68 
370258,19 92 
370258,19 65 
370279,3 103 
370279,3 101 
370813,14 100 
370813,14 6
370813,14 2129
370813,14 11
372798,86 25 
372999,2 75 
374207,98 72 
374278,45 70 
375799,58 80 
376170,51 83 
377252,27 64 1082
377469,45 74 194
377469,45 61 194
377979,37 150 
377998,44 68 
378906,11 92 
378906,11 65 
378928,97 103 
378928,97 101 
379457,47 100 
379457,47 6
379457,47 2129
379457,47 11
381435,38 25 
381915,66 75 
383121,97 72 
383194,66 70 
384722,77 80 
386086,5 83 
386491 64 405
386682,31 74 169
386682,31 61 169
388191,28 150 
388219,92 68 
389225,99 249
390229,13 92 
390229,13 65 
390244,38 103 
390244,38 101 
390771,17 100 
390771,17 6
390771,17 2129
390771,17 11
392750,6 25 
392804,27 75 
394012,07 72 
394083,59 70 
395610,22 80 
396682 83 
397264,17 64 582
397495,35 74 215
397495,35 61 215
398506,84 150 
398535,67 68 
399256,86 249
400047,55 92 
400047,55 65 
400066,92 103 
400066,92 101 
400596,54 100 
400596,54 6
400596,54 2129
400596,54 10
402573,34 25 
402880,13 75 
404089,76 72 
404159,33 70 
405679,54 80 
406757,84 83 
407295,74 64 538
407527,49 74 211
407527,49 63 211
408038,19 150 
408065,02 68 
408562,84 249
408773,01 92 
408773,01 65 
408796,68 103 
408796,68 101 
409329,95 100 
409329,95 6
409329,95 2129
409329,95 11
411302,96 25 
411729,87 75 
412938,39 72 
413009,02 70 
414530,89 80 
415247,63 83 
416251,15 64 1004
416478,58 74 205
416478,58 61 205
417988,82 150 
418008,68 68 
418721,2 92 
418721,2 65 
418739,18 103 
418739,18 101 
419267,38 100 
419267,38 6
419267,38 2129
419267,38 10
421245,58 25 
421952,22 75 
423158,54 72 
423231,42 70 
424754,88 80 
426136,47 83 
426562,08 64 426
426847,27 74 271
426847,27 63 271
427855,61 150 
427883,55 68 
428612,77 249
429394,92 92 
429394,92 65 
429414,83 103 
429414,83 101 
429944,65 100 
429944,65 6
429944,65 2129
429944,65 11
431921,04 25 
432174,75 75 
433382,4 72 
433453,92 70 
434974,73 80 
436052,32 83 
436489,2 64 437
436742,48 74 238
436742,48 61 238
437251,43 152 
437280,4 69 
439289,57 93 
439303,98 103 
439303,98 101 
441332,14 100 
441332,14 6
441332,14 2129
441332,14 11
443316,39 25 
443345,8 75 
444555,89 72 
444622,59 70 
446148,78 80 
447514,35 83 
447871,33 64 357
448072,05 74 185
448072,05 61 185
449084,78 150 
449114,7 68 
450023,35 92 
450023,35 65 
450046,23 103 
450046,23 101 
450573,66 100 
450573,66 6
450573,66 2129
450573,66 11
452552,51 25 
452872,75 75 
454082,04 72 
454152,02 70 
455680,4 80 
456044,05 83 
457085,42 64 1042
457315,34 74 206
457315,34 61 206
458822,3 150 
458844,05 68 
460853,84 92 
460853,84 65 
460868,4 103 
460868,4 101 
461400,43 100 
461400,43 6
461400,43 2129
461400,43 10
463375,04 25 
463828,25 75 
465036,33 72 
465107,49 70 
466632,31 80 
466999,56 83 
468274,46 64 1276
468511,28 74 219
468511,28 63 219
470021,28 150 
470039,72 68 
470752,07 92 
470752,07 65 
470770,97 103 
470770,97 101 
471298,49 100 
471298,49 6
471298,49 2129
471298,49 10
473277,41 25 
473304,77 75 
474513,58 72 
474583,54 70 
476116,19 80 
477475,21 83 
478023,24 64 548
478253,28 74 205
478253,28 63 205
478762,35 150 
478783,31 68 
479256,48 249
480292,3 92 
480292,3 65 
480313,71 103 
480313,71 101 
480839,93 100 
480839,93 6
480839,93 2129
480839,93 10
482820 25 
482847,54 75 
484056,29 72 
484126,24 70 
485649,56 80 
486724,75 83 
487437,39 64 714
487620,73 74 164
487620,73 62 164
488633,85 151 
488658,37 69 
489571,24 93 
489590,78 103 
489590,78 101 
491623,48 100 
491623,48 6
491623,48 2129
491623,48 11
493602,18 25 
493989,25 75 
495198,15 72 
495268,32 70 
496789,47 80 
498160,17 83 
500202,57 64 2043
500396,28 74 170
500396,28 61 170
501905,72 150 
501932,82 68 
503444,83 92 
503444,83 65 
503464,08 103 
503464,08 101 
503991,6 100 
503991,6 6
503991,6 2129
503991,6 10
505970,44 25 
506557,47 75 
507765,14 72 
507836,45 70 
509369,28 80 
510448,21 83 
513246,58 64 2799
513429,9 74 170
513429,9 62 170
513939,4 151 
513968,36 69 
515977,44 93 
515992,25 103 
515992,25 101 
518020,89 100 
518020,89 6
518020,89 2129
518020,89 10
520004,66 25 
520032 75 
521241,19 72 
521510,75 70 
523185,77 80 
523762,7 83 
526114,73 64 2353
526284,57 74 150
526284,57 62 150
527294,4 151 
527323,15 69 
528232,76 93 
528253,85 103 
528253,85 101 
530282,88 100 
530282,88 6
530282,88 2129
530282,88 11
532266,24 25 
532866,3 75 
534073,57 72 
534145,58 70 
535678,9 80 
536757,34 83 
541140,7 64 4384
541385,35 74 231
541385,35 61 231
542893,47 150 
542915,84 68 
543628,46 92 
543628,46 65 
543647,44 103 
543647,44 101 
544174,6 100 
544174,6 6
544174,6 2129
544174,6 11
546153,8 25 
546820,54 75 
548028,99 72 
548099,77 70 
549626,32 80 
549991,83 83 
551571,84 64 1579
551795,74 74 205
551795,74 61 205
552808,17 150 
552831,86 68 
554840,44 92 
554840,44 65 
554856,3 103 
554856,3 101 
555384,97 100 
555384,97 6
555384,97 2129
555384,97 10
557362,44 25 
557549,39 75 
558758,91 72 
558828,73 70 
560357,83 80 
561733,63 83 
562126,98 64 394
562343,71 74 197
562343,71 63 197
562851,63 150 
562880,98 68 
563352,34 249
563590,74 92 
563590,74 65 
563612,51 103 
563612,51 101 
564143,85 100 
564143,85 6
564143,85 2129
564143,85 11
566132,17 25 
566719,08 75 
567926,49 72 
567998,38 70 
569528,57 80 
569903,71 83 
571021,14 64 1118
571229,36 74 194
571229,36 63 194
572739,65 151 
572757,9 69 
573665,59 93 
573674,98 103 
573674,98 101 
575703,37 100 
575703,37 6
575703,37 2129
575703,37 10
577687,35 25 
577715,39 75 
578924,81 72 
578993,67 70 
580514,32 80 
581592,08 83 
582472,38 64 881
582677,94 74 193
582677,94 62 193
583191,07 151 
583218,85 69 
584726,96 93 
584737,41 103 
584737,41 101 
586766,25 100 
586766,25 6
586766,25 2129
586766,25 10
588749,48 25 
588776,77 75 
589984,81 72 
590055,82 70 
591587,26 80 
592947,35 83 
593279,01 64 332
593505,59 74 212
593505,59 61 212
594517,4 151 
594548,58 69 
595458,12 93 
595479,31 103 
595479,31 101 
597511,51 100 
597511,51 6
597511,51 2129
597511,51 11
599491,7 25 
599519,64 75 
600727,41 72 
600798 70 
602322,99 80 
602690,04 83 
603923,6 64 1234
604097,5 74 155
604097,5 62 155
604607,08 151 
604637,02 69 
605347,13 93 
605368,52 103 
605368,52 101 
607395,07 100 
607395,07 6
607395,07 2129
607395,07 11
609380,9 25 
609408,73 75 
610616,3 72 
610688,78 70 
612209,73 80 
613285,68 83 
613612,27 64 327
613817,92 74 186
613817,92 62 186
615330,45 151 
615353,51 69 
616865,44 93 
616883,82 103 
616883,82 101 
618909,99 100 
618909,99 6
618909,99 2129
618909,99 10
620896,22 25 
620924,16 75 
622131,22 72 
622202,34 70 
623726,42 80 
625467,21 83 
626139,25 64 672
626381,28 74 221
626381,28 63 221
627389,5 152 
627415,27 69 
629425,99 93 
629438,6 103 
629438,6 101 
631480,58 100 
631480,58 6
631480,58 2129
631480,58 10
633464,31 25 
633491,57 75 
634700,47 72 
634770,54 70 
636299,64 80 
637675,51 83 
638243,28 64 568
638498,98 74 237
638498,98 61 237
639507,71 151 
639529,25 69 
641541,32 93 
641553,55 103 
641553,55 101 
643581,02 100 
643581,02 6
643581,02 2129
643581,02 11
645565,93 25 
645593,33 75 
646803,11 72 
646872,18 70 
648393,32 80 
649457,71 83 
649880,01 64 423
650159,17 74 262
650159,17 61 262
650671,27 150 
650698,04 68 
651130,65 249
651608,11 92 
651608,11 65 
651629,48 103 
651629,48 101 
652155,7 100 
652155,7 6
652155,7 2129
652155,7 11
654135,79 25 
654589,19 75 
655795,9 72 
655868,49 70 
657401,8 80 
657773,9 83 
658786,02 64 1012
658982,74 74 183
658982,74 61 183
660494,8 150 
660520,53 68 
662031,65 92 
662031,65 65 
662051,76 103 
662051,76 101 
662582,4 100 
662582,4 6
662582,4 2129
662582,4 10
664558,08 25 
665211,86 75 
666419,51 72 
666490,76 70 
668016,22 80 
669076,93 83 
669478,22 64 402
669703,07 74 201
669703,07 61 201
670715,76 151 
670742,98 69 
671452,42 93 
671474,49 103 
671474,49 101 
673501,83 100 
673501,83 6
673501,83 2129
673501,83 11
675486,84 25 
675527,58 75 
676737,03 72 
676806,47 70 
678335,95 80 
678698,54 83 
679829,85 64 1132
680055,34 74 212
680055,34 62 212
680562,9 151 
680592,27 69 
681303,56 93 
681323,74 103 
681323,74 101 
683349,97 100 
683349,97 6
683349,97 2129
683349,97 10
685336,17 25 
685364,24 75 
686570,95 72 
686642,4 70 
688166,41 80 
689534,06 83 
690236,25 64 702
690452,35 74 199
690452,35 62 199
691962,37 151 
691988,26 69 
692899,32 93 
692918,95 103 
692918,95 101 
694951,72 100 
694951,72 6
694951,72 2129
694951,72 11
696931,32 25 
696971,94 75 
698182,19 72 
698250,9 70 
699778,42 80 
701156,02 83 
701514,83 64 359
701731,95 74 203
701731,95 61 203
702742,16 150 
702769,72 68 
704778,51 92 
704778,51 65 
704794,06 103 
704794,06 101 
705320,25 100 
705320,25 6
705320,25 2129
705320,25 10
707300,42 25 
707753,91 75 
708963,24 72 
709033,12 70 
710560,23 80 
711631,55 83 
712111,77 64 481
712314,72 74 191
712314,72 61 191
713822,86 151 
713845,96 69 
715355,67 93 
715376,37 103 
715376,37 101 
717403,88 100 
717403,88 6
717403,88 2129
717403,88 11
719388,66 25 
719416,02 75 
720625,19 72 
720694,91 70 
722223,81 80 
722587,09 83 
723771,42 64 1185
723979,36 74 194
723979,36 62 194
724489,4 153 
724507,55 68 
725417,46 92 
725417,46 65 
725438,89 103 
725438,89 101 
725970,09 100 
725970,09 6
725970,09 2129
725970,09 10
727945,17 25 
728012,32 75 
729220,62 72 
729291,36 70 
730815,9 80 
731889,82 83 
732224,99 64 335
732431,6 74 183
732431,6 61 183
733946,16 151 
733970,12 69 
735981,39 93 
735994,45 103 
735994,45 101 
738023,04 100 
738023,04 6
738023,04 2129
738023,04 11
740006,78 25 
740034,08 75 
741242,24 72 
741313,04 70 
742834,69 80 
744204,73 83 
744593,23 64 389
744813,39 74 196
744813,39 61 196
745826,65 150 
745846,04 68 
746555,88 92 
746555,88 65 
746576,74 103 
746576,74 101 
747105,66 100 
747105,66 6
747105,66 2129
747105,66 10
749083,08 25 
749403,29 75 
750610,5 72 
750682,48 70 
752202,81 80 
752574,6 83 
753314,33 64 740
753538,94 74 205
753538,94 61 205
754048,76 151 
754068,46 69 
755575,39 93 
755586,43 103 
755586,43 101 
757621,25 100 
757621,25 6
757621,25 2129
757621,25 11
759598,68 25 
759626,82 75 
760835,71 72 
760904,97 70 
762428,5 80 
763503,48 83 
764193,04 64 690
764408,29 74 198
764408,29 61 198
765416,89 150 
765437,09 68 
766945,24 92 
766945,24 65 
766968,31 103 
766968,31 101 
767495,06 100 
767495,06 6
767495,06 2129
767495,06 11
769474,6 25 
769781,54 75 
770989,54 72 
771060,88 70 
772586,89 80 
772966,17 83 
774022,36 64 1057
774241,44 74 197
774241,44 61 197
774752,08 150 
774779,88 68 
774812,42 249
775149,02 171
776791,59 92 
776791,59 65 
776817,57 103 
776817,57 101 
777344,71 100 
777344,71 6
777344,71 2129
777344,71 10
779323,9 25 
779804 75 
781013,49 72 
781083,22 70 
782608,65 80 
783974,93 83 
784211,5 64 237
784434,93 74 207
784434,93 63 207
785944,91 150 
785975,21 68 
786684,73 92 
786684,73 65 
786706,81 103 
786706,81 101 
787241,66 100 
787241,66 6
787241,66 2129
787241,66 10
789226,44 25 
789253,69 75 
790462,38 72 
790532,69 70 
792058,21 80 
792424,79 83 
793412,2 64 987
793665,45 74 229
793665,45 63 229
795172,47 150 
795198,97 68 
795591,67 249
796111,46 92 
796111,46 65 
796129,62 103 
796129,62 101 
796657,33 100 
796657,33 6
796657,33 2129
796657,33 11
798635,87 25 
798982,75 75 
800191,17 72 
800261,96 70 
801788,65 80 
803153,67 83 
803494,15 64 341
803700 74 187
803700 61 187
804709,56 150 
804727,62 68 
806241,04 92 
806241,04 65 
806258,73 103 
806258,73 101 
806785,26 100 
806785,26 6
806785,26 2129
806785,26 11
808765,08 25 
809231,86 75 
810439,42 72 
810511,04 70 
812042,04 80 
813122,95 83 
813716,14 64 593
813911,41 74 176
813911,41 61 176
814421,37 152 
814443,42 69 
815153,05 93 
815174,99 103 
815174,99 101 
817204,49 100 
817204,49 6
817204,49 2129
817204,49 10
819187,33 25 
819214,55 75 
820422,35 72 
820493,62 70 
822022,58 80 
823092,08 83 
824295,64 64 1204
824540,12 74 222
824540,12 63 222
825048,81 150 
825079,02 68 
825988,42 92 
825988,42 65 
826010,53 103 
826010,53 101 
826539,46 100 
826539,46 6
826539,46 2129
826539,46 10
828516,97 25 
828943,69 75 
830150,51 72 
830462,82 70 
832076,68 80 
832448,2 83 
833383,6 64 936
833634,62 74 227
833634,62 63 227
834642,84 150 
834662,57 68 
836673,19 92 
836673,19 65 
836699,4 103 
836699,4 101 
837231,88 100 
837231,88 6
837231,88 2129
837231,88 11
839205,74 25 
839499,33 75 
840706,31 72 
840778,53 70 
842306,46 80 
843670,37 83 
844131,83 64 462
844361,98 74 212
844361,98 61 212
845870,9 150 
845897,06 68 
846808,77 92 
846808,77 65 
846828,62 103 
846828,62 101 
847357,96 100 
847357,96 6
847357,96 2129
847357,96 10
849334,94 25 
849975,04 75 
851184,07 72 
851254,2 70 
852780,52 80 
853852,65 83 
854576,47 64 725
854818,94 74 220
854818,94 63 220
855332,32 150 
855359,43 68 
856678,21 249
857368,34 92 
857368,34 65 
857384,2 103 
857384,2 101 
857910,64 100 
857910,64 6
857910,64 2129
857910,64 11
859890,56 25 
860317,34 75 
861525,05 72 
861596,59 70 
863117,99 80 
864488,27 83 
864721,53 64 234
864986,22 74 245
864986,22 61 245
865995,13 150 
866022,04 68 
866732,7 92 
866732,7 65 
866753,63 103 
866753,63 101 
867281,01 100 
867281,01 6
867281,01 2129
867281,01 11
869260,01 25 
869660,13 75 
870869,27 72 
870939,39 70 
872462,16 80 
872831,47 83 
873933,04 64 1102
874199,57 74 249
874199,57 61 249
875710,53 150 
875739,04 68 
876963,46 249
877249,86 92 
877249,86 65 
877269,27 103 
877269,27 101 
877805,57 100 
877805,57 6
877805,57 2129
877805,57 10
879788,91 25 
880002,61 75 
881209,53 72 
881281,79 70 
882808,2 80 
883173,89 83 
884521,16 64 1347
885140,76 74 608
885140,76 63 608
886648,48 150 
886666,97 68 
888675,22 92 
888675,22 65 
888691,21 103 
888691,21 101 
889218,57 100 
889218,57 6
889218,57 2129
889218,57 11
891197,65 25 
891611,17 75 
892819,72 72 
892890,32 70 
894413,39 80 
895781,98 83 
896578,27 64 796
896784,61 74 190
896784,61 61 190
897797,45 150 
897822,98 68 
898727,26 249
898744,81 92 
898744,81 65 
898767,13 103 
898767,13 101 
899293,21 100 
899293,21 6
899293,21 2129
899293,21 10
901274,24 25 
901500,5 75 
902710,46 72 
902779,58 70 
904312,44 80 
905391,35 83 
906775,51 64 1385
907042,19 74 252
907042,19 63 252
907553,78 150 
907578,18 68 
907817,28 249
908059,01 173 
908291,19 92 
908291,19 65 
908309,8 103 
908309,8 101 
908841,1 100 
908841,1 6
908841,1 2129
908841,1 10
910816,08 25 
911216,27 75 
912425,44 72 
912495,5 70 
914021,37 80 
915400,59 83 
915689,98 64 290
915894,77 74 188
915894,77 63 188
916903,41 150 
916922,05 68 
917365,3 249
918430,71 92 
918430,71 65 
918452,23 103 
918452,23 101 
918982,3 100 
918982,3 6
918982,3 2129
918982,3 10
920958,66 25 
921185,56 75 
922399,36 72 
922464,76 70 
923985,4 80 
925049,95 83 
925719,49 64 670
925974,34 74 232
925974,34 63 232
927488,03 150 
927516,59 68 
928909,27 249
929526,18 92 
929526,18 65 
929541,07 103 
929541,07 101 
930068,75 100 
930068,75 6
930068,75 2129
930068,75 11
932047,26 25 
932634,66 75 
933843,06 72 
934153,24 70 
935783,31 80 
936152,02 83 
937377,28 64 1225
937683,94 74 293
937683,94 61 293
938194,05 152 
938219,76 69 
938929,01 93 
938950,4 103 
938950,4 101 
940988,68 100 
940988,68 6
940988,68 2129
940988,68 10
942962,75 25 
942990,05 75 
944199,38 72 
944269,04 70 
945795,57 80 
946161,13 83 
981925,49 64 35765
982200 74 254
982200 63 254
982708,34 150 
982733,74 68 
984241,39 92 
984241,39 65 
984264,95 103 
984264,95 101 
984792,33 100 
984792,33 6
984792,33 2129
984792,33 10
986771,35 25 
986891,69 75 
988099,88 72 
988170,9 70 
989693,45 80 
991062,6 83 
991284,39 64 223
991524,01 74 222
991524,01 63 222
993036,51 150 
993063,65 68 
993530,79 249
993975,32 92 
993975,32 65 
993994,34 103 
993994,34 101 
994526,09 100 
994526,09 6
994526,09 2129
994526,09 11
996500,56 25 
996634,77 75 
997840,87 72 
997913,41 70 
999438,93 80 
1000511,92 83 
1001031,07 64 519
1001249,53 74 205
1001249,53 61 205
1002263,19 150 
1002286,7 68 
1002995,12 92 
1002995,12 65 
1003017,2 103 
1003017,2 101 
1003549,73 100 
1003549,73 6
1003549,73 2129
1003549,73 11
1005523,58 25 
1005977,08 75 
1007185,87 72 
1007256,31 70 
1008776,64 80 
1009148,43 83 
1011123,52 64 1976
1011350 74 203
1011350 61 203
1011858,12 152 
1011882,38 69 
1013390,63 93 
1013412,9 103 
1013412,9 101 
1015439,54 100 
1015439,54 6
1015439,54 2129
1015439,54 11
1017425,28 25 
1025848,82 75 
1027058,3 72 
1027128,01 70 
1028655,35 80 
1030019,72 83 
1031077,36 64 1059
1031288,15 74 189
1031288,15 62 189
1032298,11 151 
1032328,2 69 
1033235,58 93 
1033258,05 103 
1033258,05 101 
1035284,32 100 
1035284,32 6
1035284,32 2129
1035284,32 11
1037270,36 25 
1037297,69 75 
1038504,35 72 
1038776,51 70 
1040442,9 80 
1041721,52 83 
1042401,13 64 680
1042593,54 74 178
1042593,54 62 178
1044105,64 151 
1044135,32 69 
1046147,56 93 
1046159,38 103 
1046159,38 101 
1048195,85 100 
1048195,85 6
1048195,85 2129
1048195,85 11
1050171,82 25 
1050198,96 75 
1051408,85 72 
1051477,92 70 
1053016,62 80 
1054089,87 83 
1054368,83 64 280
1054602,51 74 220
1054602,51 61 220
1055613,71 150 
1055637,23 68 
1056347,65 92 
1056347,65 65 
1056368,45 103 
1056368,45 101 
1056896,11 100 
1056896,11 6
1056896,11 2129
1056896,11 10
1058874,78 25 
1059328,39 75 
1060537,13 72 
1060607,46 70 
1062131,92 80 
1062499,64 83 
1064357,05 64 1858
1064594,57 74 216
1064594,57 63 216
1065104,76 150 
1065126,78 68 
1066450,4 249
1067138,08 92 
1067138,08 65 
1067163,98 103 
1067163,98 101 
1067691,75 100 
1067691,75 6
1067691,75 2129
1067691,75 10
1069670,4 25 
1069698,21 75 
1070904,35 72 
1070976,56 70 
1072500,92 80 
1073868,31 83 
1074043,61 64 176
1074265,58 74 198
1074265,58 63 198
1075778,49 150 
1075801,86 68 
1076554,07 249
1076709,93 92 
1076709,93 65 
1076733,33 103 
1076733,33 101 
1077263,32 100 
1077263,32 6
1077263,32 2129
1077263,32 10
1079253,02 25 
1079519,9 75 
1080730,73 72 
1080799,12 70 
1082321,04 80 
1083384,3 83 
1083820,03 64 435
1084077,97 74 241
1084077,97 63 241
1085086,82 150 
1085105,05 68 
1086345,76 249
1086615,71 92 
1086615,71 65 
1086635,91 103 
1086635,91 101 
1087169,09 100 
1087169,09 3
1087169,09 2129
1087169,09 11
1087169,09 78 
1087169,09 198 
1089142,3 25 
1089302,5 75 
1090512,61 72 
1090581,72 70 
1092106,06 80 
1092487,18 83 
1093431,96 64 945
1093672,47 74 226
1093672,47 61 226
1095179,42 151 
1095207,98 69 
1097217,99 93 
1097231,51 103 
1097231,51 101 
1099257,96 100 
1099257,96 3
1099257,96 2129
1099257,96 11
1101243,89 25 
1101271,87 75 
1102481,1 72 
1102550,1 70 
1104068,71 80 
1105428,49 83 
1105863,18 64 435
1106052,11 74 171
1106052,11 62 171
1106559,66 151 
1106589,83 69 
1107500,74 93 
1107520,58 103 
1107520,58 101 
1109550,79 100 
1109550,79 3
1109550,79 2129
1109550,79 10
1111532,93 25 
1111560,17 75 
1112768,53 72 
1112839,18 70 
1114363,02 80 
1115437,74 83 
1116656,25 64 1219
1116900,6 74 224
1116900,6 63 224
1118412,88 151 
1118438,41 69 
1119618,88 249 
1119798,26 256 
1122966,74 183 
1124464,52 93 
1124473,62 103 
1124473,62 101 
1126500,72 100 
1126500,72 3
1126500,72 2129
1126500,72 10
1128485,91 25 
1128514,06 75 
1129722,37 72 
1129792,13 70 
1131322,29 80 
1132683,83 83 
1133125,82 64 442
1133364,28 74 214
1133364,28 61 214
1133874,14 151 
1133899,59 69 
1134611,8 93 
1134629,38 103 
1134629,38 101 
1136658,23 100 
1136658,23 3
1136658,23 2129
1136658,23 10
1138641,71 25 
1138669,12 75 
1139878,12 72 
1139947,99 70 
1141471,43 80 
1142200 83 
1142988,15 64 788
1143136,44 74 124
1143136,44 62 124
1144146,9 150 
1144173,68 68 
1146183,24 92 
1146183,24 65 
1146197,92 103 
1146197,92 101 
1146732,66 100 
1146732,66 3
1146732,66 2129
1146732,66 11
1148717,81 25 
1149144,44 75 
1150351,21 72 
1150423,75 70 
1151944,09 80 
1153315,34 83 
1153487,77 64 173
1153714,47 74 213
1153714,47 61 213
1154723,46 153 
1154743,28 68 
1155652,84 92 
1155652,84 65 
1155674 103 
1155674 101 
1156200,79 100 
1156200,79 3
1156200,79 2129
1156200,79 11
1158180,29 25 
1158473,88 75 
1159680,06 72 
1159753,11 70 
1161275,91 80 
1161645,22 83 
1162651,21 64 1006
1162913,24 74 242
1162913,24 62 242
1164421,35 151 
1164446,04 69 
1165955,67 93 
1165976,41 103 
1165976,41 101 
1168003,34 100 
1168003,34 3
1168003,34 2129
1168003,34 10
1169988,78 25 
1171108,67 75 
1172318,1 72 
1172387,88 70 
1173914,98 80 
1174986,33 83 
1175433,52 64 448
1175619,68 74 167
1175619,68 62 167
1176130,79 150 
1176160,28 68 
1176871,37 92 
1176871,37 65 
1176891,94 103 
1176891,94 101 
1177428,51 100 
1177428,51 3
1177428,51 2129
1177428,51 11
1179411,54 25 
1179491,9 75 
1180697,42 72 
1180771,05 70 
1182296,43 80 
1183370,42 83 
1184352,21 64 983
1184585,79 74 217
1184585,79 61 217
1186094,54 151 
1186117,03 69 
1186828,61 93 
1186847,75 103 
1186847,75 101 
1188874,56 100 
1188874,56 3
1188874,56 2129
1188874,56 10
1190860,09 25 
1190888,15 75 
1192095,74 72 
1192166,36 70 
1193686,98 80 
1195071,35 83 
1195471,18 64 400
1195666,08 74 182
1195666,08 62 182
1196178,93 150 
1196206,16 68 
1197115,86 92 
1197115,86 65 
1197136,87 103 
1197136,87 101 
1197664,9 100 
1197664,9 3
1197664,9 2129
1197664,9 11
1199643,11 25 
1199671,16 75 
1200882,04 72 
1200949,34 70 
1202483,19 80 
1202854,84 83 
1203583,73 64 729
1203805,8 74 205
1203805,8 61 205
1204817,28 151 
1204841,76 69 
1206850,2 93 
1206866,14 103 
1206866,14 101 
1208898,54 100 
1208898,54 3
1208898,54 2129
1208898,54 10
1210878,46 25 
1210905,79 75 
1212117,29 72 
1212184,79 70 
1213716,44 80 
1215089,86 83 
1215635,39 64 546
1215870,53 74 222
1215870,53 61 222
1217377,76 151 
1217397,36 69 
1218909,18 93 
1218927,78 103 
1218927,78 101 
1220956,75 100 
1220956,75 3
1220956,75 2129
1220956,75 10
1222940,14 25 
1222967,49 75 
1224175,11 72 
1224246,38 70 
1225776,3 80 
1226138,51 83 
1227185,41 64 1048
1227467,71 74 264
1227467,71 62 264
1228477,79 150 
1228499,51 68 
1229211,66 92 
1229211,66 65 
1229230,29 103 
1229230,29 101 
1229757,02 100 
1229757,02 3
1229757,02 2129
1229757,02 11
1231736,66 25 
1231763,78 75 
1232975,2 72 
1233042,78 70 
1234565,32 80 
1235628,04 83 
1235893,19 64 265
1236157,41 74 250
1236157,41 61 250
1236668 151 
1236696,01 69 
1237083,09 249 
1237715,46 181 
1238205,01 93 
1238226,47 103 
1238226,47 101 
1240260,69 100 
1240260,69 3
1240260,69 2129
1240260,69 11
1242238,87 25 
1242266,09 75 
1243475,71 72 
1243798,35 70 
1245423,32 80 
1246503,42 83 
1408860,74 64 162358
1409149,82 74 274
1409149,82 61 274
1410657,59 153 
1410677,92 68 
1412686,14 92 
1412686,14 65 
1412700,88 103 
1412700,88 101 
1413228,43 100 
1413228,43 3
1413228,43 2129
1413228,43 11
1415207,28 25 
1415248,35 75 
1416454,61 72 
1416766,69 70 
1418399,58 80 
1419765,08 83 
1420141,44 64 377
1420398,57 74 234
1420398,57 61 234
1421409,54 151 
1421432,86 69 
1422344,49 93 
1422363,54 103 
1422363,54 101 
1424392,65 100 
1424392,65 3
1424392,65 2129
1424392,65 10
1426375,89 25 
1426403,31 75 
1427612,65 72 
1427682,1 70 
1429204,69 80 
1429574,31 83 
1430868,16 64 1294
1431107,07 74 227
1431107,07 63 227
1431616,81 151 
1431641,53 69 
1432352,43 93 
1432372,71 103 
1432372,71 101 
1434402,42 100 
1434402,42 3
1434402,42 2129
1434402,42 10
1436385,2 25 
1436412,23 75 
1437621,37 72 
1437691,46 70 
1439210,82 80 
1440276,49 83 
1440782,31 64 506
1440965,84 74 170
1440965,84 62 170
1441474,63 150 
1441504,6 68 
1443516,18 92 
1443516,18 65 
1443541,47 103 
1443541,47 101 
1444068,88 100 
1444068,88 3
1444068,88 2129
1444068,88 10
1446047,79 25 
1446288,08 75 
1447495,61 72 
1447567,26 70 
1449093,19 80 
1450458,94 83 
1450913,39 64 454
1451085,68 74 148
1451085,68 62 148
1452094,56 150 
1452126,76 68 
1453037,84 92 
1453037,84 65 
1453057,51 103 
1453057,51 101 
1453585,01 100 
1453585,01 3
1453585,01 2129
1453585,01 11
1455563,8 25 
1455950,72 75 
1457159,21 72 
1457229,93 70 
1458756,56 80 
1459122,03 83 
1460007,64 64 886
1460176,29 74 148
1460176,29 61 148
1461683,91 151 
1461709,09 69 
1463217,76 93 
1463239,93 103 
1463239,93 101 
1465280,43 100 
1465280,43 3
1465280,43 2129
1465280,43 11
1467252,37 25 
1467280,06 75 
1468486,68 72 
1468558,6 70 
1470083,79 80 
1470450,69 83 
1472195,91 64 1746
1472382,65 74 173
1472382,65 62 173
1472893,15 151 
1472918,15 69 
1473629,06 93 
1473649,03 103 
1473649,03 101 
1475677,74 100 
1475677,74 3
1475677,74 2129
1475677,74 10
1477661,33 25 
1477688,65 75 
1478898,13 72 
1478967,64 70 
1480496,79 80 
1481566,07 83 
1481932,94 64 367
1482116,21 74 164
1482116,21 62 164
1483126,77 150 
1483153,61 68 
1484065,41 92 
1484065,41 65 
1484084,67 103 
1484084,67 101 
1484611,8 100 
1484611,8 3
1484611,8 2129
1484611,8 11
1486591,03 25 
1486657,97 75 
1487866,74 72 
1487937,21 70 
1489464,72 80 
1490828,89 83 
1491063,29 64 234
1491294,79 74 213
1491294,79 61 213
1492802,36 151 
1492829,95 69 
1493288,24 249 
1494026,29 181 
1494337,56 93 
1494347,15 103 
1494347,15 101 
1496377,56 100 
1496377,56 3
1496377,56 2129
1496377,56 10
1498359,46 25 
1498387,49 75 
1499595,29 72 
1499665,69 70 
1501192,26 80 
1501571,11 83 
1502675,27 64 1104
1502877,55 74 188
1502877,55 62 188
1503390,83 150 
1503412,48 68 
1505421,01 92 
1505421,01 65 
1505435,88 103 
1505435,88 101 
1505965,01 100 
1505965,01 3
1505965,01 2129
1505965,01 10
1507942,11 25 
1507982,6 75 
1509190,99 72 
1509261,66 70 
1510787,61 80 
1511860,17 83 
1512289,01 64 429
1512489,97 74 177
1512489,97 62 177
1514000,87 150 
1514021,3 68 
1515530,78 92 
1515530,78 65 
1515551,68 103 
1515551,68 101 
1516080,82 100 
1516080,82 3
1516080,82 2129
1516080,82 11
1518058 25 
1519377,87 75 
1520588,31 72 
1520910,23 70 
1522534,43 80 
1523895,19 83 
1524412,99 64 518
1524639,3 74 212
1524639,3 63 212
1525649,26 150 
1525669,7 68 
1526582,13 92 
1526582,13 65 
1526600,37 103 
1526600,37 101 
1527133,49 100 
1527133,49 3
1527133,49 2129
1527133,49 10
1529106,86 25 
1529280,36 75 
1530489,09 72 
1530559,49 70 
1532080,54 80 
1533144,67 83 
1533620,21 64 476
1533799,72 74 162
1533799,72 62 162
1534812,24 150 
1534839,27 68 
1536849,89 92 
1536849,89 65 
1536862,82 103 
1536862,82 101 
1537389,09 100 
1537389,09 3
1537389,09 2129
1537389,09 11
1539382,42 25 
1539556,02 75 
1540764,84 72 
1540835,25 70 
1542352,42 80 
1542714,1 83 
1544094,1 64 1380
1544311,54 74 199
1544311,54 63 199
1544822,15 150 
1544848,37 68 
1545556,77 92 
1545556,77 65 
1545579,19 103 
1545579,19 101 
1546106,38 100 
1546106,38 3
1546106,38 2129
1546106,38 10
1548085,53 25 
1548285,87 75 
1549495,01 72 
1549564,99 70 
1551084,44 80 
1552470 83 
1552694,14 64 224
1552898,5 74 189
1552898,5 62 189
1554409,21 150 
1554431,29 68 
1555942,43 92 
1555942,43 65 
1555961,55 103 
1555961,55 101 
1556492,91 100 
1556492,91 3
1556492,91 2129
1556492,91 11
1558467,93 25 
1559081,33 75 
1560290,55 72 
1560360,53 70 
1561885,03 80 
1562266,11 83 
1563241,24 64 975
1563483,06 74 218
1563483,06 63 218
1564492,86 152 
1564520,44 69 
1565431,59 93 
1565451,02 103 
1565451,02 101 
1567482,02 100 
1567482,02 3
1567482,02 2129
1567482,02 11
1569463,29 25 
1569503,93 75 
1570715,02 72 
1570782,98 70 
1572310,99 80 
1573381,35 83 
1573803,45 64 423
1574083,15 74 262
1574083,15 61 262
1575592,2 151 
1575622,38 69 
1575967,59 249 
1577630,52 93 
1577645,91 103 
1577645,91 101 
1579672,91 100 
1579672,91 3
1579672,91 2129
1579672,91 10
1581658,33 25 
1581685,58 75 
1582893,99 72 
1582964,55 70 
1584489,59 80 
1585856,38 83 
1586054,71 64 199
1586235,05 74 166
1586235,05 62 166
1586744,09 150 
1586764,46 68 
1587232,06 249
1587298,15 172 
1587474,51 92 
1587474,51 65 
1587495,16 103 
1587495,16 101 
1588031,02 100 
1588031,02 3
1588031,02 2129
1588031,02 10
1590014,84 25 
1590428,36 75 
1591635,46 72 
1591707,53 70 
1593227,35 80 
1594306,04 83 
1595014,98 64 709
1595210,92 74 172
1595210,92 62 172
1595722,93 150 
1595747,28 68 
1597760,01 92 
1597760,01 65 
1597784,3 103 
1597784,3 101 
1598311,27 100 
1598311,27 3
1598311,27 2129
1598311,27 11
1600290,59 25 
1600770,7 75 
1601978,01 72 
1602049,96 70 
1603579,4 80 
1603942,17 83 
1604879,6 64 938
1605110,36 74 209
1605110,36 61 209
1606122,86 151 
1606142,41 69 
1606852,05 93 
1606873,8 103 
1606873,8 101 
1608901,18 100 
1608901,18 3
1608901,18 2129
1608901,18 10
1610886,14 25 
1610914,3 75 
1612124,36 72 
1612192,47 70 
1613718,52 80 
1615084,16 83 
1615281,84 64 198
1615484,01 74 187
1615484,01 62 187
1616997,24 150 
1617018,61 68 
1618529,03 92 
1618529,03 65 
1618548,97 103 
1618548,97 101 
1619082,41 100 
1619082,41 3
1619082,41 2129
1619082,41 11
1621055,45 25 
1621655,45 75 
1622862,76 72 
1623174,52 70 
1624798,35 80 
1626159,51 83 
1626424,31 64 265
1626707,11 74 268
1626707,11 61 268
1627719,22 153 
1627747,45 68 
1628658,35 92 
1628658,35 65 
1628678,12 103 
1628678,12 101 
1629205,65 100 
1629205,65 3
1629205,65 2129
1629205,65 10
1631184,45 25 
1631811,23 75 
1633018,81 72 
1633090,4 70 
1634616,66 80 
1635688,92 83 
1636038,07 64 349
1636224,48 74 163
1636224,48 62 163
1637733,67 150 
1637757,43 68 
1638177,07 249
1638318,4 172 
1638665,78 92 
1638665,78 65 
1638687,3 103 
1638687,3 101 
1639216,99 100 
1639216,99 3
1639216,99 2129
1639216,99 11
1641193,58 25 
1641407,44 75 
1642616,59 72 
1642688,17 70 
1644215,75 80 
1644591,92 83 
1645353,27 64 761
1645576,06 74 198
1645576,06 61 198
1646085,81 151 
1646113,13 69 
1646824,89 93 
1646843,97 103 
1646843,97 101 
1648875,18 100 
1648875,18 3
1648875,18 2129
1648875,18 10
1650856,32 25 
1650883,51 75 
1652092,19 72 
1652162,47 70 
1653691,81 80 
1654054,72 83 
1655013,79 64 960
1655181,48 74 155
1655181,48 62 155
1656691,42 150 
1656722,05 68 
1657262,92 249
1657665,4 172 
1658734,82 92 
1658734,82 65 
1658759 103 
1658759 101 
1659285,46 100 
1659285,46 3
1659285,46 2129
1659285,46 11
1661265,3 25 
1662198,65 75 
1663407,01 72 
1663477,81 70 
1664992,88 80 
1666062,97 83 
1674156,79 64 8094
1674405,16 74 226
1674405,16 61 226
1674914,03 151 
1674941,17 69 
1676453,02 93 
1676471,61 103 
1676471,61 101 
1678502,47 100 
1678502,47 3
1678502,47 2129
1678502,47 11
1680484,02 25 
1680524,71 75 
1681735,19 72 
1681803,57 70 
1683325,66 80 
1684695,27 83 
1686142,42 64 1448
1686371 74 210
1686371 61 210
1687383,55 151 
1687402,85 69 
1688910,68 93 
1688933,13 103 
1688933,13 101 
1690966,18 100 
1690966,18 3
1690966,18 2129
1690966,18 10
1692945,54 25 
1692972,89 75 
1694178,37 72 
1694251,76 70 
1695781,33 80 
1696850,23 83 
1697407,28 64 557
1697617,34 74 195
1697617,34 62 195
1698126,75 150 
1698145,28 68 
1698559,54 249
1700155,8 92 
1700155,8 65 
1700181,81 103 
1700181,81 101 
1700709,29 100 
1700709,29 3
1700709,29 2129
1700709,29 10
1702688,24 25 
1704715,39 75 
1705922,76 72 
1705993,6 70 
1707521,75 80 
1708885,21 83 
1709261,08 64 376
1709471,67 74 187
1709471,67 62 187
1710982,99 152 
1711005,9 69 
1711716,16 93 
1711737,04 103 
1711737,04 101 
1713764,39 100 
1713764,39 3
1713764,39 2129
1713764,39 11
1715749,42 25 
1715776,72 75 
1716986,22 72 
1717055,66 70 
1718581,2 80 
1718947,88 83 
1721923,77 64 2976
1722134,54 74 189
1722134,54 61 189
1723145,46 151 
1723173,82 69 
1724083,44 93 
1724105,24 103 
1724105,24 101 
1726140,75 100 
1726140,75 3
1726140,75 2129
1726140,75 10
1728117,63 25 
1728145,13 75 
1729352,07 72 
1729423,88 70 
1730952,82 80 
1731316,01 83 
1735032,95 64 3717
1735247,48 74 201
1735247,48 62 201
1736759,43 150 
1736781,48 68 
1737491,68 92 
1737491,68 65 
1737513,04 103 
1737513,04 101 
1738040,27 100 
1738040,27 3
1738040,27 2129
1738040,27 11
1740019,53 25 
1740952,7 75 
1742159,74 72 
1742231,88 70 
1743758,54 80 
1745123,72 83 
1746671,78 64 1549
1748915,12 256 
1753709,87 74 7014
1753709,87 62 7014
1754218,23 151 
1754241,77 69 
1755750,37 93 
1755772,14 103 
1755772,14 101 
1757798,29 100 
1757798,29 3
1757798,29 2129
1757798,29 11
1759784,53 25 
1759811,88 75 
1761022,23 72 
1761090,76 70 
1762620,96 80 
1763675,93 83 
1771789,77 64 8114
1772029,94 74 224
1772029,94 61 224
1773040,98 151 
1773060,14 69 
1775067,84 93 
1775084,21 103 
1775084,21 101 
1777113,81 100 
1777113,81 3
1777113,81 2129
1777113,81 10
1779096,48 25 
1779709,94 75 
1780917,92 72 
1780989,15 70 
1782511,73 80 
1783587,64 83 
1784917,33 64 1330
1785101,78 74 169
1785101,78 62 169
1785614,03 150 
1785641,66 68 
1786554,53 92 
1786554,53 65 
1786572,75 103 
1786572,75 101 
1787100,28 100 
1787100,28 3
1787100,28 2129
1787100,28 10
1789079,9 25 
1789839,08 75 
1791045,62 72 
1791119,96 70 
1792644,41 80 
1793010,43 83 
1795785,31 64 2775
1795959,05 74 150
1795959,05 62 150
1797470,41 150 
1797490,51 68 
1799498,77 92 
1799498,77 65 
1799514,03 103 
1799514,03 101 
1800041,02 100 
1800041,02 3
1800041,02 2129
1800041,02 11
1802020,51 25 
1802393,88 75 
1803600,73 72 
1803673,05 70 
1805195,3 80 
1806565,05 83 
1807066,45 64 502
1807287,52 74 204
1807287,52 61 204
1808295,84 151 
1808325,97 69 
1809235,53 93 
1809256,75 103 
1809256,75 101 
1811292,65 100 
1811292,65 3
1811292,65 2129
1811292,65 11
1813269,03 25 
1813296,11 75 
1814503,02 72 
1814575,29 70 
1816107 80 
1816482,3 83 
1817747,28 64 1267
1817976,18 74 216
1817976,18 63 216
1819487,55 152 
1819508 69 
1820218,87 93 
1820238,79 103 
1820238,79 101 
1822266,95 100 
1822266,95 3
1822266,95 2129
1822266,95 10
1824251,13 25 
1824278,51 75 
1825487,86 72 
1825557,34 70 
1827080,95 80 
1828502,44 83 
1828996,66 64 495
1829197,9 74 176
1829197,9 62 176
1829705,99 150 
1829730,46 68 
1830161,95 249
1830410,7 172 
1831239,63 92 
1831239,63 65 
1831260,88 103 
1831260,88 101 
1831793,42 100 
1831793,42 3
1831793,42 2129
1831793,42 11
1833767,24 25 
1834194,08 75 
1835401,47 72 
1835473,24 70 
1837001,58 80 
1838364,91 83 
1838774,06 64 409
1839007,24 74 216
1839007,24 61 216
1840015,64 151 
1840045,76 69 
1840755,9 93 
1840776,95 103 
1840776,95 101 
1842809,88 100 
1842809,88 3
1842809,88 2129
1842809,88 10
1844789,33 25 
1844817,21 75 
1846025,45 72 
1846095,54 70 
1847616,88 80 
1848987,2 83 
1849256,6 64 270
1849438,31 74 158
1849438,31 62 158
1850948,9 150 
1850975,94 68 
1852483,5 92 
1852483,5 65 
1852505,45 103 
1852505,45 101 
1853033,06 100 
1853033,06 3
1853033,06 2129
1853033,06 11
1855011,77 25 
1855491,93 75 
1856699,51 72 
1856771,09 70 
1858296,5 80 
1859369,61 83 
1860005,67 64 637
1860275,36 74 254
1860275,36 61 254
1860785,63 151 
1860810,84 69 
1861724,12 93 
1861741,6 103 
1861741,6 101 
1863769,64 100 
1863769,64 3
1863769,64 2129
1863769,64 10
1865753,96 25 
1865781,22 75 
1866990,09 72 
1867060,2 70 
1868586,69 80 
1868952,26 83 
1870190,06 64 1238
1870378,64 74 174
1870378,64 62 174
1871387,47 150 
1871406,78 68 
1873414,38 92 
1873414,38 65 
1873430,07 103 
1873430,07 101 
1873964,1 100 
1873964,1 3
1873964,1 2129
1873964,1 11
1875949,74 25 
1876043,37 75 
1877250,63 72 
1877322,62 70 
1878844,18 80 
1879921,1 83 
1880440,15 64 519
1880681,95 74 215
1880681,95 61 215
1881192,2 151 
1881215,94 69 
1882125,05 93 
1882146,46 103 
1882146,46 101 
1884174,69 100 
1884174,69 3
1884174,69 2129
1884174,69 10
1886158,91 25 
1886186,04 75 
1887394,79 72 
1887465,11 70 
1888994,97 80 
1890370,07 83 
1890687,32 64 317
1890906,2 74 203
1890906,2 62 203
1892417,64 150 
1892437,79 68 
1894445,44 92 
1894445,44 65 
1894461,41 103 
1894461,41 101 
1894987,7 100 
1894987,7 3
1894987,7 2129
1894987,7 11
1896967,72 25 
1897327,97 75 
1898535,94 72 
1898607,1 70 
1900133,59 80 
1900499,19 83 
1902135,12 64 1636
1902355,55 74 204
1902355,55 61 204
1903367,2 151 
1903393,29 69 
1904900,74 93 
1904910,54 103 
1904910,54 101 
1906941,65 100 
1906941,65 3
1906941,65 2129
1906941,65 10
1908922,71 25 
1908949,99 75 
1910159,63 72 
1910228,95 70 
1911756,54 80 
1913088,78 250 
1913107,24 101 
1915120,14 100 
1915120,14 3
1915120,14 2129
1915120,14 10
1915120,14 25 
1915147,35 75 
1916355,04 72 
1916426,43 70 
1917950,06 80 
1919318,09 83 
1919688,49 64 371
1919913,47 74 210
1919913,47 62 210
1920922,75 150 
1920946,1 68 
1921655,86 92 
1921655,86 65 
1921676,8 103 
1921676,8 101 
1922208,14 100 
1922208,14 3
1922208,14 2129
1922208,14 10
1924183,1 25 
1924543,42 75 
1925751,53 72 
1925822,49 70 
1927344,72 80 
1928421,06 83 
1928920,03 64 499
1929105,76 74 165
1929105,76 62 165
1929618,46 150 
1929649,07 68 
1930558,89 92 
1930558,89 65 
1930579,75 103 
1930579,75 101 
1931106,13 100 
1931106,13 3
1931106,13 2129
1931106,13 11
1933086,16 25 
1933606,18 75 
1934813,92 72 
1935125,32 70 
1936751,81 80 
1937124,07 83 
1938096,2 64 972
1938311,64 74 189
1938311,64 61 189
1939822,64 151 
1939844,75 69 
1941353,92 93 
1941375,27 103 
1941375,27 101 
1943407,27 100 
1943407,27 3
1943407,27 2129
1943407,27 11
1945387,61 25 
1945415,67 75 
1946624 72 
1946693,9 70 
1948210,21 80 
1949279,09 83 
1952014,27 64 2735
1952225,37 74 188
1952225,37 62 188
1953236,23 153 
1953265,94 68 
1955273,78 92 
1955273,78 65 
1955289,51 103 
1955289,51 101 
1955817,15 100 
1955817,15 3
1955817,15 2129
1955817,15 11
1957795,87 25 
1958156,05 75 
1959366,39 72 
1959435,3 70 
1960961,36 80 
1961327,37 83 
1962049,8 64 723
1962235,21 74 162
1962235,21 62 162
1962743,37 151 
1962768,29 69 
1963480,83 93 
1963499,47 103 
1963499,47 101 
1965525,79 100 
1965525,79 3
1965525,79 2129
1965525,79 11
1967511,93 25 
1967539,1 75 
1968746,09 72 
1968818,01 70 
1970338,48 80 
1971723,07 83 
2938656,76 64 966934
2938948,29 74 266
2938948,29 61 266
2940455,82 151 
2940483,45 69 
2941393,9 93 
2941414,5 103 
2941414,5 101 
2943447,64 100 
2943447,64 3
2943447,64 2129
2943447,64 10
2945426,89 25 
2945468,14 75 
2946677,3 72 
2946746,36 70 
2948274,77 80 
2948651,82 83 
2956049,71 64 7398
2956296,02 74 221
2956296,02 62 221
2957309,82 150 
2957330,18 68 
2958837,55 92 
2958837,55 65 
2958860,57 103 
2958860,57 101 
2959387,12 100 
2959387,12 3
2959387,12 2129
2959387,12 10
2961366,92 25 
2961673,77 75 
2962882,97 72 
2962953 70 
2964481,83 80 
2965844,75 83 
2966136,37 64 293
2966352,64 74 202
2966352,64 62 202
2966862,52 150 
2966885,41 68 
2968895,43 92 
2968895,43 65 
2968923,05 103 
2968923,05 101 
2969450,11 100 
2969450,11 3
2969450,11 2129
2969450,11 10
2971429,43 25 
2971989,55 75 
2973196,78 72 
2973268,77 70 
2974789,92 80 
2975867,18 83 
2977368,37 64 1502
2977615,5 74 230
2977615,5 63 230
2979126,01 151 
2979147,32 69 
2979859,05 93 
2979878,57 103 
2979878,57 101 
2981913,94 100 
2981913,94 3
2981913,94 2129
2981913,94 11
2983890,88 25 
2983918,65 75 
2985125,65 72 
2985197,09 70 
2986718,29 80 
2987795,62 83 
2989489,15 64 1694
2989729,36 74 215
2989729,36 62 215
2990242,21 151 
2990262,8 69 
2991174,29 93 
2991193,84 103 
2991193,84 101 
2993221,27 100 
2993221,27 3
2993221,27 2129
2993221,27 10
2995206,28 25 
2995233,49 75 
2996441,53 72 
2996512,45 70 
2998041,27 80 
2999404,2 83 
4080281,85 64 1080878
4080439,09 256 
4081705,81 67 
4087891,95 74 7589
4087891,95 62 7589
4088902,89 150 
4088927,34 68 
4090440,52 92 
4090440,52 65 
4090458,59 103 
4090458,59 101 
4090989,81 100 
4090989,81 3
4090989,81 2129
4090989,81 11
4092964,9 25 
4093445,08 75 
4094651,91 72 
4094724,37 70 
4096258 80 
4096643,09 83 
4098954,09 64 2311
4099261,41 74 287
4099261,41 61 287
4100769,71 151 
4100788,8 69 
4101496,4 93 
4101507,49 103 
4101507,49 101 
4103539,83 100 
4103539,83 3
4103539,83 2129
4103539,83 10
4105519,72 25 
4105546,93 75 
4106755,44 72 
4106825,96 70 
4108348,12 80 
4109424,44 83 
4110620,54 64 1197
4110863,86 74 227
4110863,86 61 227
4112376,17 151 
4112398,39 69 
4114407,78 93 
4114422,14 103 
4114422,14 101 
4116449,34 100 
4116449,34 3
4116449,34 2129
4116449,34 10
4118434,34 25 
4118462,38 75 
4119670,59 72 
4119740,57 70 
4121268,25 80 
4122632,3 83 
4123198,16 64 566
4123462,45 74 245
4123462,45 61 245
4123970,44 151 
4123993,56 69 
4126002,53 93 
4126017,23 103 
4126017,23 101 
4128044,12 100 
4128044,12 3
4128044,12 2129
4128044,12 11
4130030,45 25 
4130056,82 75 
4131264,85 72 
4131335,81 70 
4132857,81 80 
4133227,86 83 
4135262,73 64 2035
4135497,33 74 217
4135497,33 61 217
4136508,9 153 
4136534,78 68 
4137244,16 92 
4137244,16 65 
4137266,04 103 
4137266,04 101 
4137798,57 100 
4137798,57 3
4137798,57 2129
4137798,57 10
4139785,53 25 
4140025,79 75 
4141233,09 72 
4141304,96 70 
4142826,84 80 
4143212,13 83 
4145841,19 64 2631
4146043,37 74 182
4146043,37 62 182
4147055,21 150 
4147076,97 68 
4148584,53 92 
4148584,53 65 
4148607,85 103 
4148607,85 101 
4149134,41 100 
4149134,41 3
4149134,41 2129
4149134,41 11
4151114,19 25 
4153593,53 75 
4154802,43 72 
4154872,75 70 
4156392,85 80 
4157471,23 83 
4158503,76 64 1033
4158794,88 74 271
4158794,88 61 271
4159308,76 151 
4159338,96 69 
4160246,38 93 
4160269,67 103 
4160269,67 101 
4162297,79 100 
4162297,79 3
4162297,79 2129
4162297,79 10
4164282,01 25 
4164309,65 75 
4165517,73 72 
4165588,24 70 
4167112,33 80 
4168493,28 83 
4169054,79 64 562
4169306,36 74 227
4169306,36 61 227
4170817,6 151 
4170840,51 69 
4171751,44 93 
4171771,58 103 
4171771,58 101 
4173800,28 100 
4173800,28 3
4173800,28 2129
4173800,28 11
4175783,96 25 
4175811,07 75 
4177019,24 72 
4177090,25 70 
4178610,42 80 
4179675,32 83 
4180334,76 64 660
4180590,03 74 235
4180590,03 61 235
4181100,1 151 
4181129,52 69 
4182639,26 93 
4182660,38 103 
4182660,38 101 
4184686,32 100 
4184686,32 3
4184686,32 2129
4184686,32 10
4186672,79 25 
4186700,06 75 
4187908,76 72 
4187979,02 70 
4189498,41 80 
4190870,74 83 
4195419,44 64 4550
4195662,71 74 221
4195662,71 62 221
4196670,72 150 
4196696,49 68 
4198709,05 92 
4198709,05 65 
4198733,77 103 
4198733,77 101 
4199261,01 100 
4199261,01 3
4199261,01 2129
4199261,01 11
4201240,09 25 
4201826,83 75 
4203035,74 72 
4203106,12 70 
4204635,58 80 
4204998,28 83 
4206495,02 64 1497
4206695,32 74 178
4206695,32 61 178
4208205,69 151 
4208225,37 69 
4208933,6 93 
4208956,2 103 
4208956,2 101 
4210996,43 100 
4210996,43 1
4210996,43 2129
4210996,43 11
4210996,43 78 
4210996,43 198 
4212968,54 25 
4212996,26 75 
4214204,74 72 
4214274,74 70 
4215796,78 80 
4216873,26 83 
4217476,55 64 604
4217722,37 74 224
4217722,37 62 224
4219232,63 150 
4219260,85 68 
4219970,08 92 
4219970,08 65 
4219991,66 103 
4219991,66 101 
4220520,41 100 
4220520,41 1
4220520,41 2129
4220520,41 11
4222497,91 25 
4222831,56 75 
4224039,52 72 
4224110,74 70 
4225637,42 80 
4226016,13 83 
4227059,79 64 1044
4227287,84 74 206
4227287,84 63 206
4227799,2 151 
4227830,19 69 
4229341,84 93 
4229361,07 103 
4229361,07 101 
4231387,34 100 
4231387,34 1
4231387,34 2129
4231387,34 10
4233373,42 25 
4233400,91 75 
4234609,77 72 
4234679,67 70 
4236205,68 80 
4237571,41 83 
4238723,9 64 1153
4238948,63 74 205
4238948,63 62 205
4239961,98 151 
4239985,18 69 
4241996,55 93 
4242009,15 103 
4242009,15 101 
4244038,97 100 
4244038,97 1
4244038,97 2129
4244038,97 11
4246021,57 25 
4246050,34 75 
4247259,27 72 
4247327,77 70 
4248852,6 80 
4250219,42 83 
4250760,02 64 541
4251013,2 74 234
4251013,2 61 234
4252522,94 151 
4252553,74 69 
4253465,62 93 
4253484,42 103 
4253484,42 101 
4255511,63 100 
4255511,63 1
4255511,63 2129
4255511,63 11
4257496,75 25 
4257524,55 75 
4258732,77 72 
4258802,97 70 
4260333,77 80 
4260708,42 83 
4262192,67 64 1485
4262413,07 74 199
4262413,07 62 199
4262924,14 150 
4262948,8 68 
4263459,24 249
4263658,11 92 
4263658,11 65 
4263680,18 103 
4263680,18 101 
4264207,84 100 
4264207,84 1
4264207,84 2129
4264207,84 10
4266186,5 25 
4266560,02 75 
4267768,31 72 
4267839,27 70 
4269364,24 80 
4270437,71 83 
4277785,58 64 7349
4278027,65 74 220
4278027,65 62 220
4279037 151 
4279062,83 69 
4280574,5 93 
4280593,23 103 
4280593,23 101 
4282624,6 100 
4282624,6 1
4282624,6 2129
4282624,6 10
4284605,53 25 
4284633,61 75 
4285840,33 72 
4285911,74 70 
4287439,56 80 
4288803,45 83 
4289298,11 64 495
4289646,98 74 324
4289646,98 61 324
4290657,01 152 
4290684,7 69 
4292693,78 93 
4292708,16 103 
4292708,16 101 
4294737,17 100 
4294737,17 1
4294737,17 2129
4294737,17 11
4296720,55 25 
4296747,79 75 
4297957,72 72 
4298026,71 70 
4299554,41 80 
4300265,36 83 
4301368,04 64 1103
4301563,37 74 179
4301563,37 62 179
4303072,34 150 
4303092,05 68 
4303537,91 249
4303724,85 172 
4304004,02 92 
4304004,02 65 
4304023,48 103 
4304023,48 101 
4304551,39 100 
4304551,39 1
4304551,39 2129
4304551,39 10
4306529,81 25 
4307103,24 75 
4308312,3 72 
4308382,48 70 
4309911,37 80 
4310967,59 83 
4311448,78 64 482
4311657,75 74 184
4311657,75 63 184
4312166,68 151 
4312195,65 69 
4313703,41 93 
4313712,88 103 
4313712,88 101 
4315743,94 100 
4315743,94 1
4315743,94 2129
4315743,94 10
4317725,23 25 
4322443,6 75 
4323652,51 72 
4323722,78 70 
4325247,14 80 
4326614,46 83 
4327129,97 64 516
4327322,04 74 175
4327322,04 62 175
4327834,35 151 
4327855,56 69 
4328565,54 93 
4328586,62 103 
4328586,62 101 
4330615,85 100 
4330615,85 1
4330615,85 2129
4330615,85 11
4332599,03 25 
4332627,03 75 
4333835,42 72 
4333905,21 70 
4335431,25 80 
4336503,7 83 
4336870,34 64 367
4337096,97 74 207
4337096,97 61 207
4338607,23 151 
4338636,95 69 
4340648,52 93 
4340661,64 103 
4340661,64 101 
4342688,92 100 
4342688,92 1
4342688,92 2129
4342688,92 11
4344674,02 25 
4350538,58 75 
4351747,83 72 
4351817,8 70 
4353350,07 80 
4353723,27 83 
4358978,66 64 5256
4359206,56 74 206
4359206,56 61 206
4360214,77 151 
4360242,39 69 
4361152,42 93 
4361173,15 103 
4361173,15 101 
4363207,19 100 
4363207,19 1
4363207,19 2129
4363207,19 10
4365185,55 25 
4375188,11 254 
4375207,24 101 
4377206,63 100 
4377206,63 1
4377206,63 2129
4377206,63 10
4377206,63 25 
4387207,21 254 
4387215,59 101 
4389228,13 100 
4389228,13 1
4389228,13 2129
4389228,13 10
4389228,13 25 
4390601,99 75 
4391811,69 72 
4391881,25 70 
4393406,1 80 
4394486,21 250 
4394505,92 101 
4396519,35 100 
4396519,35 1
4396519,35 2129
4396519,35 10
4396519,35 25 
4396546,21 75 
4397752,48 72 
4397825,41 70 
4399350,5 80 
4400717,23 83 
4401069,62 64 353
4401261,32 74 172
4401261,32 62 172
4402273,27 151 
4402291,72 69 
4403800,46 93 
4403822,2 103 
4403822,2 101 
4405849,75 100 
4405849,75 1
4405849,75 2129
4405849,75 10
4407834,5 25 
4407861,81 75 
4409071,4 72 
4409380,65 70 
4411006,18 80 
4412085,74 83 
4413440,89 64 1356
4413678,22 74 220
4413678,22 62 220
4415188,24 153 
4415219,66 68 
4416131,31 92 
4416131,31 65 
4416150,42 103 
4416150,42 101 
4416677,12 100 
4416677,12 1
4416677,12 2129
4416677,12 10
4418656,67 25 
4419150,28 75 
4420358,02 72 
4420429,5 70 
4421950,82 80 
4422321,51 83 
4423075,33 64 754
4423325,15 74 231
4423325,15 63 231
4423833,86 151 
4423856,08 69 
4424564,54 93 
4424586,88 103 
4424586,88 101 
4426620,87 100 
4426620,87 1
4426620,87 2129
4426620,87 10
4428599,38 25 
4428626,97 75 
4429836,15 72 
4429905,46 70 
4431437,29 80 
4432517,26 83 
4433511,95 64 995
4433713,93 74 184
4433713,93 62 184
4435223,02 151 
4435251,09 69 
4436623,1 249 
4436775,42 256 
4444248,46 183 
4459991,55 93 
4460012,2 103 
4460012,2 101 
4462041,9 100 
4462041,9 1
4462041,9 2129
4462041,9 11
4464024,56 25 
4464051,94 75 
4465262,17 72 
4465330,9 70 
4466849,63 80 
4467236,43 83 
4468013,06 64 777
4468281,64 74 246
4468281,64 61 246
4469295,13 151 
4469317,24 69 
4470824,5 93 
4470847,71 103 
4470847,71 101 
4472875,72 100 
4472875,72 1
4472875,72 2129
4472875,72 11
4474860,11 25 
4474887,45 75 
4476095,94 72 
4476166,33 70 
4477687,85 80 
4479057,99 83 
4479376,46 64 319
4479609,95 74 219
4479609,95 62 219
4480121,65 150 
4480152,01 68 
4480861,89 92 
4480861,89 65 
4480883,56 103 
4480883,56 101 
4481414,93 100 
4481414,93 1
4481414,93 2129
4481414,93 11
4483391,04 25 
4483443,61 75 
4484652,58 72 
4484722,86 70 
4486244,33 80 
4486614,85 83 
4487579,04 64 964
4487816,01 74 215
4487816,01 62 215
4488326,06 150 
4488349,57 68 
4489258,67 92 
4489258,67 65 
4489280,09 103 
4489280,09 101 
4489807,22 100 
4489807,22 1
4489807,22 2129
4489807,22 10
4491786,44 25 
4492453,19 75 
4493662,19 72 
4493732,41 70 
4495258,35 80 
4496330,88 83 
4496780,08 64 449
4496976,05 74 179
4496976,05 61 179
4498484,89 150 
4498506,24 68 
4500515,87 92 
4500515,87 65 
4500542,13 103 
4500542,13 101 
4501077,39 100 
4501077,39 1
4501077,39 2129
4501077,39 11
4503049,03 25 
4503381,96 75 
4504590,64 72 
4504661,2 70 
4506195,43 80 
4507566,17 83 
4508380,85 64 815
4508574,46 74 169
4508574,46 62 169
4509581,51 150 
4509607,2 68 
4510516,69 92 
4510516,69 65 
4510537,94 103 
4510537,94 101 
4511068,92 100 
4511068,92 1
4511068,92 2129
4511068,92 10
4513044,29 25 
4513351,19 75 
4514558,52 72 
4514843,63 70 
4516515,35 80 
4517108,99 83 
4518096,11 64 987
4518278,3 74 170
4518278,3 61 170
4519786,16 150 
4519815,56 68 
4521827,19 92 
4521827,19 65 
4521853,33 103 
4521853,33 101 
4522379,64 100 
4522379,64 1
4522379,64 2129
4522379,64 11
4524359,64 25 
4524893,04 75 
4526102,27 72 
4526172,28 70 
4527701,23 80 
4529063,97 83 
4529561,97 64 498
4529753,3 74 170
4529753,3 62 170
4530763,43 150 
4530785,18 68 
4531493,32 92 
4531493,32 65 
4531515,92 103 
4531515,92 101 
4532042,59 100 
4532042,59 1
4532042,59 2129
4532042,59 10
4534022,24 25 
4534729,04 75 
4535937,14 72 
4536008,19 70 
4537537,34 80 
4538606,79 83 
4539033,5 64 428
4539246,56 74 187
4539246,56 61 187
4539757,35 150 
4539780,71 68 
4541289,36 92 
4541289,36 65 
4541311,91 103 
4541311,91 101 
4541844,63 100 
4541844,63 1
4541844,63 2129
4541844,63 10
4543818,82 25 
4544165,07 75 
4545374,37 72 
4545444,31 70 
4546975,13 80 
4548349,3 83 
4548924,72 64 576
4549210,04 74 261
4549210,04 61 261
4550222,68 150 
4550243,73 68 
4551755,46 92 
4551755,46 65 
4551774,21 103 
4551774,21 101 
4552300,43 100 
4552300,43 1
4552300,43 2129
4552300,43 11
4554280,55 25 
4554694,09 75 
4555903,72 72 
4555973,28 70 
4557506,29 80 
4557878,76 83 
4559028,47 64 1151
4559237,25 74 186
4559237,25 62 186
4560745,99 152 
4560772,67 69 
4561679,9 93 
4561690,29 103 
4561690,29 101 
4563718,04 100 
4563718,04 1
4563718,04 2129
4563718,04 10
4565702,51 25 
4565729,92 75 
4566938,3 72 
4567008,71 70 
4568543,11 80 
4569620,69 83 
4571806,02 64 2186
4572022,72 74 204
4572022,72 62 204
4572533,54 151 
4572553,37 69 
4573265,23 93 
4573285,29 103 
4573285,29 101 
4575316,35 100 
4575316,35 1
4575316,35 2129
4575316,35 11
4577297,85 25 
4577325,84 75 
4578532,46 72 
4578603,86 70 
4580124,55 80 
4581508,93 83 
4581943,51 64 435
4582251,67 74 290
4582251,67 61 290
4582763,93 151 
4582789,91 69 
4584801,28 249 
4589223,94 256 
4594137,69 183 
4603503,76 93 
4603526,14 103 
4603526,14 101 
4605555,6 100 
4605555,6 1
4605555,6 2129
4605555,6 11
4607538,51 25 
4607566,16 75 
4608775,79 72 
4608844,72 70 
4610368,9 80 
4610736,82 83 
4611914,51 64 1178
4612083,96 74 148
4612083,96 62 148
4613594,76 150 
4613617,48 68 
4614525,8 92 
4614525,8 65 
4614548,23 103 
4614548,23 101 
4615076,82 100 
4615076,82 1
4615076,82 2129
4615076,82 10
4617054,58 25 
4617721,27 75 
4618931,41 72 
4619253,72 70 
4620933,67 80 
4622225,4 83 
4622799,19 64 574
4623080,53 74 269
4623080,53 61 269
4624089,34 150 
4624120,05 68 
4624832,43 92 
4624832,43 65 
4624850,61 103 
4624850,61 101 
4625388,58 100 
4625388,58 1
4625388,58 2129
4625388,58 10
4627370,28 25 
4628463,55 75 
4629672,44 72 
4629742,69 70 
4631265,09 80 
4632341,22 83 
4634910,01 64 2569
4635206,42 74 280
4635206,42 61 280
4636215,29 150 
4636234,4 68 
4638247,1 92 
4638247,1 65 
4638271,72 103 
4638271,72 101 
4638800,02 100 
4638800,02 1
4638800,02 2129
4638800,02 11
4640778,13 25 
4641564,88 75 
4642773,67 72 
4642843,99 70 
4644369,52 80 
4644736,1 83 
4646224,82 64 1489
4646390,71 74 149
4646390,71 62 149
4646903,12 150 
4646923,69 68 
4648435,01 92 
4648435,01 65 
4648454,16 103 
4648454,16 101 
4648983,25 100 
4648983,25 1
4648983,25 2129
4648983,25 11
4650960,5 25 
4651255,09 75 
4652463,97 72 
4652533,31 70 
4654058,58 80 
4655438,38 83 
4655919,48 64 482
4656098,68 74 155
4656098,68 62 155
4657607,21 150 
4657638,48 68 
4658349 92 
4658349 65 
4658370,15 103 
4658370,15 101 
4658899,79 100 
4658899,79 1
4658899,79 2129
4658899,79 11
4660876,47 25 
4661489,85 75 
4662696,59 72 
4662769,08 70 
4664286,59 80 
4665367,5 83 
4665838,64 64 472
4666056,37 74 197
4666056,37 62 197
4667565,76 150 
4667594,05 68 
4667904,23 249
4668040,02 172 
4668504,32 92 
4668504,32 65 
4668525,87 103 
4668525,87 101 
4669053,14 100 
4669053,14 1
4669053,14 2129
4669053,14 10
4671032,2 25 
4671592,36 75 
4672802,82 72 
4672871,57 70 
4674396,99 80 
4674763,65 83 
4675775,99 64 1013
4675983,63 74 194
4675983,63 61 194
4676994,42 150 
4677017,98 68 
4679029,83 92 
4679029,83 65 
4679054,82 103 
4679054,82 101 
4679582,99 100 
4679582,99 1
4679582,99 2129
4679582,99 10
4681561,15 25 
4681589,35 75 
4682797,51 72 
4682867,36 70 
4684385,3 80 
4685759,1 83 
4686968,83 64 1210
4687198,08 74 213
4687198,08 61 213
4687710,35 150 
4687733,18 68 
4689243,82 92 
4689243,82 65 
4689263,91 103 
4689263,91 101 
4689800,53 100 
4689800,53 1
4689800,53 2129
4689800,53 10
4691783,58 25 
4692370,36 75 
4693579,84 72 
4693649,61 70 
4695175,75 80 
4696541,25 83 
4697338,19 64 797
4697567,99 74 214
4697567,99 61 214
4698577,9 152 
4698609,38 69 
4700120,48 93 
4700139,45 103 
4700139,45 101 
4702166,68 100 
4702166,68 1
4702166,68 2129
4702166,68 11
4704151,8 25 
4704179,91 75 
4705386,65 72 
4705458,05 70 
4706975,6 80 
4707338,55 83 
4713423,35 64 6087
4713846,48 74 406
4713846,48 61 406
4714355,84 151 
4714375,84 69 
4716387,83 93 
4716399,37 103 
4716399,37 101 
4718427,51 100 
4718427,51 1
4718427,51 2129
4718427,51 11
4720411,71 25 
4720438,9 75 
4721648,44 72 
4721971,18 70 
4723602,5 80 
4724676,31 83 
4725096,24 64 420
4725297,99 74 182
4725297,99 62 182
4726807,61 150 
4726837,35 68 
4727746,9 92 
4727746,9 65 
4727767,99 103 
4727767,99 101 
4728298,7 100 
4728298,7 1
4728298,7 2129
4728298,7 10
4730274,41 25 
4730994,52 75 
4732202 72 
4732273,58 70 
4733796,32 80 
4734872,05 83 
4735942,03 64 1070
4736247,79 74 283
4736247,79 61 283
4736760,04 150 
4736779,11 68 
4737490,67 92 
4737490,67 65 
4737510,68 103 
4737510,68 101 
4738043,8 100 
4738043,8 1
4738043,8 2129
4738043,8 10
4740016,95 25 
4740590,4 75 
4741798,61 72 
4741869,6 70 
4743391,46 80 
4744761,29 83 
4745168,54 64 408
4745420,39 74 233
4745420,39 61 233
4746931,12 150 
4746949,22 68 
4747861,08 92 
4747861,08 65 
4747879,75 103 
4747879,75 101 
4748406,9 100 
4748406,9 1
4748406,9 2129
4748406,9 11
4750386,12 25 
4750626,38 75 
4751836,28 72 
4751905,57 70 
4753431,07 80 
4753797,61 83 
4756442,79 64 2646
4756611,67 74 149
4756611,67 62 149
4757622,22 150 
4757651,15 68 
4759662,04 92 
4759662,04 65 
4759674,78 103 
4759674,78 101 
4760207,08 100 
4760207,08 1
4760207,08 2129
4760207,08 10
4762181,19 25 
4762648,15 75 
4763858,67 72 
4763927,25 70 
4765459,47 80 
4766525,79 83 
4767318,91 64 794
4767517,22 74 179
4767517,22 61 179
4768530,9 150 
4768552,6 68 
4769262,55 92 
4769262,55 65 
4769284,13 103 
4769284,13 101 
4769810,26 100 
4769810,26 1
4769810,26 2129
4769810,26 11
4771790,49 25 
4772324,02 75 
4773532,19 72 
4773603,21 70 
4775125,85 80 
4775495,23 83 
4778613,63 64 3119
4778846,84 74 220
4778846,84 61 220
4780359,15 151 
4780388,4 69 
4781900,01 93 
4781918,89 103 
4781918,89 101 
4783945,16 100 
4783945,16 1
4783945,16 2129
4783945,16 11
4785931,3 25 
4785958,4 75 
4787166,59 72 
4787237,53 70 
4788767,12 80 
4790129,2 83 
4790905,17 64 776
4791119,79 74 191
4791119,79 62 191
4791630,24 150 
4791650,49 68 
4792359,11 92 
4792359,11 65 
4792381,22 103 
4792381,22 101 
4792915,99 100 
4792915,99 1
4792915,99 2129
4792915,99 10
4794901,75 25 
4796114,06 75 
4797321,87 72 
4797393,26 70 
4798919,89 80 
4799991,79 83 
4801014,13 64 1022
4801219,98 74 189
4801219,98 61 189
4802230,61 150 
4802258,66 68 
4803769,66 92 
4803769,66 65 
4803789,85 103 
4803789,85 101 
4804317,51 100 
4804317,51 1
4804317,51 2129
4804317,51 10
4806296,17 25 
4806923,08 75 
4808130,49 72 
4808203,74 70 
4809729,82 80 
4810094,31 83 
4812054,88 64 1961
4812239,17 74 159
4812239,17 61 159
4813751,8 150 
4813774,25 68 
4814684,88 92 
4814684,88 65 
4814705,32 103 
4814705,32 101 
4815233,53 100 
4815233,53 1
4815233,53 2129
4815233,53 11
4817211,68 25 
4817918,38 75 
4819126,29 72 
4819197,6 70 
4820725,64 80 
4822089,3 83 
4822541,69 64 453
4822750,32 74 195
4822750,32 62 195
4823263,43 150 
4823290,37 68 
4823755,4 249
4823898,45 172 
4825300,5 92 
4825300,5 65 
4825314,37 103 
4825314,37 101 
4825846,73 100 
4825846,73 1
4825846,73 2129
4825846,73 10
4827821,1 25 
4828434,06 75 
4829641,56 72 
4829713,39 70 
4831247,46 80 
4831618,78 83 
4832916,12 64 1298
4833174,89 74 237
4833174,89 61 237
4833683,65 150 
4833712,97 68 
4834424,87 92 
4834424,87 65 
4834443,85 103 
4834443,85 101 
4834971,15 100 
4834971,15 1
4834971,15 2129
4834971,15 11
4836950,29 25 
4837563,57 75 
4838771,11 72 
4838844,41 70 
4840365,63 80 
4841734,54 83 
4842164,04 64 430
4842364,25 74 177
4842364,25 62 177
4843375,11 152 
4843402,3 69 
4844282,48 249 
4845409,66 93 
4845426 103 
4845426 101 
4847454,76 100 
4847454,76 1
4847454,76 2129
4847454,76 11
4849438,39 25 
4849465,51 75 
4850673,17 72 
4850744,53 70 
4852268,11 80 
4853343 83 
4853833,74 64 491
4854038,27 74 189
4854038,27 62 189
4855548,92 150 
4855570,64 68 
4857081,3 92 
4857081,3 65 
4857101,19 103 
4857101,19 101 
4857632,58 100 
4857632,58 1
4857632,58 2129
4857632,58 10
4859607,48 25 
4859887,71 75 
4861097,09 72 
4861166,87 70 
4862688,4 80 
4863752,08 83 
4864443,39 64 692
4864690,94 74 233
4864690,94 61 233
4866199,61 150 
4866219,55 68 
4867129,43 92 
4867129,43 65 
4867150,27 103 
4867150,27 101 
4867678,13 100 
4867678,13 1
4867678,13 2129
4867678,13 10
4869656,63 25 
4869963,56 75 
4871170,42 72 
4871242,72 70 
4872771,75 80 
4873148,16 83 
4874752,6 64 1605
4875007,96 74 234
4875007,96 61 234
4875516,65 150 
4875535,72 68 
4876244,8 92 
4876244,8 65 
4876266,51 103 
4876266,51 101 
4876795,19 100 
4876795,19 1
4876795,19 2129
4876795,19 11
4878772,78 25 
4879226,36 75 
4880434,9 72 
4880505,55 70 
4882026,6 80 
4883397,23 83 
4883779,13 64 382
4883991,68 74 195
4883991,68 62 195
4885002,07 150 
4885024,77 68 
4887035,43 92 
4887035,43 65 
4887062,03 103 
4887062,03 101 
4887595,68 100 
4887595,68 1
4887595,68 2129
4887595,68 10
4889568,34 25 
4890301,76 75 
4891511,03 72 
4891581,11 70 
4893103,07 80 
4894179,51 83 
4895945,23 64 1766
4896182,27 74 217
4896182,27 61 217
4897193,88 150 
4897219,36 68 
4898130,24 92 
4898130,24 65 
4898150,77 103 
4898150,77 101 
4898678,16 100 
4898678,16 1
4898678,16 2129
4898678,16 11
4900657,12 25 
4901217,47 75 
4902428,01 72 
4902496,44 70 
4904021,33 80 
4905388,22 83 
4906661,18 64 1273
4906868,43 74 188
4906868,43 62 188
4908380,95 150 
4908402,15 68 
4908821,22 249
4908864,5 172 
4909909,46 92 
4909909,46 65 
4909932,54 103 
4909932,54 101 
4910460,3 100 
4910460,3 1
4910460,3 2129
4910460,3 10
4912438,93 25 
4913158,94 75 
4914366,69 72 
4914438,16 70 
4915954,95 80 
4916330,26 83 
4918033,76 64 1704
4918241,54 74 193
4918241,54 61 193
4918753,74 150 
4918771,62 68 
4920279,98 92 
4920279,98 65 
4920301,59 103 
4920301,59 101 
4920833,11 100 
4920833,11 1
4920833,11 2129
4920833,11 10
4922821,27 25 
4923488,01 75 
4924696,22 72 
4924767,19 70 
4926285,55 80 
4927698,92 83 
4929617,89 64 1919
4929861,88 74 231
4929861,88 61 231
4930872,25 150 
4930899,49 68 
4931611,29 92 
4931611,29 65 
4931630,24 103 
4931630,24 101 
4932158,08 100 
4932158,08 1
4932158,08 2129
4932158,08 11
4934136,66 25 
4934430,11 75 
4935638,23 72 
4935709,38 70 
4937238,87 80 
4937601,53 83 
4938423,14 64 822
4938648,93 74 208
4938648,93 62 208
4939161,03 150 
4939189,33 68 
4940100,11 92 
4940100,11 65 
4940120,08 103 
4940120,08 101 
4940647,85 100 
4940647,85 1
4940647,85 2129
4940647,85 11
4942626,47 25 
4942879,96 75 
4944090,22 72 
4944159,26 70 
4945675,05 80 
4947037,53 83 
4947870,02 64 833
4948056,37 74 167
4948056,37 62 167
4949568,01 152 
4949597,62 69 
4950771,94 249 
4951609,05 93 
4951621,95 103 
4951621,95 101 
4953658,52 100 
4953658,52 1
4953658,52 2129
4953658,52 10
4955634,48 25 
4959539,77 75 
4960749,6 72 
4960818,96 70 
4962346,82 80 
4962724,43 83 
4964032,99 64 1309
4964379,73 74 323
4964379,73 61 323
4965887,7 150 
4965911,83 68 
4966824,77 92 
4966824,77 65 
4966842,33 103 
4966842,33 101 
4967369,51 100 
4967369,51 1
4967369,51 2129
4967369,51 10
4969348,78 25 
4969828,81 75 
4971037,18 72 
4971108 70 
4972623,62 80 
4973679,82 83 
4974979,16 64 1299
4975195,92 74 197
4975195,92 61 197
4976205,02 150 
4976227,45 68 
4976934,56 92 
4976934,56 65 
4976958,17 103 
4976958,17 101 
4977485,4 100 
4977485,4 1
4977485,4 2129
4977485,4 11
4979464,5 25 
4980064,79 75 
4981272,63 72 
4981343,81 70 
4982870,5 80 
4984235,55 83 
4984519,61 64 285
4984713,65 74 172
4984713,65 62 172
4985226,14 150 
4985250,3 68 
4987257,77 92 
4987257,77 65 
4987287,25 103 
4987287,25 101 
4987819,99 100 
4987819,99 1
4987819,99 2129
4987819,99 11
4989793,81 25 
4990220,47 75 
4991429,43 72 
4991499,54 70 
4993019,8 80 
4993391,74 83 
4994784,27 64 1393
4995033,13 74 229
4995033,13 61 229
4996542,1 151 
4996564,88 69 
4998074,84 93 
4998096,03 103 
4998096,03 101 
5000125,23 100 
5000125,23 1
5000125,23 2129
5000125,23 11
5002108,42 25 
5002136,59 75 
5003345 72 
5003414,74 70 
5004939,64 80 
5006013,24 83 
5007728,18 64 1715
5007910,93 74 165
5007910,93 62 165
5008920,41 150 
5008947,16 68 
5009335,06 249
5009500,58 172 
5010456,89 92 
5010456,89 65 
5010477,57 103 
5010477,57 101 
5011004,95 100 
5011004,95 1
5011004,95 2129
5011004,95 10
5012984,03 25 
5013157,52 75 
5014364,53 72 
5014436,73 70 
5015967,55 80 
5017341,74 83 
5018408,44 64 1068
5018625,41 74 192
5018625,41 61 192
5019137,96 150 
5019168,79 68 
5019879,55 92 
5019879,55 65 
5019900,38 103 
5019900,38 101 
5020432,34 100 
5020432,34 1
5020432,34 2129
5020432,34 11
5022406,86 25 
5022740,29 75 
5023948,61 72 
5024019,46 70 
5025542,21 80 
5026911,16 83 
5027208,97 64 298
5027401,7 74 171
5027401,7 62 171
5027910,15 152 
5027939,3 69 
5029210,88 249 
5029948,33 93 
5029962,9 103 
5029962,9 101 
5031990,53 100 
5031990,53 1
5031990,53 2129
5031990,53 10
5033975,24 25 
5034002,6 75 
5035212,6 72 
5035281,46 70 
5036810,57 80 
5037173,53 83 
5038037,47 64 865
5038239,96 74 187
5038239,96 62 187
5039750,63 151 
5039773,69 69 
5040682,8 93 
5040705,07 103 
5040705,07 101 
5042733,9 100 
5042733,9 1
5042733,9 2129
5042733,9 10
5044717,48 25 
5044745,7 75 
5045953,21 72 
5046023,66 70 
5047549,14 80 
5048622,13 83 
5049097,44 64 476
5049276,07 74 161
5049276,07 61 161
5050285,13 150 
5050303,38 68 
5051012,51 92 
5051012,51 65 
5051034,18 103 
5051034,18 101 
5051566,18 100 
5051566,18 1
5051566,18 2129
5051566,18 11
5053553,79 25 
5053780,9 75 
5054989,85 72 
5055059,94 70 
5056584,38 80 
5057951,6 83 
5059732,94 64 1782
5059945,86 74 195
5059945,86 62 195
5060955,6 150 
5060978,14 68 
5061888,96 92 
5061888,96 65 
5061909,73 103 
5061909,73 101 
5062437,87 100 
5062437,87 1
5062437,87 2129
5062437,87 10
5064415,97 25 
5064762,81 75 
5065970,68 72 
5066042,02 70 
5067566,24 80 
5067947,49 83 
5068904,66 64 957
5069104,34 74 185
5069104,34 61 185
5070612,65 150 
5070640,79 68 
5072652,2 92 
5072652,2 65 
5072678,49 103 
5072678,49 101 
5073204,86 100 
5073204,86 1
5073204,86 2129
5073204,86 10
5075184,81 25 
5075491,75 75 
5076700,12 72 
5076770,97 70 
5078295,06 80 
5079369,42 83 
5081250,18 64 1881
5081449,27 74 174
5081449,27 61 174
5081957,17 150 
5081983,55 68 
5083492,31 92 
5083492,31 65 
5083514,01 103 
5083514,01 101 
5084049,24 100 
5084049,24 1
5084049,24 2129
5084049,24 10
5086033,65 25 
5086793,7 75 
5088002,72 72 
5088072,91 70 
5089607,41 80 
5089978,32 83 
5091033,72 64 1056
5091260,6 74 203
5091260,6 61 203
5092772,5 150 
5092792,55 68 
5093704,01 92 
5093704,01 65 
5093723,15 103 
5093723,15 101 
5094250,72 100 
5094250,72 1
5094250,72 2129
5094250,72 10
5096229,46 25 
5096616,37 75 
5097827,1 72 
5097895,55 70 
5099425,4 80 
5100494,07 83 
5101452,18 64 958
5101648,68 74 182
5101648,68 61 182
5102160,01 150 
5102188,46 68 
5102898,73 92 
5102898,73 65 
5102919,31 103 
5102919,31 101 
5103447,37 100 
5103447,37 1
5103447,37 2129
5103447,37 11
5105425,77 25 
5105732,54 75 
5106942,8 72 
5107011,84 70 
5108534,66 80 
5109903,43 83 
5110218,96 64 316
5110392,2 74 155
5110392,2 62 155
5111404,84 150 
5111424,4 68 
5113433,18 92 
5113433,18 65 
5113448,26 103 
5113448,26 101 
5113983,94 100 
5113983,94 1
5113983,94 2129
5113983,94 11
5115967,92 25 
5116008,32 75 
5117216,81 72 
5117287,59 70 
5118811,15 80 
5120179,17 83 
5123097,85 64 2919
5123292,35 74 182
5123292,35 62 182
5123802,74 150 
5123832,17 68 
5125341,68 92 
5125341,68 65 
5125363,38 103 
5125363,38 101 
5125893,86 100 
5125893,86 1
5125893,86 2129
5125893,86 11
5127869,68 25 
5128656,42 75 
5129864,29 72 
5129935,78 70 
5131457,57 80 
5132520,75 83 
5132698,54 64 179
5142721,06 252 
5142729,41 101 
5144742,64 100 
5144742,64 1
5144742,64 2129
5144742,64 11
5144742,64 25 
5154744 254 
5154764,42 101 
5156776,95 100 
5156776,95 1
5156776,95 2129
5156776,95 11
5156776,95 25 
5157870,96 75 
5159079,32 72 
5159403,39 70 
5161026,62 80 
5162096,01 83 
5162900,61 64 806
5163090,06 74 169
5163090,06 62 169
5164600,05 150 
5164629,26 68 
5165340,58 92 
5165340,58 65 
5165360,08 103 
5165360,08 101 
5165886,86 100 
5165886,86 1
5165886,86 2129
5165886,86 11
5167866,45 25 
5168053,47 75 
5169262,13 72 
5169332,69 70 
5170858,94 80 
5171224,77 83 
5172123,01 64 899
5172368,15 74 224
5172368,15 62 224
5173379,48 150 
5173398,36 68 
5174308,16 92 
5174308,16 65 
5174329,72 103 
5174329,72 101 
5174860,74 100 
5174860,74 1
5174860,74 2129
5174860,74 11
5176836,06 25 
5177249,65 75 
5178458,54 72 
5178528,75 70 
5180047,21 80 
5180407,56 83 
5182425,14 64 2018
5182635,67 74 190
5182635,67 62 190
5184146,25 152 
5184168,39 69 
5185679,58 93 
5185698,45 103 
5185698,45 101 
5187724,49 100 
5187724,49 1
5187724,49 2129
5187724,49 10
5189710,77 25 
5189738,92 75 
5190946,79 72 
5191016,94 70 
5192539,48 80 
5193615,46 83 
5194350,13 64 735
5194557,75 74 183
5194557,75 62 183
5195069,29 151 
5195096,04 69 
5196423,03 256 
5196433,12 249 
5210355,64 182 
5251999,2 93 
5252017,54 103 
5252017,54 101 
5254048,71 100 
5254048,71 1
5254048,71 2129
5254048,71 10
5256029,9 25 
5256070,68 75 
5257278,45 72 
5257351,12 70 
5258867,11 80 
5260241,21 83 
5260509,38 64 268
5260770,22 74 236
5260770,22 61 236
5261779,46 150 
5261801,31 68 
5263310,32 92 
5263310,32 65 
5263332,86 103 
5263332,86 101 
5263866,01 100 
5263866,01 1
5263866,01 2129
5263866,01 11
5265839,27 25 
5266559,27 75 
5267765,47 72 
5267838,52 70 
5269355,31 80 
5270716,82 83 
5271106,14 64 389
5271278,67 74 149
5271278,67 62 149
5271790,73 150 
5271811,75 68 
5272201,08 249
5272384,26 172 
5272524,08 92 
5272524,08 65 
5272542,44 103 
5272542,44 101 
5273068,65 100 
5273068,65 1
5273068,65 2129
5273068,65 11
5275048,83 25 
5275155,75 75 
5276364,2 72 
5276434,95 70 
5277957,11 80 
5278327,03 83 
5280882,31 64 2555
5281067,24 74 168
5281067,24 62 168
5282577,94 150 
5282607,17 68 
5282978,04 249
5283085,41 172 
5284615,21 92 
5284615,21 65 
5284630,76 103 
5284630,76 101 
5285157,52 100 
5285157,52 1
5285157,52 2129
5285157,52 11
5287137,12 25 
5287444,01 75 
5288652,09 72 
5288723,12 70 
5290242,61 80 
5291321,72 83 
5292319,29 64 998
5292525,3 74 191
5292525,3 62 191
5293536,13 150 
5293562,74 68 
5294473,22 92 
5294473,22 65 
5294493,31 103 
5294493,31 101 
5295029,98 100 
5295029,98 1
5295029,98 2129
5295029,98 11
5297013,12 25 
5297666,37 75 
5298876,04 72 
5298945,56 70 
5300466,18 80 
5300837,88 83 
5301927,88 64 1091
5302106,56 74 163
5302106,56 62 163
5303618,54 150 
5303637,66 68 
5303990,74 249
5304919,59 172 
5305146,15 92 
5305146,15 65 
5305168,87 103 
5305168,87 101 
5305696,71 100 
5305696,71 1
5305696,71 2129
5305696,71 11
5307675,19 25 
5307995,71 75 
5309205,95 72 
5309274,66 70 
5310797,57 80 
5311860,19 83 
5312852,13 64 992
5313076,31 74 205
5313076,31 61 205
5313588,76 153 
5313607,59 68 
5315620,46 92 
5315620,46 65 
5315644,53 103 
5315644,53 101 
5316170,95 100 
5316170,95 1
5316170,95 2129
5316170,95 10
5318150,89 25 
5318724,52 75 
5319932,58 72 
5320003,52 70 
5321527,1 80 
5322908,54 83 
5324571,42 64 1664
5324811,51 74 224
5324811,51 62 224
5325819,57 151 
5325842,57 69 
5326457,1 249 
5326751,37 93 
5326773,28 103 
5326773,28 101 
5328804,29 100 
5328804,29 1
5328804,29 2129
5328804,29 10
5330785,63 25 
5330813,02 75 
5332021,92 72 
5332091,83 70 
5333620,69 80 
5333984,07 83 
5345094 64 11110
5345371,26 74 259
5345371,26 61 259
5346384,96 150 
5346407,33 68 
5347120,7 92 
5347120,7 65 
5347138,23 103 
5347138,23 101 
5347666,38 100 
5347666,38 1
5347666,38 2129
5347666,38 10
5349644,52 25 
5349858,14 75 
5351064,46 72 
5351137,3 70 
5352661,33 80 
5354042,33 83 
5358122,37 64 4081
5358363,14 74 216
5358363,14 61 216
5358873,12 150 
5358895,56 68 
5360407,8 92 
5360407,8 65 
5360425,99 103 
5360425,99 101 
5364833,77 102 
