62,19 100 
62,19 3
62,19 2111
62,19 10
2030,51 25 
3428,19 75 
4635,98 72 
4960,55 70 
6574,02 80 
7639,65 83 
8804,92 64 1165
8996,14 74 169
8996,14 62 169
10014,12 152 
10039,02 69 
10750,68 93 
10773,2 103 
10773,2 101 
12799,05 100 
12799,05 3
12799,05 2111
12799,05 11
14783,66 25 
14811,15 75 
16019,66 72 
16089,88 70 
17620,45 80 
18994,84 83 
19394,93 64 401
19568,9 74 162
19568,9 62 162
21081,08 151 
21102,44 69 
22010,96 93 
22033,18 103 
22033,18 101 
24059,54 100 
24059,54 3
24059,54 2111
24059,54 10
26045,46 25 
26073,6 75 
27284,24 72 
27351,7 70 
28870,66 80 
29230,4 83 
30291,45 64 1061
30458,63 74 148
30458,63 61 148
30970,04 151 
30991,57 69 
31413,69 249 
32536,13 181 
33002,53 93 
33015,11 103 
33015,11 101 
35047,6 100 
35047,6 3
35047,6 2111
35047,6 10
37028,24 25 
37055,51 75 
38261,36 72 
38333,6 70 
39850,33 80 
40212,33 83 
41025,03 64 813
41256,73 74 217
41256,73 63 217
41766,83 151 
41787,05 69 
43296,47 93 
43317,29 103 
43317,29 101 
45344,05 100 
45344,05 3
45344,05 2111
45344,05 11
47329,61 25 
47356,91 75 
48563,19 72 
48635,78 70 
50158,2 80 
51234,23 83 
51862,67 64 628
52061,08 74 174
52061,08 62 174
53572,08 151 
53595,04 69 
54506,63 93 
54525,78 103 
54525,78 101 
56554,79 100 
56554,79 3
56554,79 2111
56554,79 11
58538,12 25 
58578,93 75 
59788,32 72 
59857,64 70 
61378,62 80 
62762,59 83 
63215,1 64 453
63417,93 74 190
63417,93 61 190
64428,91 151 
64457,09 69 
65166,46 93 
65187,85 103 
65187,85 101 
67219,13 100 
67219,13 3
67219,13 2111
67219,13 11
69200,11 25 
69228,31 75 
70436,85 72 
70506,41 70 
72022,68 80 
72385,09 83 
72997,18 64 613
73168,93 74 158
73168,93 62 158
74679,67 151 
74705,95 69 
75881,5 249 
76715,23 93 
76729,55 103 
76729,55 101 
78755,89 100 
78755,89 3
78755,89 2111
78755,89 10
80741,79 25 
80769,93 75 
81976,72 72 
82048,07 70 
83571,49 80 
84939,64 83 
85504,32 64 565
85714,84 74 190
85714,84 61 190
86226,22 151 
86246,95 69 
87756,78 93 
87778,06 103 
87778,06 101 
89809,28 100 
89809,28 3
89809,28 2111
89809,28 10
91790,41 25 
91818,53 75 
93030,21 72 
93096,52 70 
94619,68 80 
95695,05 83 
96680,22 64 986
96935,15 74 241
96935,15 62 241
97945,37 150 
97974,38 68 
98886,48 92 
98886,48 65 
98906,71 103 
98906,71 101 
99438,45 100 
99438,45 3
99438,45 2111
99438,45 11
101426,18 25 
101653,11 75 
102860,05 72 
102932,37 70 
104461,42 80 
104824,64 83 
107172,41 64 2348
107449,49 74 253
107449,49 63 253
107958,69 150 
107984,83 68 
109993,47 92 
109993,47 65 
110008,45 103 
110008,45 101 
110535,6 100 
110535,6 3
110535,6 2111
110535,6 10
112514,71 25 
112875 75 
114085,02 72 
114154,08 70 
115681,78 80 
117045,76 83 
117423,07 64 378
117713,37 74 268
117713,37 63 268
118721,28 151 
118740,25 69 
120251,84 93 
120270,84 103 
120270,84 101 
122297,73 100 
122297,73 3
122297,73 2111
122297,73 10
124282,95 25 
124310,33 75 
125518,09 72 
125589,14 70 
127122,88 80 
128200,9 83 
129070,37 64 870
129282,54 74 189
129282,54 63 189
130794,39 153 
130815,33 68 
131526,76 92 
131526,76 65 
131545,77 103 
131545,77 101 
132080,34 100 
132080,34 3
132080,34 2111
132080,34 10
134065,37 25 
134412,26 75 
135619,61 72 
135691,45 70 
137215,98 80 
137583,52 83 
139684,19 64 2101
139936,56 74 234
139936,56 63 234
140945,23 151 
140970,56 69 
141679,54 93 
141701,39 103 
141701,39 101 
143727,57 100 
143727,57 3
143727,57 2111
143727,57 11
145713,71 25 
145741,39 75 
146949,95 72 
147019,92 70 
148552,35 80 
149924,88 83 
150353,88 64 430
150540,64 74 163
150540,64 62 163
151049,98 151 
151072,89 69 
153080,83 93 
153096,47 103 
153096,47 101 
155122,69 100 
155122,69 3
155122,69 2111
155122,69 11
157108,78 25 
157136,02 75 
158346,08 72 
158414,96 70 
159936,47 80 
161013,4 83 
162123,52 64 1110
162305,83 74 160
162305,83 61 160
163818,94 151 
163840,66 69 
165350,25 93 
165371,16 103 
165371,16 101 
167405,81 100 
167405,81 3
167405,81 2111
167405,81 10
169383,56 25 
169424,22 75 
170633,31 72 
170702,95 70 
172222,91 80 
173607,96 83 
174331,28 64 724
174590,17 74 236
174590,17 63 236
175600,29 151 
175622,19 69 
176533,21 93 
176552,98 103 
176552,98 101 
178582,31 100 
178582,31 3
178582,31 2111
178582,31 11
180565,28 25 
180592,57 75 
181801,89 72 
181871,47 70 
183389,64 80 
183763,54 83 
184895,85 64 1133
185125,44 74 216
185125,44 62 216
186634,81 151 
186657,61 69 
188168,58 93 
188187,93 103 
188187,93 101 
190214,97 100 
190214,97 3
190214,97 2111
190214,97 11
192200,35 25 
192228,42 75 
193437,68 72 
193506,43 70 
195027,71 80 
196104,84 83 
196689,4 64 585
196890,06 74 186
196890,06 62 186
197400,93 151 
197426,11 69 
198134,14 93 
198156,94 103 
198156,94 101 
200190,22 100 
200190,22 3
200190,22 2111
200190,22 11
202169,38 25 
202197,34 75 
203404,1 72 
203475,48 70 
205000,43 80 
206073,86 83 
207610,05 64 1537
207879,26 74 247
207879,26 62 247
209388,87 151 
209407,7 69 
210319,57 93 
210338,36 103 
210338,36 101 
212364,57 100 
212364,57 3
212364,57 2111
212364,57 10
214350,7 25 
214378,79 75 
215586,86 72 
215656,86 70 
217173,65 80 
217548,94 83 
218837,98 64 1290
218933,71 256 
219222,77 74 369
219222,77 63 369
219733,76 151 
219763,13 69 
221775,25 93 
221786,79 103 
221786,79 101 
223817,73 100 
223817,73 3
223817,73 2111
223817,73 10
225799 25 
225827,17 75 
227034,17 72 
227105,2 70 
228630,41 80 
230010,2 83 
230845,03 64 836
231035,73 74 173
231035,73 62 173
232047,1 150 
232077,55 68 
232986,74 92 
232986,74 65 
233008,53 103 
233008,53 101 
233539,79 100 
233539,79 3
233539,79 2111
233539,79 11
235514,83 25 
239553,41 75 
240762,74 72 
240832,67 70 
242391,56 80 
243764,28 83 
244395,03 64 631
244686,01 74 269
244686,01 63 269
245197,72 150 
245218,81 68 
247226,44 92 
247226,44 65 
247242,39 103 
247242,39 101 
247770,01 100 
247770,01 3
247770,01 2111
247770,01 10
249748,74 25 
249896,05 75 
251106,84 72 
251174,8 70 
252702,17 80 
253066,88 83 
254037,15 64 971
254225,6 74 173
254225,6 62 173
255235,72 152 
255255,12 69 
255963,08 93 
255985,28 103 
255985,28 101 
258015,09 100 
258015,09 3
258015,09 2111
258015,09 11
259998,36 25 
260025,66 75 
261234,03 72 
261303,72 70 
262824,13 80 
263902,18 83 
264751,7 64 850
264951,44 74 183
264951,44 61 183
266461,48 151 
266489,2 69 
268003,14 93 
268020,06 103 
268020,06 101 
270054,07 100 
270054,07 3
270054,07 2111
270054,07 10
272032,34 25 
272059,63 75 
273271 72 
273338,53 70 
274867,51 80 
275230,79 83 
276456,75 64 1226
276659,84 74 190
276659,84 62 190
277672,24 150 
277698,02 68 
278119,98 249
278142,08 172 
278607,29 92 
278607,29 65 
278628,81 103 
278628,81 101 
279158,15 100 
279158,15 3
279158,15 2111
279158,15 10
281135,07 25 
281455,3 75 
282663,99 72 
282734,44 70 
284263,21 80 
285332,91 83 
286332,66 64 1000
286525,37 74 180
286525,37 62 180
288034,4 150 
288054,54 68 
289566,03 92 
289566,03 65 
289584,33 103 
289584,33 101 
290110,69 100 
290110,69 3
290110,69 2111
290110,69 10
292090,34 25 
292743,74 75 
293953,22 72 
294022,93 70 
295546,8 80 
296914,6 83 
297460,62 64 546
297660,1 74 186
297660,1 62 186
298170,55 150 
298195,88 68 
298907,89 92 
298907,89 65 
298926,69 103 
298926,69 101 
299457,47 100 
299457,47 3
299457,47 2111
299457,47 11
301432,93 25 
301873,2 75 
303082,09 72 
303152,37 70 
304676,31 80 
305750,76 83 
306683,06 64 933
306986,45 74 290
306986,45 63 290
307495,05 150 
307525,17 68 
309534,01 92 
309534,01 65 
309548,77 103 
309548,77 101 
310079,86 100 
310079,86 3
310079,86 2111
310079,86 11
312055,06 25 
312615,25 75 
313823,01 72 
314147,54 70 
315766,49 80 
316132,9 83 
317267,73 64 1135
317522,2 74 230
317522,2 63 230
318532,71 150 
318560,47 68 
320570,94 92 
320570,94 65 
320597,31 103 
320597,31 101 
321126,4 100 
321126,4 3
321126,4 2111
321126,4 11
323103,57 25 
323610,38 75 
324817,39 72 
324889,57 70 
326415,29 80 
327794,53 83 
328991,13 64 1197
329270,41 74 263
329270,41 63 263
330779,97 150 
330808,43 68 
331520,3 92 
331520,3 65 
331539,24 103 
331539,24 101 
332077,49 100 
332077,49 3
332077,49 2111
332077,49 10
334058,8 25 
334792,23 75 
336000,22 72 
336072,97 70 
337596,49 80 
338963,03 83 
339707,47 64 745
339916,2 74 194
339916,2 62 194
341426,22 150 
341444,03 68 
342951,56 92 
342951,56 65 
342974,28 103 
342974,28 101 
343500,62 100 
343500,62 3
343500,62 2111
343500,62 10
345480,61 25 
346214,08 75 
347425,22 72 
347493,1 70 
349015,19 80 
350091,54 83 
350929,09 64 838
351150,15 74 206
351150,15 62 206
352161,92 152 
352185,09 69 
353094,57 93 
353116,56 103 
353116,56 101 
355142,82 100 
355142,82 3
355142,82 2111
355142,82 10
357128,91 25 
357156,47 75 
358363,95 72 
358435,04 70 
359959,27 80 
360327,15 83 
361598,26 64 1272
361805,79 74 187
361805,79 62 187
362316,47 150 
362341,5 68 
363050,73 92 
363050,73 65 
363072,25 103 
363072,25 101 
363602,58 100 
363602,58 3
363602,58 2111
363602,58 10
365578,54 25 
366125,3 75 
367332,73 72 
367404,48 70 
368920,58 80 
370282,83 83 
370826,08 64 544
371014,46 74 172
371014,46 62 172
372522,64 150 
372550,34 68 
372997,02 249
373021,63 172 
373457,02 92 
373457,02 65 
373481,06 103 
373481,06 101 
374007,41 100 
374007,41 3
374007,41 2111
374007,41 11
375987,36 25 
376734,14 75 
377942,79 72 
378013,24 70 
379534,05 80 
380611,66 83 
381140,51 64 529
381409,93 74 253
381409,93 63 253
382420,93 150 
382439,62 68 
382928,01 249
383948,5 92 
383948,5 65 
383969,87 103 
383969,87 101 
384496,24 100 
384496,24 3
384496,24 2111
384496,24 11
386476,12 25 
386943,87 75 
388151,76 72 
388222,16 70 
389736,23 80 
390100,89 83 
391017,95 64 918
391380,57 74 347
391380,57 63 347
391888,15 150 
391914,57 68 
393927,38 92 
393927,38 65 
393952,27 103 
393952,27 101 
394486,63 100 
394486,63 3
394486,63 2111
394486,63 11
396471,79 25 
397218,51 75 
398428,16 72 
398497,7 70 
400018,82 80 
401096,15 83 
402392,14 64 1297
402692,46 74 277
402692,46 63 277
403203,8 150 
403230,57 68 
403827,98 249
404139,74 92 
404139,74 65 
404161,32 103 
404161,32 101 
404687,31 100 
404687,31 3
404687,31 2111
404687,31 11
406667,41 25 
407574,1 75 
408782,61 72 
408853,25 70 
410376,32 80 
410745,29 83 
412539,82 64 1795
412769,43 74 212
412769,43 62 212
413778,21 151 
413798,81 69 
415809,29 93 
415822,76 103 
415822,76 101 
417850,41 100 
417850,41 3
417850,41 2111
417850,41 10
419835,02 25 
419862,28 75 
421071,97 72 
421141,28 70 
422663,84 80 
424033,11 83 
424550,56 64 518
424768,6 74 203
424768,6 62 203
426282,05 150 
426299,69 68 
427009,29 92 
427009,29 65 
427031,23 103 
427031,23 101 
427562,16 100 
427562,16 3
427562,16 2111
427562,16 11
429537,48 25 
430057,63 75 
431266,76 72 
431336,86 70 
432877,72 80 
433935,29 83 
434808,72 64 873
435063,68 74 236
435063,68 63 236
436073,24 150 
436096,23 68 
437603,16 92 
437603,16 65 
437627,68 103 
437627,68 101 
438157,19 100 
438157,19 3
438157,19 2111
438157,19 10
440132,91 25 
440892,98 75 
442101,4 72 
442172,13 70 
443697,8 80 
445077,1 83 
445707,01 64 631
445905,86 74 177
445905,86 62 177
447417,89 150 
447438,02 68 
448947,7 92 
448947,7 65 
448968,42 103 
448968,42 101 
449495,6 100 
449495,6 3
449495,6 2111
449495,6 10
451474,71 25 
452288,07 75 
453497,04 72 
453567,18 70 
455092,56 80 
455459,3 83 
456875,45 64 1416
457090,3 74 192
457090,3 62 192
457599,24 150 
457619,8 68 
458328,16 92 
458328,16 65 
458351,04 103 
458351,04 101 
458881,74 100 
458881,74 3
458881,74 2111
458881,74 10
460857,5 25 
461497,4 75 
462705,09 72 
462776,55 70 
464299,42 80 
465681,54 83 
466187,99 64 507
466375,14 74 174
466375,14 62 174
467388,13 150 
467415,95 68 
468325,27 92 
468325,27 65 
468346,67 103 
468346,67 101 
468872,88 100 
468872,88 3
468872,88 2111
468872,88 11
470852,93 25 
471519,67 75 
472727,7 72 
472798,85 70 
474318,44 80 
475397,31 83 
478239,85 64 2842
478512,41 74 250
478512,41 63 250
479021,5 150 
479050,96 68 
481058,74 92 
481058,74 65 
481074,48 103 
481074,48 101 
481601,65 100 
481601,65 3
481601,65 2111
481601,65 11
483580,81 25 
484300,82 75 
485510,75 72 
485580,04 70 
487105,59 80 
487472,09 83 
488792,38 64 1321
489001,07 74 184
489001,07 62 184
490512,24 151 
490539,35 69 
491448,61 93 
491469,99 103 
491469,99 101 
493504,98 100 
493504,98 3
493504,98 2111
493504,98 11
495482,28 25 
495510,59 75 
496717,94 72 
496788,51 70 
498311,98 80 
499386,93 83 
500248,49 64 862
500553,1 74 287
500553,1 63 287
501063,32 150 
501094,75 68 
501806,22 92 
501806,22 65 
501825,58 103 
501825,58 101 
502352,6 100 
502352,6 3
502352,6 2111
502352,6 10
504331,79 25 
505211,78 75 
506420,08 72 
506490,92 70 
508012,04 80 
509382,65 83 
510389,53 64 1007
510598,56 74 190
510598,56 62 190
511610,15 150 
511636,79 68 
513144,95 92 
513144,95 65 
513167,24 103 
513167,24 101 
513695,86 100 
513695,86 3
513695,86 2111
513695,86 11
515673,55 25 
516513,55 75 
517723,34 72 
517792,77 70 
519588,59 80 
520164,6 83 
522831,58 64 2667
523120,2 74 264
523120,2 63 264
524630,78 150 
524657,86 68 
526668,69 92 
526668,69 65 
526681,49 103 
526681,49 101 
527216,03 100 
527216,03 3
527216,03 2111
527216,03 11
529201,2 25 
529481,27 75 
530690,03 72 
530760,54 70 
532282,74 80 
533358,89 83 
534212,69 64 854
534509,99 74 272
534509,99 63 272
535017,04 152 
535039,79 69 
535147,99 249 
535770,82 183 
536550,94 93 
536570,53 103 
536570,53 101 
538596,83 100 
538596,83 3
538596,83 2111
538596,83 10
540582,8 25 
540609,99 75 
541817,48 72 
541888,93 70 
543409,04 80 
544780,6 83 
549376,08 64 4596
549584,52 74 193
549584,52 62 193
551092,9 150 
551113,12 68 
553123,01 92 
553123,01 65 
553136,66 103 
553136,66 101 
553665,09 100 
553665,09 3
553665,09 2111
553665,09 11
555642,91 25 
557735,68 75 
558944,43 72 
559014,93 70 
560535,44 80 
560906,99 83 
562502,92 64 1597
562775,64 74 256
562775,64 63 256
563785,76 150 
563814,25 68 
564522,45 92 
564522,45 65 
564545,03 103 
564545,03 101 
565074,83 100 
565074,83 3
565074,83 2111
565074,83 10
567051,34 25 
567851,37 75 
569060,48 72 
569130,53 70 
570652,05 80 
572022,16 83 
573321,64 64 1300
573501,25 74 160
573501,25 62 160
574509,5 150 
574529,63 68 
575437,26 92 
575437,26 65 
575460,36 103 
575460,36 101 
575988,28 100 
575988,28 3
575988,28 2111
575988,28 11
577966,59 25 
578660,06 75 
579868,53 72 
579939,16 70 
581465,12 80 
582537,6 83 
584386,15 64 1849
584678,05 74 275
584678,05 63 275
585186,36 150 
585204,98 68 
587216,65 92 
587216,65 65 
587241,89 103 
587241,89 101 
587769 100 
587769 3
587769 2111
587769 11
589748,15 25 
590468,19 75 
591677,48 72 
591747,38 70 
593265,55 80 
593639,45 83 
594707,62 64 1068
594918,12 74 186
594918,12 62 186
596427,27 151 
596453,54 69 
597164,52 93 
597184,23 103 
597184,23 101 
599214,83 100 
599214,83 3
599214,83 2111
599214,83 10
601196,56 25 
601237,63 75 
602446,07 72 
602516,06 70 
604050,95 80 
604421,48 83 
607250 64 2829
607469,2 74 196
607469,2 62 196
608477,78 150 
608501,55 68 
610013,75 92 
610013,75 65 
610032,09 103 
610032,09 101 
610559,31 100 
610559,31 3
610559,31 2111
610559,31 10
612538,28 25 
613138,39 75 
614347,78 72 
614417,55 70 
615934,54 80 
617002,83 83 
617508,04 64 506
617714,99 74 193
617714,99 62 193
618225,97 150 
618257,35 68 
619167,67 92 
619167,67 65 
619188,11 103 
619188,11 101 
619718,65 100 
619718,65 3
619718,65 2111
619718,65 11
621694,31 25 
622387,7 75 
623596,76 72 
623666,89 70 
625187,85 80 
626571,87 83 
627189,84 64 619
627455,22 74 244
627455,22 63 244
628966,76 152 
628986,21 69 
630496,59 93 
630516,47 103 
630516,47 101 
632546,8 100 
632546,8 3
632546,8 2111
632546,8 11
634528,76 25 
634555,87 75 
635764,76 72 
635834,97 70 
637362,73 80 
638420,3 83 
639380,85 64 960
639673,96 74 268
639673,96 63 268
640683,71 150 
640714,28 68 
641424,55 92 
641424,55 65 
641445,09 103 
641445,09 101 
641973,14 100 
641973,14 3
641973,14 2111
641973,14 10
643951,38 25 
645484,41 75 
646691,19 72 
646763,66 70 
648286,72 80 
648655,66 83 
649630,46 64 975
649808,01 74 154
649808,01 62 154
650317,17 150 
650349,77 68 
652361,09 92 
652361,09 65 
652373,74 103 
652373,74 101 
652901 100 
652901 3
652901 2111
652901 10
654879,96 25 
655520,18 75 
656729,01 72 
656799,26 70 
658320,24 80 
659690,88 83 
660305,9 64 616
660506,38 74 176
660506,38 62 176
662016,4 150 
662038,4 68 
662949,93 92 
662949,93 65 
662969,16 103 
662969,16 101 
663506,41 100 
663506,41 3
663506,41 2111
663506,41 11
665488,7 25 
665516,3 75 
666725,18 72 
666794,89 70 
668313,55 80 
669686,63 83 
670263,29 64 577
670532,9 74 247
670532,9 63 247
672040,95 150 
672060,8 68 
672768,72 92 
672768,72 65 
672791,78 103 
672791,78 101 
673317,83 100 
673317,83 3
673317,83 2111
673317,83 10
675297,78 25 
675325,94 75 
676532,25 72 
676603,97 70 
678126,21 80 
679202,43 83 
680250,41 64 1048
680475,11 74 207
680475,11 62 207
681487,08 152 
681510,07 69 
683518 93 
683533,51 103 
683533,51 101 
685560,53 100 
685560,53 3
685560,53 2111
685560,53 10
687545,84 25 
687573,7 75 
688780,16 72 
688852,02 70 
690384,55 80 
690757,41 83 
692720,92 64 1964
692949,87 74 207
692949,87 62 207
693457,95 150 
693478,12 68 
694988,29 92 
694988,29 65 
695008,56 103 
695008,56 101 
695538,24 100 
695538,24 3
695538,24 2111
695538,24 10
697514,82 25 
697542,45 75 
698749,69 72 
698821,02 70 
700346,21 80 
701406,16 83 
702492,24 64 1087
702704,33 74 192
702704,33 62 192
703215,15 150 
703233,96 68 
704147,25 92 
704147,25 65 
704164,66 103 
704164,66 101 
704691,72 100 
704691,72 3
704691,72 2111
704691,72 11
706670,88 25 
706698,5 75 
707905,92 72 
707977,06 70 
709505,01 80 
709869,14 83 
712162,83 64 2295
712452,97 74 266
712452,97 63 266
713963,69 150 
713989,3 68 
715997,64 92 
715997,64 65 
716012,8 103 
716012,8 101 
716539,27 100 
716539,27 3
716539,27 2111
716539,27 10
718519,09 25 
718839,35 75 
720046,71 72 
720371,75 70 
721992,53 80 
723356,74 83 
725051,74 64 1695
725277,38 74 202
725277,38 62 202
726286,85 150 
726304,02 68 
727012,41 92 
727012,41 65 
727034,68 103 
727034,68 101 
727568,15 100 
727568,15 3
727568,15 2111
727568,15 11
729541,05 25 
729607,96 75 
730816,74 72 
730887,15 70 
732411,46 80 
733472,36 83 
734841,18 64 1369
735083,08 74 225
735083,08 63 225
735592,1 150 
735620,01 68 
736529,82 92 
736529,82 65 
736550,59 103 
736550,59 101 
737077,25 100 
737077,25 3
737077,25 2111
737077,25 11
739056,84 25 
740056,8 75 
741265,06 72 
741335,99 70 
742852,95 80 
743214,79 83 
746915,9 64 3702
747129,82 74 198
747129,82 62 198
748638,72 151 
748667,58 69 
750177,91 93 
750197,99 103 
750197,99 101 
752225,82 100 
752225,82 3
752225,82 2111
752225,82 10
754210,28 25 
754238,54 75 
755445,76 72 
755516,54 70 
757035,9 80 
758421,49 83 
771999,5 64 13578
772314,32 74 299
772314,32 63 299
773326,65 151 
773350,18 69 
775360,47 93 
775373,77 103 
775373,77 101 
777404,76 100 
777404,76 3
777404,76 2111
777404,76 11
779386,12 25 
779413,96 75 
780622,23 72 
780692,25 70 
782222,01 80 
783597,26 83 
784382,84 64 786
784652,54 74 256
784652,54 62 256
785660,7 151 
785691,52 69 
787201,25 93 
787222 103 
787222 101 
789253,24 100 
789253,24 3
789253,24 2111
789253,24 11
791234,24 25 
791262,29 75 
792472,35 72 
792540,48 70 
794060,88 80 
795112,51 83 
796444,74 64 1332
796701,99 74 244
796701,99 61 244
797213,43 151 
797233,15 69 
797945,64 93 
797963,97 103 
797963,97 101 
799990,28 100 
799990,28 3
799990,28 2111
799990,28 10
801976,28 25 
811979,11 254 
811998,15 101 
813997,31 100 
813997,31 3
813997,31 2111
813997,31 10
813997,31 25 
815597,53 75 
816805,71 72 
816876,65 70 
818394,06 80 
818768,73 83 
834159,46 64 15391
834370,06 74 195
834370,06 62 195
835878,15 150 
835909,79 68 
836818,89 92 
836818,89 65 
836840,48 103 
836840,48 101 
837374,98 100 
837374,98 3
837374,98 2111
837374,98 11
839360,08 25 
839973,58 75 
841184,77 72 
841452,65 70 
843111,41 80 
843691,24 83 
846619,6 64 2928
846956,33 74 320
846956,33 63 320
847965,54 150 
847984,56 68 
848891,96 92 
848891,96 65 
848915,27 103 
848915,27 101 
849441,65 100 
849441,65 3
849441,65 2111
849441,65 10
851421,74 25 
852208,23 75 
853417,72 72 
853487,4 70 
855005,29 80 
856059,17 83 
857340,83 64 1283
857549,2 74 184
857549,2 62 184
859060,59 150 
859086,66 68 
860595,39 92 
860595,39 65 
860616,88 103 
860616,88 101 
861144,04 100 
861144,04 3
861144,04 2111
861144,04 11
863123,2 25 
863603,34 75 
864811,61 72 
864882,46 70 
866409,91 80 
867774,14 83 
868077,5 64 304
868272,5 74 179
868272,5 62 179
868783,16 151 
868802,22 69 
870589,02 249 
870813,07 93 
870825,77 103 
870825,77 101 
872859,56 100 
872859,56 3
872859,56 2111
872859,56 10
874838,04 25 
874865,55 75 
876074,42 72 
876144,31 70 
877667,08 80 
878742,72 83 
879892,59 64 1150
880087,06 74 172
880087,06 62 172
880598,58 150 
880623,75 68 
881336,34 92 
881336,34 65 
881354,68 103 
881354,68 101 
881881,26 100 
881881,26 3
881881,26 2111
881881,26 10
883860,85 25 
884500,91 75 
885710,42 72 
885780,11 70 
887297,24 80 
887658,91 83 
888824,03 64 1166
889034,8 74 191
889034,8 62 191
890042,01 150 
890073,06 68 
892083,36 92 
892083,36 65 
892109,89 103 
892109,89 101 
892636,96 100 
892636,96 3
892636,96 2111
892636,96 10
894616,18 25 
894763,15 75 
895973,26 72 
896042,33 70 
897571,01 80 
898933,99 83 
899396,69 64 463
899632,32 74 219
899632,32 62 219
901142,21 152 
901160,76 69 
902068,16 93 
902079,02 103 
902079,02 101 
904110,76 100 
904110,76 3
904110,76 2111
904110,76 11
906091,18 25 
906119,15 75 
907325,18 72 
907397,39 70 
908920,82 80 
909289,47 83 
911204,91 64 1916
911492,61 74 271
911492,61 63 271
913004,88 150 
913023,48 68 
913735,72 92 
913735,72 65 
913753,91 103 
913753,91 101 
914281,96 100 
914281,96 3
914281,96 2111
914281,96 11
916260,2 25 
916846,89 75 
918054,3 72 
918126,16 70 
919652,02 80 
920724,52 83 
921791,66 64 1067
922027,81 74 211
922027,81 63 211
922537,51 150 
922565,65 68 
924074,9 92 
924074,9 65 
924096,12 103 
924096,12 101 
924626,89 100 
924626,89 3
924626,89 2111
924626,89 10
926602,36 25 
927109,17 75 
928316,96 72 
928388,3 70 
929908,54 80 
931279,96 83 
932344,61 64 1065
932569,3 74 210
932569,3 62 210
933579,79 150 
933600,84 68 
934509,8 92 
934509,8 65 
934531,53 103 
934531,53 101 
935063,98 100 
935063,98 3
935063,98 2111
935063,98 11
937051,16 25 
937824,54 75 
939032,86 72 
939103,68 70 
940636,4 80 
941009,1 83 
942941,95 64 1934
943203,43 74 249
943203,43 63 249
944215,38 152 
944236,24 69 
945742,79 93 
945753,32 103 
945753,32 101 
947780,53 100 
947780,53 3
947780,53 2111
947780,53 10
949765,62 25 
949806,9 75 
951016,09 72 
951085,22 70 
952616,3 80 
953990,23 83 
955857,84 64 1869
956076,46 74 194
956076,46 62 194
957587,02 150 
957617,07 68 
959627,1 92 
959627,1 65 
959640,68 103 
959640,68 101 
960167,84 100 
960167,84 3
960167,84 2111
960167,84 10
962146,94 25 
962560,49 75 
963771,19 72 
963839,61 70 
965356,35 80 
966411,53 83 
966825,85 64 415
967021 74 170
967021 62 170
967533,65 150 
967559,43 68 
968272,27 92 
968272,27 65 
968290,27 103 
968290,27 101 
968822,55 100 
968822,55 3
968822,55 2111
968822,55 11
970809,84 25 
971289,99 75 
972499,91 72 
972569,19 70 
974087,04 80 
975154,36 83 
977307,26 64 2153
977602,47 74 276
977602,47 63 276
978611,35 150 
978634,62 68 
979547,04 92 
979547,04 65 
979565,4 103 
979565,4 101 
980093,44 100 
980093,44 3
980093,44 2111
980093,44 10
982071,64 25 
982231,93 75 
983440 72 
983511,14 70 
985036,33 80 
986402,8 83 
986907,29 64 505
987093,14 74 171
987093,14 62 171
987602,12 150 
987630,78 68 
989142,07 92 
989142,07 65 
989161,22 103 
989161,22 101 
989687,66 100 
989687,66 3
989687,66 2111
989687,66 11
991667,49 25 
992254,28 75 
993465,24 72 
993533,42 70 
995056,71 80 
995425,58 83 
997040,61 64 1615
997312,35 74 248
997312,35 63 248
998821,39 150 
998839,41 68 
999551,46 92 
999551,46 65 
999570,13 103 
999570,13 101 
1000101,35 100 
1000101,35 3
1000101,35 2111
1000101,35 11
1002076,31 25 
1002569,79 75 
1003777,3 72 
1003848,96 70 
1005372,48 80 
1006447,42 83 
1007036,16 64 589
1007338,98 74 279
1007338,98 63 279
1008348,52 150 
1008368,48 68 
1010380,65 92 
1010380,65 65 
1010405,36 103 
1010405,36 101 
1010932,81 100 
1010932,81 3
1010932,81 2111
1010932,81 11
1012911,65 25 
1013431,78 75 
1014639,83 72 
1014712,59 70 
1016228,18 80 
1017589,27 83 
1019279,39 64 1690
1019570,07 74 276
1019570,07 63 276
1020078,88 150 
1020110,11 68 
1021021,06 92 
1021021,06 65 
1021040,73 103 
1021040,73 101 
1021568,01 100 
1021568,01 3
1021568,01 2111
1021568,01 10
1023547,91 25 
1024240,43 75 
1025447,71 72 
1025519,57 70 
1027040,95 80 
1027411,66 83 
1029220,99 64 1810
1029445,27 74 208
1029445,27 62 208
1030957,09 150 
1030985,29 68 
1031693,06 92 
1031693,06 65 
1031716,12 103 
1031716,12 101 
1032253,88 100 
1032253,88 3
1032253,88 2111
1032253,88 11
1034236,52 25 
1034902,47 75 
1036112,44 72 
1036181,64 70 
1037699,39 80 
1038060,41 83 
1040736,1 64 2676
1041031,18 74 279
1041031,18 63 279
1041541,01 150 
1041567,41 68 
1043078,64 92 
1043078,64 65 
1043097,88 103 
1043097,88 101 
1043624,51 100 
1043624,51 3
1043624,51 2111
1043624,51 11
1045604,14 25 
1046004,39 75 
1047212,52 72 
1047283,57 70 
1048806,26 80 
1050508,32 83 
1051103,27 64 595
1051395,19 74 274
1051395,19 63 274
1052907,13 150 
1052935,83 68 
1054945,64 92 
1054945,64 65 
1054972,72 103 
1054972,72 101 
1055499,14 100 
1055499,14 3
1055499,14 2111
1055499,14 10
1057479 25 
1057785,94 75 
1058994,02 72 
1059065,08 70 
1060592,34 80 
1061650,37 83 
1062644,88 64 995
1062825,72 74 163
1062825,72 62 163
1063834,44 150 
1063864,55 68 
1064575,09 92 
1064575,09 65 
1064595,22 103 
1064595,22 101 
1065125,12 100 
1065125,12 3
1065125,12 2111
1065125,12 10
1067101,51 25 
1067781,56 75 
1068990,86 72 
1069060,75 70 
1070589,53 80 
1071952,35 83 
1073888,05 64 1936
1074100,05 74 189
1074100,05 62 189
1075608,33 150 
1075632,72 68 
1076544,24 92 
1076544,24 65 
1076563,39 103 
1076563,39 101 
1077090,87 100 
1077090,87 3
1077090,87 2111
1077090,87 10
1079069,7 25 
1079816,45 75 
1081024,16 72 
1081095,68 70 
1082624,71 80 
1082987,58 83 
1207643,11 64 124656
1207865,19 74 199
1207865,19 62 199
1208373,38 150 
1208401,88 68 
1209026,52 249
1209096,13 172 
1210413,27 92 
1210413,27 65 
1210425,44 103 
1210425,44 101 
1210952,82 100 
1210952,82 3
1210952,82 2111
1210952,82 11
1212931,71 25 
1213252,05 75 
1214461,22 72 
1214531,09 70 
1216049,09 80 
1217103 83 
1218310,86 64 1209
1218629,06 74 301
1218629,06 63 301
1219639,54 150 
1219662,93 68 
1221172,02 92 
1221172,02 65 
1221194,08 103 
1221194,08 101 
1221731,9 100 
1221731,9 3
1221731,9 2111
1221731,9 10
1223713,75 25 
1224007,25 75 
1225216,26 72 
1225288,01 70 
1226813,09 80 
1228178,07 83 
1228633,7 64 456
1228836,83 74 179
1228836,83 62 179
1229847,81 150 
1229873,47 68 
1230654,15 249
1231882,97 92 
1231882,97 65 
1231896,11 103 
1231896,11 101 
1232422,41 100 
1232422,41 3
1232422,41 2111
1232422,41 10
1234402,47 25 
1234802,64 75 
1236011,5 72 
1236081,78 70 
1237603,29 80 
1237973,85 83 
1239422,93 64 1450
1239618,46 74 179
1239618,46 62 179
1240127,03 152 
1240148,08 69 
1241056,29 93 
1241078,81 103 
1241078,81 101 
1243107,74 100 
1243107,74 3
1243107,74 2111
1243107,74 11
1245091,1 25 
1245118,42 75 
1246328,21 72 
1246397,32 70 
1247921,49 80 
1248995,72 83 
1250076,22 64 1081
1250362,62 74 261
1250362,62 63 261
1251872,75 150 
1251902,27 68 
1252612,85 92 
1252612,85 65 
1252633,82 103 
1252633,82 101 
1253162,66 100 
1253162,66 3
1253162,66 2111
1253162,66 11
1255140,14 25 
1255287,11 75 
1256494,78 72 
1256566,22 70 
1258086,25 80 
1259151,33 83 
1260204,24 64 1053
1260434,47 74 217
1260434,47 63 217
1261444,79 150 
1261472,31 68 
1262983,9 92 
1262983,9 65 
1263002,64 103 
1263002,64 101 
1263534,71 100 
1263534,71 1
1263534,71 2111
1263534,71 11
1263534,71 78 
1263534,71 198 
1265509,1 25 
1265975,79 75 
1267186,93 72 
1267255,15 70 
1268772,4 80 
1270134,14 83 
1270840,88 64 708
1271137,29 74 271
1271137,29 63 271
1271647,56 151 
1271667,8 69 
1272374,86 93 
1272385,3 103 
1272385,3 101 
1274411,4 100 
1274411,4 1
1274411,4 2111
1274411,4 10
1276397,58 25 
1276438,42 75 
1277647,66 72 
1277717,09 70 
1279240,31 80 
1279609,21 83 
1281875,54 64 2267
1282067,7 74 180
1282067,7 62 180
1283577,9 151 
1283596,13 69 
1285107,69 93 
1285126,41 103 
1285126,41 101 
1287155,92 100 
1287155,92 1
1287155,92 2111
1287155,92 11
1289138,72 25 
1289166,13 75 
1290373,93 72 
1290444,91 70 
1291968,49 80 
1293336,53 83 
1298423,02 64 5087
1298702,06 74 262
1298702,06 63 262
1300214,72 151 
1300242,05 69 
1301153,2 93 
1301172,97 103 
1301172,97 101 
1303200,01 100 
1303200,01 1
1303200,01 2111
1303200,01 11
1305185,1 25 
1305212,83 75 
1306421,3 72 
1306491,33 70 
1308017,35 80 
1309076,39 83 
1310940,58 64 1864
1311241,4 74 286
1311241,4 63 286
1312253,33 151 
1312276,94 69 
1313957,72 249 
1314182,2 256 
1315990,32 182 
1327748,13 93 
1327761,28 103 
1327761,28 101 
1329790,33 100 
1329790,33 1
1329790,33 2111
1329790,33 10
1331773,58 25 
1331801,79 75 
1333008,11 72 
1333079,78 70 
1334613,01 80 
1334998,52 83 
1335990,01 64 992
1336196,43 74 185
1336196,43 62 185
1336708,26 151 
1336733,51 69 
1338246,04 93 
1338263,42 103 
1338263,42 101 
1340298,16 100 
1340298,16 1
1340298,16 2111
1340298,16 10
1342275,71 25 
1342303,83 75 
1343511,29 72 
1343581,96 70 
1345102,09 80 
1346180,43 83 
1347649,61 64 1469
1347881,75 74 209
1347881,75 62 209
1349394,44 153 
1349420,75 68 
1350329,93 92 
1350329,93 65 
1350351,56 103 
1350351,56 101 
1350879,04 100 
1350879,04 1
1350879,04 2111
1350879,04 10
1352857,8 25 
1352885,07 75 
1354093,72 72 
1354163,99 70 
1355685,4 80 
1357069,04 83 
1357668,95 64 601
1357978,52 74 297
1357978,52 63 297
1358988,57 151 
1359016,64 69 
1361028,89 93 
1361040,21 103 
1361040,21 101 
1363067,31 100 
1363067,31 1
1363067,31 2111
1363067,31 10
1365052,56 25 
1365080,63 75 
1366289,42 72 
1366358,7 70 
1367883,75 80 
1368250,81 83 
1371058,52 64 2808
1371246,76 74 171
1371246,76 62 171
1371757,39 151 
1371784,52 69 
1372492,14 93 
1372515,26 103 
1372515,26 101 
1374547,71 100 
1374547,71 1
1374547,71 2111
1374547,71 11
1376527,55 25 
1376554,76 75 
1377764,39 72 
1377833,73 70 
1379355,91 80 
1380418,83 83 
1385352,31 64 4934
1385633,27 74 257
1385633,27 63 257
1386643,98 151 
1386671,33 69 
1387581,58 93 
1387602,06 103 
1387602,06 101 
1389630,05 100 
1389630,05 1
1389630,05 2111
1389630,05 11
1391614,4 25 
1391642,34 75 
1392850,76 72 
1392920,55 70 
1394455,66 80 
1394839,33 83 
1396036,07 64 1197
1396273,67 74 222
1396273,67 62 222
1397781,35 150 
1397813,35 68 
1398522,66 92 
1398522,66 65 
1398543,97 103 
1398543,97 101 
1399071,42 100 
1399071,42 1
1399071,42 2111
1399071,42 10
1401050,26 25 
1401531,25 75 
1402739,93 72 
1402809,57 70 
1404329,23 80 
1405714,57 83 
1406011,57 64 297
1406275,35 74 241
1406275,35 63 241
1406787,23 153 
1406809,47 68 
1408819,23 92 
1408819,23 65 
1408832,85 103 
1408832,85 101 
1409362,44 100 
1409362,44 1
1409362,44 2111
1409362,44 11
1411339,13 25 
1411779,36 75 
1412990,45 72 
1413058,49 70 
1414602,55 80 
1415963,48 83 
1416416,88 64 454
1416683,93 74 241
1416683,93 63 241
1418192,11 151 
1418217,74 69 
1419725,49 93 
1419748,19 103 
1419748,19 101 
1421776,07 100 
1421776,07 1
1421776,07 2111
1421776,07 11
1423760,44 25 
1423788,61 75 
1424997,78 72 
1425066,62 70 
1426592,86 80 
1426958,72 83 
1430658,37 64 3700
1430863,9 74 188
1430863,9 62 188
1431376,47 150 
1431398,68 68 
1431844,08 249
1431869,73 172 
1432908,21 92 
1432908,21 65 
1432929,09 103 
1432929,09 101 
1433455,64 100 
1433455,64 1
1433455,64 2111
1433455,64 10
1435435,37 25 
1435875,54 75 
1437085,05 72 
1437154,71 70 
1438684,69 80 
1439739,86 83 
1440164,38 64 425
1440413,61 74 234
1440413,61 63 234
1441424,97 151 
1441447,63 69 
1442158,07 93 
1442178,41 103 
1442178,41 101 
1444210,93 100 
1444210,93 1
1444210,93 2111
1444210,93 10
1446190,72 25 
1446218,21 75 
1447426,91 72 
1447496,91 70 
1449018,69 80 
1450082,01 83 
1451418,32 64 1337
1451633,19 74 192
1451633,19 62 192
1452146,08 151 
1452176,4 69 
1453085,41 93 
1453107,06 103 
1453107,06 101 
1455134,73 100 
1455134,73 1
1455134,73 2111
1455134,73 10
1457119,31 25 
1457147,35 75 
1458355,77 72 
1458425,53 70 
1459943,99 80 
1461303,82 83 
1463240,82 64 1938
1463531,82 74 270
1463531,82 63 270
1464542,4 151 
1464570,93 69 
1466582,36 93 
1466594,5 103 
1466594,5 101 
1468621,62 100 
1468621,62 1
1468621,62 2111
1468621,62 11
1470606,8 25 
1470634,66 75 
1471842,55 72 
1471913,01 70 
1473440,18 80 
1473805,08 83 
1757408,77 64 283604
1757706,45 256 
1757719,71 74 291
1757719,71 63 291
1759227,63 151 
1759256,8 69 
1760030,35 249 
1760380,89 256 
1769903,77 183 
1771902,16 93 
1771915,67 103 
1771915,67 101 
1773946,04 100 
1773946,04 1
1773946,04 2111
1773946,04 10
1775928,06 25 
1775969,06 75 
1777177,94 72 
1777247,62 70 
1778774,3 80 
1779139,66 83 
1780486,13 64 1347
1780693,85 74 195
1780693,85 62 195
1781206,35 151 
1781234,29 69 
1781941,86 93 
1781951,4 103 
1781951,4 101 
1783977,53 100 
1783977,53 1
1783977,53 2111
1783977,53 11
1785963,63 25 
1785990,85 75 
1787198,8 72 
1787269,82 70 
1788795,87 80 
1790161,49 83 
1791324,46 64 1163
1791913,38 74 566
1791913,38 62 566
1793422,19 150 
1793442,04 68 
1794129,92 249
1794350,62 92 
1794350,62 65 
1794372,67 103 
1794372,67 101 
1794901,58 100 
1794901,58 1
1794901,58 2111
1794901,58 11
1796878,91 25 
1797172,45 75 
1798381,7 72 
1798451,65 70 
1799974,97 80 
1801050,08 83 
1801495,24 64 446
1801713,26 74 197
1801713,26 61 197
1802724,37 151 
1802743,86 69 
1804252,15 93 
1804266,49 103 
1804266,49 101 
1806303,98 100 
1806303,98 1
1806303,98 2111
1806303,98 11
1808287,3 25 
1808328,21 75 
1809534,02 72 
1809606,87 70 
1811124,51 80 
1812485,33 83 
1822612,01 64 10127
1822829,09 74 202
1822829,09 62 202
1824337,59 150 
1824361,16 68 
1825345,85 249
1825874,06 92 
1825874,06 65 
1825893,31 103 
1825893,31 101 
1826419,56 100 
1826419,56 1
1826419,56 2111
1826419,56 10
1828398,63 25 
1828932,06 75 
1830139,25 72 
1830212,83 70 
1831742,36 80 
1832796,37 83 
1833590,61 64 794
1833842,01 74 233
1833842,01 61 233
1834852,3 150 
1834876,56 68 
1836887,15 92 
1836887,15 65 
1836900,96 103 
1836900,96 101 
1837428,79 100 
1837428,79 1
1837428,79 2111
1837428,79 11
1839407,19 25 
1840207,18 75 
1841415,91 72 
1841486,38 70 
1843010,92 80 
1843378,49 83 
1844352,24 64 974
1844559,44 74 195
1844559,44 61 195
1845070,34 153 
1845099,56 68 
1845810,29 92 
1845810,29 65 
1845830,37 103 
1845830,37 101 
1846359,88 100 
1846359,88 1
1846359,88 2111
1846359,88 10
1848336,83 25 
1848803,5 75 
1850011,13 72 
1850082,67 70 
1851600,83 80 
1851961,4 83 
1853185,5 64 1224
1853400,5 74 200
1853400,5 61 200
1854910,57 150 
1854935,35 68 
1855845,02 92 
1855845,02 65 
1855866,02 103 
1855866,02 101 
1856392,93 100 
1856392,93 1
1856392,93 2111
1856392,93 10
1858372,32 25 
1859252,31 75 
1860459,54 72 
1860531,49 70 
1862062,41 80 
1863129,89 83 
1863506,65 64 377
1863702,32 74 173
1863702,32 61 173
1864210,36 150 
1864237,94 68 
1865146,34 92 
1865146,34 65 
1865168,65 103 
1865168,65 101 
1865694,95 100 
1865694,95 1
1865694,95 2111
1865694,95 10
1867674,93 25 
1868328,46 75 
1869538,63 72 
1869607,55 70 
1871131,09 80 
1872499,15 83 
1873943,79 64 1445
1874158,24 74 194
1874158,24 61 194
1875170,4 150 
1875193,4 68 
1877200,97 92 
1877200,97 65 
1877216,82 103 
1877216,82 101 
1877746,85 100 
1877746,85 1
1877746,85 2111
1877746,85 10
1879723,05 25 
1880163,23 75 
1881370,62 72 
1881642,33 70 
1883294,25 80 
1884573,95 83 
1885149,46 64 576
1885342,73 74 169
1885342,73 61 169
1885853,41 150 
1885881,91 68 
1887393,31 92 
1887393,31 65 
1887412,35 103 
1887412,35 101 
1887939,07 100 
1887939,07 1
1887939,07 2111
1887939,07 11
1889918,68 25 
1890572,16 75 
1891780,28 72 
1891851,21 70 
1893374,79 80 
1894742,9 83 
1895534,46 64 792
1895765,34 74 210
1895765,34 62 210
1897273,49 150 
1897303,63 68 
1897854,15 249
1897912,68 172 
1898012,76 92 
1898012,76 65 
1898034,42 103 
1898034,42 101 
1898562,83 100 
1898562,83 1
1898562,83 2111
1898562,83 11
1900540,95 25 
1901087,6 75 
1902295,84 72 
1902366,65 70 
1903891,87 80 
1904258,77 83 
1905133,99 64 876
1905336,51 74 185
1905336,51 61 185
1906344,39 151 
1906366,36 69 
1907874,7 93 
1907883,57 103 
1907883,57 101 
1909913,25 100 
1909913,25 1
1909913,25 2111
1909913,25 11
1911895,85 25 
1911923,08 75 
1913135,6 72 
1913202,02 70 
1914723,9 80 
1915800,4 83 
1916073,57 64 273
1916283,06 74 190
1916283,06 61 190
1916791,43 151 
1916815,12 69 
1917722,4 93 
1917732,56 103 
1917732,56 101 
1919761,7 100 
1919761,7 1
1919761,7 2111
1919761,7 11
1921744,84 25 
1922544,86 75 
1923750,97 72 
1923824,04 70 
1925340,91 80 
1925702,81 83 
1927943,67 64 2241
1928154,28 74 186
1928154,28 61 186
1929166,15 153 
1929195,89 68 
1931207,48 92 
1931207,48 65 
1931233,38 103 
1931233,38 101 
1931759,55 100 
1931759,55 1
1931759,55 2111
1931759,55 11
1933739,68 25 
1934139,87 75 
1935349,19 72 
1935419,1 70 
1936947,95 80 
1938324,02 83 
1938330,57 64 7
1938611,35 74 261
1938611,35 61 261
1940121,2 151 
1940151,73 69 
1940862,07 93 
1940882,58 103 
1940882,58 101 
1942918,94 100 
1942918,94 1
1942918,94 2111
1942918,94 10
1944894,84 25 
1944921,98 75 
1946128,09 72 
1946201,07 70 
1947729,92 80 
1948093,26 83 
1949826,35 64 1734
1950033,69 74 195
1950033,69 62 195
1951546,47 151 
1951573,1 69 
1953084,3 93 
1953103,95 103 
1953103,95 101 
1955130,48 100 
1955130,48 1
1955130,48 2111
1955130,48 10
1957116,29 25 
1957143,59 75 
1958353,84 72 
1958422,42 70 
1959946,9 80 
1961314,04 83 
1965901,94 64 4589
1966150,14 74 225
1966150,14 61 225
1967161,68 150 
1967180,35 68 
1967891,88 92 
1967891,88 65 
1967910,86 103 
1967910,86 101 
1968437,12 100 
1968437,12 1
1968437,12 2111
1968437,12 11
1970417,16 25 
1970857,35 75 
1972067,68 72 
1972136,47 70 
1973669,74 80 
1974734,92 83 
1975374,72 64 640
1975683,3 74 295
1975683,3 63 295
1976192,72 151 
1976216,18 69 
1978228,61 93 
1978239,7 103 
1978239,7 101 
1980278,21 100 
1980278,21 1
1980278,21 2111
1980278,21 11
1982252,02 25 
1982279,33 75 
1983489,44 72 
1983811,43 70 
1985441,57 80 
1985810,12 83 
1986937,98 64 1129
1987165,01 74 209
1987165,01 61 209
1988673,75 151 
1988704,05 69 
1989615,12 93 
1989634,78 103 
1989634,78 101 
1991661,11 100 
1991661,11 1
1991661,11 2111
1991661,11 11
1993647,06 25 
1993675,14 75 
1994882,26 72 
1994953,25 70 
1996468,91 80 
1997538,38 83 
2007903,03 64 10365
2008123,22 74 203
2008123,22 61 203
2009133,42 151 
2009161,86 69 
2010071,48 93 
2010092,62 103 
2010092,62 101 
2012119,77 100 
2012119,77 1
2012119,77 2111
2012119,77 10
2014104,9 25 
2014132,59 75 
2015341,39 72 
2015411,06 70 
2016945,11 80 
2018316,02 83 
2018930,92 64 616
2019157,68 74 202
2019157,68 62 202
2019670,49 151 
2019690,68 69 
2021698,13 93 
2021714,2 103 
2021714,2 101 
2023745,33 100 
2023745,33 1
2023745,33 2111
2023745,33 10
2025726,51 25 
2025755,63 75 
2026964,01 72 
2027032,77 70 
2028560,53 80 
2028924,78 83 
2030990,09 64 2066
2031311,53 74 308
2031311,53 63 308
2032319,97 151 
2032338,52 69 
2033048,1 93 
2033069,35 103 
2033069,35 101 
2035095,81 100 
2035095,81 1
2035095,81 2111
2035095,81 10
2037081,61 25 
2037109,44 75 
2038317,84 72 
2038387,79 70 
2039915,17 80 
2041279,53 83 
2041749,46 64 470
2041976,35 74 204
2041976,35 62 204
2042485,67 151 
2042507,45 69 
2044018,15 93 
2044037,9 103 
2044037,9 101 
2046072,45 100 
2046072,45 1
2046072,45 2111
2046072,45 10
2048050,2 25 
2048078,25 75 
2049287,43 72 
2049356,37 70 
2050876,48 80 
2051954,83 83 
2052404,37 64 450
2052614,14 74 193
2052614,14 61 193
2054122,38 150 
2054142,38 68 
2056152,92 92 
2056152,92 65 
2056179,28 103 
2056179,28 101 
2056710,57 100 
2056710,57 1
2056710,57 2111
2056710,57 11
2058685,58 25 
2058859,22 75 
2060067,12 72 
2060138,39 70 
2061661,24 80 
2062736,81 83 
2063817,98 64 1082
2064115,75 74 273
2064115,75 63 273
2064626 153 
2064657,89 68 
2065370,35 92 
2065370,35 65 
2065388,65 103 
2065388,65 101 
2065915,48 100 
2065915,48 1
2065915,48 2111
2065915,48 10
2067894,96 25 
2068295,23 75 
2069504,86 72 
2069574,31 70 
2071096,48 80 
2071466,43 83 
2072557,95 64 1092
2072817,2 74 245
2072817,2 61 245
2074327,08 150 
2074348,05 68 
2075857,2 92 
2075857,2 65 
2075877,45 103 
2075877,45 101 
2076404,1 100 
2076404,1 1
2076404,1 2111
2076404,1 10
2078383,75 25 
2078597,33 75 
2079804,22 72 
2079876,52 70 
2081404,03 80 
2082768,14 83 
2083288 64 521
2083496,29 74 195
2083496,29 61 195
2084505,64 150 
2084529,21 68 
2085081,11 249
2085115,46 171
2085437,63 92 
2085437,63 65 
2085459,95 103 
2085459,95 101 
2085994,77 100 
2085994,77 1
2085994,77 2111
2085994,77 11
2087979,59 25 
2088313,1 75 
2089523,16 72 
2089792,25 70 
2091330,12 80 
2092697,19 83 
2093376,9 64 681
2093673,89 74 284
2093673,89 63 284
2094682,76 151 
2094711,55 69 
2095622,76 93 
2095642,21 103 
2095642,21 101 
2097669,07 100 
2097669,07 1
2097669,07 2111
2097669,07 10
2099654,51 25 
2099682,29 75 
2100891,1 72 
2100960,8 70 
2102486,14 80 
2102852,82 83 
2105126,61 64 2274
2105357,75 74 213
2105357,75 61 213
2106868,83 150 
2106892,93 68 
2107361,47 249
2107433,32 171
2107605,19 92 
2107605,19 65 
2107623,68 103 
2107623,68 101 
2108150,98 100 
2108150,98 1
2108150,98 2111
2108150,98 11
2110130,03 25 
2110610,3 75 
2111817,94 72 
2111889,33 70 
2113408,62 80 
2114487,77 83 
2115083,48 64 596
2115328,5 74 228
2115328,5 62 228
2115837,15 150 
2115862,47 68 
2116246,76 249
2116315,39 172 
2117372,28 92 
2117372,28 65 
2117393,78 103 
2117393,78 101 
2117924,31 100 
2117924,31 1
2117924,31 2111
2117924,31 11
2119899,26 25 
2120685,78 75 
2121896,26 72 
2121964,95 70 
2123494,93 80 
2124869,92 83 
2125268,82 64 400
2125484,71 74 202
2125484,71 62 202
2126992,54 150 
2127017,51 68 
2127445,95 249
2127476,45 172 
2129027,39 92 
2129027,39 65 
2129041,11 103 
2129041,11 101 
2129567,38 100 
2129567,38 1
2129567,38 2111
2129567,38 10
2131547,35 25 
2131987,54 75 
2133196,7 72 
2133266,72 70 
2134787,26 80 
2135158,86 83 
2135918,77 64 760
2136152,53 74 221
2136152,53 61 221
2137163,42 150 
2137185,81 68 
2137898,15 92 
2137898,15 65 
2137917,25 103 
2137917,25 101 
2138443,51 100 
2138443,51 1
2138443,51 2111
2138443,51 11
2140423,52 25 
2140997,05 75 
2142203,73 72 
2142276,25 70 
2143794,8 80 
2144847,97 83 
2145549,79 64 703
2145786,29 74 219
2145786,29 62 219
2146295,62 150 
2146315,48 68 
2146769,51 249
2146797,91 172 
2148327,59 92 
2148327,59 65 
2148352,74 103 
2148352,74 101 
2148890,79 100 
2148890,79 1
2148890,79 2111
2148890,79 10
2150872,39 25 
2151232,62 75 
2152441,73 72 
2152511,76 70 
2154032,23 80 
2154417,23 83 
2155462,56 64 1046
2155670,13 74 187
2155670,13 61 187
2156682,1 150 
2156710,58 68 
2157622,52 92 
2157622,52 65 
2157642,1 103 
2157642,1 101 
2158168,53 100 
2158168,53 1
2158168,53 2111
2158168,53 11
2160148,36 25 
2160575,2 75 
2161782,47 72 
2161854,36 70 
2163382,53 80 
2164452,78 83 
2165655,43 64 1203
2165884,81 74 207
2165884,81 61 207
2166394,59 153 
2166414,67 68 
2167929,05 92 
2167929,05 65 
2167944,27 103 
2167944,27 101 
2168475,45 100 
2168475,45 1
2168475,45 2111
2168475,45 10
2170450,59 25 
2171224,07 75 
2172433,02 72 
2172503,11 70 
2174022,13 80 
2175394,71 83 
2175846,59 64 452
2176043,78 74 184
2176043,78 61 184
2177551,87 150 
2177582,34 68 
2178046,59 249
2178164,92 171
2178290,89 92 
2178290,89 65 
2178313,12 103 
2178313,12 101 
2178843,47 100 
2178843,47 1
2178843,47 2111
2178843,47 11
2180819,4 25 
2181326,28 75 
2182533,94 72 
2182605,38 70 
2184135,24 80 
2185497 83 
2185503,91 64 8
2185847,32 74 324
2185847,32 61 324
2186355,41 151 
2186378,12 69 
2188387,33 93 
2188402,09 103 
2188402,09 101 
2190428,46 100 
2190428,46 1
2190428,46 2111
2190428,46 11
2192414,4 25 
2192441,65 75 
2193651,36 72 
2193920,51 70 
2195577,72 80 
2196852,11 83 
2197251,47 64 399
2197472,12 74 207
2197472,12 61 207
2198984,57 151 
2199013,03 69 
2199926,56 93 
2199943,76 103 
2199943,76 101 
2201970,35 100 
2201970,35 1
2201970,35 2111
2201970,35 11
2203956,05 25 
2203983,25 75 
2205194,15 72 
2205262,22 70 
2206786,12 80 
2207154,35 83 
2208193,65 64 1039
2208417,77 74 212
2208417,77 61 212
2209428,9 151 
2209448,14 69 
2210957,75 93 
2210978,98 103 
2210978,98 101 
2213015,67 100 
2213015,67 1
2213015,67 2111
2213015,67 10
2214991,26 25 
2215018,51 75 
2216226,04 72 
2216297,49 70 
2217819,04 80 
2218895,91 83 
2219334,97 64 440
2219546,76 74 198
2219546,76 61 198
2220557,09 150 
2220577,35 68 
2221199,27 249
2221243,48 171
2222088,87 92 
2222088,87 65 
2222107,48 103 
2222107,48 101 
2222633,66 100 
2222633,66 1
2222633,66 2111
2222633,66 10
2224613,88 25 
2224641,09 75 
2225848,42 72 
2225919,96 70 
2227441,59 80 
2227812,03 83 
2229580,48 64 1769
2229796,54 74 199
2229796,54 61 199
2230305,38 150 
2230332,81 68 
2231241,32 92 
2231241,32 65 
2231263,53 103 
2231263,53 101 
2231789,76 100 
2231789,76 1
2231789,76 2111
2231789,76 11
2233769,81 25 
2234383,22 75 
2235590,06 72 
2235662,41 70 
2237187,2 80 
2238554,12 83 
2239659,01 64 1106
2240047,12 74 374
2240047,12 62 374
2241556,98 150 
2241581,25 68 
2242289,2 92 
2242289,2 65 
2242312,06 103 
2242312,06 101 
2242841,97 100 
2242841,97 1
2242841,97 2111
2242841,97 10
2244818,34 25 
2245098,57 75 
2246306,42 72 
2246377,81 70 
2247902,4 80 
2248976,27 83 
2249329,3 64 353
2249538,41 74 189
2249538,41 62 189
2250046,89 151 
2250070,57 69 
2252081,69 93 
2252094,52 103 
2252094,52 101 
2254124,67 100 
2254124,67 1
2254124,67 2111
2254124,67 11
2256106,8 25 
2256134,27 75 
2257342,16 72 
2257413,1 70 
2258930,72 80 
2259291,74 83 
2259965,33 64 674
2260212,52 74 228
2260212,52 61 228
2261723,99 151 
2261745,9 69 
2262656,25 93 
2262676,61 103 
2262676,61 101 
2264703,78 100 
2264703,78 1
2264703,78 2111
2264703,78 10
2266688,9 25 
2266716,49 75 
2267925,61 72 
2267995,07 70 
2269514,74 80 
2270886,72 83 
2271294,37 64 408
2271544,76 74 233
2271544,76 61 233
2272556,25 152 
2272581,23 69 
2273291,93 93 
2273312,01 103 
2273312,01 101 
2275342,84 100 
2275342,84 1
2275342,84 2111
2275342,84 11
2277324,28 25 
2277351,63 75 
2278559,56 72 
2278630,46 70 
2280150,88 80 
2280522,53 83 
2281212,29 64 690
2281471,85 74 244
2281471,85 61 244
2282483,12 151 
2282510,26 69 
2284017,76 93 
2284027,37 103 
2284027,37 101 
2286053,58 100 
2286053,58 1
2286053,58 2111
2286053,58 11
2288039,65 25 
2288068,03 75 
2289274,99 72 
2289345,88 70 
2290865,2 80 
2292224,19 83 
2292896,59 64 673
2293103,85 74 188
2293103,85 62 188
2294614,94 150 
2294638,29 68 
2294989,62 249
2295015,48 172 
2296645,85 92 
2296645,85 65 
2296661,95 103 
2296661,95 101 
2297189,94 100 
2297189,94 1
2297189,94 2111
2297189,94 11
2299168,17 25 
2299528,41 75 
2300737,75 72 
2301034,13 70 
2302654,29 80 
2303725,85 83 
2304103,1 64 378
2304289,19 74 164
2304289,19 62 164
2304800,27 150 
2304819,9 68 
2305293,56 249
2305385,39 172 
2306329,32 92 
2306329,32 65 
2306351,02 103 
2306351,02 101 
2306884,37 100 
2306884,37 1
2306884,37 2111
2306884,37 10
2308870,61 25 
2309444,11 75 
2310650,76 72 
2310723,24 70 
2312255,03 80 
2313614,88 83 
2313744,3 64 130
2313959,33 74 198
2313959,33 61 198
2315468,75 150 
2315495,25 68 
2317505,33 92 
2317505,33 65 
2317519,54 103 
2317519,54 101 
2318045,78 100 
2318045,78 1
2318045,78 2111
2318045,78 10
2320025,84 25 
2320492,68 75 
2321701,68 72 
2321771,79 70 
2323294,26 80 
2323664,09 83 
2324683,07 64 1020
2324874,96 74 172
2324874,96 61 172
2325386,8 150 
2325411,74 68 
2326322,28 92 
2326322,28 65 
2326342,34 103 
2326342,34 101 
2326872,41 100 
2326872,41 1
2326872,41 2111
2326872,41 10
2328848,69 25 
2329475,52 75 
2330682,35 72 
2330754,57 70 
2332275,34 80 
2333339,77 83 
2334548,85 64 1209
2334766,48 74 201
2334766,48 61 201
2335776,7 150 
2335807,14 68 
2336517,23 92 
2336517,23 65 
2336538,02 103 
2336538,02 101 
2337073,08 100 
2337073,08 1
2337073,08 2111
2337073,08 11
2339057,57 25 
2339457,79 75 
2340665,7 72 
2340736,92 70 
2342263,19 80 
2343335,37 83 
2343969,01 64 634
2344185,33 74 197
2344185,33 62 197
2344693,54 150 
2344723,28 68 
2345283,77 249
2345300,41 172 
2346235,33 92 
2346235,33 65 
2346253,73 103 
2346253,73 101 
2346780,11 100 
2346780,11 1
2346780,11 2111
2346780,11 10
2348760,02 25 
2349413,44 75 
2350623,8 72 
2350692,62 70 
2352223,24 80 
2352598,07 83 
2353657,91 64 1061
2353874,51 74 197
2353874,51 61 197
2354882,11 150 
2354906,56 68 
2355817,53 92 
2355817,53 65 
2355836,28 103 
2355836,28 101 
2356364,45 100 
2356364,45 1
2356364,45 2111
2356364,45 10
2358342,57 25 
2358716,42 75 
2359925,4 72 
2359995,24 70 
2361527,71 80 
2362900,21 83 
2363516,99 64 617
2363733,72 74 194
2363733,72 61 194
2365244,81 150 
2365274,45 68 
2367284,85 92 
2367284,85 65 
2367311,3 103 
2367311,3 101 
2367841,7 100 
2367841,7 1
2367841,7 2111
2367841,7 10
2369817,56 25 
2370044,57 75 
2371251,83 72 
2371323,69 70 
2372850,83 80 
2374228,74 83 
2375022,73 64 794
2375256,4 74 215
2375256,4 61 215
2375766,95 152 
2375789,87 69 
2376499,69 93 
2376520,69 103 
2376520,69 101 
2378546,8 100 
2378546,8 1
2378546,8 2111
2378546,8 10
2380532,94 25 
2380560,06 75 
2381767,73 72 
2381839,12 70 
2383361,93 80 
2383731,24 83 
2384670,98 64 940
2384875,78 74 185
2384875,78 61 185
2385884,86 150 
2385905,53 68 
2386608,13 249
2386628,86 92 
2386628,86 65 
2386649,64 103 
2386649,64 101 
2387179,08 100 
2387179,08 1
2387179,08 2111
2387179,08 11
2389155,87 25 
2389622,77 75 
2390833,05 72 
2390901,87 70 
2392423,8 80 
2393486,98 83 
2394212,95 64 727
2394426,96 74 194
2394426,96 62 194
2395938,85 150 
2395967,01 68 
2396587,06 249
2396878,16 92 
2396878,16 65 
2396898,48 103 
2396898,48 101 
2397428,81 100 
2397428,81 1
2397428,81 2111
2397428,81 10
2399404,76 25 
2399765,01 75 
2400973,99 72 
2401297,45 70 
2402912,84 80 
2403989,09 83 
2404530,3 64 542
2404739,77 74 192
2404739,77 61 192
2405249,02 150 
2405269,73 68 
2407279,8 92 
2407279,8 65 
2407294 103 
2407294 101 
2407820,6 100 
2407820,6 1
2407820,6 2111
2407820,6 11
2409800,28 25 
2410453,68 75 
2411661,29 72 
2411732,89 70 
2413260,21 80 
2414624,53 83 
2415166,57 64 542
2415395,18 74 211
2415395,18 61 211
2416406,29 151 
2416425,57 69 
2417937,27 93 
2417956,04 103 
2417956,04 101 
2419984,23 100 
2419984,23 1
2419984,23 2111
2419984,23 11
2421968,36 25 
2422941,71 75 
2424149,45 72 
2424220,8 70 
2425750,79 80 
2426112,86 83 
2429669,62 64 3557
2429868,36 74 184
2429868,36 61 184
2431377,71 151 
2431405,83 69 
2433415,72 93 
2433429,33 103 
2433429,33 101 
2435458,67 100 
2435458,67 1
2435458,67 2111
2435458,67 11
2437441,71 25 
2437469,63 75 
2438677,08 72 
2438747,86 70 
2440279,7 80 
2441346,29 83 
2445785,77 64 4439
2446048,72 74 238
2446048,72 61 238
2447058,95 151 
2447079 69 
2447986,15 93 
2447996,43 103 
2447996,43 101 
2450023 100 
2450023 1
2450023 2111
2450023 10
2452008,66 25 
2452036,5 75 
2453243,3 72 
2453314,86 70 
2454848,84 80 
2455220,3 83 
2457408,34 64 2188
2457646,58 74 214
2457646,58 61 214
2458153,81 150 
2458180,87 68 
2459692,15 92 
2459692,15 65 
2459711,3 103 
2459711,3 101 
2460238,63 100 
2460238,63 1
2460238,63 2111
2460238,63 11
2462217,6 25 
2462604,43 75 
2463813,32 72 
2463883,61 70 
2465405,4 80 
2466775,32 83 
2467129,86 64 355
2467407,99 74 260
2467407,99 61 260
2468920,18 151 
2468949,5 69 
2469659,44 93 
2469680,44 103 
2469680,44 101 
2471719,18 100 
2471719,18 1
2471719,18 2111
2471719,18 10
2473692,63 25 
2473720,66 75 
2474927,93 72 
2474998,8 70 
2476519,38 80 
2477583,95 83 
2477994,72 64 411
2478200,06 74 190
2478200,06 61 190
2479212,61 152 
2479239,36 69 
2481249,03 93 
2481261,95 103 
2481261,95 101 
2483288,14 100 
2483288,14 1
2483288,14 2111
2483288,14 11
2485274,3 25 
2493111,23 75 
2494319,83 72 
2494390,49 70 
2495906,46 80 
2496269,18 83 
2750343,66 64 254075
2750385,38 256 
2750632,84 74 275
2750632,84 61 275
2751143,87 151 
2751174,3 69 
2752083,4 93 
2752104,73 103 
2752104,73 101 
2754132,8 100 
2754132,8 1
2754132,8 2111
2754132,8 10
2756117 25 
2756144,47 75 
2757354,11 72 
2757423,27 70 
2758946,37 80 
2760328,17 83 
2815763,28 64 55436
2815995,9 74 213
2815995,9 61 213
2817505,47 150 
2817531,92 68 
2818243,25 92 
2818243,25 65 
2818262,76 103 
2818262,76 101 
2818794,3 100 
2818794,3 1
2818794,3 2111
2818794,3 10
2820769,01 25 
2820809,4 75 
2822016,79 72 
2822088,54 70 
2823606,31 80 
2824660,33 83 
2825190,33 64 530
2825435,4 74 229
2825435,4 61 229
2826947,5 150 
2826967,9 68 
2828477,96 92 
2828477,96 65 
2828498,3 103 
2828498,3 101 
2829027,46 100 
2829027,46 1
2829027,46 2111
2829027,46 11
2831004,68 25 
2831538,1 75 
2832746,68 72 
2832817,24 70 
2834338,67 80 
2834709,35 83 
2835682,5 64 973
2835891,27 74 196
2835891,27 62 196
2836401,34 150 
2836430,44 68 
2836904,36 249
2836946,18 172 
2837339,46 92 
2837339,46 65 
2837361,18 103 
2837361,18 101 
2837887,31 100 
2837887,31 1
2837887,31 2111
2837887,31 11
2839867,43 25 
2840187,67 75 
2841396,43 72 
2841466,89 70 
2842990,63 80 
2844358,5 83 
2844816,71 64 458
2845045,04 74 207
2845045,04 62 207
2846055,75 150 
2846079,6 68 
2846786,97 92 
2846786,97 65 
2846810,46 103 
2846810,46 101 
2847341,31 100 
2847341,31 1
2847341,31 2111
2847341,31 11
2849316,66 25 
2850196,63 75 
2851405,84 72 
2851477,49 70 
2852994,51 80 
2854060,93 83 
2854613,57 64 553
2854804,51 74 171
2854804,51 62 171
2855315,47 150 
2855341,54 68 
2855968,82 249
2857351,54 92 
2857351,54 65 
2857365,83 103 
2857365,83 101 
2857894,32 100 
2857894,32 1
2857894,32 2111
2857894,32 10
2859872,09 25 
2860485,52 75 
2861693,66 72 
2861764,72 70 
2863294,83 80 
2863656,83 83 
2865553,72 64 1897
2865788,55 74 213
2865788,55 61 213
2867298,05 150 
2867322,97 68 
2868836,08 92 
2868836,08 65 
2868854,2 103 
2868854,2 101 
2869381,92 100 
2869381,92 1
2869381,92 2111
2869381,92 11
2871361,28 25 
2872107,42 75 
2873314,96 72 
2873386,34 70 
2874908,8 80 
2876277,96 83 
2876414,63 64 137
2876625,48 74 188
2876625,48 61 188
2877633,26 151 
2877652,55 69 
2878362,08 93 
2878383,39 103 
2878383,39 101 
2880412,87 100 
2880412,87 1
2880412,87 2111
2880412,87 10
2882395,69 25 
2882422,82 75 
2883628,86 72 
2883701,87 70 
2885220,25 80 
2886580,18 83 
2890988,29 64 4409
2891232,8 74 228
2891232,8 61 228
2892243,28 150 
2892272,58 68 
2893780,29 92 
2893780,29 65 
2893803,4 103 
2893803,4 101 
2894333,14 100 
2894333,14 4
2894333,14 2111
2894333,14 10
2894333,14 78 
2894333,14 198 
2896309,78 25 
2897030,59 75 
2898237,04 72 
2898308,88 70 
2899841,21 80 
2900920,7 83 
2901563,12 64 643
2901815,66 74 229
2901815,66 61 229
2903327,27 151 
2903348,13 69 
2905358,82 93 
2905371,7 103 
2905371,7 101 
2907398,72 100 
2907398,72 4
2907398,72 2111
2907398,72 10
2909384 25 
2909411,81 75 
2910621,89 72 
2910690,21 70 
2912213,57 80 
2912582,39 83 
2914243,44 64 1661
2914474,4 74 213
2914474,4 61 213
2914983,4 151 
2915009,77 69 
2915925,12 93 
2915940,49 103 
2915940,49 101 
2917977,33 100 
2917977,33 4
2917977,33 2111
2917977,33 11
2919952,75 25 
2920859,43 75 
2922065,36 72 
2922138,59 70 
2923660,75 80 
2924030,62 83 
2926127,51 64 2097
2926345,47 74 196
2926345,47 62 196
2927354,97 151 
2927377,76 69 
2928085,25 93 
2928095,28 103 
2928095,28 101 
2930121,92 100 
2930121,92 4
2930121,92 2111
2930121,92 10
2932107,52 25 
2932135,49 75 
2933342,61 72 
2933413,68 70 
2934935,27 80 
2936012,18 83 
3163542,56 67 
3164365,07 67 
3166442,6 64 230431
3166719,55 74 261
3166719,55 61 261
3168227,16 153 
3168246,59 68 
3170258,81 92 
3170258,81 65 
3170283,68 103 
3170283,68 101 
3170810,77 100 
3170810,77 4
3170810,77 2111
3170810,77 11
3172789,96 25 
3172883,65 75 
3174090,73 72 
3174162,86 70 
3175679,8 80 
3177041,13 83 
3177107,55 64 67
3177368,08 74 248
3177368,08 62 248
3177880,43 151 
3177909,31 69 
3179417,92 93 
3179439,73 103 
3179439,73 101 
3181475,29 100 
3181475,29 4
3181475,29 2111
3181475,29 11
3183452,03 25 
3183480,08 75 
3184686,79 72 
3184758,2 70 
3186279,39 80 
3187356,64 83 
3187783,75 64 427
3188022,11 74 226
3188022,11 62 226
3189031,53 151 
3189050,37 69 
3189962,08 93 
3189981,85 103 
3189981,85 101 
3192009,67 100 
3192009,67 4
3192009,67 2111
3192009,67 10
3193994,11 25 
3194021,17 75 
3195230,09 72 
3195300,32 70 
3196824,72 80 
3197192,41 83 
3198650,99 64 1459
3198890,5 74 219
3198890,5 61 219
3199399,15 151 
3199433,4 69 
3200145,21 93 
3200164,1 103 
3200164,1 101 
3202190,96 100 
3202190,96 4
3202190,96 2111
3202190,96 10
3204176,4 25 
3204203,89 75 
3205414,67 72 
3205482,59 70 
3207008,58 80 
3208387,55 83 
3211872,56 64 3485
3212124,36 74 232
3212124,36 61 232
3213632,81 151 
3213653,78 69 
3214565,24 93 
3214584,53 103 
3214584,53 101 
3216616,58 100 
3216616,58 4
3216616,58 2111
3216616,58 11
3218597,75 25 
3218626,42 75 
3219832,81 72 
3219903,15 70 
3221419,12 80 
3222781,36 83 
3235623,12 64 12842
3235869,03 74 227
3235869,03 62 227
3236381,14 151 
3236403,98 69 
3238411,56 93 
3238427,52 103 
3238427,52 101 
3240453,71 100 
3240453,71 4
3240453,71 2111
3240453,71 11
3242439,84 25 
3242467,83 75 
3243677,09 72 
3243746,02 70 
3245269,94 80 
3245638,11 83 
3246839,6 64 1202
3247149,8 74 285
3247149,8 63 285
3248661,4 151 
3248692,03 69 
3250003,96 249 
3250283,39 256 
3251706,48 183 
3253208,41 93 
3253221,18 103 
3253221,18 101 
3255254 100 
3255254 4
3255254 2111
3255254 11
3257233,4 25 
3257260,71 75 
3258470,06 72 
3258539,61 70 
3260057,48 80 
3261111,39 83 
3261715,8 64 605
3261934,43 74 197
3261934,43 62 197
3262943,58 151 
3262979,24 69 
3263690,93 93 
3263709,96 103 
3263709,96 101 
3265740,36 100 
3265740,36 4
3265740,36 2111
3265740,36 10
3267722,24 25 
3267749,81 75 
3268956,24 72 
3269028,43 70 
3270561,56 80 
3270920,6 83 
3273013,12 64 2093
3273247,94 74 222
3273247,94 61 222
3274259,03 153 
3274280,95 68 
3275192,4 92 
3275192,4 65 
3275211,59 103 
3275211,59 101 
3275737,95 100 
3275737,95 4
3275737,95 2111
3275737,95 11
3277717,87 25 
3277878,19 75 
3279087,62 72 
3279157,36 70 
3280692,16 80 
3281769,12 83 
3282853,78 64 1085
3283145,75 74 270
3283145,75 63 270
3284654,61 151 
3284675,25 69 
3286183,92 93 
3286193,63 103 
3286193,63 101 
3288219,64 100 
3288219,64 4
3288219,64 2111
3288219,64 11
3290205,8 25 
3290233,1 75 
3291442,75 72 
3291512,18 70 
3293037,12 80 
3294416,99 83 
3294814,16 64 398
3295049,99 74 221
3295049,99 61 221
3295562,45 150 
3295591,7 68 
3297601,74 92 
3297601,74 65 
3297615,51 103 
3297615,51 101 
3298149,98 100 
3298149,98 4
3298149,98 2111
3298149,98 11
3300134,88 25 
3300215,21 75 
3301426,26 72 
3301494,35 70 
3303015,08 80 
3304092,8 83 
3304553,98 64 461
3304773,08 74 201
3304773,08 61 201
3306282,84 150 
3306306,99 68 
3307817,31 92 
3307817,31 65 
3307837,48 103 
3307837,48 101 
3308365,35 100 
3308365,35 4
3308365,35 2111
3308365,35 10
3310343,78 25 
3310703,98 75 
3311911,07 72 
3311983,14 70 
3313501,81 80 
3313861,98 83 
3315142,6 64 1281
3315358,61 74 191
3315358,61 62 191
3316365,91 150 
3316395,99 68 
3317305,62 92 
3317305,62 65 
3317326,69 103 
3317326,69 101 
3317855,41 100 
3317855,41 4
3317855,41 2111
3317855,41 10
3319833,85 25 
3320206,51 75 
3321414,42 72 
3321485,68 70 
3323012,98 80 
3324377,37 83 
3324654,83 64 278
3324857,75 74 187
3324857,75 62 187
3325370,58 150 
3325392,08 68 
3326106,27 92 
3326106,27 65 
3326122,92 103 
3326122,92 101 
3326652,06 100 
3326652,06 4
3326652,06 2111
3326652,06 11
3328629,21 25 
3331108,47 75 
3332317,08 72 
3332387,63 70 
3333911,55 80 
3334279,76 83 
3334924,74 64 645
3335153,85 74 209
3335153,85 61 209
3335663,17 150 
3335694,36 68 
3337702,38 92 
3337702,38 65 
3337717,86 103 
3337717,86 101 
3338245,19 100 
3338245,19 4
3338245,19 2111
3338245,19 10
3340224,2 25 
3340705,18 75 
3341912,77 72 
3341983,52 70 
3343506,21 80 
3344875,1 83 
3345429,17 64 555
3345652,9 74 205
3345652,9 62 205
3346661,4 150 
3346689,32 68 
3347400,81 92 
3347400,81 65 
3347420,42 103 
3347420,42 101 
3347946,89 100 
3347946,89 4
3347946,89 2111
3347946,89 10
3349926,62 25 
3350446,81 75 
3351654,41 72 
3351725,92 70 
3353253,12 80 
3354324,38 83 
3354943,13 64 619
3355153,98 74 191
3355153,98 62 191
3356662,56 150 
3356685,21 68 
3357090,44 249
3357171,28 172 
3358695,4 92 
3358695,4 65 
3358722,09 103 
3358722,09 101 
3359259,58 100 
3359259,58 4
3359259,58 2111
3359259,58 11
3361241,74 25 
3361788,54 75 
3362995,68 72 
3363067,69 70 
3364592,02 80 
3365652,81 83 
3366048,09 64 396
3366324,46 74 259
3366324,46 61 259
3367834,12 150 
3367852,99 68 
3368406,54 249
3368490,01 171
3368760,18 92 
3368760,18 65 
3368784,43 103 
3368784,43 101 
3369311,55 100 
3369311,55 4
3369311,55 2111
3369311,55 10
3371290,72 25 
3371770,83 75 
3372978,34 72 
3373050,1 70 
3374574,97 80 
3375955,05 83 
3376463,76 64 509
3376681,65 74 194
3376681,65 62 194
3377692,76 150 
3377716,09 68 
3379226,6 92 
3379226,6 65 
3379246,54 103 
3379246,54 101 
3379773,54 100 
3379773,54 4
3379773,54 2111
3379773,54 10
3381752,82 25 
3381833,16 75 
3383041,06 72 
3383112,36 70 
3384637,24 80 
3385004,5 83 
3386212,88 64 1209
3386437,48 74 207
3386437,48 62 207
3386945,36 150 
3386965,41 68 
3387391,99 249
3387674,69 92 
3387674,69 65 
3387696,31 103 
3387696,31 101 
3388224,69 100 
3388224,69 4
3388224,69 2111
3388224,69 11
3390202,61 25 
3390750,38 75 
3391959,9 72 
3392028,5 70 
3393554,69 80 
3393920,57 83 
3395111,32 64 1191
3395350,38 74 217
3395350,38 61 217
3396862,09 150 
3396880,37 68 
3398889,1 92 
3398889,1 65 
3398904,71 103 
3398904,71 101 
3399430,98 100 
3399430,98 4
3399430,98 2111
3399430,98 10
3401410,98 25 
3401837,88 75 
3403046,1 72 
3403117,02 70 
3404635,63 80 
3405995,35 83 
3406594,43 64 599
3406810 74 202
3406810 62 202
3407818,22 150 
3407836,46 68 
3408341,01 249
3408437,22 172 
3408745,89 92 
3408745,89 65 
3408767,95 103 
3408767,95 101 
3409295,86 100 
3409295,86 4
3409295,86 2111
3409295,86 10
3411273,44 25 
3411886,8 75 
3413095,93 72 
3413166 70 
3414683,02 80 
3415764,46 83 
3417596,01 64 1832
3417820,52 74 204
3417820,52 62 204
3418330,7 150 
3418351,1 68 
3419652,52 249
3419862,48 92 
3419862,48 65 
3419882,29 103 
3419882,29 101 
3420417,08 100 
3420417,08 4
3420417,08 2111
3420417,08 10
3422401,89 25 
3422935,42 75 
3424144,78 72 
3424214,55 70 
3425742,36 80 
3427106,19 83 
3428902,49 64 1797
3429134,18 74 216
3429134,18 61 216
3429641,26 151 
3429666,91 69 
3431675,31 93 
3431690,55 103 
3431690,55 101 
3433717,99 100 
3433717,99 4
3433717,99 2111
3433717,99 11
3435702,88 25 
3435730,95 75 
3436940,18 72 
3437009,02 70 
3438534,73 80 
3439607,45 83 
3440112,41 64 505
3440325,32 74 198
3440325,32 61 198
3441835,02 150 
3441860,91 68 
3443369,74 92 
3443369,74 65 
3443392,14 103 
3443392,14 101 
3443920,64 100 
3443920,64 4
3443920,64 2111
3443920,64 11
3445898,37 25 
3446072 75 
3447280,75 72 
3447351,19 70 
3448872,36 80 
3449229,95 83 
3450183,73 64 954
3450434,34 74 232
3450434,34 61 232
3451446,31 150 
3451470,8 68 
3452378,14 92 
3452378,14 65 
3452401,55 103 
3452401,55 101 
3452930,84 100 
3452930,84 4
3452930,84 2111
3452930,84 11
3454907,82 25 
3455134,78 75 
3456343,86 72 
3456413,94 70 
3457936,66 80 
3459305,59 83 
3460168,92 64 864
3460383,98 74 199
3460383,98 61 199
3461392,35 152 
3461413,17 69 
3462123 93 
3462144,02 103 
3462144,02 101 
3464175,45 100 
3464175,45 4
3464175,45 2111
3464175,45 11
3466156,33 25 
3473380,25 75 
3474586,98 72 
3474659,36 70 
3476176,42 80 
3477231,2 83 
3478347,62 64 1117
3478590,66 74 227
3478590,66 61 227
3479103,77 150 
3479125,52 68 
3480638,01 92 
3480638,01 65 
3480656,06 103 
3480656,06 101 
3481182,34 100 
3481182,34 4
3481182,34 2111
3481182,34 10
3483162,27 25 
3483575,77 75 
3484786,11 72 
3484855,01 70 
3486373,64 80 
3486747,09 83 
3488985,62 64 2239
3489183,22 74 184
3489183,22 62 184
3490695,54 152 
3490720,52 69 
3491430,3 93 
3491451,32 103 
3491451,32 101 
3493484,09 100 
3493484,09 4
3493484,09 2111
3493484,09 11
3495463,61 25 
3495504,26 75 
3496712,82 72 
3496783,12 70 
3498307,52 80 
3499674,79 83 
3500214,28 64 540
3500407,27 74 173
3500407,27 62 173
3500919,41 151 
3500942,8 69 
3501904,54 249 
3502088,47 182 
3502290,15 256 
3513500,58 93 
3513521,75 103 
3513521,75 101 
3515547,98 100 
3515547,98 4
3515547,98 2111
3515547,98 11
3517534,04 25 
3517562,23 75 
3518768,02 72 
3518840,3 70 
3519231,44 250 
3519239,28 101 
3521252,45 100 
3521252,45 4
3521252,45 2111
3521252,45 11
3521252,45 25 
3523651,77 75 
3524860,73 72 
3524876,78 70 
3526084,03 80 
3527156,21 83 
3527777,24 64 621
3528120,58 74 325
3528120,58 61 325
3529630,5 150 
3529650,4 68 
3530557,9 92 
3530557,9 65 
3530581,03 103 
3530581,03 101 
3531110,67 100 
3531110,67 4
3531110,67 2111
3531110,67 10
3533087,36 25 
3533114,43 75 
3534322,23 72 
3534393,51 70 
3535912,93 80 
3536285,6 83 
3537096,87 64 812
3537308,68 74 197
3537308,68 62 197
3538321,26 150 
3538339,93 68 
3538719,05 249
3538780,79 172 
3540349,66 92 
3540349,66 65 
3540376,83 103 
3540376,83 101 
3540909,69 100 
3540909,69 4
3540909,69 2111
3540909,69 11
3542883,27 25 
3543296,65 75 
3544505,72 72 
3544575,79 70 
3546095,96 80 
3546467,86 83 
3547212,23 64 745
3547449,28 74 222
3547449,28 61 222
3547961,95 150 
3547988,33 68 
3549497,84 92 
3549497,84 65 
3549519,51 103 
3549519,51 101 
3550046,65 100 
3550046,65 4
3550046,65 2111
3550046,65 10
3552025,82 25 
3552505,98 75 
3553714,29 72 
3553785,21 70 
3555317,98 80 
3556690,08 83 
3557176,28 64 487
3557371,17 74 175
3557371,17 62 175
3558879,11 150 
3558904,33 68 
3559615,97 92 
3559615,97 65 
3559635,15 103 
3559635,15 101 
3560163,22 100 
3560163,22 4
3560163,22 2111
3560163,22 10
3562141,47 25 
3562368,35 75 
3563576,05 72 
3563647,59 70 
3565176,8 80 
3566245,99 83 
3566892,65 64 647
3567139,45 74 227
3567139,45 62 227
3568148,24 150 
3568166,98 68 
3568611,25 249
3568672,17 172 
3569078,52 92 
3569078,52 65 
3569097,72 103 
3569097,72 101 
3569632,22 100 
3569632,22 4
3569632,22 2111
3569632,22 10
3571617,32 25 
3572097,49 75 
3573305,52 72 
3573376,65 70 
3574892,55 80 
3575948,44 83 
3576336,54 64 388
3576529,88 74 182
3576529,88 62 182
3577540,09 150 
3577562,95 68 
3578753,03 249
3579018,44 172 
3579072,52 92 
3579072,52 65 
3579093,37 103 
3579093,37 101 
3579620,73 100 
3579620,73 4
3579620,73 2111
3579620,73 11
3581599,67 25 
3582066,57 75 
3583272,91 72 
3583585,6 70 
3585214,1 80 
3586583,96 83 
3586862,9 64 279
3587083,78 74 208
3587083,78 61 208
3587593,84 150 
3587612,06 68 
3588158,47 249
3588520,33 92 
3588520,33 65 
3588542,64 103 
3588542,64 101 
3589071,03 100 
3589071,03 4
3589071,03 2111
3589071,03 11
3591048,88 25 
3591182,55 75 
3592392,25 72 
3592461,75 70 
3593979,99 80 
3594340,47 83 
3594967,88 64 628
3595171,37 74 178
3595171,37 61 178
3596680,79 150 
3596700,62 68 
3597412,5 92 
3597412,5 65 
3597432,16 103 
3597432,16 101 
3597963,16 100 
3597963,16 4
3597963,16 2111
3597963,16 11
3599938,38 25 
3600658,44 75 
3601867,17 72 
3601937,6 70 
3603460,28 80 
3604522,73 83 
3605063,81 64 542
3605254,35 74 172
3605254,35 61 172
3606266,06 150 
3606283,54 68 
3608292,19 92 
3608292,19 65 
3608307,39 103 
3608307,39 101 
3608833,63 100 
3608833,63 4
3608833,63 2111
3608833,63 10
3610813,71 25 
3610974,2 75 
3612183,23 72 
3612253,26 70 
3613780,84 80 
3614145,31 83 
3615148,61 64 1003
3615360,43 74 189
3615360,43 62 189
3615869,83 150 
3615893,02 68 
3616802,62 92 
3616802,62 65 
3616823,72 103 
3616823,72 101 
3617351,12 100 
3617351,12 4
3617351,12 2111
3617351,12 10
3619330,07 25 
3620383,28 75 
3621591,54 72 
3621662,4 70 
3623185,36 80 
3624554,05 83 
3624972,73 64 419
3625192,38 74 199
3625192,38 61 199
3626700,95 151 
3626728,23 69 
3628235,81 93 
3628245,57 103 
3628245,57 101 
3630276,95 100 
3630276,95 4
3630276,95 2111
3630276,95 10
3632257,77 25 
3638455,39 75 
3639663,68 72 
3639734,59 70 
3641255,27 80 
3642626,22 83 
3643092,91 64 467
3643361,95 74 243
3643361,95 61 243
3643873,25 151 
3643894,59 69 
3644604,92 93 
3644625,05 103 
3644625,05 101 
3646656,54 100 
3646656,54 4
3646656,54 2111
3646656,54 11
3648637,4 25 
3648664,54 75 
3649872,08 72 
3649943,47 70 
3651461,68 80 
3651822,33 83 
3652672,29 64 850
3652899,28 74 211
3652899,28 62 211
3654409,73 153 
3654435,57 68 
3654780,77 249
3654950,09 172 
3656447,09 92 
3656447,09 65 
3656460,16 103 
3656460,16 101 
3656986,21 100 
3656986,21 4
3656986,21 2111
3656986,21 11
3658966,17 25 
3659486,36 75 
3660693,19 72 
3660765,47 70 
3662292,7 80 
3663363,94 83 
3663675,51 64 312
3663909,88 74 214
3663909,88 61 214
3664919,7 150 
3664938,49 68 
3666447,45 92 
3666447,45 65 
3666468,93 103 
3666468,93 101 
3666998,71 100 
3666998,71 4
3666998,71 2111
3666998,71 10
3668975,15 25 
3669255,46 75 
3670463,95 72 
3670534,63 70 
3672061,26 80 
3672426,66 83 
3674818,81 64 2393
3675013,95 74 176
3675013,95 62 176
3676022,32 150 
3676040,57 68 
3676489,68 249
3676535,99 172 
3678049,39 92 
3678049,39 65 
3678063,86 103 
3678063,86 101 
3678590,08 100 
3678590,08 4
3678590,08 2111
3678590,08 11
3680570,13 25 
3680970,34 75 
3682179,04 72 
3682249,59 70 
3683767,52 80 
3685181,13 83 
3686374,67 64 1194
3686615,62 74 222
3686615,62 61 222
3687127,62 150 
3687154,76 68 
3687866,13 92 
3687866,13 65 
3687886,28 103 
3687886,28 101 
3688415,47 100 
3688415,47 4
3688415,47 2111
3688415,47 10
3690392,58 25 
3690992,73 75 
3692201,24 72 
3692271,86 70 
3693805,8 80 
3695176,89 83 
3696179,28 64 1003
3696440,84 74 239
3696440,84 61 239
3697950,91 151 
3697977,49 69 
3698885,79 93 
3698894,89 103 
3698894,89 101 
3700936,79 100 
3700936,79 4
3700936,79 2111
3700936,79 10
3702920,47 25 
3702948,55 75 
3704154,93 72 
3704226,7 70 
3705744,69 80 
3706798,54 83 
3707754,87 64 957
3707948,17 74 177
3707948,17 62 177
3709457,81 150 
3709478,92 68 
3709907,83 249
3710016,79 172 
3710989,38 92 
3710989,38 65 
3711009,63 103 
3711009,63 101 
3711538,26 100 
3711538,26 4
3711538,26 2111
3711538,26 10
3713515,89 25 
3713876,09 75 
3715086,24 72 
3715155,31 70 
3716679,37 80 
3717060,76 83 
3717796,98 64 737
3717984,4 74 164
3717984,4 62 164
3718995,26 150 
3719021,85 68 
3719444,62 249
3719548,09 172 
3719933,68 92 
3719933,68 65 
3719952,45 103 
3719952,45 101 
3720479,58 100 
3720479,58 4
3720479,58 2111
3720479,58 10
3722458,67 25 
3723072,15 75 
3724281,52 72 
3724351,29 70 
3725876,43 80 
3727242,93 83 
3727677,57 64 435
3727888,58 74 193
3727888,58 62 193
3728397,76 150 
3728417,62 68 
3730426,95 92 
3730426,95 65 
3730441,22 103 
3730441,22 101 
3730970,7 100 
3730970,7 4
3730970,7 2111
3730970,7 11
3732947,55 25 
3733374,32 75 
3734581,42 72 
3734653,5 70 
3736187,01 80 
3736545,54 83 
3737840,42 64 1295
3737996,93 74 133
3737996,93 61 133
3738508,46 150 
3738532,51 68 
3739241,67 92 
3739241,67 65 
3739264,16 103 
3739264,16 101 
3739791,57 100 
3739791,57 4
3739791,57 2111
3739791,57 10
3741770,37 25 
3742090,53 75 
3743300,34 72 
3743369,82 70 
3744887,95 80 
3745954,87 83 
3747797,5 64 1843
3748034,51 74 214
3748034,51 61 214
3749045,84 151 
3749075,37 69 
3751088,16 93 
3751098,92 103 
3751098,92 101 
3753127 100 
3753127 4
3753127 2111
3753127 11
3755111,28 25 
3758630,06 75 
3759837,01 72 
3759909,21 70 
3761443,85 80 
3761945,41 250 
3761960,81 101 
3763974,03 100 
3763974,03 4
3763974,03 2111
3763974,03 11
3763974,03 25 
3764002,13 75 
3764101,22 250 
3764119,51 101 
3766133,1 100 
3766133,1 4
3766133,1 2111
3766133,1 11
3766133,1 25 
3766159,79 75 
3767367,87 72 
3767439,34 70 
3768961,83 80 
3770331 83 
3770462,74 64 132
3770909,4 74 432
3770909,4 62 432
3772421,18 151 
3772438,65 69 
3773667,18 249 
3773950,36 93 
3773969,02 103 
3773969,02 101 
3775999,22 100 
3775999,22 4
3775999,22 2111
3775999,22 10
3777981,32 25 
3778009,04 75 
3779216,26 72 
3779287,52 70 
3780809,25 80 
3781885,93 83 
3783478,45 64 1593
3783684,28 74 186
3783684,28 62 186
3784194,84 150 
3784220,26 68 
3785130 92 
3785130 65 
3785150,86 103 
3785150,86 101 
3785677,19 100 
3785677,19 4
3785677,19 2111
3785677,19 11
3787657,2 25 
3788137,39 75 
3789347,62 72 
3789656,51 70 
3791273,26 80 
3791641,74 83 
3792141,94 64 501
3792369,25 256 
3792443,34 74 282
3792443,34 62 282
3793955,71 151 
3793975,25 69 
3794684,62 93 
3794706,73 103 
3794706,73 101 
3796733,74 100 
3796733,74 4
3796733,74 2111
3796733,74 11
3798718,99 25 
3799825,54 75 
3800663,86 250 
3800677 101 
3802690,61 100 
3802690,61 4
3802690,61 2111
3802690,61 11
3802690,61 25 
3803836,45 75 
3803869,42 250 
3803888,95 101 
3805902,63 100 
3805902,63 4
3805902,63 2111
3805902,63 11
3805902,63 25 
3805928,88 75 
3807139,26 72 
3807208,76 70 
3808737,2 80 
3809967,66 250 
3809980,01 101 
3811993,24 100 
3811993,24 4
3811993,24 2111
3811993,24 11
3811993,24 25 
3812060,25 75 
3812067,1 250 
3812085,49 101 
3814099 100 
3814099 4
3814099 2111
3814099 11
3814099 25 
3814924,93 75 
3816131,12 72 
3816206,51 70 
3817728,15 80 
3819096,49 83 
3820150,75 64 1053
3820403,81 74 229
3820403,81 61 229
3821414,92 150 
3821443,43 68 
3822952,77 92 
3822952,77 65 
3822974,51 103 
3822974,51 101 
3823506,82 100 
3823506,82 4
3823506,82 2111
3823506,82 11
3825481,71 25 
3826147,5 75 
3827355,61 72 
3827428,27 70 
3828947,28 80 
3830110,48 250 
3830117,95 101 
3832131,24 100 
3832131,24 4
3832131,24 2111
3832131,24 11
3832131,24 25 
3832771,28 75 
3833980,64 72 
3834050,51 70 
3835579,64 80 
3836955,46 83 
3837636,03 64 681
3837838,54 74 190
3837838,54 62 190
3838850,79 153 
3838876,42 68 
3839258,52 249
3839368,25 172 
3839783,06 92 
3839783,06 65 
3839807,22 103 
3839807,22 101 
3840335,69 100 
3840335,69 5
3840335,69 2111
3840335,69 10
3840335,69 78 
3840335,69 198 
3842313,47 25 
3842487,17 75 
3843694,46 72 
3843766,27 70 
3845284,34 80 
3846351,36 83 
3849516,89 64 3166
3849727,34 74 191
3849727,34 62 191
3850236,49 151 
3850257,8 69 
3852266,37 93 
3852281,8 103 
3852281,8 101 
3854308,14 100 
3854308,14 5
3854308,14 2111
3854308,14 11
3856294,06 25 
3856321,32 75 
3857529,67 72 
3857600,3 70 
3859123,57 80 
3859492,34 83 
3863284,61 64 3792
3863530,58 74 227
3863530,58 61 227
3865039,98 151 
3865064,38 69 
3865776,66 93 
3865795,93 103 
3865795,93 101 
3867829,87 100 
3867829,87 5
3867829,87 2111
3867829,87 11
3869808,22 25 
3870528,39 75 
3871735,88 72 
3871807,47 70 
3873329,71 80 
3874405,88 83 
3880684,13 64 6279
3880903,97 74 208
3880903,97 62 208
3882414,77 150 
3882444,34 68 
3883954,93 92 
3883954,93 65 
3883974,77 103 
3883974,77 101 
3884501,71 100 
3884501,71 5
3884501,71 2111
3884501,71 11
3886481,01 25 
3886774,58 75 
3887981,87 72 
3888053,81 70 
3889576,19 80 
3890292,33 83 
3893096,37 64 2804
3893280,78 74 164
3893280,78 62 164
3894292,03 150 
3894318,39 68 
3894659,7 249
3895028,97 92 
3895028,97 65 
3895049,92 103 
3895049,92 101 
3895576,95 100 
3895576,95 5
3895576,95 2111
3895576,95 10
3897556,2 25 
3898329,61 75 
3899539,46 72 
3899608,76 70 
3901133,88 80 
3902500,39 83 
3903559,2 64 1059
3903821,96 74 243
3903821,96 62 243
3904333,65 151 
3904354,42 69 
3905265,25 93 
3905285,51 103 
3905285,51 101 
3907319,37 100 
3907319,37 5
3907319,37 2111
3907319,37 11
3909297,86 25 
3909324,99 75 
3910532,34 72 
3910604,03 70 
3912131,55 80 
3913202,42 83 
3919496,24 64 6293
3919776,49 74 257
3919776,49 61 257
3920787,79 153 
3920813,64 68 
3922825,47 92 
3922825,47 65 
3922851,24 103 
3922851,24 101 
3923378,5 100 
3923378,5 5
3923378,5 2111
3923378,5 10
3925357,5 25 
3926038,72 75 
3927245,85 72 
3927316,81 70 
3928843,39 80 
3930208,42 83 
3931653,29 64 1445
3931870,32 74 196
3931870,32 61 196
3932380,19 151 
3932408,62 69 
3933321,24 93 
3933340,01 103 
3933340,01 101 
3935366,42 100 
3935366,42 5
3935366,42 2111
3935366,42 10
3937352,31 25 
3937380,32 75 
3938587,77 72 
3938658,56 70 
3940185,02 80 
3940550,58 83 
3944864,42 64 4314
3945071,67 74 190
3945071,67 62 190
3946580,71 151 
3946603,18 69 
3948111,23 93 
3948133,64 103 
3948133,64 101 
3950164,13 100 
3950164,13 5
3950164,13 2111
3950164,13 10
3952145,95 25 
3952173,53 75 
3953384,19 72 
3953452,22 70 
3954972,58 80 
3956344,58 83 
4201932,65 64 245589
4202247,97 74 291
4202247,97 62 291
4203756,45 151 
4203785,18 69 
4204493,4 93 
4204502,77 103 
4204502,77 101 
4206529,11 100 
4206529,11 5
4206529,11 2111
4206529,11 11
4208514,93 25 
4208542,26 75 
4209751,41 72 
4209821,14 70 
4211349,96 80 
4211713,22 83 
4213992,86 64 2280
4214196,41 74 178
4214196,41 62 178
4215207,92 150 
4215233,58 68 
4217240,66 92 
4217240,66 65 
4217257,13 103 
4217257,13 101 
4217789,87 100 
4217789,87 5
4217789,87 2111
4217789,87 11
4219763,41 25 
4219791,35 75 
4221000,57 72 
4221069,6 70 
4222595,05 80 
4223668,03 83 
4224276,52 64 609
4224455,92 74 162
4224455,92 62 162
4224966,68 152 
4224988,24 69 
4225897,35 93 
4225906,79 103 
4225906,79 101 
4227937,28 100 
4227937,28 5
4227937,28 2111
4227937,28 10
4229919 25 
4229946,51 75 
4231156,05 72 
4231225,26 70 
4232743,08 80 
4234103,51 83 
4239481,78 64 5378
4239699,15 74 199
4239699,15 62 199
4240209,14 151 
4240234,96 69 
4240945,01 93 
4240966,88 103 
4240966,88 101 
4242993,27 100 
4242993,27 5
4242993,27 2111
4242993,27 11
4244979,16 25 
4245006,63 75 
4246214,76 72 
4246285,38 70 
4247816,55 80 
4248177,47 83 
4249437,65 64 1260
4249637,52 74 181
4249637,52 62 181
4250645,54 150 
4250670,85 68 
4251312,64 249
4252179,59 92 
4252179,59 65 
4252202,02 103 
4252202,02 101 
4252729,31 100 
4252729,31 5
4252729,31 2111
4252729,31 11
4254708,27 25 
4255108,66 75 
4256317,17 72 
4256387,69 70 
4257912,11 80 
4258986,21 83 
4261099,08 64 2114
4261295,2 74 177
4261295,2 62 177
4262803,63 150 
4262825,54 68 
4264837,12 92 
4264837,12 65 
4264850,11 103 
4264850,11 101 
4265383,47 100 
4265383,47 5
4265383,47 2111
4265383,47 11
4267369,47 25 
4267849,68 75 
4269057,81 72 
4269128,81 70 
4270649,92 80 
4272020,48 83 
4272975,47 64 955
4273177,08 74 184
4273177,08 62 184
4274185,83 150 
4274207,27 68 
4275116,78 92 
4275116,78 65 
4275138,74 103 
4275138,74 101 
4275664,92 100 
4275664,92 5
4275664,92 2111
4275664,92 10
4277645 25 
4277791,97 75 
4278999,17 72 
4279071,16 70 
4280593,48 80 
4281669,62 83 
4283858,66 64 2189
4284094,75 74 213
4284094,75 62 213
4285603,9 151 
4285628,66 69 
4286295,76 249 
4303681,83 256 
4305940,63 93 
4305952,06 103 
4305952,06 101 
4307978,39 100 
4307978,39 5
4307978,39 2111
4307978,39 10
4309964,35 25 
4309992,34 75 
4311200,85 72 
4311523,83 70 
4313140,88 80 
4313522,57 83 
4315938,37 64 2416
4316145,05 74 184
4316145,05 62 184
4316655,56 151 
4316682,28 69 
4317389,8 93 
4317400,52 103 
4317400,52 101 
4319432,9 100 
4319432,9 5
4319432,9 2111
4319432,9 10
4321412,74 25 
4321440,06 75 
4322648,19 72 
4322719,05 70 
4324243,61 80 
4325610,61 83 
4326737,52 64 1127
4326985,41 74 229
4326985,41 61 229
4327494,17 151 
4327518,39 69 
4329028,28 93 
4329048,76 103 
4329048,76 101 
4331076,17 100 
4331076,17 5
4331076,17 2111
4331076,17 10
4333061,05 25 
4333088,6 75 
4334298 72 
4334367,23 70 
4335895,4 80 
4336965,69 83 
4337722,83 64 758
4337964,25 74 226
4337964,25 62 226
4339475,67 151 
4339499,87 69 
4340468,1 249 
4341179,64 182 
4341511,97 93 
4341523,33 103 
4341523,33 101 
4343549,63 100 
4343549,63 5
4343549,63 2111
4343549,63 11
4345535,63 25 
4345563,82 75 
4346771,26 72 
4346841,88 70 
4348356,77 80 
4348720,67 83 
4350015,59 64 1295
4350205,78 74 166
4350205,78 62 166
4351214,35 150 
4351240,59 68 
4351625,43 249
4352750,8 92 
4352750,8 65 
4352771,8 103 
4352771,8 101 
4353308,58 100 
4353308,58 5
4353308,58 2111
4353308,58 11
4355291,42 25 
4355319,22 75 
4356524,86 72 
4356597,64 70 
4358124,41 80 
4359182,71 83 
4359920,92 64 739
4360119,93 74 178
4360119,93 62 178
4360626,89 150 
4360649,85 68 
4361358,45 92 
4361358,45 65 
4361381,44 103 
4361381,44 101 
4361908,51 100 
4361908,51 5
4361908,51 2111
4361908,51 10
4363887,74 25 
4363914,88 75 
4365122,16 72 
4365193,88 70 
4366725,89 80 
4368085,67 83 
4370168,59 64 2083
4370442,87 74 252
4370442,87 61 252
4371453,89 151 
4371472,74 69 
4372383,6 93 
4372403,3 103 
4372403,3 101 
4374431,73 100 
4374431,73 5
4374431,73 2111
4374431,73 11
4376415,63 25 
4376443,3 75 
4377648,91 72 
4377721,83 70 
4379250,77 80 
4379613,86 83 
4381492,91 64 1880
4381512,58 256 
4381736,12 74 230
4381736,12 61 230
4383244,56 151 
4383267,49 69 
4384179,94 93 
4384198,23 103 
4384198,23 101 
4386242,19 100 
4386242,19 5
4386242,19 2111
4386242,19 11
4388223,82 25 
4398224,6 254 
4398232,24 101 
4400244,55 100 
4400244,55 5
4400244,55 2111
4400244,55 11
4400244,55 25 
4401298,57 75 
4402504,92 72 
4402577,77 70 
4402908,69 250 
4402923,39 101 
4404936,64 100 
4404936,64 5
4404936,64 2111
4404936,64 11
4404936,64 25 
4414937,21 254 
4414958,19 101 
4416970,63 100 
4416970,63 5
4416970,63 2111
4416970,63 11
4416970,63 25 
4416998,71 75 
4418206,48 72 
4418223,41 70 
4419429,94 80 
4421142,7 83 
4424229,42 64 3087
4426016,88 256 
4426025,54 74 1778
4426025,54 61 1778
4426536,98 151 
4426555,14 69 
4428068,04 93 
4428085,86 103 
4428085,86 101 
4430112,89 100 
4430112,89 5
4430112,89 2111
4430112,89 10
4432098,17 25 
4432126,66 75 
4433336,29 72 
4433404,37 70 
4434939,01 80 
4435309,76 83 
4436421,22 64 1112
4436621,13 74 179
4436621,13 62 179
4437632,57 153 
4437656,53 68 
4438368,14 92 
4438368,14 65 
4438388,07 103 
4438388,07 101 
4438915,48 100 
4438915,48 5
4438915,48 2111
4438915,48 10
4440894,35 25 
4441107,96 75 
4442316,49 72 
4442387,17 70 
4443904,81 80 
4444972,26 83 
4445435,01 64 463
4445683,78 74 233
4445683,78 61 233
4447194,74 151 
4447213,33 69 
4449222,58 93 
4449236,8 103 
4449236,8 101 
4451271,61 100 
4451271,61 5
4451271,61 2111
4451271,61 10
4453249,1 25 
4453277,42 75 
4454484,85 72 
4454555,26 70 
4456087,11 80 
4457473,51 83 
4458281,85 64 809
4458483,66 74 184
4458483,66 62 184
4458994,53 151 
4459021,35 69 
4459680,37 249 
4460042,74 182 
4460356,39 256 
4479629,92 93 
4479650,23 103 
4479650,23 101 
4481676,31 100 
4481676,31 5
4481676,31 2111
4481676,31 11
4483662,56 25 
4483689,75 75 
4484898,64 72 
4484968,71 70 
4486497,54 80 
4486874,14 83 
4490687,9 64 3815
4490911,02 74 199
4490911,02 61 199
4491920,84 151 
4491939,69 69 
4493951,09 93 
4493964,04 103 
4493964,04 101 
4495991,52 100 
4495991,52 5
4495991,52 2111
4495991,52 10
4497976,31 25 
4498004,54 75 
4499211,81 72 
4499282,5 70 
4500804,95 80 
4501880,97 83 
4502384,97 64 505
4502610,51 74 210
4502610,51 61 210
4504120,99 151 
4504148,48 69 
4504856,58 93 
4504866,02 103 
4504866,02 101 
4506894,63 100 
4506894,63 5
4506894,63 2111
4506894,63 11
4508878,25 25 
4513090,18 75 
4514299,27 72 
4514369,3 70 
4515887,11 80 
4516248,06 83 
4517591,76 64 1344
4527610,04 252 
4527616,11 101 
4529629,29 100 
4529629,29 5
4529629,29 2111
4529629,29 11
4529629,29 25 
4530682,98 75 
4531892,89 72 
4532214,93 70 
4533831,17 80 
4534200,39 83 
4535028,81 64 829
4535163,82 74 111
4535163,82 61 111
4536175,73 151 
4536201,38 69 
4537110,27 93 
4537132,06 103 
4537132,06 101 
4539162,09 100 
4539162,09 5
4539162,09 2111
4539162,09 11
4541144,35 25 
4551146,65 254 
4551165,87 101 
4553178,39 100 
4553178,39 5
4553178,39 2111
4553178,39 11
4553178,39 25 
4563180,59 254 
4563200,63 101 
4565213,13 100 
4565213,13 5
4565213,13 2111
4565213,13 11
4565213,13 25 
4565241,95 75 
4565540,8 250 
4565559,26 101 
4567572,84 100 
4567572,84 5
4567572,84 2111
4567572,84 11
4567572,84 25 
4577572,76 254 
4577581,07 101 
4579593,57 100 
4579593,57 5
4579593,57 2111
4579593,57 11
4579593,57 25 
4583139,07 75 
4584348,67 72 
4584419,01 70 
4585939,78 80 
4587017,42 83 
4588225,15 64 1208
4588413,43 74 170
4588413,43 62 170
4589925,63 150 
4589952,31 68 
4590662,12 92 
4590662,12 65 
4590682,18 103 
4590682,18 101 
4591208,68 100 
4591208,68 5
4591208,68 2111
4591208,68 10
4593188,48 25 
4593841,93 75 
4595049,55 72 
4595121,27 70 
4596646,92 80 
4598012,68 83 
4598436,72 64 424
4598633,27 74 181
4598633,27 62 181
4599144,45 151 
4599174,02 69 
4600684,73 93 
4600704,49 103 
4600704,49 101 
4602734,35 100 
4602734,35 5
4602734,35 2111
4602734,35 11
4604716,77 25 
4604745,22 75 
4605952,95 72 
4606022,97 70 
4606877,69 250 
4606888,41 101 
4608901,7 100 
4608901,7 5
4608901,7 2111
4608901,7 11
4608901,7 25 
4612193,91 75 
4613402 72 
4613418,96 70 
4614630,23 80 
4615005,38 83 
4620496,53 64 5491
4620699,36 74 190
4620699,36 61 190
4621708,93 153 
4621737,85 68 
4623748,06 92 
4623748,06 65 
4623774,5 103 
4623774,5 101 
4624300,76 100 
4624300,76 5
4624300,76 2111
4624300,76 10
4626280,83 25 
4626361,15 75 
4627570,8 72 
4627640,4 70 
4629166,85 80 
4630351,14 250 
4630371,57 101 
4632384,85 100 
4632384,85 5
4632384,85 2111
4632384,85 10
4632384,85 25 
4633424,76 75 
4633847,25 250 
4633863,02 101 
4635876,62 100 
4635876,62 5
4635876,62 2111
4635876,62 10
4635876,62 25 
4636356,01 75 
4637567,55 72 
4637875,85 70 
4639548,12 80 
4641127,36 83 
4641485,88 64 359
4641727,03 74 227
4641727,03 62 227
4643236,03 151 
4643261,72 69 
4643945,05 249 
4644171,08 93 
4644192,36 103 
4644192,36 101 
4646219,69 100 
4646219,69 5
4646219,69 2111
4646219,69 11
4648204,67 25 
4649044,72 75 
4650253,47 72 
4650323,83 70 
4651849,11 80 
4652908,9 83 
4653978,46 64 1070
4654416,23 74 415
4654416,23 62 415
4654925,23 150 
4654949,95 68 
4655479,24 249
4656960,17 92 
4656960,17 65 
4656973,53 103 
4656973,53 101 
4657510,05 100 
4657510,05 5
4657510,05 2111
4657510,05 10
4659493,07 25 
4659653,38 75 
4660861,93 72 
4660932,57 70 
4662457,11 80 
4663824,21 83 
4664222,06 64 399
4664415,86 74 179
4664415,86 61 179
4665924,55 151 
4665944,42 69 
4666654,75 93 
4666675,93 103 
4666675,93 101 
4668702,23 100 
4668702,23 5
4668702,23 2111
4668702,23 10
4670688,33 25 
4675939,78 75 
4677147,51 72 
4677218,85 70 
4678741,33 80 
4679655,95 250 
4679670,24 101 
4681683,45 100 
4681683,45 5
4681683,45 2111
4681683,45 10
4681683,45 25 
4691686,05 254 
4691705,04 101 
4693717,49 100 
4693717,49 5
4693717,49 2111
4693717,49 10
4693717,49 25 
4703718,81 254 
4703726,59 101 
4705738,97 100 
4705738,97 5
4705738,97 2111
4705738,97 10
4705738,97 25 
4715742,17 254 
4715761,27 101 
4717773,77 100 
4717773,77 5
4717773,77 2111
4717773,77 10
4717773,77 25 
4727776,06 254 
4727782,82 101 
4729795,22 100 
4729795,22 5
4729795,22 2111
4729795,22 10
4729795,22 25 
4739798,77 254 
4739817,56 101 
4741830,01 100 
4741830,01 5
4741830,01 2111
4741830,01 10
4741830,01 25 
4751831,88 254 
4751839,25 101 
4753851,46 100 
4753851,46 5
4753851,46 2111
4753851,46 10
4753851,46 25 
4754372,4 75 
4755581,72 72 
4755891,43 70 
4757514,96 80 
4758570,33 83 
4759188,43 64 618
4759403,22 74 194
4759403,22 62 194
4759912,67 151 
4759944,44 69 
4761454,14 93 
4761474,92 103 
4761474,92 101 
4763502,3 100 
4763502,3 5
4763502,3 2111
4763502,3 11
4765487,19 25 
4765514,78 75 
4766722,95 72 
4766793,44 70 
4768316,48 80 
4768685,44 83 
4771982,22 64 3297
4772217,05 74 214
4772217,05 61 214
4773227,33 151 
4773257,6 69 
4774164,75 93 
4774176,05 103 
4774176,05 101 
4776214,37 100 
4776214,37 5
4776214,37 2111
4776214,37 10
4778188,49 25 
4778216,38 75 
4779424,58 72 
4779494,62 70 
4781017,81 80 
4782079,77 83 
4784497,77 64 2418
4784735,09 74 217
4784735,09 61 217
4786245,79 151 
4786265,99 69 
4786979,42 93 
4786997,39 103 
4786997,39 101 
4789023,73 100 
4789023,73 5
4789023,73 2111
4789023,73 11
4791009,48 25 
4791036,72 75 
4792244,2 72 
4792315,7 70 
4793835,29 80 
4795207,31 83 
4795667,46 64 460
4795896,07 74 210
4795896,07 62 210
4796902,93 150 
4796927,66 68 
4797836,21 92 
4797836,21 65 
4797859,16 103 
4797859,16 101 
4798387,89 100 
4798387,89 5
4798387,89 2111
4798387,89 11
4800365,54 25 
4800698,97 75 
4801908,86 72 
4801978,15 70 
4803507,15 80 
4803870,21 83 
4806250,29 64 2380
4806427,92 74 159
4806427,92 62 159
4806937 150 
4806964,32 68 
4807378,78 249
4807516,18 172 
4808472,05 92 
4808472,05 65 
4808494,59 103 
4808494,59 101 
4809028,25 100 
4809028,25 5
4809028,25 2111
4809028,25 10
4811000,85 25 
4821003,51 254 
4821022,38 101 
4823035,96 100 
4823035,96 5
4823035,96 2111
4823035,96 10
4823035,96 25 
4823063,72 75 
4824270,28 72 
4824341,8 70 
4825866,78 80 
4827233,45 83 
4829464,25 64 2231
4831996,25 74 2511
4831996,25 61 2511
4833508,02 151 
4833539,26 69 
4835549,04 93 
4835562,82 103 
4835562,82 101 
4837592,27 100 
4837592,27 5
4837592,27 2111
4837592,27 11
4839575,12 25 
4839603,17 75 
4840809,9 72 
4840881,31 70 
4842399,48 80 
4842760,07 83 
4843984,84 64 1226
4844164,35 74 165
4844164,35 61 165
4845172,8 151 
4845200,58 69 
4847208,36 93 
4847224,54 103 
4847224,54 101 
4849250,71 100 
4849250,71 5
4849250,71 2111
4849250,71 11
4851236,75 25 
4852276,67 75 
4853484,35 72 
4853555,84 70 
4855088,91 80 
4856167,6 83 
4857388,9 64 1222
4857575,83 74 170
4857575,83 62 170
4858087,01 150 
4858114,91 68 
4858564,61 249
4859024,14 92 
4859024,14 65 
4859046,05 103 
4859046,05 101 
4863179,51 102 
