68,28 100 
68,28 6
68,28 2149
68,28 10
2035,03 25 
2059,95 75 
3266,91 72 
3565,76 70 
5216,57 80 
6484,77 83 
6930,26 64 446
6957,77 256 
7124,24 74 172
7124,24 61 172
7635,94 151 
7658,01 69 
9168,04 93 
9191,82 103 
9191,82 101 
11217,64 100 
11217,64 6
11217,64 2149
11217,64 11
13202,28 25 
13229,8 75 
14439 72 
14508,49 70 
16028,67 80 
16400,61 83 
17481,38 64 1081
17680,21 74 174
17680,21 61 174
19191,49 150 
19213,08 68 
20124,51 92 
20124,51 65 
20145,31 103 
20145,31 101 
20671,99 100 
20671,99 6
20671,99 2149
20671,99 11
22664,91 25 
22865,23 75 
24074,4 72 
24144,41 70 
25661,34 80 
27022,67 83 
27412,12 64 390
27465,4 256 
27827,53 74 392
27827,53 61 392
28838,52 150 
28863,13 68 
29572,19 92 
29572,19 65 
29594,57 103 
29594,57 101 
30130,55 100 
30130,55 6
30130,55 2149
30130,55 10
32114,16 25 
32554,4 75 
33762,8 72 
33833,55 70 
35347,35 80 
36405,46 83 
37160,78 64 756
37379,53 74 200
37379,53 63 200
37890,1 150 
37912,55 68 
38444,03 249
39922,66 92 
39922,66 65 
39936,81 103 
39936,81 101 
40463,56 100 
40463,56 6
40463,56 2149
40463,56 10
42443,11 25 
42523,44 75 
43733,58 72 
43802,61 70 
45318,79 80 
46680,94 83 
47175,34 64 495
47370,42 74 183
47370,42 63 183
48379,24 150 
48402,25 68 
49111,67 92 
49111,67 65 
49132,84 103 
49132,84 101 
49660,34 100 
49660,34 6
49660,34 2149
49660,34 11
51639,16 25 
51972,71 75 
53181,07 72 
53251,91 70 
54766,62 80 
55130,65 83 
56175,05 64 1045
56377,44 74 181
56377,44 61 181
57891,05 150 
57917,24 68 
58828,4 92 
58828,4 65 
58848,69 103 
58848,69 101 
59382,82 100 
59382,82 6
59382,82 2149
59382,82 11
61368,29 25 
61848,48 75 
63054,87 72 
63127,65 70 
64651,28 80 
66019,33 83 
66553,17 64 534
66572,74 256 
66742,31 74 177
66742,31 61 177
67252,77 152 
67273,22 69 
69285 93 
69297,54 103 
69297,54 101 
71324,22 100 
71324,22 6
71324,22 2149
71324,22 10
73309,93 25 
73337,27 75 
74546,01 72 
74616,1 70 
76128,31 80 
76481,53 83 
77694,17 64 1213
77880,37 74 173
77880,37 63 173
78888,55 150 
78908,32 68 
79305,63 249
80296,66 256 
87387,06 173 
117149,86 92 
117149,86 65 
117170,42 103 
117170,42 101 
117699,29 100 
117699,29 6
117699,29 2149
117699,29 11
119676,68 25 
119731,51 75 
120940,02 72 
121196,14 70 
122848,54 80 
124101,08 83 
125098,89 64 998
125350,53 74 236
125350,53 61 236
126860,86 150 
126888,49 68 
127599,07 92 
127599,07 65 
127619,24 103 
127619,24 101 
128155,36 100 
128155,36 6
128155,36 2149
128155,36 10
130138,89 25 
130259,19 75 
131468,23 72 
131538,41 70 
133054,65 80 
134417,55 83 
134983,08 64 567
135221,54 74 218
135221,54 63 218
135730,83 150 
135750,53 68 
137261,16 92 
137261,16 65 
137281,73 103 
137281,73 101 
137810,49 100 
137810,49 6
137810,49 2149
137810,49 11
139788,01 25 
140054,97 75 
141262,76 72 
141334,16 70 
142847,23 80 
143212,9 83 
144540,29 64 1328
144721,66 74 163
144721,66 61 163
146232,54 150 
146252,7 68 
148265,07 92 
148265,07 65 
148290,34 103 
148290,34 101 
148817,69 100 
148817,69 6
148817,69 2149
148817,69 11
150796,72 25 
150997 75 
152207,41 72 
152276,12 70 
153796,27 80 
154861,2 83 
155464,74 64 604
155674,48 74 187
155674,48 61 187
156685,6 150 
156714,98 68 
157623,99 92 
157623,99 65 
157646,36 103 
157646,36 101 
158182,31 100 
158182,31 6
158182,31 2149
158182,31 11
160165,97 25 
160193,57 75 
161399,71 72 
161472,17 70 
162987,3 80 
163350,95 83 
164705,77 64 1356
164904,47 74 181
164904,47 61 181
165915,13 150 
165937,57 68 
167446,21 92 
167446,21 65 
167468,84 103 
167468,84 101 
167995,08 100 
167995,08 6
167995,08 2149
167995,08 11
169975,25 25 
170135,38 75 
171341,6 72 
171414,6 70 
172926,87 80 
174292,87 83 
174669,39 64 377
174875,33 74 183
174875,33 61 183
175387,51 150 
175413,58 68 
176321,65 92 
176321,65 65 
176345,09 103 
176345,09 101 
176872,38 100 
176872,38 6
176872,38 2149
176872,38 10
178851,26 25 
178984,96 75 
180194,04 72 
180264,12 70 
181782,21 80 
182835,97 83 
183574,03 64 739
183785,62 74 191
183785,62 63 191
185295,09 150 
185315,95 68 
185702,03 249
186025,67 92 
186025,67 65 
186047,49 103 
186047,49 101 
186581,48 100 
186581,48 6
186581,48 2149
186581,48 11
188567,19 25 
188768,26 75 
189978,19 72 
190046,61 70 
191565,82 80 
191925,34 83 
193080,28 64 1155
193259,63 74 162
193259,63 61 162
193771,67 150 
193792,34 68 
195804,37 92 
195804,37 65 
195829,99 103 
195829,99 101 
196358,61 100 
196358,61 6
196358,61 2149
196358,61 10
198336,25 25 
198629,89 75 
199839,08 72 
199909,02 70 
201420,8 80 
202787,32 83 
203193,33 64 406
203404,35 74 191
203404,35 63 191
204414,2 150 
204441,16 68 
205348,93 92 
205348,93 65 
205372,63 103 
205372,63 101 
205899,9 100 
205899,9 6
205899,9 2149
205899,9 10
207878,89 25 
208372,29 75 
209581,89 72 
209651,51 70 
211170,94 80 
212236,69 83 
213122,43 64 886
213323,81 74 182
213323,81 63 182
214835,32 150 
214863,36 68 
215253,34 249
216179,73 256 
224900,63 173 
236002,7 92 
236002,7 65 
236026,06 103 
236026,06 101 
236563,41 100 
236563,41 6
236563,41 2149
236563,41 10
238545,75 25 
238572,95 75 
239783,75 72 
240078,49 70 
241693,57 80 
243063,39 83 
243487,45 64 424
243730,93 74 228
243730,93 61 228
244241,76 153 
244265,01 68 
246277,04 92 
246277,04 65 
246301,66 103 
246301,66 101 
246828,28 100 
246828,28 6
246828,28 2149
246828,28 10
248807,99 25 
248835,2 75 
250042,07 72 
250114,16 70 
251629,43 80 
252685,95 83 
253031 64 346
253220,31 74 175
253220,31 61 175
254228,67 151 
254247,35 69 
254959,02 93 
254977,95 103 
254977,95 101 
257005,34 100 
257005,34 6
257005,34 2149
257005,34 11
258990,25 25 
259017,88 75 
260224,16 72 
260296,51 70 
261810,77 80 
262175,25 83 
263176,44 64 1001
263361,14 74 160
263361,14 61 160
264869,88 152 
264895,2 69 
265607,11 93 
265626,72 103 
265626,72 101 
267675,9 100 
267675,9 6
267675,9 2149
267675,9 11
269652,37 25 
269679,76 75 
270889,2 72 
270958,58 70 
272476,23 80 
273530,34 83 
274319,64 64 790
274492,38 74 148
274492,38 62 148
276002,45 151 
276023,88 69 
276935,98 93 
276955,19 103 
276955,19 101 
278982,42 100 
278982,42 6
278982,42 2149
278982,42 11
280967,49 25 
280994,78 75 
282202,24 72 
282273,74 70 
283792,23 80 
284152,49 83 
285444,29 64 1292
285646,01 74 188
285646,01 61 188
286656,07 150 
286685,88 68 
288196,7 92 
288196,7 65 
288217,04 103 
288217,04 101 
288744,37 100 
288744,37 6
288744,37 2149
288744,37 10
290723,3 25 
291096,84 75 
292303,96 72 
292376,01 70 
293898 80 
295267,69 83 
295784,17 64 517
295995,42 74 195
295995,42 63 195
296504,17 150 
296521,67 68 
298531,75 92 
298531,75 65 
298546,23 103 
298546,23 101 
299083,5 100 
299083,5 6
299083,5 2149
299083,5 11
301065,66 25 
301212,7 75 
302418,56 72 
302491,76 70 
304004,97 80 
304370,54 83 
305704,44 64 1334
305868,32 74 139
305868,32 62 139
306876 151 
306904,25 69 
307815,15 93 
307835,3 103 
307835,3 101 
309862,53 100 
309862,53 6
309862,53 2149
309862,53 11
311847,65 25 
311874,94 75 
313083,51 72 
313153,78 70 
314673,28 80 
315738,96 83 
316465,4 64 727
316666,91 74 182
316666,91 62 182
318178,78 151 
318206,04 69 
320218,04 93 
320243,31 103 
320243,31 101 
322270,69 100 
322270,69 6
322270,69 2149
322270,69 10
324255,61 25 
324283,29 75 
325491,48 72 
325561,87 70 
327075,44 80 
328440,14 83 
328675,41 64 235
328875,03 74 182
328875,03 61 182
329387,04 151 
329414,92 69 
330924,21 93 
330945,36 103 
330945,36 101 
332979,77 100 
332979,77 6
332979,77 2149
332979,77 10
334957,73 25 
334984,94 75 
336194,06 72 
336263,89 70 
337808,53 80 
338862,35 83 
339481,32 64 619
339652,9 74 151
339652,9 62 151
341164,48 151 
341182,68 69 
341892,91 93 
341914 103 
341914 101 
343944,24 100 
343944,24 6
343944,24 2149
343944,24 10
345926,35 25 
345954,17 75 
347164,11 72 
347459,09 70 
349074,38 80 
350430,7 83 
351011,93 64 582
351231,91 74 202
351231,91 63 202
352240,6 150 
352271,08 68 
352695,51 249
353182,41 92 
353182,41 65 
353202,53 103 
353202,53 101 
353729,96 100 
353729,96 6
353729,96 2149
353729,96 10
355708,92 25 
355962,36 75 
357170,05 72 
357241,57 70 
358759,48 80 
359120,3 83 
360156,75 64 1037
360386,13 74 213
360386,13 63 213
360895,85 150 
360920,73 68 
361351,47 249
361631,15 92 
361631,15 65 
361652,21 103 
361652,21 101 
362185,59 100 
362185,59 6
362185,59 2149
362185,59 11
364158,79 25 
364452,11 75 
365661,44 72 
365731,29 70 
367247,91 80 
367610,07 83 
368284,2 64 674
368478,58 74 176
368478,58 61 176
369987,17 150 
370010,41 68 
370460,6 249
372022,05 92 
372022,05 65 
372047,76 103 
372047,76 101 
372576,02 100 
372576,02 6
372576,02 2149
372576,02 10
374554,07 25 
374820,97 75 
376030,03 72 
376100,26 70 
377614,78 80 
378671,98 83 
379376,5 64 705
379621,12 74 230
379621,12 63 230
379724,54 256 
388916,1 251 
388916,1 242 
388934,12 101 
390947 100 
390947 6
390947 2149
390947 10
390947 25 
390974,24 75 
392180,85 72 
392253,18 70 
393769,43 80 
394825 83 
395558,19 64 733
395785,99 74 215
395785,99 63 215
396293,73 150 
396318,85 68 
396782,62 249
397436,29 256 
400887,18 173 
433906,16 92 
433906,16 65 
433927,88 103 
433927,88 101 
434454,38 100 
434454,38 6
434454,38 2149
434454,38 10
436434,24 25 
436661,09 75 
437870,49 72 
437940,3 70 
439455,29 80 
440818,6 83 
441174,86 64 357
441369,43 74 178
441369,43 61 178
442377,27 151 
442406,28 69 
443316,69 93 
443337,19 103 
443337,19 101 
445372,19 100 
445372,19 6
445372,19 2149
445372,19 11
447349,64 25 
447377,07 75 
448585,98 72 
448882,32 70 
450491,7 80 
450854,35 83 
452135,61 64 1282
452362,3 74 202
452362,3 63 202
453371,56 151 
453400,97 69 
454006,87 249 
454110,6 93 
454132,55 103 
454132,55 101 
456158,98 100 
456158,98 6
456158,98 2149
456158,98 11
458144,85 25 
458172,19 75 
459382,16 72 
459451,07 70 
460962,76 80 
462022,85 83 
462946,27 64 924
463145,76 74 177
463145,76 63 177
463656,58 151 
463676,78 69 
465185,62 93 
465194,53 103 
465194,53 101 
467220,87 100 
467220,87 6
467220,87 2149
467220,87 10
469206,78 25 
469234,89 75 
470444,46 72 
470513,05 70 
472033,45 80 
473391,33 83 
473801,85 64 411
474065,53 74 248
474065,53 61 248
475574,76 151 
475604,85 69 
477613,88 93 
477629,16 103 
477629,16 101 
479665 100 
479665 6
479665 2149
479665 10
481641,48 25 
481668,72 75 
482877,02 72 
482947,69 70 
484468,77 80 
484839,77 83 
486197,56 64 1359
486417,06 74 205
486417,06 62 205
486926,71 151 
486947,71 69 
487660 93 
487678,16 103 
487678,16 101 
489706,09 100 
489706,09 6
489706,09 2149
489706,09 11
491690,51 25 
491717,91 75 
492925,7 72 
492996,78 70 
494515,67 80 
495874,99 83 
496283,52 64 408
496503,11 74 202
496503,11 61 202
497511,89 150 
497542,85 68 
498013,8 249
499051,03 92 
499051,03 65 
499073,3 103 
499073,3 101 
499599,68 100 
499599,68 6
499599,68 2149
499599,68 10
501579,56 25 
501659,94 75 
502867,02 72 
502939,09 70 
504454,77 80 
505510,85 83 
506202,08 64 692
506420,11 74 203
506420,11 63 203
507931,89 150 
507950,97 68 
508355,57 249
509960,77 92 
509960,77 65 
509975,27 103 
509975,27 101 
510510,1 100 
510510,1 6
510510,1 2149
510510,1 11
512495,05 25 
512655,22 75 
513865,08 72 
513934,36 70 
515449,21 80 
516812,7 83 
517203,94 64 392
517437,13 256 
519973,58 74 2749
519973,58 63 2749
524696,68 153 
524717,48 68 
525630,26 92 
525630,26 65 
525648,61 103 
525648,61 101 
526177,36 100 
526177,36 6
526177,36 2149
526177,36 10
528168,36 25 
528368,56 75 
529577,63 72 
529647,66 70 
531162,98 80 
531513,07 83 
532878,13 64 1365
533105,94 74 207
533105,94 63 207
534615,68 150 
534632,89 68 
535342,69 92 
535342,69 65 
535364,41 103 
535364,41 101 
535890,64 100 
535890,64 6
535890,64 2149
535890,64 10
537870,68 25 
538284,17 75 
539491,1 72 
539563,4 70 
541076,83 80 
542135,21 83 
542812,44 64 677
543042,9 74 215
543042,9 63 215
543130,7 256 
552216 251 
552216 242 
552237,07 101 
554250,3 100 
554250,3 6
554250,3 2149
554250,3 10
554250,3 25 
554277,7 75 
555487,52 72 
555783,11 70 
557436,91 80 
558688,08 83 
559655,71 64 968
559886,82 74 213
559886,82 63 213
560396,66 150 
560421,82 68 
561930,73 92 
561930,73 65 
561952,97 103 
561952,97 101 
562485,74 100 
562485,74 6
562485,74 2149
562485,74 10
564472,63 25 
564846,19 75 
566052,9 72 
566125,39 70 
567644,87 80 
568697,29 83 
569893,23 64 1196
570176,51 74 267
570176,51 63 267
571685,87 152 
571711,07 69 
572621,27 93 
572641,77 103 
572641,77 101 
574670,78 100 
574670,78 6
574670,78 2149
574670,78 11
576654,08 25 
576681,34 75 
577888,37 72 
577960,23 70 
579475,9 80 
580851,91 83 
581364,09 64 513
581569,77 74 185
581569,77 62 185
582080,65 151 
582105,99 69 
584117,45 93 
584130,14 103 
584130,14 101 
586158,5 100 
586158,5 6
586158,5 2149
586158,5 10
588142,49 25 
588169,68 75 
589376,83 72 
589448,67 70 
590964 80 
591314,11 83 
592680,43 64 1366
592905,85 74 205
592905,85 63 205
593916,03 150 
593940,82 68 
594851,31 92 
594851,31 65 
594872,18 103 
594872,18 101 
595405,75 100 
595405,75 6
595405,75 2149
595405,75 10
597391,86 25 
598138,72 75 
599346,56 72 
599417,72 70 
600935,75 80 
602296,02 83 
602666,66 64 370
602688,78 256 
602926,11 74 244
602926,11 63 244
611250,12 251 
611250,12 242 
611265,09 101 
613278,32 100 
613278,32 6
613278,32 2149
613278,32 10
613278,32 25 
613931,75 75 
615141,95 72 
615210,95 70 
616728,02 80 
618089,3 83 
618655,55 64 566
618936,31 74 261
618936,31 63 261
618950,96 256 
623783,24 150 
623807,93 68 
624301,96 249
627127,74 173 
627863,5 92 
627863,5 65 
627884,72 103 
627884,72 101 
628412,54 100 
628412,54 6
628412,54 2149
628412,54 11
630391,01 25 
630524,79 75 
631733,02 72 
631803,85 70 
633314,69 80 
634375,62 83 
635393,13 64 1018
635584,05 74 169
635584,05 62 169
636597,43 151 
636629,9 69 
638139,2 93 
638160,29 103 
638160,29 101 
640186,74 100 
640186,74 6
640186,74 2149
640186,74 11
642172,62 25 
642200 75 
643408,7 72 
643478,79 70 
645006,99 80 
645370,91 83 
646209,92 64 840
646424,46 74 201
646424,46 61 201
646936,14 150 
646958,29 68 
647669,72 92 
647669,72 65 
647689,55 103 
647689,55 101 
648227,76 100 
648227,76 6
648227,76 2149
648227,76 11
650209,23 25 
650729,35 75 
651936,98 72 
652008,64 70 
653523,8 80 
654873,59 83 
655271,75 64 399
655469,15 74 183
655469,15 61 183
656481,75 150 
656500,64 68 
658510,77 92 
658510,77 65 
658524,91 103 
658524,91 101 
659052,32 100 
659052,32 6
659052,32 2149
659052,32 11
661031,15 25 
661484,73 75 
662692,04 72 
662990,51 70 
664647,19 80 
665922,07 83 
666549,92 64 628
666751,82 74 177
666751,82 61 177
668262,24 150 
668282,35 68 
668643,6 249
668993,42 92 
668993,42 65 
669013,75 103 
669013,75 101 
669542,83 100 
669542,83 6
669542,83 2149
669542,83 11
671520,25 25 
671853,61 75 
673062,57 72 
673132,78 70 
674653,24 80 
675024,87 83 
676142,06 64 1118
676344,45 74 187
676344,45 61 187
676854,81 150 
676878,57 68 
677789 92 
677789 65 
677809,95 103 
677809,95 101 
678343,14 100 
678343,14 6
678343,14 2149
678343,14 11
680329,6 25 
680356,89 75 
681565,1 72 
681635,84 70 
683152 80 
684207,61 83 
685053,06 64 846
685261,72 74 189
685261,72 61 189
685772,43 150 
685794,72 68 
687305,38 92 
687305,38 65 
687325,9 103 
687325,9 101 
687853,23 100 
687853,23 6
687853,23 2149
687853,23 10
689832,18 25 
690179,08 75 
691389,52 72 
691458,23 70 
692977,72 80 
693337,02 83 
694705,52 64 1368
694935,67 74 213
694935,67 63 213
696443,97 150 
696470,1 68 
697978,09 92 
697978,09 65 
698001,37 103 
698001,37 101 
698528,91 100 
698528,91 6
698528,91 2149
698528,91 10
700507,59 25 
700721,21 75 
701928,51 72 
702000,41 70 
703517,29 80 
704878,83 83 
705220,65 64 343
705438,34 74 200
705438,34 61 200
706449,46 151 
706479,91 69 
707389,06 93 
707410,63 103 
707410,63 101 
709442,35 100 
709442,35 6
709442,35 2149
709442,35 10
711422,91 25 
711463,86 75 
712672,88 72 
712742,43 70 
714255,23 80 
714621,18 83 
716189,39 64 1568
716417,93 74 211
716417,93 63 211
717429,7 150 
717447,92 68 
717902,27 249
719460,3 92 
719460,3 65 
719485,45 103 
719485,45 101 
720012,82 100 
720012,82 6
720012,82 2149
720012,82 11
721991,71 25 
722232 75 
723441,39 72 
723511,2 70 
725026,56 80 
726083,04 83 
726636,06 64 554
726895,69 74 240
726895,69 61 240
727405,75 150 
727430,18 68 
728138,98 92 
728138,98 65 
728161,69 103 
728161,69 101 
728690,28 100 
728690,28 6
728690,28 2149
728690,28 11
730668,02 25 
731188,14 75 
732396,21 72 
732467,36 70 
733980,11 80 
735345,68 83 
735675,21 64 330
735862,12 74 170
735862,12 61 170
737372,12 150 
737399,24 68 
738909,1 92 
738909,1 65 
738930,43 103 
738930,43 101 
739464,92 100 
739464,92 6
739464,92 2149
739464,92 10
741450,1 25 
741477,44 75 
742683,89 72 
742756,34 70 
744271,18 80 
745328,07 83 
746244,23 64 916
746494,71 74 235
746494,71 63 235
747007,2 150 
747035,07 68 
747942,68 92 
747942,68 65 
747966,56 103 
747966,56 101 
748494,32 100 
748494,32 6
748494,32 2149
748494,32 11
750472,87 25 
750966,36 75 
752174,08 72 
752245,55 70 
753760,68 80 
754124,28 83 
755119,61 64 996
755331,96 74 195
755331,96 61 195
756840,42 150 
756858,01 68 
758865,71 92 
758865,71 65 
758881,97 103 
758881,97 101 
759408,26 100 
759408,26 6
759408,26 2149
759408,26 10
761388,25 25 
762188,29 75 
763397,25 72 
763467,34 70 
764986,64 80 
766665,55 83 
767098,54 64 433
767340,31 74 222
767340,31 63 222
768349,54 152 
768372,65 69 
769082,5 93 
769104,15 103 
769104,15 101 
771143,97 100 
771143,97 3
771143,97 2149
771143,97 10
771143,97 78 
771143,97 198 
773129,81 25 
773157,15 75 
774365,82 72 
774436 70 
775949,88 80 
777314,4 83 
777758,74 64 445
777964,4 74 184
777964,4 61 184
778476,23 151 
778503,5 69 
779213,1 93 
779233,14 103 
779233,14 101 
781259,44 100 
781259,44 3
781259,44 2149
781259,44 11
783245,53 25 
783272,76 75 
784482,25 72 
784551,63 70 
786067,74 80 
786430,44 83 
787474,73 64 1045
787669,4 74 173
787669,4 61 173
789180,92 151 
789204,58 69 
791213,34 93 
791227,98 103 
791227,98 101 
793255,29 100 
793255,29 3
793255,29 2149
793255,29 11
795240,31 25 
795267,64 75 
796477,27 72 
796546,61 70 
798066,25 80 
799118,28 83 
800055,97 64 938
800325,45 74 248
800325,45 63 248
801338 150 
801358,63 68 
802866,75 92 
802866,75 65 
802889,65 103 
802889,65 101 
803423,88 100 
803423,88 3
803423,88 2149
803423,88 11
805409,31 25 
805636,24 75 
806844,67 72 
806915,52 70 
808427,91 80 
809793,7 83 
810045,48 64 252
810226,01 74 166
810226,01 61 166
810739,84 151 
810767,76 69 
811676,54 93 
811685,88 103 
811685,88 101 
813712,61 100 
813712,61 3
813712,61 2149
813712,61 10
815698,28 25 
815725,42 75 
816931,68 72 
817004,5 70 
818519,41 80 
819576,21 83 
820475,88 64 900
820703,75 74 209
820703,75 63 209
822215,4 151 
822242,84 69 
822777,92 249 
824251,19 93 
824267,17 103 
824267,17 101 
826293,63 100 
826293,63 3
826293,63 2149
826293,63 10
828279,46 25 
828306,75 75 
829516,53 72 
829585,69 70 
831098,82 80 
831464,5 83 
832933,67 64 1470
833101,1 74 144
833101,1 62 144
834108,6 150 
834131,08 68 
835638,43 92 
835638,43 65 
835662,25 103 
835662,25 101 
836196,07 100 
836196,07 3
836196,07 2149
836196,07 11
838181,9 25 
838328,87 75 
839535,75 72 
839608,06 70 
841123,72 80 
842486,42 83 
842886,04 64 400
843131,35 74 231
843131,35 61 231
844142,42 151 
844167,01 69 
845076,62 93 
845098,23 103 
845098,23 101 
847124,72 100 
847124,72 3
847124,72 2149
847124,72 10
849110,51 25 
849138,07 75 
850347,77 72 
850416,77 70 
851938,04 80 
853001,84 83 
854058,68 64 1058
854294,17 74 213
854294,17 63 213
854802,28 151 
854828,94 69 
855539,15 93 
855560,4 103 
855560,4 101 
857587,74 100 
857587,74 3
857587,74 2149
857587,74 10
859572,75 25 
859599,92 75 
860810,01 72 
860879,02 70 
862390,36 80 
862757,69 83 
863943,07 64 1186
864136,98 74 180
864136,98 62 180
865649,05 150 
865678,48 68 
867192,01 92 
867192,01 65 
867208,77 103 
867208,77 101 
867742,33 100 
867742,33 3
867742,33 2149
867742,33 11
869728,35 25 
869756,07 75 
870966,4 72 
871034,57 70 
872550,87 80 
873606,34 83 
873996,81 64 391
874190,4 74 171
874190,4 61 171
875700,33 153 
875727,39 68 
876436,41 92 
876436,41 65 
876458,14 103 
876458,14 101 
876985,9 100 
876985,9 3
876985,9 2149
876985,9 11
878964,49 25 
879178,06 75 
880385,1 72 
880457,31 70 
881973,69 80 
883335,53 83 
884006,41 64 671
884230,26 74 202
884230,26 61 202
884742 151 
884763,45 69 
885671,31 93 
885681 103 
885681 101 
887707,38 100 
887707,38 3
887707,38 2149
887707,38 11
889693,12 25 
889720,44 75 
890927,55 72 
890999,37 70 
892515,21 80 
892865,02 83 
893843,93 64 980
894066,26 74 202
894066,26 61 202
895077,87 151 
895104,92 69 
897113,52 93 
897129,23 103 
897129,23 101 
899167,08 100 
899167,08 3
899167,08 2149
899167,08 10
901141,61 25 
901168,75 75 
902377,5 72 
902447,85 70 
903963,43 80 
905326,07 83 
905671,43 64 345
905871,42 74 186
905871,42 61 186
906384,85 151 
906406,7 69 
907117,11 93 
907138,4 103 
907138,4 101 
909165,62 100 
909165,62 3
909165,62 2149
909165,62 10
911150,64 25 
911177,71 75 
912388,31 72 
912456,88 70 
913975,78 80 
915041,92 83 
915806,53 64 765
916023,37 74 195
916023,37 63 195
917035,74 151 
917055,6 69 
917701,94 249 
918563,95 93 
918586,73 103 
918586,73 101 
920613,1 100 
920613,1 3
920613,1 2149
920613,1 11
922599,11 25 
922972,7 75 
924180,67 72 
924251,79 70 
925769,77 80 
926117,69 83 
927017,25 64 900
927218,42 74 182
927218,42 61 182
928731,02 153 
928757,25 68 
930768,84 92 
930768,84 65 
930781,46 103 
930781,46 101 
931315,3 100 
931315,3 3
931315,3 2149
931315,3 10
933301,11 25 
933461,4 75 
934671,69 72 
934740,58 70 
936252,56 80 
937618,99 83 
938384,93 64 767
938591,79 74 187
938591,79 63 187
940103,04 151 
940138,99 69 
941046,54 249 
941062,07 93 
941083,74 103 
941083,74 101 
943112,67 100 
943112,67 3
943112,67 2149
943112,67 11
945096,04 25 
945123,3 75 
946332,06 72 
946402,26 70 
947917,49 80 
948974,02 83 
949637,08 64 663
949874,53 74 222
949874,53 61 222
950885,63 151 
950907,67 69 
951616,49 93 
951626,04 103 
951626,04 101 
953652,46 100 
953652,46 3
953652,46 2149
953652,46 10
955639,01 25 
955665,27 75 
956874,34 72 
956944,45 70 
958459,01 80 
958809,81 83 
959850,09 64 1041
960056,42 74 194
960056,42 62 194
960566,8 150 
960596,92 68 
962606,66 92 
962606,66 65 
962621,17 103 
962621,17 101 
963157,44 100 
963157,44 3
963157,44 2149
963157,44 10
965140,84 25 
965194,51 75 
966403,55 72 
966473,62 70 
967991,07 80 
968685,57 83 
969724,98 64 1040
970016,13 74 278
970016,13 63 278
970107,45 256 
977870,25 251 
977870,25 242 
977881,35 101 
979881,14 100 
979881,14 3
979881,14 2149
979881,14 10
979881,14 25 
979908,12 75 
981114,57 72 
981187,36 70 
982700,6 80 
983052,78 83 
984124,75 64 1073
984601,58 74 457
984601,58 62 457
985108,2 150 
985133,96 68 
986642,2 92 
986642,2 65 
986664,19 103 
986664,19 101 
987191,02 100 
987191,02 3
987191,02 2149
987191,02 11
989170,5 25 
989290,84 75 
990500,92 72 
990569,97 70 
992084,43 80 
993141,78 83 
993624,85 64 484
993827,8 74 180
993827,8 61 180
994837,14 151 
994862,14 69 
995771,2 93 
995780,48 103 
995780,48 101 
997809,68 100 
997809,68 3
997809,68 2149
997809,68 10
999792,65 25 
999819,75 75 
1001030,33 72 
1001098,88 70 
1002616,66 80 
1003977,13 83 
1004285,22 64 308
1004476,17 74 166
1004476,17 62 166
1005985,48 152 
1006004,23 69 
1007838,62 249 
1008017,15 93 
1008028,37 103 
1008028,37 101 
1010062,39 100 
1010062,39 3
1010062,39 2149
1010062,39 11
1012040,7 25 
1012067,92 75 
1013277,3 72 
1013346,89 70 
1014861,99 80 
1015932,12 83 
1016362,96 64 431
1016566,71 74 182
1016566,71 61 182
1017575,14 151 
1017599,14 69 
1018507,87 93 
1018517,23 103 
1018517,23 101 
1020544,5 100 
1020544,5 3
1020544,5 2149
1020544,5 11
1022529,67 25 
1023103,06 75 
1024311,34 72 
1024382,21 70 
1025900,96 80 
1027260,46 83 
1027725,89 64 466
1027747,12 256 
1027919,89 74 180
1027919,89 61 180
1029430,74 151 
1029460,61 69 
1030170,05 93 
1030192,19 103 
1030192,19 101 
1032219,7 100 
1032219,7 3
1032219,7 2149
1032219,7 11
1034204,47 25 
1034231,61 75 
1035441,46 72 
1035510,76 70 
1037032,01 80 
1037389,48 83 
1038346,17 64 957
1038527,3 74 165
1038527,3 62 165
1039035,61 151 
1039056,62 69 
1040564,6 93 
1040574,59 103 
1040574,59 101 
1042612,63 100 
1042612,63 3
1042612,63 2149
1042612,63 10
1044600,17 25 
1044627,11 75 
1045837,59 72 
1045906,43 70 
1047421,12 80 
1048771,24 83 
1049238,67 64 468
1049425,84 74 175
1049425,84 62 175
1049933,61 150 
1049959,31 68 
1050870,19 92 
1050870,19 65 
1050889,99 103 
1050889,99 101 
1051416,43 100 
1051416,43 3
1051416,43 2149
1051416,43 11
1053396,34 25 
1053463,31 75 
1054672,75 72 
1054742,53 70 
1056259,18 80 
1056621,23 83 
1057410,31 64 789
1057622,84 74 189
1057622,84 61 189
1058631,9 151 
1058662,23 69 
1059370,67 93 
1059393,05 103 
1059393,05 101 
1061421,76 100 
1061421,76 3
1061421,76 2149
1061421,76 10
1063405,32 25 
1063432,54 75 
1064641,61 72 
1064711,49 70 
1066225,71 80 
1067283,28 83 
1067647,52 64 364
1067836,33 74 167
1067836,33 62 167
1069346,34 150 
1069364,39 68 
1071372,89 92 
1071372,89 65 
1071387,91 103 
1071387,91 101 
1071922,23 100 
1071922,23 3
1071922,23 2149
1071922,23 10
1073907,5 25 
1074334,45 75 
1075541,78 72 
1075840,13 70 
1077450,34 80 
1078505,18 83 
1078994,5 64 489
1079168,53 74 157
1079168,53 62 157
1079679,99 150 
1079706,6 68 
1081214,59 92 
1081214,59 65 
1081236,97 103 
1081236,97 101 
1081763,25 100 
1081763,25 3
1081763,25 2149
1081763,25 10
1083743,25 25 
1083823,59 75 
1085030,81 72 
1085102,8 70 
1086617,1 80 
1086968,2 83 
1087975,98 64 1008
1088182,45 74 188
1088182,45 62 188
1089690,5 150 
1089715,64 68 
1091225,58 92 
1091225,58 65 
1091246,02 103 
1091246,02 101 
1091772,36 100 
1091772,36 3
1091772,36 2149
1091772,36 11
1093752,32 25 
1094312,45 75 
1095519,58 72 
1095591,58 70 
1097104,28 80 
1098469,93 83 
1098953,72 64 485
1099189,1 74 213
1099189,1 61 213
1100198,32 151 
1100216,54 69 
1101129,93 93 
1101148,44 103 
1101148,44 101 
1103182,13 100 
1103182,13 3
1103182,13 2149
1103182,13 10
1105160,76 25 
1105187,99 75 
1106395,74 72 
1106466,93 70 
1107980,08 80 
1109038,7 83 
1109491,88 64 454
1109683,97 74 179
1109683,97 62 179
1110695,61 150 
1110719,93 68 
1112730,22 92 
1112730,22 65 
1112756,8 103 
1112756,8 101 
1113283,92 100 
1113283,92 3
1113283,92 2149
1113283,92 10
1115264,08 25 
1115383,42 75 
1116592,49 72 
1116662,55 70 
1118181,15 80 
1118541,31 83 
1119536,68 64 996
1119760,15 74 206
1119760,15 62 206
1121271,16 150 
1121302,12 68 
1122012,3 92 
1122012,3 65 
1122032,81 103 
1122032,81 101 
1122559,4 100 
1122559,4 3
1122559,4 2149
1122559,4 11
1124539,08 25 
1124792,73 75 
1126000,67 72 
1126071,88 70 
1127585,59 80 
1128950,23 83 
1129348,72 64 399
1129581,38 74 218
1129581,38 61 218
1130092 151 
1130110,78 69 
1131019,67 93 
1131028,98 103 
1131028,98 101 
1133064,87 100 
1133064,87 3
1133064,87 2149
1133064,87 11
1135041,33 25 
1135081,85 75 
1136289,88 72 
1136360,82 70 
1137879,76 80 
1138239,53 83 
1139258,81 64 1020
1139435,78 74 157
1139435,78 61 157
1140944,88 151 
1140973,04 69 
1141681,13 93 
1141691,06 103 
1141691,06 101 
1143717,56 100 
1143717,56 3
1143717,56 2149
1143717,56 11
1145703,34 25 
1145730,64 75 
1146938,33 72 
1147009,61 70 
1148521,82 80 
1149874,64 83 
1150413,45 64 539
1150597,4 74 163
1150597,4 62 163
1151607,67 153 
1151635,67 68 
1153145,44 92 
1153145,44 65 
1153166,13 103 
1153166,13 101 
1153694,17 100 
1153694,17 3
1153694,17 2149
1153694,17 10
1155672,43 25 
1155966,09 75 
1157174,51 72 
1157245,24 70 
1158763,53 80 
1159817,03 83 
1160556,45 64 740
1160750,42 74 174
1160750,42 62 174
1161262,33 150 
1161284,89 68 
1163297,15 92 
1163297,15 65 
1163321,76 103 
1163321,76 101 
1163858,74 100 
1163858,74 3
1163858,74 2149
1163858,74 11
1165841,45 25 
1165868,56 75 
1167078,52 72 
1167147,63 70 
1168661,38 80 
1169013,07 83 
1169990,27 64 977
1170159,43 74 147
1170159,43 62 147
1170671,12 151 
1170693,46 69 
1171401,61 93 
1171411,64 103 
1171411,64 101 
1173440,66 100 
1173440,66 3
1173440,66 2149
1173440,66 11
1175423,95 25 
1175451,46 75 
1176662,25 72 
1176970,14 70 
1178586,31 80 
1179648,52 83 
1180737,96 64 1090
1180972,6 74 219
1180972,6 61 219
1181980,83 151 
1182009,4 69 
1184020,59 93 
1184032,85 103 
1184032,85 101 
1186059,37 100 
1186059,37 3
1186059,37 2149
1186059,37 10
1188045,22 25 
1188072,39 75 
1189280,06 72 
1189351,39 70 
1190867,18 80 
1192216,36 83 
1192537,92 64 322
1192722,32 74 160
1192722,32 62 160
1194231,93 150 
1194257,5 68 
1195769,01 92 
1195769,01 65 
1195787,89 103 
1195787,89 101 
1196323,91 100 
1196323,91 3
1196323,91 2149
1196323,91 10
1198307,59 25 
1198335,27 75 
1199545,03 72 
1199613,69 70 
1201129,14 80 
1202185,45 83 
1202740,67 64 556
1202946,14 74 188
1202946,14 62 188
1203953,69 150 
1203973,35 68 
1204882,64 92 
1204882,64 65 
1204903,94 103 
1204903,94 101 
1205432,76 100 
1205432,76 3
1205432,76 2149
1205432,76 11
1207410,3 25 
1207503,9 75 
1208712,37 72 
1208783,1 70 
1210298,99 80 
1211661,39 83 
1212592,99 64 932
1212810,29 74 203
1212810,29 63 203
1213319,65 150 
1213342,68 68 
1213839,61 249
1214251,58 92 
1214251,58 65 
1214273,25 103 
1214273,25 101 
1214801,34 100 
1214801,34 3
1214801,34 2149
1214801,34 11
1216779,54 25 
1217059,89 75 
1218268,64 72 
1218338,99 70 
1219851,54 80 
1220217,74 83 
1221399,08 64 1182
1221630,75 74 214
1221630,75 63 214
1223140,29 150 
1223164,21 68 
1224675,41 92 
1224675,41 65 
1224695,43 103 
1224695,43 101 
1225229,64 100 
1225229,64 3
1225229,64 2149
1225229,64 10
1227215,03 25 
1227295,56 75 
1228503,49 72 
1228574,57 70 
1230090,4 80 
1230453,33 83 
1231595,68 64 1143
1231761,66 74 150
1231761,66 62 150
1233272,54 150 
1233293,3 68 
1235302,55 92 
1235302,55 65 
1235317,52 103 
1235317,52 101 
1235847,52 100 
1235847,52 3
1235847,52 2149
1235847,52 11
1237823,85 25 
1238090,76 75 
1239298,8 72 
1239369,99 70 
1240887,46 80 
1242235,06 83 
1242688,34 64 453
1242926,66 74 213
1242926,66 63 213
1243256,42 256 
1246785,2 152 
1246808,19 69 
1247000,8 256 
1247415,55 249 
1247974,59 93 
1247992,09 103 
1247992,09 101 
1250019,89 100 
1250019,89 3
1250019,89 2149
1250019,89 10
1252004,41 25 
1252032,18 75 
1253240,4 72 
1253310,73 70 
1254828,12 80 
1255882,4 83 
1256564,82 64 683
1256798,89 74 211
1256798,89 62 211
1257307,26 150 
1257337,05 68 
1258848,79 92 
1258848,79 65 
1258867,46 103 
1258867,46 101 
1259403,23 100 
1259403,23 3
1259403,23 2149
1259403,23 10
1261387,06 25 
1261800,62 75 
1263008,42 72 
1263079,84 70 
1264590,57 80 
1264945,17 83 
1266047,68 64 1103
1266231,3 74 167
1266231,3 62 167
1267739,05 150 
1267759,27 68 
1269767,89 92 
1269767,89 65 
1269783,08 103 
1269783,08 101 
1270309,67 100 
1270309,67 3
1270309,67 2149
1270309,67 10
1272289,08 25 
1272742,54 75 
1273950,88 72 
1274021,85 70 
1275536,51 80 
1276900,22 83 
1277293,03 64 393
1277479,97 74 167
1277479,97 62 167
1278489,18 150 
1278514,56 68 
1279425,35 92 
1279425,35 65 
1279445,37 103 
1279445,37 101 
1279971,63 100 
1279971,63 3
1279971,63 2149
1279971,63 11
1281951,71 25 
1282191,95 75 
1283400,34 72 
1283471,03 70 
1284986,57 80 
1286042,81 83 
1286422,53 64 380
1286585,29 74 143
1286585,29 61 143
1287097,49 151 
1287123,47 69 
1287833,59 93 
1287855,03 103 
1287855,03 101 
1289890,85 100 
1289890,85 3
1289890,85 2149
1289890,85 11
1291867,39 25 
1291894,56 75 
1293102,99 72 
1293173,53 70 
1294686,73 80 
1295039,01 83 
1296161,22 64 1123
1296373,03 74 188
1296373,03 63 188
1297884,47 150 
1297906,34 68 
1298816,51 92 
1298816,51 65 
1298836,99 103 
1298836,99 101 
1299363,36 100 
1299363,36 3
1299363,36 2149
1299363,36 10
1301343,29 25 
1301876,75 75 
1303087,2 72 
1303155,97 70 
1304668,76 80 
1306034,26 83 
1306450,07 64 416
1306626,56 74 153
1306626,56 62 153
1307640,09 150 
1307661,4 68 
1309670,64 92 
1309670,64 65 
1309685,65 103 
1309685,65 101 
1310214,62 100 
1310214,62 3
1310214,62 2149
1310214,62 11
1312191,98 25 
1312272,29 75 
1313479,04 72 
1313551,5 70 
1315068,75 80 
1316136,57 83 
1316659,29 64 523
1316890,87 74 208
1316890,87 63 208
1317398,78 150 
1317417,94 68 
1318130,28 92 
1318130,28 65 
1318148,69 103 
1318148,69 101 
1318684,42 100 
1318684,42 3
1318684,42 2149
1318684,42 11
1320668,35 25 
1321121,85 75 
1322331,06 72 
1322400,98 70 
1323915,03 80 
1324972,76 83 
1325934,09 64 962
1326234,76 74 276
1326234,76 63 276
1326745,51 150 
1326773,29 68 
1328285,17 92 
1328285,17 65 
1328304,53 103 
1328304,53 101 
1328832,8 100 
1328832,8 3
1328832,8 2149
1328832,8 10
1330810,81 25 
1331130,93 75 
1332338,01 72 
1332410,07 70 
1333925,12 80 
1335275,06 83 
1335700 64 425
1335907,69 74 194
1335907,69 62 194
1337416,41 152 
1337435,25 69 
1338347,98 93 
1338366,71 103 
1338366,71 101 
1340396,19 100 
1340396,19 3
1340396,19 2149
1340396,19 10
1342378,99 25 
1342406,06 75 
1343614,85 72 
1343685,2 70 
1345197,61 80 
1345550,62 83 
1346553,86 64 1004
1346761,67 74 186
1346761,67 62 186
1347771,83 150 
1347790,78 68 
1349800,11 92 
1349800,11 65 
1349815,11 103 
1349815,11 101 
1350349,75 100 
1350349,75 3
1350349,75 2149
1350349,75 10
1352334,77 25 
1352548,38 75 
1353756,6 72 
1353827,48 70 
1355339,08 80 
1356399,39 83 
1356912,81 64 514
1357080,99 74 149
1357080,99 62 149
1358090,32 150 
1358120,67 68 
1358831,75 92 
1358831,75 65 
1358851,25 103 
1358851,25 101 
1359377,68 100 
1359377,68 3
1359377,68 2149
1359377,68 11
1361357,52 25 
1361411,21 75 
1362618,3 72 
1362690,48 70 
1364204,55 80 
1364556,4 83 
1365768,58 64 1213
1366009,4 74 228
1366009,4 63 228
1366517,45 150 
1366543,54 68 
1367060,87 249
1368051,98 92 
1368051,98 65 
1368073,95 103 
1368073,95 101 
1368600,59 100 
1368600,59 3
1368600,59 2149
1368600,59 10
1370580,28 25 
1370780,51 75 
1371990,08 72 
1372059,75 70 
1373571,72 80 
1374938,03 83 
1375259,21 64 321
1375424,55 74 140
1375424,55 62 140
1376934,06 150 
1376951,69 68 
1377864 92 
1377864 65 
1377883,11 103 
1377883,11 101 
1378416,44 100 
1378416,44 3
1378416,44 2149
1378416,44 10
1380402,68 25 
1380936,3 75 
1382144,05 72 
1382441,94 70 
1384049,01 80 
1384414,07 83 
1385808,48 64 1395
1385981,62 74 156
1385981,62 62 156
1386490,44 150 
1386508,5 68 
1388520,86 92 
1388520,86 65 
1388545,17 103 
1388545,17 101 
1389072,48 100 
1389072,48 3
1389072,48 2149
1389072,48 11
1391051,46 25 
1391238,41 75 
1392448,95 72 
1392517,59 70 
1394035,77 80 
1395102,7 83 
1395660,92 64 559
1395987,74 74 313
1395987,74 63 313
1396995,56 150 
1397023,96 68 
1398531,36 92 
1398531,36 65 
1398554,24 103 
1398554,24 101 
1399081,39 100 
1399081,39 3
1399081,39 2149
1399081,39 11
1401060,51 25 
1401274,24 75 
1402483,07 72 
1402553,26 70 
1404073,66 80 
1405444,93 83 
1405804,94 64 361
1405972,12 74 154
1405972,12 62 154
1407483,95 151 
1407512,59 69 
1408219,65 93 
1408230,05 103 
1408230,05 101 
1410272,14 100 
1410272,14 3
1410272,14 2149
1410272,14 10
1412242,56 25 
1412269,7 75 
1413480,37 72 
1413548,56 70 
1415063,27 80 
1416413,65 83 
1416774,58 64 362
1416968,94 74 169
1416968,94 62 169
1417477,02 150 
1417494,41 68 
1419504,27 92 
1419504,27 65 
1419518,58 103 
1419518,58 101 
1420044,91 100 
1420044,91 3
1420044,91 2149
1420044,91 10
1422024,86 25 
1422558,31 75 
1423765,51 72 
1423837,54 70 
1425350,45 80 
1425703,19 83 
1426711,95 64 1009
1426898,73 74 170
1426898,73 62 170
1427910,23 150 
1427930,65 68 
1428640,25 92 
1428640,25 65 
1428662,41 103 
1428662,41 101 
1429188,61 100 
1429188,61 3
1429188,61 2149
1429188,61 11
1431167,62 25 
1431421,16 75 
1432628,83 72 
1432700,35 70 
1434220,84 80 
1435285,5 83 
1435863,25 64 578
1436098,67 74 214
1436098,67 63 214
1437605,91 150 
1437633,07 68 
1438071,82 249
1439143,98 92 
1439143,98 65 
1439163,46 103 
1439163,46 101 
1439699,7 100 
1439699,7 3
1439699,7 2149
1439699,7 10
1441683,1 25 
1441950,16 75 
1443160,02 72 
1443229,24 70 
1444744,43 80 
1445800,98 83 
1446262,66 64 463
1446460,35 74 180
1446460,35 62 180
1447970,94 150 
1448001,24 68 
1448915,21 92 
1448915,21 65 
1448932,64 103 
1448932,64 101 
1449463,95 100 
1449463,95 3
1449463,95 2149
1449463,95 10
1451438,92 25 
1451905,72 75 
1453113,21 72 
1453184,89 70 
1454714,05 80 
1456076,56 83 
1456268,02 64 192
1456296,65 256 
1456556,59 74 268
1456556,59 62 268
1457066,19 150 
1457091,41 68 
1459102,74 92 
1459102,74 65 
1459128,2 103 
1459128,2 101 
1459654,57 100 
1459654,57 3
1459654,57 2149
1459654,57 11
1461634,63 25 
1461808,14 75 
1463016,48 72 
1463087,33 70 
1464599,14 80 
1464952,73 83 
1466117,08 64 1165
1466331,72 74 194
1466331,72 63 194
1467343,56 150 
1467366,91 68 
1468278,58 92 
1468278,58 65 
1468297,62 103 
1468297,62 101 
1468832,31 100 
1468832,31 3
1468832,31 2149
1468832,31 11
1470804,08 25 
1470990,88 75 
1472200,25 72 
1472270,05 70 
1473784,52 80 
1474135,53 83 
1475436,97 64 1302
1475667,45 74 213
1475667,45 63 213
1477175,48 150 
1477201,96 68 
1477913,85 92 
1477913,85 65 
1477933,55 103 
1477933,55 101 
1478459,82 100 
1478459,82 3
1478459,82 2149
1478459,82 11
1480439,76 25 
1480893,29 75 
1482101,67 72 
1482172,51 70 
1483941,67 80 
1485623,91 83 
1486340,33 64 717
1486555,78 74 199
1486555,78 63 199
1487066,1 150 
1487091,09 68 
1488601,51 92 
1488601,51 65 
1488622,26 103 
1488622,26 101 
1489149,73 100 
1489149,73 3
1489149,73 2149
1489149,73 10
1491128,53 25 
1491435,42 75 
1492642,58 72 
1492714,67 70 
1494226,61 80 
1495286,41 83 
1495665,46 64 379
1495843,99 74 158
1495843,99 62 158
1496855,8 150 
1496873,87 68 
1497781,97 92 
1497781,97 65 
1497804,98 103 
1497804,98 101 
1498339,76 100 
1498339,76 3
1498339,76 2149
1498339,76 11
1500324,61 25 
1500484,9 75 
1501691,94 72 
1501764,13 70 
1503280,87 80 
1504642,44 83 
1504956,5 64 314
1505169,31 74 194
1505169,31 63 194
1506180,46 152 
1506203,27 69 
1506913,72 93 
1506934,42 103 
1506934,42 101 
1508961,73 100 
1508961,73 3
1508961,73 2149
1508961,73 11
1510946,73 25 
1510973,96 75 
1512180,63 72 
1512252,92 70 
1513767,72 80 
1514131,66 83 
1515456,34 64 1325
1515680,76 74 204
1515680,76 63 204
1517192,7 150 
1517212,6 68 
1518722,59 92 
1518722,59 65 
1518742,69 103 
1518742,69 101 
1519268,89 100 
1519268,89 3
1519268,89 2149
1519268,89 11
1521249,01 25 
1521276,08 75 
1522485,69 72 
1522555,19 70 
1524077,59 80 
1525140,28 83 
1526140,68 64 1001
1526378,99 74 226
1526378,99 63 226
1526887,6 150 
1526914,09 68 
1527373,65 249
1528922,78 92 
1528922,78 65 
1528938,3 103 
1528938,3 101 
1529476,11 100 
1529476,11 3
1529476,11 2149
1529476,11 10
1531457,96 25 
1531485,16 75 
1532694,14 72 
1532764,14 70 
1534281,69 80 
1534629,7 83 
1535671,09 64 1042
1535843,76 74 149
1535843,76 62 149
1536854,64 150 
1536883,22 68 
1537795,73 92 
1537795,73 65 
1537814,5 103 
1537814,5 101 
1538341,77 100 
1538341,77 3
1538341,77 2149
1538341,77 10
1540320,78 25 
1540694,33 75 
1541903,57 72 
1541973,58 70 
1543490,56 80 
1544851,84 83 
1545124,6 64 274
1545303,6 74 159
1545303,6 62 159
1546816,43 150 
1546839,75 68 
1548848,59 92 
1548848,59 65 
1548863,14 103 
1548863,14 101 
1549389,58 100 
1549389,58 3
1549389,58 2149
1549389,58 11
1551369,37 25 
1551729,63 75 
1552937,35 72 
1553008,76 70 
1554527,8 80 
1555607,22 83 
1556431,48 64 824
1556717,65 74 272
1556717,65 63 272
1557228,44 150 
1557248,53 68 
1558759,39 92 
1558759,39 65 
1558778,84 103 
1558778,84 101 
1559313,52 100 
1559313,52 3
1559313,52 2149
1559313,52 11
1561298,48 25 
1561632,01 75 
1562841,71 72 
1562911,2 70 
1564430,3 80 
1565789,53 83 
1566186,18 64 397
1566377,17 74 175
1566377,17 63 175
1566886,68 150 
1566910,35 68 
1567344,13 249
1567618,22 92 
1567618,22 65 
1567641,72 103 
1567641,72 101 
1568171,68 100 
1568171,68 3
1568171,68 2149
1568171,68 10
1570148,02 25 
1571161,29 75 
1572367,74 72 
1572440,47 70 
1573957,52 80 
1575012,24 83 
1575538,47 64 526
1575727,11 74 169
1575727,11 62 169
1576737,55 150 
1576759,29 68 
1577470,49 92 
1577470,49 65 
1577490,82 103 
1577490,82 101 
1578017,63 100 
1578017,63 3
1578017,63 2149
1578017,63 11
1579997,13 25 
1580330,75 75 
1581538,37 72 
1581609,82 70 
1583124,67 80 
1583488,64 83 
1584620,83 64 1133
1584855,83 74 222
1584855,83 63 222
1586367,77 152 
1586396,98 69 
1586921,73 249 
1587307,08 93 
1587326,57 103 
1587326,57 101 
1589360,92 100 
1589360,92 3
1589360,92 2149
1589360,92 10
1591339,02 25 
1591366,41 75 
1592576,57 72 
1592645,15 70 
1594162,03 80 
1594523,89 83 
1595515,43 64 992
1595730,25 74 194
1595730,25 62 194
1597238,09 150 
1597257,91 68 
1598769,03 92 
1598769,03 65 
1598788,36 103 
1598788,36 101 
1599314,79 100 
1599314,79 3
1599314,79 2149
1599314,79 10
1601294,64 25 
1601668,21 75 
1602874,82 72 
1602947,34 70 
1604462,37 80 
1605825,68 83 
1606188,32 64 363
1606403 74 191
1606403 62 191
1607412,68 150 
1607440,25 68 
1609453,45 92 
1609453,45 65 
1609477,15 103 
1609477,15 101 
1610005,49 100 
1610005,49 1
1610005,49 2149
1610005,49 11
1610005,49 78 
1610005,49 198 
1611983,35 25 
1612077,02 75 
1613285,63 72 
1613356,22 70 
1614874,19 80 
1615928,02 83 
1617180,33 64 1252
1617381,65 74 188
1617381,65 63 188
1617894,21 151 
1617914,93 69 
1618624,41 93 
1618646,54 103 
1618646,54 101 
1620678,64 100 
1620678,64 1
1620678,64 2149
1620678,64 11
1622658,88 25 
1624018,6 75 
1625228,56 72 
1625297,86 70 
1626814,77 80 
1627869,62 83 
1629232,79 64 1364
1629407,2 74 152
1629407,2 62 152
1630418,04 150 
1630443,88 68 
1632455,7 92 
1632455,7 65 
1632480,55 103 
1632480,55 101 
1633007,6 100 
1633007,6 1
1633007,6 2149
1633007,6 10
1634986,83 25 
1635240,59 75 
1636447,88 72 
1636519,65 70 
1638036,73 80 
1638398,37 83 
1639551,93 64 1154
1639712,69 74 142
1639712,69 62 142
1641223,25 151 
1641251,32 69 
1642163,22 93 
1642183,1 103 
1642183,1 101 
1644209,51 100 
1644209,51 1
1644209,51 2149
1644209,51 10
1646195,4 25 
1647555,13 75 
1648763,28 72 
1648834,38 70 
1649188,23 250 
1649206,64 101 
1651206,74 100 
1651206,74 1
1651206,74 2149
1651206,74 10
1651206,74 25 
1651593,45 75 
1652802,32 72 
1652818,45 70 
1654029,64 80 
1655391,15 83 
1655756,65 64 366
1655945,27 74 168
1655945,27 62 168
1656451,91 151 
1656472,65 69 
1657981,92 93 
1658002,92 103 
1658002,92 101 
1660040,36 100 
1660040,36 1
1660040,36 2149
1660040,36 10
1662015,37 25 
1662042,43 75 
1663249,87 72 
1663321,57 70 
1664853,75 80 
1665240,33 83 
1666291,52 64 1051
1666477,95 74 172
1666477,95 62 172
1667989,55 151 
1668014,36 69 
1668669,06 249 
1668724,02 93 
1668745,11 103 
1668745,11 101 
1670773,23 100 
1670773,23 1
1670773,23 2149
1670773,23 11
1672757,34 25 
1672957,6 75 
1674164,3 72 
1674236,83 70 
1675755,52 80 
1677115,18 83 
1677783,73 64 669
1677996,27 256 
1680735,11 74 2927
1680735,11 63 2927
1684882,87 251 
1684882,87 242 
1684898,01 101 
1686911,33 100 
1686911,33 1
1686911,33 2149
1686911,33 11
1686911,33 25 
1687591,33 75 
1688799,44 72 
1688870,52 70 
1690391,54 80 
1692082,06 83 
1692551,92 64 470
1692759,03 74 184
1692759,03 61 184
1693768,38 151 
1693789,05 69 
1694700,75 93 
1694720,56 103 
1694720,56 101 
1696747,83 100 
1696747,83 1
1696747,83 2149
1696747,83 10
1698732,83 25 
1702318,33 75 
1703526,24 72 
1703597,53 70 
1705113,84 80 
1706169,28 83 
1706811,27 64 642
1706993,2 74 158
1706993,2 62 158
1707503,11 153 
1707531,14 68 
1709041,09 92 
1709041,09 65 
1709061,04 103 
1709061,04 101 
1709594,69 100 
1709594,69 1
1709594,69 2149
1709594,69 11
1711580,68 25 
1711834,24 75 
1713044,49 72 
1713113,43 70 
1714629,14 80 
1714992,19 83 
1716033,37 64 1041
1716266,99 74 209
1716266,99 63 209
1717779,77 151 
1717806,41 69 
1718313,02 249 
1719815,28 93 
1719829,75 103 
1719829,75 101 
1721857,88 100 
1721857,88 1
1721857,88 2149
1721857,88 10
1723842,15 25 
1723869,62 75 
1725077,52 72 
1725148,49 70 
1726669,45 80 
1727733,54 83 
1728276,41 64 543
1728465,16 74 172
1728465,16 62 172
1728972,86 151 
1729000,68 69 
1731009,09 93 
1731024,99 103 
1731024,99 101 
1733051,36 100 
1733051,36 1
1733051,36 2149
1733051,36 11
1735037,3 25 
1735064,79 75 
1736273,39 72 
1736343,51 70 
1737862,38 80 
1739221,79 83 
1739994,7 64 774
1740196,23 74 188
1740196,23 61 188
1741207,59 151 
1741236,17 69 
1742144,29 93 
1742153,6 103 
1742153,6 101 
1744188,79 100 
1744188,79 1
1744188,79 2149
1744188,79 10
1746165,84 25 
1746194,09 75 
1747400,99 72 
1747472,07 70 
1748987,36 80 
1750043,86 83 
1750586,48 64 543
1750773,13 74 170
1750773,13 62 170
1751285,07 151 
1751311,04 69 
1752026,09 93 
1752042,61 103 
1752042,61 101 
1754069,17 100 
1754069,17 1
1754069,17 2149
1754069,17 11
1756054,94 25 
1757574,65 75 
1758783,27 72 
1758853,83 70 
1760374,53 80 
1760745,89 83 
1762015,97 64 1271
1762222,21 74 184
1762222,21 62 184
1763233,63 150 
1763253,36 68 
1764763,89 92 
1764763,89 65 
1764783,9 103 
1764783,9 101 
1765312,5 100 
1765312,5 1
1765312,5 2149
1765312,5 10
1767290,14 25 
1767317,45 75 
1768527,24 72 
1768596,31 70 
1770111,05 80 
1771474,63 83 
1771769,55 64 295
1771972,14 74 178
1771972,14 63 178
1773481,42 151 
1773502,4 69 
1774255,98 249 
1774674 256 
1775427,23 183 
1784463,36 93 
1784482,06 103 
1784482,06 101 
1786513,9 100 
1786513,9 1
1786513,9 2149
1786513,9 10
1788494,37 25 
1788522,37 75 
1789728,88 72 
1789800,63 70 
1791324,51 80 
1792692,19 83 
1793357,95 64 666
1793581,47 74 210
1793581,47 62 210
1794589,91 151 
1794612,94 69 
1795323,89 93 
1795344,13 103 
1795344,13 101 
1797370,62 100 
1797370,62 1
1797370,62 2149
1797370,62 10
1799356,39 25 
1799943,1 75 
1799955,44 250 
1799968,39 101 
1801981,95 100 
1801981,95 1
1801981,95 2149
1801981,95 10
1801981,95 25 
1802008,41 75 
1803216,67 72 
1803514,69 70 
1805129,87 80 
1806193,09 83 
1806569,79 64 377
1806761,55 74 170
1806761,55 63 170
1808270,28 151 
1808300,88 69 
1809021,29 249 
1809232,84 181 
1810081,49 256 
1823463,84 93 
1823478,71 103 
1823478,71 101 
1825506,11 100 
1825506,11 1
1825506,11 2149
1825506,11 11
1827491,03 25 
1827519,06 75 
1828725,76 72 
1828797,2 70 
1830314,3 80 
1830675,91 83 
1831354,78 64 680
1831557,6 74 190
1831557,6 61 190
1832067,29 151 
1832090,64 69 
1832999,87 93 
1833021,23 103 
1833021,23 101 
1835060,54 100 
1835060,54 1
1835060,54 2149
1835060,54 11
1837033,64 25 
1837673,62 75 
1838882,35 72 
1838952,92 70 
1840464,67 80 
1841524,61 83 
1842296,58 64 773
1842505,7 74 196
1842505,7 63 196
1843015,44 151 
1843045,16 69 
1844152,62 249 
1844355,4 256 
1844943,5 182 
1863135,9 93 
1863154,95 103 
1863154,95 101 
1865181,42 100 
1865181,42 1
1865181,42 2149
1865181,42 11
1867167,27 25 
1867194,79 75 
1867686,82 250 
1867699,23 101 
1869712,84 100 
1869712,84 1
1869712,84 2149
1869712,84 11
1869712,84 25 
1869739,45 75 
1870947,65 72 
1871019,04 70 
1872535,76 80 
1872897,81 83 
1873656,99 64 760
1873836,41 74 166
1873836,41 62 166
1875348,45 150 
1875378,64 68 
1876291,48 92 
1876291,48 65 
1876309,33 103 
1876309,33 101 
1876836,7 100 
1876836,7 1
1876836,7 2149
1876836,7 10
1878815,6 25 
1878882,59 75 
1880091,47 72 
1880161,84 70 
1881681,55 80 
1883053,43 83 
1883575,19 64 522
1883831,58 74 233
1883831,58 63 233
1884839,13 153 
1884867,94 68 
1886377,75 92 
1886377,75 65 
1886398,33 103 
1886398,33 101 
1886931,69 100 
1886931,69 1
1886931,69 2149
1886931,69 11
1888904,92 25 
1890011,25 75 
1891217,93 72 
1891290,47 70 
1892810,3 80 
1893875,49 83 
1894368,08 64 493
1894613,43 74 232
1894613,43 63 232
1895126,35 151 
1895156,97 69 
1895867,93 93 
1895887,61 103 
1895887,61 101 
1897917,45 100 
1897917,45 1
1897917,45 2149
1897917,45 10
1899899,93 25 
1899927,33 75 
1901134,08 72 
1901206,09 70 
1902720,87 80 
1903071,68 83 
1904205,37 64 1134
1904387,71 74 171
1904387,71 61 171
1905900,21 150 
1905924,94 68 
1906412,45 249
1906634,32 92 
1906634,32 65 
1906656,29 103 
1906656,29 101 
1907182,92 100 
1907182,92 1
1907182,92 2149
1907182,92 10
1909162,69 25 
1909749,39 75 
1910958,98 72 
1911241,92 70 
1912855,79 80 
1914213,48 83 
1914780,81 64 568
1914986,67 74 188
1914986,67 61 188
1915997,88 150 
1916027,17 68 
1916595,05 249
1916937,61 92 
1916937,61 65 
1916958,54 103 
1916958,54 101 
1917495,42 100 
1917495,42 1
1917495,42 2149
1917495,42 11
1919478,23 25 
1919691,88 75 
1920900,77 72 
1920970,94 70 
1922482,44 80 
1922849,76 83 
1924452,59 64 1603
1924675,87 74 201
1924675,87 62 201
1926188,01 150 
1926209,49 68 
1927721,13 92 
1927721,13 65 
1927740,59 103 
1927740,59 101 
1928267 100 
1928267 1
1928267 2149
1928267 11
1930246,88 25 
1930673,78 75 
1931883,86 72 
1931953,01 70 
1933467,04 80 
1934524,69 83 
1935089,45 64 565
1935283,81 74 173
1935283,81 61 173
1935795,65 153 
1935819,34 68 
1936214,42 249
1937829,44 92 
1937829,44 65 
1937843,92 103 
1937843,92 101 
1938372,11 100 
1938372,11 1
1938372,11 2149
1938372,11 11
1940349,24 25 
1940376,3 75 
1941584,79 72 
1941655,46 70 
1943172,58 80 
1944533,78 83 
1944774,5 64 241
1944987,12 74 187
1944987,12 61 187
1945998,15 151 
1946027,55 69 
1946936,82 93 
1946959,04 103 
1946959,04 101 
1948994,6 100 
1948994,6 1
1948994,6 2149
1948994,6 11
1950971,33 25 
1950998,69 75 
1952207,96 72 
1952277,59 70 
1953788,79 80 
1954143,02 83 
1955491,34 64 1349
1955670,33 74 155
1955670,33 62 155
1956181,39 150 
1956209,89 68 
1956587,37 249
1956646,53 172 
1958217,77 92 
1958217,77 65 
1958234,2 103 
1958234,2 101 
1958760,61 100 
1958760,61 1
1958760,61 2149
1958760,61 10
1960740,59 25 
1961087,37 75 
1962294,33 72 
1962366,54 70 
1963887,64 80 
1964951,68 83 
1965283,43 64 332
1965462,92 74 165
1965462,92 61 165
1966470,64 150 
1966499,68 68 
1968009,75 92 
1968009,75 65 
1968030 103 
1968030 101 
1968556,6 100 
1968556,6 1
1968556,6 2149
1968556,6 10
1970536,3 25 
1970936,45 75 
1972143,64 72 
1972215,68 70 
1973726,4 80 
1975094,06 83 
1975341,84 64 249
1975562,2 74 202
1975562,2 61 202
1977069,78 150 
1977095,19 68 
1977804,85 92 
1977804,85 65 
1977825,8 103 
1977825,8 101 
1978365,75 100 
1978365,75 1
1978365,75 2149
1978365,75 11
1980345,4 25 
1980599,03 75 
1981807,01 72 
1981878,16 70 
1983392,1 80 
1984756,48 83 
1985122,43 64 366
1985324,7 74 182
1985324,7 61 182
1986837,34 151 
1986863,41 69 
1987773 93 
1987781,59 103 
1987781,59 101 
1989807,98 100 
1989807,98 1
1989807,98 2149
1989807,98 10
1991793,81 25 
1991821,48 75 
1993027,66 72 
1993099,99 70 
1994612,87 80 
1995671,89 83 
1995980,49 64 309
1996159,81 74 155
1996159,81 61 155
1996672,03 150 
1996699,97 68 
1997412,01 92 
1997412,01 65 
1997430,75 103 
1997430,75 101 
1997957,99 100 
1997957,99 1
1997957,99 2149
1997957,99 11
1999937 25 
2000270,55 75 
2001480,75 72 
2001549,78 70 
2003066,2 80 
2003428,53 83 
2004443,77 64 1016
2004617,78 74 150
2004617,78 62 150
2005629,64 150 
2005655,36 68 
2006631,05 249
2007167,25 92 
2007167,25 65 
2007186,53 103 
2007186,53 101 
2007720,5 100 
2007720,5 1
2007720,5 2149
2007720,5 10
2009706,17 25 
2010039,67 75 
2011246,66 72 
2011545,47 70 
2013158,06 80 
2013505,77 83 
2014704,27 64 1200
2014932,85 74 216
2014932,85 61 216
2015443,41 150 
2015464,49 68 
2016022,28 249
2017472,95 92 
2017472,95 65 
2017488,77 103 
2017488,77 101 
2018015,13 100 
2018015,13 1
2018015,13 2149
2018015,13 11
2019995,04 25 
2020115,5 75 
2021322,47 72 
2021394,57 70 
2022910,59 80 
2024272,91 83 
2024917,83 64 646
2025126,83 74 188
2025126,83 62 188
2026638,24 150 
2026659,78 68 
2028169,85 92 
2028169,85 65 
2028190,83 103 
2028190,83 101 
2028717,22 100 
2028717,22 1
2028717,22 2149
2028717,22 11
2030697,14 25 
2030924,07 75 
2032133,26 72 
2032203,24 70 
2033721,23 80 
2034775,06 83 
2035277,8 64 503
2035535,48 74 241
2035535,48 61 241
2036544,03 151 
2036562,08 69 
2037473,79 93 
2037493,57 103 
2037493,57 101 
2039528,68 100 
2039528,68 1
2039528,68 2149
2039528,68 10
2041505,9 25 
2041533,14 75 
2042740,62 72 
2042812,1 70 
2044325,81 80 
2045383,85 83 
2061514,55 64 16131
2061704,67 74 169
2061704,67 61 169
2063212,19 150 
2063231,41 68 
2065242,2 92 
2065242,2 65 
2065268,31 103 
2065268,31 101 
2065796,04 100 
2065796,04 1
2065796,04 2149
2065796,04 10
2067774,69 25 
2067961,56 75 
2069169,07 72 
2069240,75 70 
2070760,07 80 
2072132,39 83 
2072694,53 64 562
2072917,48 74 199
2072917,48 62 199
2073927,9 151 
2073946,07 69 
2074656,82 93 
2074677,61 103 
2074677,61 101 
2076706,33 100 
2076706,33 1
2076706,33 2149
2076706,33 10
2078689,92 25 
2078717,24 75 
2079925,35 72 
2079996,07 70 
2081510,12 80 
2081861,54 83 
2082798,57 64 937
2083006,16 74 185
2083006,16 61 185
2083518,24 150 
2083541,97 68 
2084012,04 249
2085049,55 92 
2085049,55 65 
2085073,16 103 
2085073,16 101 
2085608,59 100 
2085608,59 1
2085608,59 2149
2085608,59 10
2087592,77 25 
2087620,27 75 
2088829,5 72 
2088898,99 70 
2090414,06 80 
2091777,25 83 
2092054,85 64 278
2092250,4 74 180
2092250,4 61 180
2093258,9 150 
2093284,45 68 
2094195,1 92 
2094195,1 65 
2094217,02 103 
2094217,02 101 
2094743,06 100 
2094743,06 1
2094743,06 2149
2094743,06 11
2096722,14 25 
2097015,83 75 
2098224,68 72 
2098295 70 
2099809,94 80 
2100880,02 83 
2101369,08 64 489
2101561,25 74 175
2101561,25 62 175
2103071,4 150 
2103095,28 68 
2103803,92 92 
2103803,92 65 
2103825,06 103 
2103825,06 101 
2104351,55 100 
2104351,55 1
2104351,55 2149
2104351,55 11
2106331,36 25 
2106771,58 75 
2107981,44 72 
2108050,72 70 
2109570,88 80 
2109929,74 83 
2111041,35 64 1112
2111217,2 74 155
2111217,2 62 155
2111727,73 152 
2111756,84 69 
2113765,68 93 
2113780,81 103 
2113780,81 101 
2115819,26 100 
2115819,26 1
2115819,26 2149
2115819,26 11
2117793,15 25 
2117820,34 75 
2119028,47 72 
2119325,91 70 
2120940,46 80 
2122310,85 83 
2122579,25 64 269
2122804,03 74 200
2122804,03 61 200
2123314,27 151 
2123339,13 69 
2124851,42 93 
2124869,45 103 
2124869,45 101 
2126896,75 100 
2126896,75 1
2126896,75 2149
2126896,75 10
2128881,76 25 
2128909,83 75 
2130118,91 72 
2130187,92 70 
2131705,09 80 
2132066,67 83 
2132906,78 64 841
2133145,87 74 227
2133145,87 61 227
2134157,11 150 
2134187,68 68 
2135096,76 92 
2135096,76 65 
2135118,33 103 
2135118,33 101 
2135644,87 100 
2135644,87 1
2135644,87 2149
2135644,87 10
2137624,62 25 
2138184,72 75 
2139395,33 72 
2139463,97 70 
2140979,65 80 
2142035,73 83 
2142327,73 64 293
2142519 74 177
2142519 61 177
2144031,11 150 
2144049,52 68 
2146059,7 92 
2146059,7 65 
2146086,95 103 
2146086,95 101 
2146621,19 100 
2146621,19 1
2146621,19 2149
2146621,19 10
2148606,61 25 
2149206,67 75 
2150413,66 72 
2150485,91 70 
2152005,12 80 
2152378,03 83 
2153253,74 64 877
2153448,71 74 179
2153448,71 61 179
2154457,78 150 
2154484,87 68 
2154922,22 249
2154957,4 171
2155196,29 92 
2155196,29 65 
2155216,37 103 
2155216,37 101 
2155744,65 100 
2155744,65 1
2155744,65 2149
2155744,65 10
2157722,7 25 
2157803 75 
2159010,63 72 
2159082,28 70 
2160602,44 80 
2161667,31 83 
2161877,47 64 210
2162128,46 74 235
2162128,46 61 235
2162638,71 152 
2162667,95 69 
2162744,48 249 
2163578,08 93 
2163599,45 103 
2163599,45 101 
2165625,77 100 
2165625,77 1
2165625,77 2149
2165625,77 11
2167611,77 25 
2167639,91 75 
2168848,39 72 
2168917,96 70 
2170437,47 80 
2171796,39 83 
2172244,55 64 448
2172418,29 74 156
2172418,29 62 156
2173930,77 150 
2173956,64 68 
2174668,49 92 
2174668,49 65 
2174688,05 103 
2174688,05 101 
2175223,8 100 
2175223,8 1
2175223,8 2149
2175223,8 11
2177207,7 25 
2177235,19 75 
2178442,38 72 
2178513,93 70 
2180031,35 80 
2181392,18 83 
2181736,63 64 345
2181933,74 74 182
2181933,74 61 182
2182445,23 151 
2182472,92 69 
2183983,19 93 
2184004,02 103 
2184004,02 101 
2186032,12 100 
2186032,12 1
2186032,12 2149
2186032,12 11
2188016,32 25 
2188044,29 75 
2189252,57 72 
2189322,56 70 
2190838,73 80 
2191187,98 83 
2191978,19 64 791
2192166,61 74 167
2192166,61 62 167
2193676,28 150 
2193695,42 68 
2195707,15 92 
2195707,15 65 
2195732,33 103 
2195732,33 101 
2196261,1 100 
2196261,1 1
2196261,1 2149
2196261,1 11
2198238,62 25 
2198385,57 75 
2199593,12 72 
2199664,77 70 
2201186,21 80 
2202249,85 83 
2202780,37 64 531
2202956,87 74 161
2202956,87 62 161
2203965,9 150 
2203984,39 68 
2204893,6 92 
2204893,6 65 
2204915,14 103 
2204915,14 101 
2205448,89 100 
2205448,89 1
2205448,89 2149
2205448,89 10
2207434,71 25 
2207888,39 75 
2209096,54 72 
2209167,35 70 
2210684,41 80 
2211739,22 83 
2212313,11 64 574
2212509,24 74 184
2212509,24 61 184
2213518,3 150 
2213540,29 68 
2213572,55 249
2213933,28 171
2215549,24 92 
2215549,24 65 
2215563,87 103 
2215563,87 101 
2216091,03 100 
2216091,03 1
2216091,03 2149
2216091,03 11
2218070,15 25 
2218097,28 75 
2219304,82 72 
2219602,93 70 
2221268,65 80 
2221828,16 83 
2222785,32 64 957
2222956,79 74 156
2222956,79 62 156
2223467,36 150 
2223495,25 68 
2224208,02 92 
2224208,02 65 
2224226,8 103 
2224226,8 101 
2224754,6 100 
2224754,6 1
2224754,6 2149
2224754,6 10
2226733,07 25 
2227386,8 75 
2228594,29 72 
2228665,74 70 
2230189,82 80 
2231557,37 83 
2231936,36 64 379
2232131,02 74 174
2232131,02 62 174
2233641,08 151 
2233664,17 69 
2235175,89 93 
2235195,47 103 
2235195,47 101 
2237230,82 100 
2237230,82 1
2237230,82 2149
2237230,82 10
2239207,71 25 
2239235,05 75 
2240442,85 72 
2240513,95 70 
2242035,44 80 
2242392,78 83 
2243336,11 64 944
2243518,22 74 166
2243518,22 62 166
2244529,04 151 
2244553,68 69 
2246062,71 93 
2246084,08 103 
2246084,08 101 
2248111,63 100 
2248111,63 1
2248111,63 2149
2248111,63 11
2250096,38 25 
2250124,35 75 
2251332,59 72 
2251402,59 70 
2252919,7 80 
2253974,38 83 
2254518,36 64 544
2254693,73 74 160
2254693,73 62 160
2255201,91 150 
2255229,14 68 
2257240,8 92 
2257240,8 65 
2257265,92 103 
2257265,92 101 
2257792,34 100 
2257792,34 1
2257792,34 2149
2257792,34 10
2259772,24 25 
2259799,33 75 
2261006,51 72 
2261078,45 70 
2262593,83 80 
2263882,91 250 
2263903,05 101 
2265916,27 100 
2265916,27 1
2265916,27 2149
2265916,27 10
2265916,27 25 
2265943,46 75 
2267150,09 72 
2267222,46 70 
2268741,31 80 
2270100,79 83 
2271282,39 64 1182
2271506,94 74 207
2271506,94 61 207
2273015,09 150 
2273034,86 68 
2273945,65 92 
2273945,65 65 
2273965,47 103 
2273965,47 101 
2274500,86 100 
2274500,86 1
2274500,86 2149
2274500,86 11
2276485,09 25 
2276672,02 75 
2277880,45 72 
2277951,19 70 
2279470,97 80 
2280830,36 83 
2281436,29 64 607
2281647,43 74 192
2281647,43 62 192
2282161,52 150 
2282189,79 68 
2282897,43 92 
2282897,43 65 
2282921,61 103 
2282921,61 101 
2283450,04 100 
2283450,04 1
2283450,04 2149
2283450,04 10
2285427,95 25 
2286227,89 75 
2287437,19 72 
2287507,13 70 
2289022,4 80 
2290078,87 83 
2290549,62 64 472
2290814,14 74 242
2290814,14 61 242
2292323,68 150 
2292346,53 68 
2294354,61 92 
2294354,61 65 
2294370,03 103 
2294370,03 101 
2294896,92 100 
2294896,92 1
2294896,92 2149
2294896,92 10
2296876,33 25 
2296904,11 75 
2298113,09 72 
2298182,55 70 
2299699,44 80 
2300061,27 83 
2301011,25 64 950
2301254,66 74 221
2301254,66 61 221
2302264,08 150 
2302288,09 68 
2302726,2 249
2303199,8 92 
2303199,8 65 
2303219,57 103 
2303219,57 101 
2303752,85 100 
2303752,85 1
2303752,85 2149
2303752,85 11
2305739,21 25 
2305766,65 75 
2306975,46 72 
2307045,47 70 
2308563,23 80 
2308924,13 83 
2309908,6 64 985
2310096,38 74 173
2310096,38 62 173
2311607,99 152 
2311631,66 69 
2312342,85 93 
2312362,31 103 
2312362,31 101 
2314415,81 100 
2314415,81 1
2314415,81 2149
2314415,81 11
2316374,77 25 
2316934,85 75 
2318144,32 72 
2318214,04 70 
2319732,06 80 
2320785,71 83 
2321544,48 64 759
2321750,78 74 193
2321750,78 62 193
2322263,74 150 
2322292,85 68 
2323803,83 92 
2323803,83 65 
2323824,08 103 
2323824,08 101 
2324354,53 100 
2324354,53 1
2324354,53 2149
2324354,53 10
2326330,44 25 
2327916,73 75 
2329125,41 72 
2329195,93 70 
2330714,53 80 
2332074,22 83 
2332440,98 64 367
2332637,6 74 178
2332637,6 61 178
2333647,39 150 
2333675,46 68 
2335683,88 92 
2335683,88 65 
2335698,98 103 
2335698,98 101 
2336232,1 100 
2336232,1 1
2336232,1 2149
2336232,1 11
2338218,6 25 
2338339,14 75 
2339545,61 72 
2339618,13 70 
2341135,2 80 
2341496,88 83 
2342684,75 64 1189
2342879,57 74 171
2342879,57 62 171
2344391,77 150 
2344416,92 68 
2345326,95 92 
2345326,95 65 
2345348,17 103 
2345348,17 101 
2345874,74 100 
2345874,74 1
2345874,74 2149
2345874,74 11
2347854,57 25 
2348134,75 75 
2349344,8 72 
2349413,97 70 
2350929,81 80 
2352292,24 83 
2352678,27 64 386
2352850,53 74 158
2352850,53 62 158
2353361,5 150 
2353386,96 68 
2354097,79 92 
2354097,79 65 
2354117,75 103 
2354117,75 101 
2354645,08 100 
2354645,08 1
2354645,08 2149
2354645,08 11
2356624 25 
2357010,87 75 
2358219,6 72 
2358290,06 70 
2359807,41 80 
2360861,89 83 
2361543,66 64 683
2361710,99 74 143
2361710,99 62 143
2362723,09 150 
2362742,99 68 
2364251,9 92 
2364251,9 65 
2364273,4 103 
2364273,4 101 
2364810,97 100 
2364810,97 1
2364810,97 2149
2364810,97 11
2366793,26 25 
2367326,51 75 
2368535,38 72 
2368605,65 70 
2370123,16 80 
2371177,46 83 
2371725,05 64 548
2371929,95 74 193
2371929,95 62 193
2372940,84 150 
2372965,28 68 
2374975,87 92 
2374975,87 65 
2375002,14 103 
2375002,14 101 
2375529,42 100 
2375529,42 1
2375529,42 2149
2375529,42 10
2377508,42 25 
2377908,59 75 
2379119,3 72 
2379187,81 70 
2380705,19 80 
2382066,14 83 
2382402,61 64 337
2382634,66 74 210
2382634,66 61 210
2384142,69 150 
2384173,9 68 
2384884,09 92 
2384884,09 65 
2384904,62 103 
2384904,62 101 
2385430,91 100 
2385430,91 1
2385430,91 2149
2385430,91 10
2387410,83 25 
2387677,76 75 
2388885,37 72 
2388956,93 70 
2390469,22 80 
2390835,67 83 
2391884,16 64 1049
2392129,44 74 228
2392129,44 61 228
2392641,96 152 
2392663,1 69 
2393573,91 93 
2393594,14 103 
2393594,14 101 
2395627,08 100 
2395627,08 1
2395627,08 2149
2395627,08 10
2397606,48 25 
2397633,65 75 
2398841,75 72 
2398912,67 70 
2399369,02 250 
2399378,3 101 
2401391,47 100 
2401391,47 1
2401391,47 2149
2401391,47 10
2401391,47 25 
2404590,49 75 
2405797,34 72 
2405815,5 70 
2407023,78 80 
2408081,62 83 
2408736,36 64 655
2408948,97 74 188
2408948,97 61 188
2409957,07 150 
2409975,25 68 
2410686,79 249
2411485,52 92 
2411485,52 65 
2411506,63 103 
2411506,63 101 
2412036,73 100 
2412036,73 1
2412036,73 2149
2412036,73 11
2414012,81 25 
2414186,76 75 
2415394,2 72 
2415465,57 70 
2416980,8 80 
2417344,35 83 
2418570,16 64 1226
2418785,54 74 203
2418785,54 62 203
2420293,28 150 
2420318,36 68 
2421230,51 92 
2421230,51 65 
2421249 103 
2421249 101 
2421777,78 100 
2421777,78 1
2421777,78 2149
2421777,78 10
2423755,33 25 
2423835,54 75 
2425043,83 72 
2425341,53 70 
2426955,13 80 
2428326,28 83 
2428609,95 64 284
2428829,53 74 197
2428829,53 61 197
2429339,47 150 
2429367,77 68 
2430878,02 92 
2430878,02 65 
2430898,15 103 
2430898,15 101 
2431434,87 100 
2431434,87 4
2431434,87 2149
2431434,87 11
2431434,87 78 
2431434,87 198 
2433431,27 25 
2433618,07 75 
2434827,43 72 
2434897,21 70 
2436415,69 80 
2437775,52 83 
2438225,86 64 451
2438431,7 74 190
2438431,7 62 190
2439940,91 153 
2439962,56 68 
2440672,84 92 
2440672,84 65 
2440693,96 103 
2440693,96 101 
2441220,56 100 
2441220,56 4
2441220,56 2149
2441220,56 11
2443200,25 25 
2443800,32 75 
2445008,41 72 
2445079,56 70 
2446589,76 80 
2447651,41 83 
2448158,13 64 507
2448328,21 74 144
2448328,21 62 144
2448836,48 151 
2448865,42 69 
2450875,62 93 
2450889,56 103 
2450889,56 101 
2452918,28 100 
2452918,28 4
2452918,28 2149
2452918,28 10
2454902,05 25 
2454929,18 75 
2456138,45 72 
2456208,09 70 
2457723,65 80 
2458086,81 83 
2470535,43 64 12449
2470784,7 74 237
2470784,7 61 237
2471795,73 151 
2471816,17 69 
2472527,99 93 
2472546,95 103 
2472546,95 101 
2474579,25 100 
2474579,25 4
2474579,25 2149
2474579,25 10
2476559,24 25 
2476587,2 75 
2477795,89 72 
2477865,46 70 
2479381,66 80 
2480743,76 83 
2481852,49 64 1109
2482097,25 74 221
2482097,25 62 221
2482608,7 150 
2482638,17 68 
2484146,32 92 
2484146,32 65 
2484168,63 103 
2484168,63 101 
2484695,22 100 
2484695,22 4
2484695,22 2149
2484695,22 11
2486674,95 25 
2486981,8 75 
2488188,58 72 
2488261,05 70 
2489778,42 80 
2490139,81 83 
2491069,34 64 930
2491275,76 74 190
2491275,76 61 190
2492286,03 150 
2492313,99 68 
2493224,83 92 
2493224,83 65 
2493244,77 103 
2493244,77 101 
2493772,04 100 
2493772,04 4
2493772,04 2149
2493772,04 10
2495751,01 25 
2495871,34 75 
2497078,07 72 
2497152,15 70 
2498662,53 80 
2499722,32 83 
2500870,58 64 1149
2501048,01 74 153
2501048,01 62 153
2502560,87 150 
2502588,89 68 
2504597,62 92 
2504597,62 65 
2504613,21 103 
2504613,21 101 
2505148,77 100 
2505148,77 4
2505148,77 2149
2505148,77 10
2507132,88 25 
2507507,4 75 
2508716,36 72 
2508785,5 70 
2510308,19 80 
2511370,73 83 
2511905,42 64 535
2512096,17 74 166
2512096,17 62 166
2512607,04 150 
2512625,4 68 
2514637,59 92 
2514637,59 65 
2514662,23 103 
2514662,23 101 
2515188,56 100 
2515188,56 4
2515188,56 2149
2515188,56 11
2517168,53 25 
2517382,15 75 
2518589,6 72 
2518661,49 70 
2520178,65 80 
2521539,63 83 
2521814,5 64 275
2522015,37 74 183
2522015,37 61 183
2523524,84 150 
2523554,22 68 
2524241,11 249
2524466,13 92 
2524466,13 65 
2524484,66 103 
2524484,66 101 
2525011,02 100 
2525011,02 4
2525011,02 2149
2525011,02 11
2526990,98 25 
2527431,16 75 
2528637,91 72 
2528936,95 70 
2530606,61 80 
2531148,86 83 
2532305,55 64 1157
2532519,61 74 199
2532519,61 61 199
2533532,75 150 
2533562,23 68 
2534051,58 249
2535071,74 92 
2535071,74 65 
2535093,48 103 
2535093,48 101 
2535627,68 100 
2535627,68 4
2535627,68 2149
2535627,68 10
2537613,08 25 
2537986,6 75 
2539194,69 72 
2539265,82 70 
2540783,16 80 
2542157,44 83 
2542608,35 64 451
2542853,84 74 231
2542853,84 62 231
2543863,23 150 
2543891,14 68 
2544603,37 92 
2544603,37 65 
2544622,71 103 
2544622,71 101 
2545152,48 100 
2545152,48 4
2545152,48 2149
2545152,48 11
2547129,05 25 
2547595,94 75 
2548804,24 72 
2548875,09 70 
2550389,44 80 
2550753,8 83 
2561240,6 64 10488
2561429,39 74 174
2561429,39 62 174
2562939,2 151 
2562963,7 69 
2563675,51 93 
2563694,6 103 
2563694,6 101 
2565721,98 100 
2565721,98 4
2565721,98 2149
2565721,98 10
2567706,82 25 
2567734,33 75 
2568940,6 72 
2569013,24 70 
2570527,47 80 
2571584,88 83 
2635485,05 64 63901
2635702,78 74 199
2635702,78 61 199
2636211,69 151 
2636239,09 69 
2637147,66 93 
2637169,66 103 
2637169,66 101 
2639202,92 100 
2639202,92 4
2639202,92 2149
2639202,92 10
2641181,97 25 
2645140,67 75 
2646350,69 72 
2646659,76 70 
2648276,14 80 
2649644,7 83 
2650328,42 64 684
2650517,99 74 167
2650517,99 62 167
2652026,14 150 
2652045,77 68 
2654056,83 92 
2654056,83 65 
2654082,41 103 
2654082,41 101 
2654609,65 100 
2654609,65 4
2654609,65 2149
2654609,65 11
2656588,76 25 
2656775,71 75 
2657983,2 72 
2658054,97 70 
2659572,77 80 
2659946,97 83 
2661481,9 64 1536
2661746,79 74 241
2661746,79 61 241
2662756,58 150 
2662787,58 68 
2664299,03 92 
2664299,03 65 
2664318,05 103 
2664318,05 101 
2664844,5 100 
2664844,5 4
2664844,5 2149
2664844,5 10
2666824,35 25 
2666918,02 75 
2668126,92 72 
2668197,19 70 
2669711,97 80 
2670768,94 83 
2671483,08 64 715
2671508,92 256 
2671756,86 74 256
2671756,86 63 256
2672267,53 153 
2672290,18 68 
2674298,79 92 
2674298,79 65 
2674313,75 103 
2674313,75 101 
2674848,34 100 
2674848,34 4
2674848,34 2149
2674848,34 10
2676833,44 25 
2677780 75 
2678990,43 72 
2679059,25 70 
2680573,66 80 
2681937,52 83 
2682453,2 64 516
2682634,17 74 164
2682634,17 62 164
2683642,8 150 
2683671,21 68 
2685179,46 92 
2685179,46 65 
2685202,43 103 
2685202,43 101 
2685729,88 100 
2685729,88 4
2685729,88 2149
2685729,88 11
2687708,84 25 
2688015,63 75 
2689224,74 72 
2689294,78 70 
2690812,16 80 
2691866,6 83 
2692827,62 64 962
2693052,64 74 201
2693052,64 63 201
2694564,22 151 
2694587,48 69 
2695295,07 93 
2695304,81 103 
2695304,81 101 
2697331,11 100 
2697331,11 4
2697331,11 2149
2697331,11 11
2699317,05 25 
2699344,69 75 
2700552,12 72 
2700623,38 70 
2702140,64 80 
2702502,03 83 
2703561,12 64 1059
2703749,63 74 169
2703749,63 62 169
2704260,05 151 
2704288,66 69 
2705196,89 93 
2705207,17 103 
2705207,17 101 
2707243,32 100 
2707243,32 4
2707243,32 2149
2707243,32 10
2709219,56 25 
2709247,21 75 
2710454,48 72 
2710525,71 70 
2712045,23 80 
2712404,48 83 
2713205,55 64 801
2713412,92 74 196
2713412,92 61 196
2713920,62 151 
2713939,48 69 
2714849,99 93 
2714869,7 103 
2714869,7 101 
2716896,28 100 
2716896,28 4
2716896,28 2149
2716896,28 11
2718882,09 25 
2718909,26 75 
2720118,35 72 
2720188,22 70 
2721700,38 80 
2722760,03 83 
2723351,54 64 591
2723543,96 74 171
2723543,96 62 171
2724552,96 151 
2724573,62 69 
2725281,18 93 
2725291,99 103 
2725291,99 101 
2727319,27 100 
2727319,27 4
2727319,27 2149
2727319,27 11
2729304,26 25 
2729331,61 75 
2730540,23 72 
2730610,39 70 
2732127,38 80 
2733488,75 83 
2733971,23 64 483
2734125,04 256 
2734139,91 74 145
2734139,91 63 145
2735648,98 153 
2735676,48 68 
2737187,13 92 
2737187,13 65 
2737206,78 103 
2737206,78 101 
2737742,15 100 
2737742,15 4
2737742,15 2149
2737742,15 11
2739726,39 25 
2740566,42 75 
2741774,21 72 
2741845,73 70 
2743365,55 80 
2744417,4 83 
2745308,88 64 892
2745495,38 256 
2748493,35 74 3170
2748493,35 63 3170
2754615,66 251 
2754615,66 242 
2754639,23 101 
2756652,51 100 
2756652,51 4
2756652,51 2149
2756652,51 11
2756652,51 25 
2757107,13 75 
2758316,23 72 
2758598,48 70 
2760220,81 80 
2761276,78 83 
2761967,85 64 692
2762184,69 74 202
2762184,69 62 202
2763693,59 151 
2763717,26 69 
2765079,69 249 
2765725,05 93 
2765741,2 103 
2765741,2 101 
2767772,97 100 
2767772,97 4
2767772,97 2149
2767772,97 11
2769753,51 25 
2770833,59 75 
2771004,02 250 
2771018,52 101 
2773032,14 100 
2773032,14 4
2773032,14 2149
2773032,14 11
2773032,14 25 
2773058,58 75 
2774266,14 72 
2774338,31 70 
2775848,59 80 
2777216,69 83 
2777925,88 64 710
2778119,6 74 171
2778119,6 62 171
2779132,04 151 
2779150,47 69 
2780061,69 93 
2780081,73 103 
2780081,73 101 
2782108,11 100 
2782108,11 4
2782108,11 2149
2782108,11 11
2784094,18 25 
2784121,65 75 
2784405,49 250 
2784412,75 101 
2786426,36 100 
2786426,36 4
2786426,36 2149
2786426,36 11
2786426,36 25 
2786466,61 75 
2787677,29 72 
2787745,89 70 
2789264,04 80 
2789624,67 83 
2790938,38 64 1314
2791125,89 74 169
2791125,89 62 169
2791638,4 151 
2791665,72 69 
2792376,45 93 
2792396,52 103 
2792396,52 101 
2794432,89 100 
2794432,89 4
2794432,89 2149
2794432,89 11
2796408,81 25 
2796436,81 75 
2797644,89 72 
2797714,94 70 
2799231,99 80 
2799595,22 83 
2800577,15 64 984
2800792,23 74 199
2800792,23 61 199
2801303,32 150 
2801327,55 68 
2803339,46 92 
2803339,46 65 
2803365,08 103 
2803365,08 101 
2803891,64 100 
2803891,64 4
2803891,64 2149
2803891,64 10
2805871,36 25 
2805898,77 75 
2807107,15 72 
2807177,64 70 
2808691,89 80 
2809749,45 83 
2810565,18 64 816
2810763,68 74 175
2810763,68 62 175
2812272,6 150 
2812296,07 68 
2813806,78 92 
2813806,78 65 
2813827,26 103 
2813827,26 101 
2814353,67 100 
2814353,67 4
2814353,67 2149
2814353,67 10
2816333,55 25 
2816573,93 75 
2817782,89 72 
2817853,07 70 
2819370,32 80 
2820731,34 83 
2821150,41 64 419
2821334,75 74 164
2821334,75 62 164
2822346,4 150 
2822372,52 68 
2824382,46 92 
2824382,46 65 
2824409,42 103 
2824409,42 101 
2824941,42 100 
2824941,42 4
2824941,42 2149
2824941,42 10
2826928,99 25 
2827409,22 75 
2828618,97 72 
2828688,36 70 
2830199,92 80 
2830553,79 83 
2831601,31 64 1048
2831773,97 74 155
2831773,97 62 155
2832282,64 150 
2832301,55 68 
2833010,69 92 
2833010,69 65 
2833032,36 103 
2833032,36 101 
2833559,55 100 
2833559,55 4
2833559,55 2149
2833559,55 10
2835538,76 25 
2837165,21 75 
2838375,09 72 
2838444,19 70 
2839958,77 80 
2841015,93 83 
2841479,88 64 465
2841655,23 74 160
2841655,23 62 160
2842662,17 150 
2842684,88 68 
2844195,17 92 
2844195,17 65 
2844214,21 103 
2844214,21 101 
2844740,64 100 
2844740,64 4
2844740,64 2149
2844740,64 10
2846720,52 25 
2847360,6 75 
2848568,62 72 
2848639,81 70 
2850152,65 80 
2851518,1 83 
2851864,51 64 346
2852042,72 74 166
2852042,72 62 166
2853552,27 150 
2853572,45 68 
2854482,8 92 
2854482,8 65 
2854503,13 103 
2854503,13 101 
2855042,19 100 
2855042,19 4
2855042,19 2149
2855042,19 11
2857022,75 25 
2857716,19 75 
2858923,56 72 
2859221,92 70 
2860848,66 80 
2861207,35 83 
2862256,13 64 1049
2862470,12 74 197
2862470,12 63 197
2863979,19 153 
2864008 68 
2866018,69 92 
2866018,69 65 
2866044,91 103 
2866044,91 101 
2866572,27 100 
2866572,27 4
2866572,27 2149
2866572,27 10
2868551,12 25 
2868604,84 75 
2869811,61 72 
2869884,04 70 
2871396,91 80 
2872455,84 83 
2872942,46 64 487
2873145,76 74 184
2873145,76 62 184
2873658,32 150 
2873683,19 68 
2874591,18 92 
2874591,18 65 
2874614,55 103 
2874614,55 101 
2875141,78 100 
2875141,78 4
2875141,78 2149
2875141,78 11
2877120,78 25 
2877281,2 75 
2878488,62 72 
2878560,36 70 
2880087,67 80 
2881452,09 83 
2881859,31 64 408
2882101,94 74 224
2882101,94 63 224
2883112,52 151 
2883133,19 69 
2883844,17 93 
2883863,88 103 
2883863,88 101 
2885896,59 100 
2885896,59 4
2885896,59 2149
2885896,59 10
2887876,26 25 
2895113,53 75 
2896321,6 72 
2896392,64 70 
2897901,86 80 
2898258,09 83 
2899142,85 64 885
2899318,15 74 154
2899318,15 62 154
2900825,66 150 
2900845,54 68 
2902354,68 92 
2902354,68 65 
2902375,94 103 
2902375,94 101 
2902903,07 100 
2902903,07 4
2902903,07 2149
2902903,07 10
2904882,3 25 
2905056,01 75 
2906265,51 72 
2906335,06 70 
2907850,62 80 
2908906,85 83 
2909470,34 64 564
2909642,93 74 150
2909642,93 62 150
2910153,61 150 
2910174,89 68 
2911082,51 92 
2911082,51 65 
2911105,53 103 
2911105,53 101 
2911635,27 100 
2911635,27 4
2911635,27 2149
2911635,27 10
2913612,72 25 
2914931,64 75 
2916139,75 72 
2916210,9 70 
2917725,23 80 
2919089,12 83 
2919357,31 64 268
2919552,83 74 171
2919552,83 62 171
2920564,68 150 
2920583,95 68 
2921294,64 92 
2921294,64 65 
2921314,5 103 
2921314,5 101 
2921850,22 100 
2921850,22 4
2921850,22 2149
2921850,22 10
2923834,13 25 
2924300,99 75 
2925510,45 72 
2925581,79 70 
2927100,61 80 
2928458,61 83 
2928876,34 64 418
2929036,84 74 139
2929036,84 62 139
2930545,57 150 
2930566,17 68 
2932074,61 92 
2932074,61 65 
2932096,55 103 
2932096,55 101 
2932623,67 100 
2932623,67 4
2932623,67 2149
2932623,67 11
2934602,91 25 
2935163,03 75 
2936372,27 72 
2936442,17 70 
2937956,27 80 
2938307,56 83 
2939410,68 64 1104
2939935,67 74 509
2939935,67 63 509
2940447,76 151 
2940467,97 69 
2942476,95 93 
2942492,15 103 
2942492,15 101 
2944520,63 100 
2944520,63 4
2944520,63 2149
2944520,63 11
2946504,43 25 
2946531,83 75 
2947740,64 72 
2947810,62 70 
2949330,95 80 
2950395,69 83 
2950744,66 64 350
2950942,45 74 174
2950942,45 61 174
2951954,04 150 
2951983,63 68 
2952691,71 92 
2952691,71 65 
2952714,34 103 
2952714,34 101 
2953249,58 100 
2953249,58 4
2953249,58 2149
2953249,58 11
2955233,97 25 
2955314,38 75 
2956522,74 72 
2956593,62 70 
2958107,33 80 
2958458,96 83 
2959376,55 64 918
2959591,43 74 200
2959591,43 61 200
2961104,22 150 
2961125,6 68 
2961543,34 249
2963134,9 92 
2963134,9 65 
2963149,97 103 
2963149,97 101 
2963677,58 100 
2963677,58 4
2963677,58 2149
2963677,58 10
2965656,19 25 
2965869,79 75 
2967079,17 72 
2967148,96 70 
2968661,93 80 
2970014,06 83 
2970379,29 64 365
2970566,26 74 166
2970566,26 62 166
2971073,82 150 
2971094,72 68 
2972003,42 92 
2972003,42 65 
2972026,05 103 
2972026,05 101 
2972553,72 100 
2972553,72 4
2972553,72 2149
2972553,72 11
2974532,4 25 
2974586,1 75 
2975795,28 72 
2975865,32 70 
2977381,39 80 
2978437,09 83 
2978882,87 64 446
2979165,98 74 263
2979165,98 61 263
2980177,9 150 
2980198,37 68 
2981705,76 92 
2981705,76 65 
2981728,57 103 
2981728,57 101 
2982266,13 100 
2982266,13 4
2982266,13 2149
2982266,13 11
2984248,18 25 
2984541,78 75 
2985749,31 72 
2985821,02 70 
2987335,94 80 
2988392,77 83 
2989084,6 64 693
2989306,63 74 208
2989306,63 61 208
2989817,31 150 
2989846,66 68 
2991856,01 92 
2991856,01 65 
2991870,91 103 
2991870,91 101 
2992398,14 100 
2992398,14 4
2992398,14 2149
2992398,14 10
2994377,25 25 
2994804,07 75 
2996012,02 72 
2996083,26 70 
2997597,51 80 
2997948,7 83 
2998755,83 64 808
2998934,64 74 161
2998934,64 62 161
3000442 150 
3000468,79 68 
3001976,81 92 
3001976,81 65 
3001999,98 103 
3001999,98 101 
3002526,23 100 
3002526,23 4
3002526,23 2149
3002526,23 10
3004506,27 25 
3006199,39 75 
3007408,63 72 
3007478,39 70 
3008994,29 80 
3010356,66 83 
3011248,84 64 893
3011421,56 74 160
3011421,56 62 160
3012429,72 150 
3012451,04 68 
3013362,28 92 
3013362,28 65 
3013381,66 103 
3013381,66 101 
3013914,37 100 
3013914,37 4
3013914,37 2149
3013914,37 10
3015901,28 25 
3016488,15 75 
3017697,31 72 
3017767,31 70 
3019283,54 80 
3019632,74 83 
3020776,27 64 1144
3020959,95 74 168
3020959,95 62 168
3021969,02 150 
3021993,58 68 
3022703,29 92 
3022703,29 65 
3022724,35 103 
3022724,35 101 
3023252,42 100 
3023252,42 4
3023252,42 2149
3023252,42 11
3025230,68 25 
3025577,8 75 
3026785,05 72 
3026856,7 70 
3028373,02 80 
3029735,05 83 
3030251,96 64 517
3030482,02 74 214
3030482,02 61 214
3031990,59 152 
3032015,15 69 
3032070,73 249 
3033100,26 181 
3034023,32 93 
3034039,54 103 
3034039,54 101 
3036065,85 100 
3036065,85 4
3036065,85 2149
3036065,85 10
3038051,82 25 
3038078,96 75 
3039286 72 
3039358,04 70 
3040880,28 80 
3041943,08 83 
3042436,39 64 493
3042639,3 74 190
3042639,3 61 190
3043149,66 151 
3043171,23 69 
3043879,75 93 
3043901,92 103 
3043901,92 101 
3045936,03 100 
3045936,03 4
3045936,03 2149
3045936,03 11
3047914,23 25 
3047941,68 75 
3049149,86 72 
3049220,41 70 
3050740,43 80 
3051792,28 83 
3055409,36 64 3617
3055569,49 74 139
3055569,49 62 139
3056077,03 151 
3056098,23 69 
3057609,84 93 
3057629,38 103 
3057629,38 101 
3059655,86 100 
3059655,86 4
3059655,86 2149
3059655,86 11
3061641,65 25 
3061669,26 75 
3062877,53 72 
3062947,91 70 
3064468,3 80 
3065159,86 83 
3066059 64 900
3066268,96 74 190
3066268,96 61 190
3067779,04 150 
3067800,61 68 
3068321,17 249
3068709,12 92 
3068709,12 65 
3068731,34 103 
3068731,34 101 
3069261,89 100 
3069261,89 4
3069261,89 2149
3069261,89 10
3071237,56 25 
3071451,27 75 
3072660,98 72 
3072730,33 70 
3074251,31 80 
3075622,14 83 
3076261,05 64 639
3076438 74 163
3076438 62 163
3077447,99 150 
3077475,63 68 
3078987,04 92 
3078987,04 65 
3079006,87 103 
3079006,87 101 
3079541,39 100 
3079541,39 4
3079541,39 2149
3079541,39 11
3081526,48 25 
3081700,26 75 
3082910,29 72 
3082979,31 70 
3084496,07 80 
3084858,11 83 
3085660,91 64 803
3085907,02 74 223
3085907,02 61 223
3086916,18 152 
3086939,07 69 
3087646,54 93 
3087656,62 103 
3087656,62 101 
3089682,94 100 
3089682,94 4
3089682,94 2149
3089682,94 10
3091668,78 25 
3091696,05 75 
3092903,4 72 
3092974,97 70 
3094490,15 80 
3095853,36 83 
3171924,48 64 76071
3172115,2 74 175
3172115,2 62 175
3172625,85 150 
3172649,06 68 
3174661,24 92 
3174661,24 65 
3174685,8 103 
3174685,8 101 
3175213,14 100 
3175213,14 4
3175213,14 2149
3175213,14 11
3177192,11 25 
3177299,16 75 
3178506,17 72 
3178578,36 70 
3180090,93 80 
3181150,06 83 
3181713,34 64 563
3181943,91 74 208
3181943,91 61 208
3183455,73 150 
3183484,32 68 
3183740,5 249
3183837,67 171
3184393,16 92 
3184393,16 65 
3184414,97 103 
3184414,97 101 
3184953,11 100 
3184953,11 4
3184953,11 2149
3184953,11 10
3186934,61 25 
3187414,88 75 
3188623,46 72 
3188693,99 70 
3190214,73 80 
3191572,27 83 
3191979,75 64 408
3192200,39 74 202
3192200,39 61 202
3193712,18 151 
3193732,5 69 
3194153,66 249 
3194640,49 93 
3194650,7 103 
3194650,7 101 
3196677,92 100 
3196677,92 4
3196677,92 2149
3196677,92 10
3198662,94 25 
3198690,21 75 
3199899,73 72 
3199969,18 70 
3201481,66 80 
3201834,59 83 
3219455,26 64 17621
3219651,08 74 171
3219651,08 61 171
3220159,26 151 
3220187,81 69 
3222196,58 93 
3222212,12 103 
3222212,12 101 
3224238,68 100 
3224238,68 4
3224238,68 2149
3224238,68 10
3226224,51 25 
3236224,03 254 
3236232,7 101 
3238245,19 100 
3238245,19 4
3238245,19 2149
3238245,19 10
3238245,19 25 
3248246,79 254 
3248254,26 101 
3250253,37 100 
3250253,37 4
3250253,37 2149
3250253,37 10
3250253,37 25 
3260253,93 254 
3260262,38 101 
3262261,68 100 
3262261,68 4
3262261,68 2149
3262261,68 10
3262261,68 25 
3272262,87 254 
3272270,64 101 
3274283,07 100 
3274283,07 4
3274283,07 2149
3274283,07 10
3274283,07 25 
3284286,96 254 
3284305,39 101 
3286317,95 100 
3286317,95 4
3286317,95 2149
3286317,95 10
3286317,95 25 
3296318,72 254 
3296326,92 101 
3298339,4 100 
3298339,4 4
3298339,4 2149
3298339,4 10
3298339,4 25 
3308339,62 254 
3308348,41 101 
3310347,72 100 
3310347,72 4
3310347,72 2149
3310347,72 10
3310347,72 25 
3320351,36 254 
3320369,95 101 
3322369,26 100 
3322369,26 4
3322369,26 2149
3322369,26 10
3322369,26 25 
3332371,97 254 
3332391,46 101 
3334404 100 
3334404 4
3334404 2149
3334404 10
3334404 25 
3344406,9 254 
3344426,36 101 
3346438,78 100 
3346438,78 4
3346438,78 2149
3346438,78 10
3346438,78 25 
3356439,86 254 
3356447,81 101 
3358460,3 100 
3358460,3 4
3358460,3 2149
3358460,3 10
3358460,3 25 
3368462,1 254 
3368482,64 101 
3370481,94 100 
3370481,94 4
3370481,94 2149
3370481,94 10
3370481,94 25 
3380482,19 254 
3380490,85 101 
3382503,33 100 
3382503,33 4
3382503,33 2149
3382503,33 10
3382503,33 25 
3392504,35 254 
3392512,34 101 
3394524,82 100 
3394524,82 4
3394524,82 2149
3394524,82 10
3394524,82 25 
3404527,19 254 
3404534,04 101 
3406546,34 100 
3406546,34 4
3406546,34 2149
3406546,34 10
3406546,34 25 
3416546,65 254 
3416555,36 101 
3418567,87 100 
3418567,87 4
3418567,87 2149
3418567,87 10
3418567,87 25 
3420155,24 75 
3421366,39 72 
3421660,74 70 
3423279,02 80 
3424339,1 83 
3425170,95 64 831
3425361,59 74 170
3425361,59 62 170
3426370,48 150 
3426393,5 68 
3427105,16 92 
3427105,16 65 
3427124,32 103 
3427124,32 101 
3427658,77 100 
3427658,77 4
3427658,77 2149
3427658,77 11
3429643,85 25 
3429924,12 75 
3431132,15 72 
3431203,44 70 
3432720,96 80 
3434081,63 83 
3434570,45 64 489
3434796,81 74 209
3434796,81 61 209
3436308,94 150 
3436335,89 68 
3437851,7 92 
3437851,7 65 
3437866,33 103 
3437866,33 101 
3438393,59 100 
3438393,59 4
3438393,59 2149
3438393,59 11
3440372,62 25 
3440906,1 75 
3442114,56 72 
3442185,26 70 
3443707,51 80 
3444770,35 83 
3445288,31 64 518
3445511,38 74 208
3445511,38 61 208
3446021,71 150 
3446051,69 68 
3446108,64 249
3446332,42 171
3446962,91 92 
3446962,91 65 
3446982,42 103 
3446982,42 101 
3447509,16 100 
3447509,16 4
3447509,16 2149
3447509,16 11
3449488,72 25 
3449755,82 75 
3450965,58 72 
3451034,79 70 
3452551,59 80 
3452913,52 83 
3456010,85 64 3098
3456234,85 74 203
3456234,85 61 203
3457243,09 150 
3457273,57 68 
3458781,8 92 
3458781,8 65 
3458804,06 103 
3458804,06 101 
3459338,4 100 
3459338,4 4
3459338,4 2149
3459338,4 11
3461323,57 25 
3461803,76 75 
3463014,28 72 
3463082,94 70 
3464600,98 80 
3465961,26 83 
3528570,25 64 62609
3528788,29 74 201
3528788,29 61 201
3529296,25 152 
3529322,59 69 
3531331,17 93 
3531346,21 103 
3531346,21 101 
3533373,59 100 
3533373,59 4
3533373,59 2149
3533373,59 10
3535358,52 25 
3545358 254 
3545367,88 101 
3547366,05 100 
3547366,05 4
3547366,05 2149
3547366,05 10
3547366,05 25 
3557369,47 254 
3557388,3 101 
3559400,75 100 
3559400,75 4
3559400,75 2149
3559400,75 10
3559400,75 25 
3569402,91 254 
3569423,15 101 
3571435,61 100 
3571435,61 4
3571435,61 2149
3571435,61 10
3571435,61 25 
3581438,33 254 
3581457,96 101 
3583470,47 100 
3583470,47 4
3583470,47 2149
3583470,47 10
3583470,47 25 
3593473,76 254 
3593492,81 101 
3595505,29 100 
3595505,29 4
3595505,29 2149
3595505,29 10
3595505,29 25 
3605507,39 254 
3605527,67 101 
3607540,19 100 
3607540,19 4
3607540,19 2149
3607540,19 10
3607540,19 25 
3617540,94 254 
3617549,21 101 
3619561,65 100 
3619561,65 4
3619561,65 2149
3619561,65 10
3619561,65 25 
3629565,32 254 
3629584 101 
3631596,5 100 
3631596,5 4
3631596,5 2149
3631596,5 10
3631596,5 25 
3641598,13 254 
3641605,52 101 
3643618,02 100 
3643618,02 4
3643618,02 2149
3643618,02 10
3643618,02 25 
3651175,87 75 
3652382,98 72 
3652681,61 70 
3654299,66 80 
3655360,03 83 
3904990,56 64 249630
3905190,65 74 178
3905190,65 62 178
3906197,78 150 
3906227,79 68 
3906940,77 92 
3906940,77 65 
3906958,48 103 
3906958,48 101 
3907486,25 100 
3907486,25 4
3907486,25 2149
3907486,25 10
3909464,77 25 
3909904,93 75 
3911113,46 72 
3911410,68 70 
3913031,42 80 
3913396,1 83 
3914399,01 64 1003
3914570,18 74 148
3914570,18 62 148
3916082,1 150 
3916103,61 68 
3916811,96 92 
3916811,96 65 
3916834,25 103 
3916834,25 101 
3917367,33 100 
3917367,33 4
3917367,33 2149
3917367,33 10
3919353,84 25 
3919527,51 75 
3920737,01 72 
3920806,63 70 
3922325,17 80 
3923685,01 83 
3924595,42 64 910
3924784,36 74 167
3924784,36 62 167
3925294,31 150 
3925312,95 68 
3927324,3 92 
3927324,3 65 
3927349,71 103 
3927349,71 101 
3927876,09 100 
3927876,09 4
3927876,09 2149
3927876,09 10
3929856,14 25 
3930056,39 75 
3931264,68 72 
3931335,46 70 
3932853,3 80 
3933907,29 83 
3938045,73 64 4139
3938442,29 74 377
3938442,29 62 377
3939953,73 150 
3939973,02 68 
3940881,25 92 
3940881,25 65 
3940903,89 103 
3940903,89 101 
3943398,6 102 
