60,12 100 
60,12 6
60,12 2150
60,12 10
2029,09 25 
2053,94 75 
3263,19 72 
3572,93 70 
5191,38 80 
6265,35 83 
6705,61 64 440
6924,25 74 192
6924,25 61 192
7436,86 151 
7465,22 69 
8977,06 93 
8999,1 103 
8999,1 101 
11023,17 100 
11023,17 6
11023,17 2150
11023,17 11
13009,63 25 
13037,12 75 
14247,48 72 
14315,84 70 
15837,37 80 
17208,35 83 
18937,13 64 1730
19166,64 74 212
19166,64 62 212
20679,86 151 
20700,5 69 
22710,41 93 
22724,84 103 
22724,84 101 
24751,6 100 
24751,6 6
24751,6 2150
24751,6 11
26737,15 25 
26764,58 75 
27971,79 72 
28043,33 70 
29565,21 80 
29935,45 83 
30984,64 64 1049
31014,72 256 
31277,13 74 276
31277,13 61 276
32284,41 150 
32308,02 68 
33016,75 92 
33016,75 65 
33040,51 103 
33040,51 101 
33573,01 100 
33573,01 6
33573,01 2150
33573,01 10
35546,95 25 
36133,54 75 
37341,17 72 
37412,76 70 
38937,41 80 
39304,77 83 
40720,23 64 1416
40750,46 256 
40898,07 74 154
40898,07 62 154
41407,46 151 
41438,95 69 
42346,14 93 
42356,65 103 
42356,65 101 
44383,34 100 
44383,34 6
44383,34 2150
44383,34 11
46368,75 25 
46396,83 75 
47604,81 72 
47676,62 70 
49197,36 80 
50566,65 83 
52182,31 64 1616
52464,21 74 258
52464,21 63 258
53972,57 151 
53993,64 69 
55763,23 249 
56003,22 93 
56017,35 103 
56017,35 101 
58044,45 100 
58044,45 6
58044,45 2150
58044,45 10
60029,62 25 
60056,89 75 
61264,03 72 
61335,85 70 
62859,93 80 
63921,13 83 
65192,29 64 1272
65340,32 74 127
65340,32 61 127
66348,72 151 
66374,39 69 
67084,96 93 
67106,09 103 
67106,09 101 
69138,35 100 
69138,35 6
69138,35 2150
69138,35 11
71118,26 25 
71146,86 75 
72353,12 72 
72424,47 70 
73951,66 80 
74316,56 83 
75949,03 64 1633
76163,73 74 195
76163,73 61 195
76674,01 152 
76703,32 69 
78039,94 249 
80456,9 256 
80461,97 183 
85830,47 93 
85844,67 103 
85844,67 101 
87871,11 100 
87871,11 6
87871,11 2150
87871,11 11
89857 25 
89884,65 75 
91090,88 72 
91163,28 70 
92688,45 80 
94068,15 83 
94517,63 64 449
94820,65 74 286
94820,65 61 286
96328,37 150 
96348,27 68 
97258,68 92 
97258,68 65 
97279,83 103 
97279,83 101 
97808,96 100 
97808,96 6
97808,96 2150
97808,96 10
99786,09 25 
100306,22 75 
101511,76 72 
101572,14 70 
103095,03 80 
104183,9 83 
105498,94 64 1316
105737,08 74 221
105737,08 61 221
106746,5 151 
106770,85 69 
107678,99 93 
107688,78 103 
107688,78 101 
109722,81 100 
109722,81 6
109722,81 2150
109722,81 10
111701,07 25 
111728,49 75 
112936,43 72 
113207,12 70 
114870,17 80 
115445,75 83 
116658,49 64 1213
116862,81 74 192
116862,81 62 192
118373,25 151 
118392,22 69 
119902,07 93 
119923,53 103 
119923,53 101 
121950,48 100 
121950,48 6
121950,48 2150
121950,48 11
123935,81 25 
123963,08 75 
125172,38 72 
125242,19 70 
126771,8 80 
127827,27 83 
128857,29 64 1030
129094,01 74 215
129094,01 62 215
129603,15 151 
129628,24 69 
130338,83 93 
130359,12 103 
130359,12 101 
132384,97 100 
132384,97 6
132384,97 2150
132384,97 11
134372,18 25 
134398,63 75 
135607,78 72 
135677,61 70 
137200,78 80 
138569,29 83 
139518,56 64 949
139764,83 74 223
139764,83 61 223
140773,91 150 
140796,04 68 
142804,57 92 
142804,57 65 
142820,5 103 
142820,5 101 
143357,78 100 
143357,78 6
143357,78 2150
143357,78 10
145340,06 25 
146046,79 75 
147254,39 72 
147326 70 
148844,82 80 
149924,46 83 
151032,86 64 1109
151305,91 74 249
151305,91 63 249
152816,24 150 
152844,25 68 
153238,25 249
153556,36 92 
153556,36 65 
153575,87 103 
153575,87 101 
154101,86 100 
154101,86 6
154101,86 2150
154101,86 11
156082,15 25 
156935,49 75 
158143,36 72 
158214,67 70 
159739,33 80 
161106,33 83 
162858,56 64 1752
163139,85 256 
163514,9 74 637
163514,9 63 637
164525,41 151 
164546,34 69 
166557,14 93 
166570,37 103 
166570,37 101 
168597,53 100 
168597,53 6
168597,53 2150
168597,53 11
170582,82 25 
170610,55 75 
171817,32 72 
171888,98 70 
173417,43 80 
173781 83 
175088,12 64 1308
175330,66 74 217
175330,66 62 217
175841,29 151 
175861,25 69 
177370,81 93 
177392,48 103 
177392,48 101 
179428,94 100 
179428,94 6
179428,94 2150
179428,94 10
181404,71 25 
181432,1 75 
182639,57 72 
182710,98 70 
184239,47 80 
185309,55 83 
186235,87 64 927
186452,46 74 197
186452,46 61 197
187961,66 151 
187990,09 69 
188899,53 93 
188920,85 103 
188920,85 101 
190947,87 100 
190947,87 6
190947,87 2150
190947,87 10
192933,21 25 
192960,65 75 
194168,13 72 
194239,36 70 
195763 80 
196131,56 83 
197857,66 64 1726
198069,01 74 192
198069,01 63 192
199080,17 150 
199104,66 68 
199573,68 249
199813,23 92 
199813,23 65 
199836,35 103 
199836,35 101 
200363,41 100 
200363,41 6
200363,41 2150
200363,41 10
202342,53 25 
203115,91 75 
204323,1 72 
204395,06 70 
205923,16 80 
207300,11 83 
208353,16 64 1054
208372,76 256 
208602,14 74 236
208602,14 63 236
209113,8 150 
209140,47 68 
211583,46 249
215995,31 173 
236460,51 92 
236460,51 65 
236474,09 103 
236474,09 101 
237009,11 100 
237009,11 6
237009,11 2150
237009,11 10
238993,58 25 
239473,75 75 
240682,16 72 
240979,54 70 
242646,33 80 
243231,46 83 
244750,94 64 1520
244775,67 256 
245007,63 74 243
245007,63 63 243
245514,75 152 
245538,26 69 
247045,7 93 
247056,14 103 
247056,14 101 
249082,26 100 
249082,26 6
249082,26 2150
249082,26 11
251068,45 25 
251095,87 75 
252305,21 72 
252374,67 70 
253902,55 80 
255266,39 83 
256021,8 64 756
256273,99 74 235
256273,99 61 235
257284,78 150 
257307,3 68 
258218,98 92 
258218,98 65 
258238,09 103 
258238,09 101 
258766,53 100 
258766,53 6
258766,53 2150
258766,53 11
260744,47 25 
261571,11 75 
262778,29 72 
262850,27 70 
264379,83 80 
265448,67 83 
266979,43 64 1531
267003,83 256 
267230,73 74 237
267230,73 61 237
268740,83 152 
268768,33 69 
270779 93 
270792,74 103 
270792,74 101 
272826,74 100 
272826,74 6
272826,74 2150
272826,74 10
274805,03 25 
274832,77 75 
276041,48 72 
276111,33 70 
277629,17 80 
278989,98 83 
279771 64 782
279969,06 74 180
279969,06 63 180
281477,24 150 
281496,34 68 
281954,83 249
282204,2 92 
282204,2 65 
282227,91 103 
282227,91 101 
282755,23 100 
282755,23 6
282755,23 2150
282755,23 11
284734,19 25 
285600,8 75 
286808,31 72 
286880,06 70 
288403,15 80 
288772,14 83 
290900,85 64 2130
290941,36 256 
291256,82 74 340
291256,82 61 340
292265,78 150 
292291,78 68 
293200,38 92 
293200,38 65 
293223,26 103 
293223,26 101 
293749,48 100 
293749,48 6
293749,48 2150
293749,48 10
295729,48 25 
296356,3 75 
297563,71 72 
297635,45 70 
299156,06 80 
300233,89 83 
301132,44 64 899
301402,02 74 249
301402,02 61 249
301910,9 151 
301927,76 69 
303435,46 93 
303445,56 103 
303445,56 101 
305483,33 100 
305483,33 6
305483,33 2150
305483,33 10
307457,83 25 
307485,06 75 
308692,21 72 
308764,1 70 
310283,9 80 
310656,12 83 
312265,46 64 1609
312457,88 74 177
312457,88 63 177
313968,47 150 
313990,11 68 
314900,49 92 
314900,49 65 
314920,68 103 
314920,68 101 
315447,46 100 
315447,46 6
315447,46 2150
315447,46 11
317426,91 25 
318640,2 75 
319849,45 72 
319919,33 70 
321448,54 80 
322810,95 83 
323239,16 64 429
323441,6 74 178
323441,6 61 178
324453,7 150 
324478,03 68 
326484,76 92 
326484,76 65 
326502,39 103 
326502,39 101 
327029,04 100 
327029,04 6
327029,04 2150
327029,04 10
329008,67 25 
329542,16 75 
330749,36 72 
330821,36 70 
332342,19 80 
333419,78 83 
334442,78 64 1024
334732,09 74 273
334732,09 61 273
335240,69 151 
335261,06 69 
336770,2 93 
336791,37 103 
336791,37 101 
338824,09 100 
338824,09 6
338824,09 2150
338824,09 11
340803,72 25 
340831,03 75 
342037,55 72 
342109,88 70 
343637,79 80 
345041,52 83 
346102,8 64 1062
346332,53 74 212
346332,53 61 212
347840,94 150 
347868,1 68 
348577,38 92 
348577,38 65 
348599,79 103 
348599,79 101 
349129,04 100 
349129,04 6
349129,04 2150
349129,04 10
351105,94 25 
351866,05 75 
353075,02 72 
353145,24 70 
354662,82 80 
355023,93 83 
356684,89 64 1662
356943,06 74 240
356943,06 61 240
357453,65 151 
357477,46 69 
358388,08 93 
358408,87 103 
358408,87 101 
360434,88 100 
360434,88 6
360434,88 2150
360434,88 11
362421,16 25 
362450,7 75 
363658,71 72 
363727,42 70 
365252,16 80 
366619,02 83 
367876,51 64 1258
368119,95 74 222
368119,95 61 222
369130,95 150 
369152,33 68 
369864,64 92 
369864,64 65 
369883,98 103 
369883,98 101 
370418,88 100 
370418,88 6
370418,88 2150
370418,88 11
372403,74 25 
372923,71 75 
374132,75 72 
374202,92 70 
375730,36 80 
376095 83 
377226,86 64 1133
377448,7 74 207
377448,7 61 207
378960,44 152 
378988,16 69 
380997,81 93 
381012,58 103 
381012,58 101 
383039,25 100 
383039,25 6
383039,25 2150
383039,25 10
385024,87 25 
385065,72 75 
386273,51 72 
386344,4 70 
387865,71 80 
388942,92 83 
389982,01 64 1040
390218,62 74 223
390218,62 61 223
390728,28 151 
390756,53 69 
392269,67 93 
392287,77 103 
392287,77 101 
394314,73 100 
394314,73 6
394314,73 2150
394314,73 10
396300,11 25 
396327,85 75 
397536,44 72 
397606,33 70 
399134,47 80 
400497,96 83 
401620,74 64 1124
402042,75 74 399
402042,75 62 399
403052,4 151 
403071,26 69 
403779,92 93 
403789,79 103 
403789,79 101 
405823,65 100 
405823,65 6
405823,65 2150
405823,65 11
407801,95 25 
407829,28 75 
409036,61 72 
409108,07 70 
410633,42 80 
411999,72 83 
412586,57 64 587
412866,28 74 267
412866,28 61 267
413877,31 150 
413906,62 68 
415413,3 92 
415413,3 65 
415438,02 103 
415438,02 101 
415964,17 100 
415964,17 6
415964,17 2150
415964,17 10
417945,11 25 
418571,02 75 
419780,53 72 
419850,18 70 
421377,57 80 
421742,29 83 
422660,74 64 918
422926,2 74 251
422926,2 61 251
424437,11 151 
424463,83 69 
426471,08 93 
426486,75 103 
426486,75 101 
428513,66 100 
428513,66 6
428513,66 2150
428513,66 10
430498,86 25 
430526,24 75 
431733,11 72 
431805,08 70 
433332,37 80 
434390,19 83 
435333,84 64 944
435600,38 256 
435649,52 74 300
435649,52 63 300
437581,06 150 
437603,26 68 
437945,93 249
438934,21 92 
438934,21 65 
438948,03 103 
438948,03 101 
439483,53 100 
439483,53 6
439483,53 2150
439483,53 11
441467,56 25 
442107,61 75 
443315,26 72 
443386,88 70 
444905,98 80 
445612,1 83 
447303,72 64 1693
447328,3 256 
447586,57 74 269
447586,57 61 269
448598,34 150 
448625,21 68 
449535,17 92 
449535,17 65 
449556,91 103 
449556,91 101 
450083,42 100 
450083,42 6
450083,42 2150
450083,42 10
452063,05 25 
452796,48 75 
454005 72 
454075,64 70 
455602,27 80 
456967,32 83 
457502,95 64 536
457746,02 74 220
457746,02 61 220
459255,22 151 
459274,84 69 
461283,64 93 
461298,44 103 
461298,44 101 
463327,26 100 
463327,26 6
463327,26 2150
463327,26 11
465310,76 25 
465338,04 75 
466546,36 72 
466617,04 70 
468148,39 80 
469215,4 83 
469714,75 64 500
469955,9 74 221
469955,9 61 221
470463,4 150 
470482,65 68 
471193,82 92 
471193,82 65 
471214,3 103 
471214,3 101 
471747,14 100 
471747,14 6
471747,14 2150
471747,14 11
473733,85 25 
474213,98 75 
475421,34 72 
475493,2 70 
477019,79 80 
478091,65 83 
478812,82 64 722
479046,84 74 210
479046,84 61 210
480058,29 150 
480078,65 68 
481586,72 92 
481586,72 65 
481609,83 103 
481609,83 101 
482139,35 100 
482139,35 6
482139,35 2150
482139,35 10
484116,16 25 
484862,82 75 
486071,82 72 
486142,12 70 
487666,82 80 
489033,65 83 
489836,44 64 803
490097,02 74 238
490097,02 63 238
491607,15 150 
491633,67 68 
491990,65 249
492013,33 173 
492346,1 92 
492346,1 65 
492365,54 103 
492365,54 101 
492892,22 100 
492892,22 6
492892,22 2150
492892,22 11
494871,51 25 
495978,1 75 
497187,33 72 
497257,29 70 
498783,14 80 
499149,35 83 
500766,18 64 1617
501047,4 74 259
501047,4 63 259
501555,09 151 
501576,05 69 
502484,04 93 
502494,31 103 
502494,31 101 
504527,44 100 
504527,44 6
504527,44 2150
504527,44 11
506506,59 25 
506547,32 75 
507758,13 72 
507826,24 70 
509344,1 80 
509705,01 83 
511432,65 64 1728
511655,64 74 205
511655,64 63 205
512162,44 151 
512184,6 69 
513695,61 93 
513716,19 103 
513716,19 101 
515742,08 100 
515742,08 6
515742,08 2150
515742,08 11
517728,45 25 
517755,62 75 
518961,14 72 
519034,7 70 
520558,74 80 
521619,96 83 
522250,7 64 631
522478,4 74 206
522478,4 61 206
523988,61 150 
524006,56 68 
526015,63 92 
526015,63 65 
526030,93 103 
526030,93 101 
526557,98 100 
526557,98 6
526557,98 2150
526557,98 10
528537,36 25 
529030,72 75 
530238,38 72 
530309,87 70 
531829,45 80 
533201,53 83 
533839,77 64 639
534055,44 74 201
534055,44 63 201
535064,92 150 
535082,19 68 
536571,99 256 
540048,39 92 
540048,39 65 
540064,99 103 
540064,99 101 
540597,84 100 
540597,84 6
540597,84 2150
540597,84 10
542584,65 25 
543278,1 75 
544486,7 72 
544557,15 70 
546079,32 80 
547448,9 83 
548021,45 64 573
548325,93 74 291
548325,93 61 291
549837,48 153 
549862,26 68 
550772,81 92 
550772,81 65 
550794,61 103 
550794,61 101 
551320,71 100 
551320,71 6
551320,71 2150
551320,71 11
553300,03 25 
553940,1 75 
555148,97 72 
555219,3 70 
556738,06 80 
557817,75 83 
559085,72 64 1268
559386,34 74 276
559386,34 63 276
559897,88 151 
559924,6 69 
561935,78 93 
561949 103 
561949 101 
563975,98 100 
563975,98 6
563975,98 2150
563975,98 10
565961,34 25 
565988,84 75 
567195,59 72 
567267,69 70 
568795,02 80 
569161,27 83 
570152,07 64 993
570385,54 74 213
570385,54 61 213
571393,68 151 
571413,11 69 
572122,76 93 
572144,7 103 
572144,7 101 
574182,53 100 
574182,53 6
574182,53 2150
574182,53 11
576157,17 25 
576184,4 75 
577393,29 72 
577464,88 70 
578985,29 80 
580354,96 83 
580805,28 64 451
581106,26 74 285
581106,26 61 285
582114,57 150 
582141,8 68 
584151,22 92 
584151,22 65 
584166,25 103 
584166,25 101 
584692,23 100 
584692,23 6
584692,23 2150
584692,23 10
586672,5 25 
586859,43 75 
588066,9 72 
588138,69 70 
589659,01 80 
590737,09 83 
591557,24 64 821
591823,2 74 247
591823,2 61 247
593332,6 151 
593350,42 69 
594060,13 93 
594082,05 103 
594082,05 101 
596109,39 100 
596109,39 6
596109,39 2150
596109,39 11
598094,39 25 
598121,69 75 
599330,1 72 
599400,53 70 
600921,8 80 
601305,94 83 
603070,06 64 1765
603301,59 74 210
603301,59 63 210
603810,05 151 
603839,23 69 
604749,57 93 
604770,85 103 
604770,85 101 
606803,51 100 
606803,51 6
606803,51 2150
606803,51 10
608783,15 25 
608810,28 75 
610016,61 72 
610089,38 70 
611615,24 80 
612674,5 83 
613552,28 64 878
613799,01 74 232
613799,01 61 232
614308,66 151 
614328,36 69 
614369,71 249 
615838,54 93 
615859,43 103 
615859,43 101 
617886,02 100 
617886,02 6
617886,02 2150
617886,02 10
619871,73 25 
619898,94 75 
621107,65 72 
621177,98 70 
622694,11 80 
624056,37 83 
624882,37 64 826
625120,66 74 225
625120,66 63 225
626129,02 150 
626149,78 68 
626860,36 92 
626860,36 65 
626881,43 103 
626881,43 101 
627407,57 100 
627407,57 6
627407,57 2150
627407,57 11
629388,61 25 
630121,06 75 
631328,34 72 
631400,28 70 
632923,83 80 
633292,34 83 
634955,33 64 1663
635212,37 74 241
635212,37 63 241
636723,92 151 
636745,33 69 
637654,15 93 
637663,48 103 
637663,48 101 
639697,23 100 
639697,23 6
639697,23 2150
639697,23 10
641675,9 25 
641703,23 75 
642911,87 72 
642981,99 70 
644502,84 80 
644874,22 83 
645941,47 64 1068
646168,25 74 215
646168,25 61 215
647179,33 151 
647207,2 69 
648714,78 93 
648725,48 103 
648725,48 101 
650752,14 100 
650752,14 6
650752,14 2150
650752,14 10
652737,78 25 
652764,95 75 
653973,16 72 
654270,65 70 
655945,12 80 
657228,91 83 
658497,16 64 1269
658690,35 74 169
658690,35 62 169
659198,43 151 
659229,09 69 
661238,3 93 
661253,51 103 
661253,51 101 
663281,58 100 
663281,58 6
663281,58 2150
663281,58 10
665265,83 25 
665293,07 75 
666502,02 72 
666572,05 70 
668098,89 80 
669463,74 83 
669609,57 64 146
669949,32 74 326
669949,32 61 326
671458,91 153 
671477,31 68 
672187,35 92 
672187,35 65 
672208,82 103 
672208,82 101 
672742,05 100 
672742,05 6
672742,05 2150
672742,05 11
674728,42 25 
675688,37 75 
676895,48 72 
676967,56 70 
678489,75 80 
679566,03 83 
680506,72 64 941
680756,21 74 231
680756,21 63 231
682265,39 151 
682286,72 69 
683304,47 249 
683794,69 93 
683803,89 103 
683803,89 101 
685829,85 100 
685829,85 6
685829,85 2150
685829,85 11
687816,25 25 
687843,38 75 
689052,19 72 
689122,46 70 
690645,36 80 
692014,19 83 
692357,69 64 344
692581,54 74 208
692581,54 61 208
693094,28 150 
693121,31 68 
695130,4 92 
695130,4 65 
695145,79 103 
695145,79 101 
695672,41 100 
695672,41 6
695672,41 2150
695672,41 11
697652,02 25 
698438,91 75 
699646,99 72 
699717,9 70 
701240,13 80 
701610,04 83 
702890,84 64 1282
703127,65 74 212
703127,65 61 212
704138,22 150 
704156,81 68 
705065,27 92 
705065,27 65 
705088,21 103 
705088,21 101 
705626,51 100 
705626,51 1
705626,51 2150
705626,51 10
705626,51 78 
705626,51 198 
707607,85 25 
708421,31 75 
709630,35 72 
709700,32 70 
711223,39 80 
712298,75 83 
713229,19 64 931
713464,6 74 220
713464,6 63 220
713974,73 151 
713992,7 69 
715500,32 93 
715510,42 103 
715510,42 101 
717537,62 100 
717537,62 1
717537,62 2150
717537,62 11
719522,79 25 
719550,23 75 
720757,15 72 
720828,93 70 
722354,39 80 
722721,07 83 
723931,5 64 1211
724177,83 74 231
724177,83 61 231
725188,03 151 
725213,97 69 
726123,65 93 
726145,94 103 
726145,94 101 
728172,18 100 
728172,18 1
728172,18 2150
728172,18 10
730158,21 25 
730185,6 75 
731392,91 72 
731464,44 70 
732984,33 80 
734369,39 83 
734909,89 64 540
735110,85 74 182
735110,85 63 182
736619,8 151 
736636,15 69 
737346,17 93 
737367,87 103 
737367,87 101 
739400,15 100 
739400,15 1
739400,15 2150
739400,15 11
741380,24 25 
741407,26 75 
742613,29 72 
742686,33 70 
744209,86 80 
745577,96 83 
746057,97 64 481
746302,86 74 233
746302,86 61 233
747813,91 151 
747844,37 69 
749853,4 93 
749869,17 103 
749869,17 101 
751895,35 100 
751895,35 1
751895,35 2150
751895,35 10
753881,49 25 
753908,72 75 
755114,85 72 
755187,67 70 
756712,88 80 
758119,33 83 
759115,87 64 997
759470,95 74 339
759470,95 62 339
760480,72 151 
760506,07 69 
762013,79 93 
762023,96 103 
762023,96 101 
764050,89 100 
764050,89 1
764050,89 2150
764050,89 11
766036,26 25 
766063,6 75 
767270,87 72 
767342,49 70 
768867,01 80 
769234,58 83 
770331,37 64 1097
770592,79 74 240
770592,79 61 240
771103,32 151 
771129,05 69 
771558,4 249 
772037,01 93 
772046,39 103 
772046,39 101 
774082,69 100 
774082,69 1
774082,69 2150
774082,69 11
776058,72 25 
776086,13 75 
777294,35 72 
777364,89 70 
778889,5 80 
779256,98 83 
780786,92 64 1531
780998,54 74 196
780998,54 62 196
781506,18 152 
781523,83 69 
783533,68 93 
783548,17 103 
783548,17 101 
785575,06 100 
785575,06 1
785575,06 2150
785575,06 10
787560,47 25 
787589,82 75 
788798,69 72 
788866,79 70 
790393,93 80 
791465,17 83 
791900,08 64 435
792176 74 258
792176 61 258
793186,56 150 
793212,12 68 
793919,95 92 
793919,95 65 
793943,76 103 
793943,76 101 
794472,05 100 
794472,05 1
794472,05 2150
794472,05 10
796450,08 25 
797036,84 75 
798245,03 72 
798315,99 70 
799842,56 80 
801207,68 83 
801827,69 64 620
802036,02 74 189
802036,02 61 189
803547,15 150 
803567,71 68 
804278,11 92 
804278,11 65 
804299,35 103 
804299,35 101 
804834,4 100 
804834,4 1
804834,4 2150
804834,4 11
806819 25 
807219,16 75 
808426,4 72 
808498,34 70 
810016,71 80 
811083,57 83 
811613,76 64 531
811942,48 74 313
811942,48 62 313
812452,73 150 
812470,79 68 
813980,88 92 
813980,88 65 
814001,91 103 
814001,91 101 
814529,9 100 
814529,9 1
814529,9 2150
814529,9 11
816508,16 25 
817095,06 75 
818302,48 72 
818374,16 70 
819897,6 80 
821265,79 83 
821779,83 64 515
821971,53 74 173
821971,53 62 173
823478,69 150 
823506,65 68 
825519,63 92 
825519,63 65 
825543,7 103 
825543,7 101 
826070,36 100 
826070,36 1
826070,36 2150
826070,36 11
828049,94 25 
828703,37 75 
829908,76 72 
829982,58 70 
831502,5 80 
831874,65 83 
833201,19 64 1327
833431,37 74 211
833431,37 62 211
834439,31 150 
834462,07 68 
835371,31 92 
835371,31 65 
835392,84 103 
835392,84 101 
835930,82 100 
835930,82 1
835930,82 2150
835930,82 11
837912,39 25 
838699,2 75 
839907,59 72 
839978,28 70 
841504,3 80 
842869,97 83 
843390,79 64 522
843584,68 74 181
843584,68 62 181
844096,43 150 
844124,53 68 
846134,57 92 
846134,57 65 
846148,24 103 
846148,24 101 
846674,45 100 
846674,45 1
846674,45 2150
846674,45 10
848654,51 25 
849227,94 75 
850435,39 72 
850507,16 70 
852028,04 80 
852399,26 83 
853224,13 64 824
853427,34 74 189
853427,34 61 189
854434,59 150 
854453,48 68 
855364,31 92 
855364,31 65 
855384,39 103 
855384,39 101 
855911,07 100 
855911,07 1
855911,07 2150
855911,07 11
857890,68 25 
858464,05 75 
859670,76 72 
859983,12 70 
861605,01 80 
862674,86 83 
863120,55 64 446
863313,01 74 172
863313,01 62 172
864824,26 152 
864849,14 69 
865559,83 93 
865580,1 103 
865580,1 101 
867611,77 100 
867611,77 1
867611,77 2150
867611,77 10
869592,28 25 
869619,49 75 
870826,85 72 
870898,49 70 
872421,18 80 
872790,57 83 
873645,45 64 855
873880,07 74 210
873880,07 61 210
874891,43 150 
874910,72 68 
876418,82 92 
876418,82 65 
876442,06 103 
876442,06 101 
876968,41 100 
876968,41 1
876968,41 2150
876968,41 10
878948,36 25 
879668,34 75 
880875,23 72 
880947,54 70 
882468,14 80 
883825,96 83 
884096,92 64 272
884313,93 74 196
884313,93 61 196
884824,19 150 
884853,17 68 
885763,63 92 
885763,63 65 
885784,73 103 
885784,73 101 
886311,61 100 
886311,61 1
886311,61 2150
886311,61 10
888291,08 25 
889064,34 75 
890272,91 72 
890343,59 70 
891868,15 80 
892942 83 
893375,91 64 435
893664,86 74 270
893664,86 61 270
895176,46 150 
895195,43 68 
895710,69 249
895906,6 92 
895906,6 65 
895927,11 103 
895927,11 101 
896463,01 100 
896463,01 1
896463,01 2150
896463,01 11
898446,7 25 
899140,23 75 
900349,45 72 
900419,26 70 
901948,52 80 
903017,71 83 
903460,04 64 443
903717,19 74 233
903717,19 61 233
904226 151 
904245,28 69 
905753,67 93 
905763,2 103 
905763,2 101 
907789,34 100 
907789,34 1
907789,34 2150
907789,34 10
909775,17 25 
909802,41 75 
911010,97 72 
911081,39 70 
912605,03 80 
912973,48 83 
913872,72 64 899
914349,58 74 457
914349,58 61 457
915358,87 150 
915386,93 68 
916344,27 249
917394,49 92 
917394,49 65 
917411,28 103 
917411,28 101 
917938,47 100 
917938,47 1
917938,47 2150
917938,47 11
919917,54 25 
920451,11 75 
921658,07 72 
921730,24 70 
923256,25 80 
924621,9 83 
924885,31 64 264
925106,49 74 205
925106,49 62 205
926617,6 150 
926635,66 68 
928145,75 92 
928145,75 65 
928166,69 103 
928166,69 101 
928701,51 100 
928701,51 1
928701,51 2150
928701,51 11
930686,32 25 
931259,73 75 
932467,2 72 
932538,93 70 
934068,71 80 
934431,06 83 
935438,73 64 1009
935633 74 176
935633 62 176
936641,64 150 
936671,86 68 
937379,24 92 
937379,24 65 
937402,79 103 
937402,79 101 
937928,82 100 
937928,82 1
937928,82 2150
937928,82 11
939909,05 25 
940535,9 75 
941744,8 72 
941815,03 70 
943341,03 80 
944413,46 83 
944964,7 64 551
945167,36 74 181
945167,36 62 181
946677,21 150 
946707,7 68 
947619,31 92 
947619,31 65 
947638,51 103 
947638,51 101 
948164,57 100 
948164,57 1
948164,57 2150
948164,57 10
950144,76 25 
951011,36 75 
952218,43 72 
952290,59 70 
953813,68 80 
955182,2 83 
955746,33 64 564
955996,5 74 228
955996,5 61 228
956508,15 150 
956530,08 68 
958540,25 92 
958540,25 65 
958567,13 103 
958567,13 101 
959102,94 100 
959102,94 1
959102,94 2150
959102,94 10
961086,71 25 
961713,56 75 
962920,88 72 
963232,56 70 
964851,95 80 
966230,88 83 
966532,56 64 302
966718,33 74 168
966718,33 62 168
967227,31 153 
967258,15 68 
968169,22 92 
968169,22 65 
968189,71 103 
968189,71 101 
968717,49 100 
968717,49 1
968717,49 2150
968717,49 10
970695,94 25 
971310,37 75 
972516,99 72 
972588,67 70 
974108,01 80 
975187,03 83 
975600,05 64 414
975787,26 74 174
975787,26 62 174
976796,5 151 
976815,04 69 
978824,32 93 
978838,55 103 
978838,55 101 
980865,71 100 
980865,71 1
980865,71 2150
980865,71 10
982850,81 25 
982878,06 75 
984085,74 72 
984157,05 70 
985674,13 80 
986049,18 83 
986852,65 64 804
987120,33 74 245
987120,33 61 245
988628,97 150 
988649,77 68 
989360,05 92 
989360,05 65 
989380,7 103 
989380,7 101 
989912,78 100 
989912,78 1
989912,78 2150
989912,78 10
991887,08 25 
992753,7 75 
993961,97 72 
994032,8 70 
995567,3 80 
995939,72 83 
997063,19 64 1125
997262,89 74 179
997262,89 62 179
998273,98 151 
998299,01 69 
999809,28 93 
999829,57 103 
999829,57 101 
1001857,99 100 
1001857,99 1
1001857,99 2150
1001857,99 11
1003841,94 25 
1003869,11 75 
1005076,42 72 
1005148,11 70 
1006673,67 80 
1007733,38 83 
1008093,6 64 360
1008306,45 74 200
1008306,45 62 200
1008814,11 150 
1008840,47 68 
1009547,84 92 
1009547,84 65 
1009573,16 103 
1009573,16 101 
1010099,06 100 
1010099,06 1
1010099,06 2150
1010099,06 11
1012078,4 25 
1012638,51 75 
1013847,69 72 
1013917,72 70 
1015440,46 80 
1016822,74 83 
1017097 64 275
1017291,53 74 176
1017291,53 62 176
1018800,22 150 
1018823,76 68 
1019732,79 92 
1019732,79 65 
1019754,5 103 
1019754,5 101 
1020291,42 100 
1020291,42 1
1020291,42 2150
1020291,42 11
1022274,11 25 
1022847,49 75 
1024056,44 72 
1024126,87 70 
1025647,5 80 
1026018,87 83 
1027041,75 64 1023
1027239,11 74 181
1027239,11 62 181
1028750,59 150 
1028779,8 68 
1030789 92 
1030789 65 
1030803,09 103 
1030803,09 101 
1031330,12 100 
1031330,12 1
1031330,12 2150
1031330,12 11
1033309,4 25 
1033896,14 75 
1035102,71 72 
1035175,33 70 
1036704,01 80 
1038066,98 83 
1038423,39 64 357
1038621,21 74 181
1038621,21 62 181
1039630,81 150 
1039654,88 68 
1041164,55 92 
1041164,55 65 
1041185,42 103 
1041185,42 101 
1041713,14 100 
1041713,14 1
1041713,14 2150
1041713,14 11
1043691,68 25 
1044584,92 75 
1045793,85 72 
1045864,14 70 
1047387,15 80 
1048462,55 83 
1049332,21 64 870
1049508,04 74 153
1049508,04 62 153
1050017,59 150 
1050037,01 68 
1051546,05 92 
1051546,05 65 
1051567,6 103 
1051567,6 101 
1052100,29 100 
1052100,29 1
1052100,29 2150
1052100,29 10
1054074,01 25 
1054580,7 75 
1055789,59 72 
1055859,92 70 
1057379,47 80 
1058444,99 83 
1058789,85 64 346
1059023,38 74 219
1059023,38 61 219
1060535,24 150 
1060552,56 68 
1062559,89 92 
1062559,89 65 
1062576,23 103 
1062576,23 101 
1063108,59 100 
1063108,59 1
1063108,59 2150
1063108,59 10
1065082,55 25 
1065602,77 75 
1066811,23 72 
1067068,44 70 
1068735,16 80 
1070320,03 83 
1070642,52 64 323
1070892,32 74 226
1070892,32 61 226
1071400,05 150 
1071427,2 68 
1072136,78 92 
1072136,78 65 
1072158,88 103 
1072158,88 101 
1072684,78 100 
1072684,78 1
1072684,78 2150
1072684,78 10
1074665,09 25 
1075305,18 75 
1076514,34 72 
1076584,41 70 
1078108,33 80 
1078476,49 83 
1079252,44 64 776
1079477,95 74 202
1079477,95 61 202
1080489,62 150 
1080516,75 68 
1081423,4 92 
1081423,4 65 
1081448,23 103 
1081448,23 101 
1081986,47 100 
1081986,47 1
1081986,47 2150
1081986,47 10
1083967,86 25 
1084407,99 75 
1085617,38 72 
1085687,25 70 
1087209,51 80 
1087579,28 83 
1088488,12 64 909
1088753,7 74 242
1088753,7 61 242
1089764,39 152 
1089793,57 69 
1091304,61 93 
1091324,02 103 
1091324,02 101 
1093350,06 100 
1093350,06 1
1093350,06 2150
1093350,06 11
1095336,34 25 
1095364,35 75 
1096571,08 72 
1096642,59 70 
1098165,52 80 
1099534,21 83 
1099926,76 64 393
1100120,11 74 173
1100120,11 62 173
1101629,75 150 
1101654,43 68 
1102362,03 92 
1102362,03 65 
1102386,05 103 
1102386,05 101 
1102912 100 
1102912 1
1102912 2150
1102912 11
1104892,25 25 
1105652,34 75 
1106860,15 72 
1106931,47 70 
1108444,82 80 
1109503,31 83 
1109978,3 64 475
1110201,88 74 206
1110201,88 62 206
1110712,19 150 
1110731,35 68 
1111639,98 92 
1111639,98 65 
1111662,06 103 
1111662,06 101 
1112196,28 100 
1112196,28 1
1112196,28 2150
1112196,28 10
1114181,65 25 
1114768,63 75 
1115975,52 72 
1116047,77 70 
1117570,49 80 
1118646,14 83 
1119168,64 64 523
1119426,53 74 234
1119426,53 61 234
1120937,97 150 
1120966,95 68 
1122977,59 92 
1122977,59 65 
1122990,64 103 
1122990,64 101 
1123519,98 100 
1123519,98 1
1123519,98 2150
1123519,98 10
1125496,95 25 
1126030,27 75 
1127236,86 72 
1127309,53 70 
1128828,75 80 
1130201,15 83 
1132055,67 64 1854
1132281,84 74 202
1132281,84 61 202
1133292,44 150 
1133321,13 68 
1134229,52 92 
1134229,52 65 
1134252,62 103 
1134252,62 101 
1134778,83 100 
1134778,83 1
1134778,83 2150
1134778,83 10
1136758,78 25 
1137425,54 75 
1138634,49 72 
1138704,66 70 
1140237,28 80 
1140596,84 83 
1141544,62 64 948
1141747,13 74 178
1141747,13 61 178
1142258,37 150 
1142276,69 68 
1142693,81 249
1144284,59 92 
1144284,59 65 
1144301,59 103 
1144301,59 101 
1144834,05 100 
1144834,05 1
1144834,05 2150
1144834,05 11
1146821,11 25 
1147407,88 75 
1148617,08 72 
1148687,07 70 
1150208,49 80 
1151272,22 83 
1151687,68 64 415
1151903,75 74 193
1151903,75 62 193
1152413,5 150 
1152432,79 68 
1153142,35 92 
1153142,35 65 
1153164,41 103 
1153164,41 101 
1153690,71 100 
1153690,71 1
1153690,71 2150
1153690,71 11
1155670,8 25 
1156350,75 75 
1157557,87 72 
1157629,98 70 
1159149,88 80 
1159522,03 83 
1160530,22 64 1009
1160724,03 74 176
1160724,03 62 176
1162234,04 150 
1162255,98 68 
1163764,62 92 
1163764,62 65 
1163786,54 103 
1163786,54 101 
1164312,82 100 
1164312,82 1
1164312,82 2150
1164312,82 11
1166293,04 25 
1166746,31 75 
1167952,85 72 
1168025,55 70 
1169545,44 80 
1171250,39 83 
1171482,66 64 232
1171674,42 74 171
1171674,42 62 171
1172682,86 152 
1172704,22 69 
1174711,97 93 
1174728,59 103 
1174728,59 101 
1176762,47 100 
1176762,47 1
1176762,47 2150
1176762,47 10
1178740,92 25 
1178781,58 75 
1179989,15 72 
1180060,43 70 
1181582,85 80 
1181952,52 83 
1182889,91 64 938
1183139,11 74 228
1183139,11 61 228
1183649,23 150 
1183673,24 68 
1184383,93 92 
1184383,93 65 
1184404,5 103 
1184404,5 101 
1184931,42 100 
1184931,42 1
1184931,42 2150
1184931,42 10
1186910,76 25 
1187430,94 75 
1188641,06 72 
1188710,07 70 
1190238,93 80 
1191601,72 83 
1192228,28 64 627
1192483,21 74 242
1192483,21 61 242
1193993,14 150 
1194015,15 68 
1194925,88 92 
1194925,88 65 
1194946,69 103 
1194946,69 101 
1195473,47 100 
1195473,47 1
1195473,47 2150
1195473,47 10
1197452,9 25 
1198133,09 75 
1199340,68 72 
1199412,2 70 
1200928,62 80 
1201997,32 83 
1202450,52 64 453
1202741,58 74 278
1202741,58 61 278
1203751,48 150 
1203770,59 68 
1205277,93 92 
1205277,93 65 
1205302,28 103 
1205302,28 101 
1205839,08 100 
1205839,08 1
1205839,08 2150
1205839,08 11
1207821,85 25 
1208248,81 75 
1209457,44 72 
1209527,91 70 
1211057,13 80 
1212126,4 83 
1212635,87 64 510
1212828,33 74 169
1212828,33 62 169
1214341 150 
1214366,52 68 
1215277,89 92 
1215277,89 65 
1215298,02 103 
1215298,02 101 
1215823,93 100 
1215823,93 1
1215823,93 2150
1215823,93 11
1217804,3 25 
1218457,66 75 
1219664,5 72 
1219736,87 70 
1221259,5 80 
1222628,52 83 
1223028,38 64 400
1223215,44 74 174
1223215,44 62 174
1223725,75 150 
1223749,93 68 
1225258,82 92 
1225258,82 65 
1225280,49 103 
1225280,49 101 
1225807,36 100 
1225807,36 1
1225807,36 2150
1225807,36 11
1227786,75 25 
1228280,36 75 
1229488,59 72 
1229559,43 70 
1231077,28 80 
1231438,23 83 
1232447,83 64 1010
1232654 74 190
1232654 62 190
1233665,78 150 
1233692,34 68 
1235700,72 92 
1235700,72 65 
1235716,06 103 
1235716,06 101 
1236250,78 100 
1236250,78 1
1236250,78 2150
1236250,78 11
1238235,61 25 
1238649,09 75 
1239858,41 72 
1239928,29 70 
1241457,3 80 
1242526,74 83 
1243383,89 64 858
1243590,97 74 185
1243590,97 62 185
1244098,86 150 
1244128,11 68 
1244836,38 92 
1244836,38 65 
1244859,82 103 
1244859,82 101 
1245387,86 100 
1245387,86 1
1245387,86 2150
1245387,86 10
1247365,13 25 
1248045,13 75 
1249254,03 72 
1249324,42 70 
1250848,81 80 
1251216,43 83 
1252146,87 64 931
1252402,16 74 240
1252402,16 61 240
1253411,5 152 
1253430,73 69 
1255439,03 93 
1255454,28 103 
1255454,28 101 
1257481,32 100 
1257481,32 1
1257481,32 2150
1257481,32 11
1259466,59 25 
1259493,79 75 
1260701,58 72 
1260772,79 70 
1262296,73 80 
1263664,42 83 
1263980,17 64 316
1264182,19 74 185
1264182,19 62 185
1265691,19 150 
1265718,4 68 
1266629,22 92 
1266629,22 65 
1266649,48 103 
1266649,48 101 
1267180,84 100 
1267180,84 1
1267180,84 2150
1267180,84 10
1269169,1 25 
1269556,01 75 
1270763,9 72 
1271061,83 70 
1272685,83 80 
1274046,78 83 
1276602,17 64 2556
1276871,03 74 253
1276871,03 61 253
1278381,09 150 
1278406,74 68 
1279772,57 249
1279915,64 92 
1279915,64 65 
1279937,21 103 
1279937,21 101 
1280463,48 100 
1280463,48 1
1280463,48 2150
1280463,48 10
1282443,63 25 
1283643,41 75 
1284852,27 72 
1284922,52 70 
1286445,76 80 
1287507,66 83 
1287969,08 64 462
1288227,31 74 240
1288227,31 61 240
1289236,66 150 
1289254,7 68 
1289965,17 92 
1289965,17 65 
1289986,25 103 
1289986,25 101 
1290513,14 100 
1290513,14 1
1290513,14 2150
1290513,14 10
1292492,55 25 
1293159,36 75 
1294366,96 72 
1294438,46 70 
1295958,87 80 
1296330,6 83 
1297119,15 64 789
1297351,19 74 208
1297351,19 61 208
1297860,68 150 
1297877,33 68 
1298208,56 249
1298587,85 92 
1298587,85 65 
1298609,26 103 
1298609,26 101 
1299143,99 100 
1299143,99 1
1299143,99 2150
1299143,99 11
1301128,9 25 
1301862,23 75 
1303070,36 72 
1303141,43 70 
1304660,42 80 
1306019,76 83 
1306413,39 64 394
1306607,64 74 175
1306607,64 62 175
1307117,05 150 
1307140,34 68 
1308050,62 92 
1308050,62 65 
1308071,9 103 
1308071,9 101 
1308598,1 100 
1308598,1 1
1308598,1 2150
1308598,1 10
1310578,19 25 
1311125,14 75 
1312332,01 72 
1312404,22 70 
1313926,94 80 
1315002,6 83 
1315296,67 64 294
1315502,91 74 194
1315502,91 61 194
1317013,33 150 
1317030,48 68 
1318543,22 92 
1318543,22 65 
1318561,87 103 
1318561,87 101 
1319087,94 100 
1319087,94 1
1319087,94 2150
1319087,94 11
1321067,14 25 
1321707,21 75 
1322916,6 72 
1322986,39 70 
1324509,94 80 
1324878,43 83 
1325933,38 64 1055
1326131,51 74 174
1326131,51 62 174
1327140,85 150 
1327158,64 68 
1329167,92 92 
1329167,92 65 
1329182,92 103 
1329182,92 101 
1329721,37 100 
1329721,37 1
1329721,37 2150
1329721,37 10
1331702,58 25 
1332195,99 75 
1333404,66 72 
1333475,27 70 
1334996,19 80 
1336060,32 83 
1336466,6 64 406
1336710,51 74 224
1336710,51 61 224
1337719,88 150 
1337741,58 68 
1338651,99 92 
1338651,99 65 
1338672,22 103 
1338672,22 101 
1339198,14 100 
1339198,14 1
1339198,14 2150
1339198,14 11
1341178,51 25 
1342218,47 75 
1343425,58 72 
1343497,62 70 
1345021,86 80 
1346389,34 83 
1346694,59 64 305
1346924,19 74 215
1346924,19 62 215
1348432,23 150 
1348455,77 68 
1349165,14 92 
1349165,14 65 
1349187,77 103 
1349187,77 101 
1349715,15 100 
1349715,15 1
1349715,15 2150
1349715,15 11
1351694,1 25 
1352254,37 75 
1353463,27 72 
1353533,38 70 
1355058,92 80 
1355425,45 83 
1356525,41 64 1100
1356728,6 74 184
1356728,6 62 184
1357238,82 152 
1357266,52 69 
1358777,53 93 
1358797,13 103 
1358797,13 101 
1360832,63 100 
1360832,63 1
1360832,63 2150
1360832,63 11
1362809,33 25 
1362849,97 75 
1364058,39 72 
1364128,92 70 
1365649,49 80 
1366020,94 83 
1367120,77 64 1101
1367316,24 74 176
1367316,24 62 176
1368823,91 150 
1368848,58 68 
1370857,12 92 
1370857,12 65 
1370872,03 103 
1370872,03 101 
1371399,2 100 
1371399,2 1
1371399,2 2150
1371399,2 10
1373378,25 25 
1373951,66 75 
1375161,17 72 
1375230,8 70 
1376751,19 80 
1378122,53 83 
1378450,99 64 329
1378678,72 74 210
1378678,72 61 210
1379685,89 150 
1379710,24 68 
1380337,75 249
1380618,75 92 
1380618,75 65 
1380641,07 103 
1380641,07 101 
1381167,59 100 
1381167,59 1
1381167,59 2150
1381167,59 10
1383147,4 25 
1383867,39 75 
1385075,42 72 
1385146,57 70 
1386671,27 80 
1387731,74 83 
1388710,3 64 979
1388994,04 74 263
1388994,04 61 263
1389507,1 150 
1389531,99 68 
1389939,72 249
1391542,22 92 
1391542,22 65 
1391556,47 103 
1391556,47 101 
1392088,63 100 
1392088,63 1
1392088,63 2150
1392088,63 10
1394076,02 25 
1394596,23 75 
1395803,23 72 
1395875,36 70 
1397403,67 80 
1397767,45 83 
1398990,36 64 1223
1399219,38 74 213
1399219,38 61 213
1400227,68 150 
1400247,45 68 
1401754,9 92 
1401754,9 65 
1401778,74 103 
1401778,74 101 
1402306,21 100 
1402306,21 1
1402306,21 2150
1402306,21 11
1404285,11 25 
1404818,52 75 
1406026,88 72 
1406097,67 70 
1407618,25 80 
1409002,71 83 
1409376,92 64 375
1409596,65 74 207
1409596,65 62 207
1411105,32 150 
1411122,64 68 
1411832,56 92 
1411832,56 65 
1411854,46 103 
1411854,46 101 
1412380,81 100 
1412380,81 1
1412380,81 2150
1412380,81 11
1414360,73 25 
1415027,47 75 
1416235,1 72 
1416306,71 70 
1417824,84 80 
1418878,54 83 
1419408,52 64 530
1419588,57 74 164
1419588,57 62 164
1420099 150 
1420120,05 68 
1420832,02 92 
1420832,02 65 
1420850,64 103 
1420850,64 101 
1421385,23 100 
1421385,23 1
1421385,23 2150
1421385,23 10
1423370,32 25 
1424077,01 75 
1425287,67 72 
1425356,14 70 
1426879,83 80 
1427248,28 83 
1428157,69 64 909
1428427,88 74 247
1428427,88 61 247
1429938,88 150 
1429968,87 68 
1431976,66 92 
1431976,66 65 
1431992,59 103 
1431992,59 101 
1432523,24 100 
1432523,24 1
1432523,24 2150
1432523,24 11
1434498,84 25 
1435272,26 75 
1436480,19 72 
1436553,06 70 
1438072,41 80 
1439149,87 83 
1439874,43 64 725
1440062,12 74 166
1440062,12 62 166
1441070,69 150 
1441096,74 68 
1442606,21 92 
1442606,21 65 
1442628,1 103 
1442628,1 101 
1443154,19 100 
1443154,19 1
1443154,19 2150
1443154,19 10
1445134,36 25 
1446040,95 75 
1447249,28 72 
1447320,15 70 
1448844,07 80 
1450211,82 83 
1450258,96 64 48
1450771,31 74 493
1450771,31 61 493
1451282,47 150 
1451306,62 68 
1451769,73 249
1452213,98 92 
1452213,98 65 
1452237,33 103 
1452237,33 101 
1452775,48 100 
1452775,48 1
1452775,48 2150
1452775,48 10
1454756,9 25 
1455436,97 75 
1456643,13 72 
1456716,22 70 
1458236,82 80 
1459607,84 83 
1459982,15 64 375
1460221,8 74 228
1460221,8 61 228
1460733,21 150 
1460755,05 68 
1461663,7 92 
1461663,7 65 
1461686,71 103 
1461686,71 101 
1462213,64 100 
1462213,64 1
1462213,64 2150
1462213,64 11
1464192,93 25 
1464872,95 75 
1466080,34 72 
1466152,17 70 
1467676,24 80 
1468750,59 83 
1469246,9 64 497
1469453,14 74 183
1469453,14 62 183
1470960,77 150 
1470977,12 68 
1472487,14 92 
1472487,14 65 
1472508,72 103 
1472508,72 101 
1473035,71 100 
1473035,71 1
1473035,71 2150
1473035,71 11
1475014,94 25 
1475428,45 75 
1476637,65 72 
1476934,23 70 
1478602,08 80 
1479172,93 83 
1480208,35 64 1036
1480415,33 74 190
1480415,33 62 190
1481423,94 150 
1481453,72 68 
1482162,95 92 
1482162,95 65 
1482184,59 103 
1482184,59 101 
1482718,44 100 
1482718,44 1
1482718,44 2150
1482718,44 11
1484704,29 25 
1485397,81 75 
1486605,31 72 
1486676,82 70 
1488202,43 80 
1489568,43 83 
1490157,17 64 589
1490352,55 74 171
1490352,55 62 171
1490865,4 152 
1490889,72 69 
1492899,24 93 
1492913,36 103 
1492913,36 101 
1494941,07 100 
1494941,07 1
1494941,07 2150
1494941,07 11
1496925,63 25 
1496952,8 75 
1498160,26 72 
1498231,83 70 
1499755,18 80 
1500124,19 83 
1501031,1 64 908
1501238,53 74 195
1501238,53 62 195
1502748,49 150 
1502777,94 68 
1504289,22 92 
1504289,22 65 
1504308,62 103 
1504308,62 101 
1504835,16 100 
1504835,16 1
1504835,16 2150
1504835,16 10
1506814,77 25 
1507175,1 75 
1508382,02 72 
1508454,16 70 
1509973,91 80 
1511039,47 83 
1511431,24 64 392
1511794,06 74 342
1511794,06 61 342
1512802,1 150 
1512827,15 68 
1513980,97 249
1514836,81 92 
1514836,81 65 
1514850,77 103 
1514850,77 101 
1515384,23 100 
1515384,23 1
1515384,23 2150
1515384,23 10
1517370,29 25 
1517930,46 75 
1519137,9 72 
1519209,66 70 
1520734,97 80 
1522101,27 83 
1522220,08 64 119
1522516,3 74 282
1522516,3 61 282
1524028,77 150 
1524048,17 68 
1524956,16 92 
1524956,16 65 
1524979,77 103 
1524979,77 101 
1525506,01 100 
1525506,01 1
1525506,01 2150
1525506,01 10
1527485,99 25 
1528139,45 75 
1529346,99 72 
1529418,65 70 
1530938,77 80 
1532003,8 83 
1532764,17 64 761
1533054,75 74 266
1533054,75 61 266
1533564,41 150 
1533590,4 68 
1534298,25 92 
1534298,25 65 
1534322,43 103 
1534322,43 101 
1534849,82 100 
1534849,82 3
1534849,82 2150
1534849,82 11
1534849,82 78 
1534849,82 198 
1536828,67 25 
1537362,15 75 
1538572,38 72 
1538641,33 70 
1540161,85 80 
1540533,44 83 
1541918,39 64 1385
1542110,44 74 178
1542110,44 62 178
1543119,29 151 
1543147,5 69 
1545158,4 93 
1545171,16 103 
1545171,16 101 
1547203,64 100 
1547203,64 3
1547203,64 2150
1547203,64 10
1549183,5 25 
1549211,19 75 
1550417,53 72 
1550489,63 70 
1552011,88 80 
1552381,72 83 
1553638,47 64 1257
1553819,89 74 159
1553819,89 62 159
1554830,6 152 
1554849,25 69 
1555557,72 93 
1555580,08 103 
1555580,08 101 
1557607 100 
1557607 3
1557607 2150
1557607 11
1559592,38 25 
1559619,78 75 
1560827,93 72 
1560898,54 70 
1562429,2 80 
1563790,2 83 
1564195 64 405
1564499,47 74 283
1564499,47 61 283
1565007,32 151 
1565031,1 69 
1565940,95 93 
1565962,31 103 
1565962,31 101 
1567988,33 100 
1567988,33 3
1567988,33 2150
1567988,33 10
1569974,61 25 
1570001,89 75 
1571211,55 72 
1571280,85 70 
1572811,81 80 
1573905,91 83 
1574756,63 64 851
1574983,95 74 212
1574983,95 61 212
1576493,1 151 
1576519,22 69 
1578031,12 93 
1578050,53 103 
1578050,53 101 
1580088,38 100 
1580088,38 3
1580088,38 2150
1580088,38 10
1582063,11 25 
1582090,22 75 
1583299,61 72 
1583595,58 70 
1585213,01 80 
1585580,99 83 
1587549,09 64 1969
1587731,3 74 165
1587731,3 62 165
1589238,78 150 
1589260,54 68 
1591268,99 92 
1591268,99 65 
1591284,95 103 
1591284,95 101 
1591811,86 100 
1591811,86 3
1591811,86 2150
1591811,86 11
1593791,2 25 
1594284,65 75 
1595493,42 72 
1595563,87 70 
1597082,76 80 
1598455,46 83 
1599015,88 64 561
1599244,12 74 216
1599244,12 61 216
1599753,93 151 
1599776,85 69 
1600683,82 93 
1600694,2 103 
1600694,2 101 
1602721,69 100 
1602721,69 3
1602721,69 2150
1602721,69 10
1604706,51 25 
1604733,81 75 
1605940,98 72 
1606012,71 70 
1607535,27 80 
1608611,19 83 
1609555,41 64 944
1609799,54 74 229
1609799,54 63 229
1610809,29 151 
1610837,98 69 
1611549,45 93 
1611569,61 103 
1611569,61 101 
1613603,55 100 
1613603,55 3
1613603,55 2150
1613603,55 11
1615581,91 25 
1615622,52 75 
1616832,24 72 
1616901,4 70 
1618428,1 80 
1619499,91 83 
1620131,63 64 632
1620420,66 74 268
1620420,66 61 268
1621432,28 151 
1621459,78 69 
1622968,63 93 
1622978,37 103 
1622978,37 101 
1625004,37 100 
1625004,37 3
1625004,37 2150
1625004,37 10
1626990,38 25 
1627017,92 75 
1628226,11 72 
1628296,56 70 
1629822,57 80 
1631214,88 83 
1631944,85 64 731
1632140,02 74 179
1632140,02 62 179
1632651,02 150 
1632669,57 68 
1633382,08 92 
1633382,08 65 
1633400,42 103 
1633400,42 101 
1633928,62 100 
1633928,62 3
1633928,62 2150
1633928,62 11
1635906,58 25 
1636493,35 75 
1637701,84 72 
1637772,55 70 
1639294,59 80 
1639664,61 83 
1640727,34 64 1063
1640944,13 74 200
1640944,13 61 200
1642456,52 151 
1642478,61 69 
1643988,13 93 
1644009,2 103 
1644009,2 101 
1646043,16 100 
1646043,16 3
1646043,16 2150
1646043,16 11
1648021,46 25 
1648049,38 75 
1649257,66 72 
1649327,63 70 
1650852,86 80 
1652219,29 83 
1657104,84 64 4886
1657334,49 74 211
1657334,49 62 211
1657843,69 151 
1657872,02 69 
1659880,91 93 
1659895,72 103 
1659895,72 101 
1661922,14 100 
1661922,14 3
1661922,14 2150
1661922,14 10
1663907,99 25 
1663935,24 75 
1665143,96 72 
1665214,24 70 
1666735,08 80 
1667812,65 83 
1669059,38 64 1247
1669291,64 74 213
1669291,64 61 213
1670802,23 153 
1670826,56 68 
1671732,95 92 
1671732,95 65 
1671757,34 103 
1671757,34 101 
1672284,02 100 
1672284,02 3
1672284,02 2150
1672284,02 11
1674263,61 25 
1674903,71 75 
1676112,4 72 
1676182,94 70 
1677704,63 80 
1678088,33 83 
1679354,61 64 1266
1679589,68 74 209
1679589,68 63 209
1680599,39 150 
1680622,03 68 
1681529,83 92 
1681529,83 65 
1681553,22 103 
1681553,22 101 
1682085,32 100 
1682085,32 3
1682085,32 2150
1682085,32 11
1684072,83 25 
1686458,89 75 
1687666,47 72 
1687977,95 70 
1689637,94 80 
1690203,27 83 
1691689,5 64 1486
1691929,05 74 220
1691929,05 63 220
1692938,15 150 
1692962,76 68 
1694473,07 92 
1694473,07 65 
1694494,35 103 
1694494,35 101 
1695021,44 100 
1695021,44 3
1695021,44 2150
1695021,44 11
1697000,59 25 
1697440,88 75 
1698648,92 72 
1698719,99 70 
1700242,37 80 
1701305,1 83 
1702222,61 64 918
1702465,12 74 228
1702465,12 63 228
1703977 150 
1703998,41 68 
1704708,24 92 
1704708,24 65 
1704730 103 
1704730 101 
1705257,47 100 
1705257,47 3
1705257,47 2150
1705257,47 10
1707236,27 25 
1707849,76 75 
1709061,15 72 
1709128,95 70 
1710653,42 80 
1712033,87 83 
1712381,52 64 348
1712707,42 74 314
1712707,42 61 314
1713218,42 151 
1713248,57 69 
1713563,72 249 
1715259,02 93 
1715272,23 103 
1715272,23 101 
1717310,89 100 
1717310,89 3
1717310,89 2150
1717310,89 10
1719284,61 25 
1719311,86 75 
1720518,3 72 
1720590,68 70 
1722116,14 80 
1723189,15 83 
1724872,28 64 1683
1725115,58 74 221
1725115,58 63 221
1725627,19 151 
1725656,65 69 
1726364,53 93 
1726374,18 103 
1726374,18 101 
1728401,01 100 
1728401,01 3
1728401,01 2150
1728401,01 11
1730386,42 25 
1730413,71 75 
1731621,86 72 
1731692,64 70 
1733221,34 80 
1734584,27 83 
1734924,25 64 340
1735137,21 74 193
1735137,21 62 193
1736144,69 151 
1736170,98 69 
1737080,01 93 
1737089,74 103 
1737089,74 101 
1739116,45 100 
1739116,45 3
1739116,45 2150
1739116,45 10
1741101,85 25 
1743341,4 75 
1744549,78 72 
1744620,47 70 
1746151,62 80 
1746525,92 83 
1747523,49 64 998
1747782,58 74 244
1747782,58 61 244
1749291,66 151 
1749313,2 69 
1750824,11 93 
1750843,71 103 
1750843,71 101 
1752876,18 100 
1752876,18 3
1752876,18 2150
1752876,18 10
1754856,06 25 
1755922,64 75 
1757131,28 72 
1757203,57 70 
1758722,59 80 
1759093,86 83 
1760223,09 64 1130
1760426,69 74 187
1760426,69 62 187
1761435,44 150 
1761453,95 68 
1763463,79 92 
1763463,79 65 
1763478,38 103 
1763478,38 101 
1764005,25 100 
1764005,25 3
1764005,25 2150
1764005,25 11
1765984,66 25 
1766425,03 75 
1767632,01 72 
1767703,99 70 
1769225,44 80 
1770595,65 83 
1771203,85 64 609
1771486,66 74 265
1771486,66 61 265
1772993,93 151 
1773022,09 69 
1773933,12 93 
1773953,91 103 
1773953,91 101 
1775981,17 100 
1775981,17 3
1775981,17 2150
1775981,17 11
1777966,18 25 
1777993,63 75 
1779203,21 72 
1779272,44 70 
1780800,87 80 
1781870,84 83 
1786304,74 64 4435
1786565,43 74 243
1786565,43 63 243
1787077,68 150 
1787097,11 68 
1789107,19 92 
1789107,19 65 
1789120,82 103 
1789120,82 101 
1789653,72 100 
1789653,72 3
1789653,72 2150
1789653,72 10
1791641,31 25 
1792040,67 75 
1793247,33 72 
1793546,4 70 
1795170,53 80 
1796238,08 83 
1797561,82 64 1325
1797753,63 74 169
1797753,63 62 169
1799264,03 150 
1799291,24 68 
1800003,31 92 
1800003,31 65 
1800022,82 103 
1800022,82 101 
1800550,45 100 
1800550,45 3
1800550,45 2150
1800550,45 11
1802529,13 25 
1802849,31 75 
1804058,36 72 
1804128,52 70 
1805653,68 80 
1806033,92 83 
1807477,07 64 1444
1807732,69 74 234
1807732,69 63 234
1808240,02 150 
1808261,47 68 
1808828,94 249
1809773,26 92 
1809773,26 65 
1809792,05 103 
1809792,05 101 
1810319,63 100 
1810319,63 3
1810319,63 2150
1810319,63 10
1812298,28 25 
1813764,71 75 
1814972,72 72 
1815043,93 70 
1816572,07 80 
1817935,6 83 
1818445,47 64 510
1818840,13 74 372
1818840,13 62 372
1819851,85 150 
1819869,11 68 
1820215,58 249
1820415,5 172 
1821875,8 92 
1821875,8 65 
1821894,53 103 
1821894,53 101 
1822426,6 100 
1822426,6 3
1822426,6 2150
1822426,6 11
1824413,11 25 
1824999,9 75 
1826210,55 72 
1826279,13 70 
1827802,43 80 
1828864,29 83 
1829261,95 64 398
1829445,15 74 168
1829445,15 62 168
1830957,39 151 
1830984,45 69 
1831897,37 93 
1831915,92 103 
1831915,92 101 
1833942,21 100 
1833942,21 3
1833942,21 2150
1833942,21 11
1835928,23 25 
1835955,78 75 
1837161,75 72 
1837234,45 70 
1838756,63 80 
1839126,52 83 
1840283,85 64 1158
1840531,35 74 232
1840531,35 61 232
1841040,01 151 
1841060,46 69 
1842569,82 93 
1842591,4 103 
1842591,4 101 
1844617,28 100 
1844617,28 3
1844617,28 2150
1844617,28 10
1846603,72 25 
1846631,04 75 
1847838,51 72 
1847909,89 70 
1849435,87 80 
1850801,57 83 
1851379,84 64 579
1851598,8 74 198
1851598,8 61 198
1852609,9 151 
1852629,34 69 
1853339,82 93 
1853360,16 103 
1853360,16 101 
1855398,34 100 
1855398,34 3
1855398,34 2150
1855398,34 10
1857372,46 25 
1857400,18 75 
1858607,4 72 
1858678,64 70 
1860205 80 
1860570,77 83 
1861542,06 64 972
1861729,74 74 174
1861729,74 62 174
1862239,59 150 
1862265,32 68 
1864276,29 92 
1864276,29 65 
1864302,16 103 
1864302,16 101 
1864829,41 100 
1864829,41 3
1864829,41 2150
1864829,41 10
1866808,54 25 
1867115,38 75 
1868321,77 72 
1868394,56 70 
1869917,83 80 
1871286,21 83 
1871536,22 64 250
1871749,44 74 197
1871749,44 62 197
1873261,8 152 
1873287,15 69 
1874794,96 93 
1874817,7 103 
1874817,7 101 
1876845 100 
1876845 3
1876845 2150
1876845 10
1878830,86 25 
1878857,29 75 
1880066,27 72 
1880136,31 70 
1881663,26 80 
1882734,68 83 
1883153,07 64 419
1883333,37 74 159
1883333,37 62 159
1884344,06 150 
1884375,73 68 
1885082,51 92 
1885082,51 65 
1885106,71 103 
1885106,71 101 
1885642,22 100 
1885642,22 3
1885642,22 2150
1885642,22 11
1887626,27 25 
1887959,99 75 
1889168,42 72 
1889239,06 70 
1890759 80 
1892130,67 83 
1892585,17 64 455
1892852,11 74 255
1892852,11 63 255
1893863,34 152 
1893891,9 69 
1894800,25 93 
1894822,54 103 
1894822,54 101 
1896851,82 100 
1896851,82 3
1896851,82 2150
1896851,82 11
1898834,91 25 
1900167,98 75 
1901375,99 72 
1901673,75 70 
1903302,04 80 
1904378,81 83 
1904800,2 64 422
1905062,36 74 244
1905062,36 61 244
1906571,15 151 
1906591,94 69 
1908102,73 93 
1908123,54 103 
1908123,54 101 
1910150,77 100 
1910150,77 3
1910150,77 2150
1910150,77 10
1912135,91 25 
1912163,09 75 
1913371,27 72 
1913442,05 70 
1914964,61 80 
1915334,18 83 
1916412,34 64 1078
1916602,02 74 176
1916602,02 62 176
1917112,25 150 
1917134,76 68 
1917518,61 249
1917843,05 92 
1917843,05 65 
1917866,08 103 
1917866,08 101 
1918399,23 100 
1918399,23 3
1918399,23 2150
1918399,23 11
1920385,65 25 
1920625,92 75 
1921834,14 72 
1921905,13 70 
1923426,55 80 
1923797,26 83 
1924461,65 64 664
1924711,36 74 235
1924711,36 61 235
1926221,57 151 
1926251,31 69 
1926851,22 249 
1927342,05 181 
1928259,95 93 
1928275,05 103 
1928275,05 101 
1930300,93 100 
1930300,93 3
1930300,93 2150
1930300,93 11
1932287,25 25 
1932314,44 75 
1933521,14 72 
1933593,47 70 
1935118,76 80 
1936485,97 83 
1937780,92 64 1296
1938039,32 74 235
1938039,32 63 235
1938551,6 150 
1938578,72 68 
1939487 92 
1939487 65 
1939510,21 103 
1939510,21 101 
1940037,14 100 
1940037,14 3
1940037,14 2150
1940037,14 11
1942016,5 25 
1942403,39 75 
1943610,59 72 
1943682,59 70 
1945206,18 80 
1946281,06 83 
1947092,47 64 812
1947316,2 74 209
1947316,2 63 209
1948323,96 150 
1948347,89 68 
1949258,46 92 
1949258,46 65 
1949279,38 103 
1949279,38 101 
1949813,5 100 
1949813,5 3
1949813,5 2150
1949813,5 10
1951785,72 25 
1952505,69 75 
1953713,7 72 
1953785,06 70 
1955306,49 80 
1955676,98 83 
1956610,79 64 935
1956794,27 74 158
1956794,27 62 158
1957302,21 150 
1957331,49 68 
1958040,82 92 
1958040,82 65 
1958062,31 103 
1958062,31 101 
1958589,45 100 
1958589,45 3
1958589,45 2150
1958589,45 10
1960568,59 25 
1961235,65 75 
1962443,04 72 
1962514,58 70 
1964043,93 80 
1965099,66 83 
1965551,53 64 452
1965733,05 74 167
1965733,05 62 167
1966741,93 150 
1966767,57 68 
1968774,88 92 
1968774,88 65 
1968791,12 103 
1968791,12 101 
1969318,43 100 
1969318,43 3
1969318,43 2150
1969318,43 10
1971297,38 25 
1972017,52 75 
1973226,27 72 
1973296,61 70 
1974824,63 80 
1976188,26 83 
1976497,48 64 309
1976673,28 74 152
1976673,28 62 152
1978182,93 150 
1978202,56 68 
1979711,73 92 
1979711,73 65 
1979733,11 103 
1979733,11 101 
1980273,08 100 
1980273,08 3
1980273,08 2150
1980273,08 11
1982252,75 25 
1982919,47 75 
1984126,97 72 
1984198,65 70 
1985718,95 80 
1986784,18 83 
1987526,5 64 743
1987744,15 74 201
1987744,15 63 201
1989254,19 150 
1989277,91 68 
1989800,51 249
1989989,36 92 
1989989,36 65 
1990008,84 103 
1990008,84 101 
1990535,36 100 
1990535,36 3
1990535,36 2150
1990535,36 11
1992515,34 25 
1993208,41 75 
1994417,57 72 
1994487,6 70 
1996021,31 80 
1997392,64 83 
1997811,11 64 419
1998020,08 74 188
1998020,08 63 188
1998527,34 150 
1998553,15 68 
1998966,4 249
2000066,71 92 
2000066,71 65 
2000084,52 103 
2000084,52 101 
2000613,07 100 
2000613,07 3
2000613,07 2150
2000613,07 11
2002590,75 25 
2003537,38 75 
2004746,33 72 
2005043,16 70 
2006669,96 80 
2007041,81 83 
2008092,31 64 1051
2008271,87 74 165
2008271,87 62 165
2009283,68 151 
2009309,51 69 
2010221,17 93 
2010240,17 103 
2010240,17 101 
2012274,8 100 
2012274,8 3
2012274,8 2150
2012274,8 11
2014265,86 25 
2014292,97 75 
2015501,5 72 
2015572,04 70 
2017097,24 80 
2018463,63 83 
2018809,33 64 346
2018995,36 74 172
2018995,36 62 172
2019503,16 151 
2019531,8 69 
2020820,7 249 
2021143,57 182 
2021540,14 93 
2021555,34 103 
2021555,34 101 
2023581,92 100 
2023581,92 3
2023581,92 2150
2023581,92 10
2025567,63 25 
2025595,07 75 
2026801 72 
2026873,84 70 
2028394,42 80 
2029472,29 83 
2031986,78 64 2515
2032164,29 74 160
2032164,29 62 160
2033171,73 150 
2033191,89 68 
2034105,01 92 
2034105,01 65 
2034123,35 103 
2034123,35 101 
2034649,27 100 
2034649,27 3
2034649,27 2150
2034649,27 10
2036629,65 25 
2037310,01 75 
2038517,95 72 
2038588,93 70 
2040112,25 80 
2040480,96 83 
2041346,87 64 867
2041564,19 74 204
2041564,19 62 204
2043074,11 150 
2043094,94 68 
2045107,94 92 
2045107,94 65 
2045131,99 103 
2045131,99 101 
2045666,25 100 
2045666,25 3
2045666,25 2150
2045666,25 11
2047651,56 25 
2048798,16 75 
2050006,55 72 
2050077,39 70 
2051604,03 80 
2052982,37 83 
2053099,51 64 117
2053375,24 74 260
2053375,24 63 260
2054883,27 150 
2054903,27 68 
2055419,1 249
2056410,83 92 
2056410,83 65 
2056433,84 103 
2056433,84 101 
2056960,12 100 
2056960,12 3
2056960,12 2150
2056960,12 10
2058940,1 25 
2059846,76 75 
2061057,43 72 
2061125,92 70 
2062652,26 80 
2063711,11 83 
2064209,23 64 499
2064410,59 74 180
2064410,59 62 180
2064920,17 152 
2064939,12 69 
2065646,7 93 
2065669,91 103 
2065669,91 101 
2067696,02 100 
2067696,02 3
2067696,02 2150
2067696,02 10
2069682,27 25 
2069709,79 75 
2070916,9 72 
2070988,46 70 
2072509,47 80 
2072880,57 83 
2111962,14 64 39082
2112181,89 74 199
2112181,89 62 199
2113190,84 150 
2113211,11 68 
2113922,2 92 
2113922,2 65 
2113942,75 103 
2113942,75 101 
2114477,44 100 
2114477,44 3
2114477,44 2150
2114477,44 10
2116462,37 25 
2117155,73 75 
2118363,8 72 
2118661,54 70 
2120328,35 80 
2120900,19 83 
2132818,09 64 11919
2133007,16 74 166
2133007,16 62 166
2133513,8 150 
2133536,55 68 
2135047,22 92 
2135047,22 65 
2135067,17 103 
2135067,17 101 
2135594,08 100 
2135594,08 3
2135594,08 2150
2135594,08 10
2137573,38 25 
2137960,24 75 
2139167,72 72 
2139239,53 70 
2140764,17 80 
2142131,08 83 
2142447,17 64 317
2142638,04 74 174
2142638,04 62 174
2143647,11 150 
2143665,55 68 
2145676,52 92 
2145676,52 65 
2145689,24 103 
2145689,24 101 
2146215,5 100 
2146215,5 3
2146215,5 2150
2146215,5 10
2148208,85 25 
2148329,28 75 
2149539,19 72 
2149608,42 70 
2151135,11 80 
2152206,82 83 
2152647,92 64 442
2152807,08 74 148
2152807,08 62 148
2154315,14 150 
2154341,02 68 
2155251,25 92 
2155251,25 65 
2155271,86 103 
2155271,86 101 
2155807,01 100 
2155807,01 3
2155807,01 2150
2155807,01 10
2157791,42 25 
2158338,22 75 
2159546,44 72 
2159617,47 70 
2161147 80 
2162535,75 83 
2162629,15 64 94
2162827,9 74 186
2162827,9 62 186
2164341,09 150 
2164363,41 68 
2165073,78 92 
2165073,78 65 
2165094,32 103 
2165094,32 101 
2165620,85 100 
2165620,85 3
2165620,85 2150
2165620,85 11
2167600,64 25 
2168307,36 75 
2169514,06 72 
2169586,62 70 
2171114,37 80 
2172171,65 83 
2173255,39 64 1084
2173488,72 74 212
2173488,72 63 212
2173998,61 150 
2174026 68 
2174934,05 92 
2174934,05 65 
2174956,8 103 
2174956,8 101 
2175482,77 100 
2175482,77 3
2175482,77 2150
2175482,77 11
2177463,14 25 
2178303,07 75 
2179512,64 72 
2179582,37 70 
2181100,68 80 
2181474,35 83 
2182664,49 64 1190
2182847,22 74 160
2182847,22 62 160
2183857,39 151 
2183888,44 69 
2185895,96 93 
2185912,13 103 
2185912,13 101 
2187944,59 100 
2187944,59 3
2187944,59 2150
2187944,59 11
2189924,46 25 
2189951,6 75 
2191156,98 72 
2191230,65 70 
2192751,17 80 
2193122,78 83 
2196246,83 64 3125
2196491,64 74 224
2196491,64 61 224
2198002,76 151 
2198029,22 69 
2198543,38 249 
2199540,33 93 
2199559,77 103 
2199559,77 101 
2201587,09 100 
2201587,09 3
2201587,09 2150
2201587,09 11
2203572,9 25 
2203599,08 75 
2204806,63 72 
2204878,2 70 
2206402,35 80 
2207476,62 83 
2502905,66 64 295429
2503101,19 74 177
2503101,19 62 177
2503608,78 153 
2503632,64 68 
2504542,15 92 
2504542,15 65 
2504563,4 103 
2504563,4 101 
2505090,17 100 
2505090,17 3
2505090,17 2150
2505090,17 10
2507069,69 25 
2507363,25 75 
2508572,51 72 
2508642,52 70 
2510164,34 80 
2511534,07 83 
2512130,21 64 597
2512393,04 74 246
2512393,04 61 246
2513400,8 151 
2513427,63 69 
2514939,44 93 
2514958,98 103 
2514958,98 101 
2516990,94 100 
2516990,94 3
2516990,94 2150
2516990,94 10
2518971,33 25 
2518998,74 75 
2520206,04 72 
2520277,46 70 
2521801,84 80 
2522169,58 83 
2523083,56 64 914
2523319,23 74 217
2523319,23 61 217
2524828,24 151 
2524849,9 69 
2526495,38 249 
2526665,09 256 
2530602,37 182 
2538950,81 93 
2538962,09 103 
2538962,09 101 
2540988,6 100 
2540988,6 3
2540988,6 2150
2540988,6 11
2542974,4 25 
2543001,58 75 
2544209,43 72 
2544280,69 70 
2545801,04 80 
2547172,25 83 
2547710,36 64 538
2547936,65 74 205
2547936,65 61 205
2548944,33 151 
2548973,68 69 
2549681,8 93 
2549704,21 103 
2549704,21 101 
2551732,8 100 
2551732,8 3
2551732,8 2150
2551732,8 11
2553716,5 25 
2553743,67 75 
2554951,57 72 
2555022,7 70 
2556544,9 80 
2557621,13 83 
2558624,27 64 1003
2558840,84 74 194
2558840,84 63 194
2559349,15 150 
2559369,04 68 
2560278,3 92 
2560278,3 65 
2560299,68 103 
2560299,68 101 
2560831,46 100 
2560831,46 3
2560831,46 2150
2560831,46 11
2562806,41 25 
2563326,11 75 
2564532,74 72 
2564605,33 70 
2566128,42 80 
2567496,96 83 
2568092,93 64 597
2568352,51 74 243
2568352,51 63 243
2569364,28 150 
2569390,24 68 
2571398,75 92 
2571398,75 65 
2571414,97 103 
2571414,97 101 
2571941,99 100 
2571941,99 3
2571941,99 2150
2571941,99 11
2573921,26 25 
2574841,26 75 
2576051,21 72 
2576120,5 70 
2577643,42 80 
2578718,86 83 
2579669,35 64 951
2579910,76 74 220
2579910,76 63 220
2580422,25 152 
2580439,69 69 
2581148,4 93 
2581157,63 103 
2581157,63 101 
2583183,44 100 
2583183,44 3
2583183,44 2150
2583183,44 10
2585169,78 25 
2585196,97 75 
2586405,19 72 
2586476,02 70 
2587999,09 80 
2588368,2 83 
2589232,47 64 865
2589436,36 74 189
2589436,36 62 189
2590944,38 150 
2590968,07 68 
2592479,5 92 
2592479,5 65 
2592499,37 103 
2592499,37 101 
2593037,25 100 
2593037,25 3
2593037,25 2150
2593037,25 11
2595018,98 25 
2595405,86 75 
2596614,71 72 
2596684,97 70 
2598206,47 80 
2598563,78 83 
2599821,33 64 1258
2600031,26 74 188
2600031,26 62 188
2601543,49 151 
2601563,25 69 
2602270,21 93 
2602281,83 103 
2602281,83 101 
2604308,06 100 
2604308,06 3
2604308,06 2150
2604308,06 10
2606294,14 25 
2606321,93 75 
2607528,28 72 
2607840,27 70 
2609469,08 80 
2610839,4 83 
2614406,57 64 3568
2614622,59 74 199
2614622,59 62 199
2615133,38 150 
2615158,55 68 
2616669,38 92 
2616669,38 65 
2616689,05 103 
2616689,05 101 
2617215,13 100 
2617215,13 3
2617215,13 2150
2617215,13 10
2619195,47 25 
2619888,81 75 
2621098,02 72 
2621167,97 70 
2622697,16 80 
2623766,4 83 
2624380,39 64 614
2624565,38 74 173
2624565,38 62 173
2625575,25 150 
2625594,11 68 
2627607,31 92 
2627607,31 65 
2627631,09 103 
2627631,09 101 
2628164,22 100 
2628164,22 3
2628164,22 2150
2628164,22 10
2630150,69 25 
2630964,02 75 
2632172,02 72 
2632243,22 70 
2633764,24 80 
2634841,67 83 
2635297,21 64 456
2635512,16 74 191
2635512,16 62 191
2636021,07 150 
2636042,95 68 
2636955,48 92 
2636955,48 65 
2636973,8 103 
2636973,8 101 
2637500,82 100 
2637500,82 3
2637500,82 2150
2637500,82 11
2639480,06 25 
2640106,88 75 
2641315,11 72 
2641386,01 70 
2642906,53 80 
2643278,12 83 
2644467,58 64 1190
2644679,49 74 189
2644679,49 63 189
2646189,74 150 
2646211,95 68 
2647269,83 249
2647721,57 92 
2647721,57 65 
2647742,6 103 
2647742,6 101 
2648269,61 100 
2648269,61 3
2648269,61 2150
2648269,61 10
2650248,81 25 
2650888,92 75 
2652097,81 72 
2652168,09 70 
2653697,83 80 
2655059,77 83 
2655505,28 64 446
2655698,77 74 173
2655698,77 62 173
2656707,4 150 
2656726,77 68 
2657434,45 92 
2657434,45 65 
2657458,4 103 
2657458,4 101 
2657994,82 100 
2657994,82 3
2657994,82 2150
2657994,82 10
2659978,07 25 
2660764,73 75 
2661973,4 72 
2662043,95 70 
2663566,04 80 
2664642,33 83 
2665139,7 64 497
2665330,95 74 169
2665330,95 62 169
2666843,34 150 
2666869,46 68 
2667779,42 92 
2667779,42 65 
2667800,69 103 
2667800,69 101 
2668326,66 100 
2668326,66 3
2668326,66 2150
2668326,66 10
2670306,93 25 
2670800,53 75 
2672010,27 72 
2672079,7 70 
2673601,84 80 
2673971,71 83 
2674943,71 64 972
2675138,77 74 182
2675138,77 62 182
2675649,7 150 
2675679,46 68 
2677691,04 92 
2677691,04 65 
2677716,45 103 
2677716,45 101 
2678243,09 100 
2678243,09 3
2678243,09 2150
2678243,09 11
2680222,77 25 
2681835,99 75 
2683045,14 72 
2683114,98 70 
2684643,41 80 
2686006,59 83 
2686453,97 64 448
2686706,76 74 235
2686706,76 63 235
2687714,33 150 
2687741,07 68 
2688263,07 249
2689752,29 92 
2689752,29 65 
2689777,99 103 
2689777,99 101 
2690312,14 100 
2690312,14 3
2690312,14 2150
2690312,14 11
2692297,6 25 
2693190,92 75 
2694399,57 72 
2694470,16 70 
2695991,35 80 
2697361,75 83 
2697592,02 64 231
2697864,68 74 250
2697864,68 63 250
2698372,31 150 
2698403,29 68 
2698897,2 249
2699313,91 92 
2699313,91 65 
2699333,93 103 
2699333,93 101 
2699860,12 100 
2699860,12 3
2699860,12 2150
2699860,12 10
2701840,33 25 
2702667 75 
2703873,84 72 
2703946,06 70 
2705469,16 80 
2705838,25 83 
2706796,89 64 959
2707003,63 74 193
2707003,63 62 193
2708511,91 150 
2708531,49 68 
2709239,4 92 
2709239,4 65 
2709263,05 103 
2709263,05 101 
2709789,09 100 
2709789,09 3
2709789,09 2150
2709789,09 11
2711769,32 25 
2712729,28 75 
2713936,31 72 
2714008,51 70 
2715532,8 80 
2716606,9 83 
2717975,95 64 1370
2718226,79 74 235
2718226,79 63 235
2719237,53 152 
2719261,08 69 
2720771,95 93 
2720791,51 103 
2720791,51 101 
2722826,87 100 
2722826,87 3
2722826,87 2150
2722826,87 10
2724803,85 25 
2724831,54 75 
2726039,21 72 
2726110,06 70 
2727631,91 80 
2728002,1 83 
2728927,62 64 926
2729129,82 74 182
2729129,82 62 182
2730639 150 
2730669,4 68 
2732177,31 92 
2732177,31 65 
2732199,98 103 
2732199,98 101 
2732726,11 100 
2732726,11 3
2732726,11 2150
2732726,11 11
2734706,27 25 
2735492,94 75 
2736700,72 72 
2736772,17 70 
2738295,6 80 
2739663,85 83 
2739866,32 64 203
2740123,83 74 234
2740123,83 63 234
2741131,8 150 
2741158,36 68 
2742159,09 249
2743168,48 92 
2743168,48 65 
2743181,97 103 
2743181,97 101 
2743708,26 100 
2743708,26 3
2743708,26 2150
2743708,26 10
2745688,26 25 
2746448,33 75 
2747655,96 72 
2747727,52 70 
2749254,03 80 
2750325,96 83 
2750853,97 64 529
2751023,33 74 151
2751023,33 62 151
2751535,28 150 
2751553,48 68 
2752465,06 92 
2752465,06 65 
2752484,74 103 
2752484,74 101 
2753018,63 100 
2753018,63 3
2753018,63 2150
2753018,63 11
2755004,27 25 
2755404,48 75 
2756612,56 72 
2756683,67 70 
2758207,68 80 
2759268,86 83 
2760102,86 64 835
2760305,81 74 185
2760305,81 63 185
2761315,07 150 
2761335,98 68 
2762044,33 92 
2762044,33 65 
2762067,26 103 
2762067,26 101 
2762598,14 100 
2762598,14 5
2762598,14 2150
2762598,14 10
2762598,14 78 
2762598,14 198 
2764573,54 25 
2768972,08 75 
2770179,24 72 
2770251,27 70 
2771775,41 80 
2772143,35 83 
2773070,76 64 928
2773250,35 74 161
2773250,35 62 161
2773757,94 151 
2773784,43 69 
2774493,28 93 
2774515,32 103 
2774515,32 101 
2776541,35 100 
2776541,35 5
2776541,35 2150
2776541,35 10
2778527,62 25 
2778568,2 75 
2779776,24 72 
2779847,16 70 
2781380,95 80 
2782765,5 83 
2783977,65 64 1212
2784157,69 74 166
2784157,69 62 166
2785667,64 151 
2785685,7 69 
2787696,38 93 
2787709,72 103 
2787709,72 101 
2789744,33 100 
2789744,33 5
2789744,33 2150
2789744,33 10
2791721,98 25 
2791749,35 75 
2792957,43 72 
2793028,22 70 
2794550,81 80 
2795626,74 83 
2796261,42 64 635
2796478,51 74 199
2796478,51 62 199
2796986,76 151 
2797014,54 69 
2798524,97 93 
2798545,11 103 
2798545,11 101 
2800571,65 100 
2800571,65 5
2800571,65 2150
2800571,65 11
2802557,42 25 
2802584,58 75 
2803790,77 72 
2803863,7 70 
2805383,29 80 
2806755,29 83 
2806937,08 64 182
2807173,3 74 218
2807173,3 63 218
2808680,51 151 
2808703,06 69 
2809611,31 93 
2809633,72 103 
2809633,72 101 
2811660,64 100 
2811660,64 5
2811660,64 2150
2811660,64 10
2813646,02 25 
2813673,33 75 
2814870,77 250 
2814884,74 101 
2816897,99 100 
2816897,99 5
2816897,99 2150
2816897,99 10
2816897,99 25 
2816924,28 75 
2818133,34 72 
2818204,22 70 
2819725,49 80 
2820096,29 83 
2820691,66 64 595
2820877,04 74 168
2820877,04 62 168
2821884,99 151 
2821909,91 69 
2822617,42 93 
2822628,23 103 
2822628,23 101 
2824661,45 100 
2824661,45 5
2824661,45 2150
2824661,45 11
2826640,49 25 
2833091,47 75 
2834298,9 72 
2834370,67 70 
2835894,99 80 
2836969,1 83 
2837650,84 64 683
2837832,95 74 158
2837832,95 62 158
2839343,21 150 
2839369,16 68 
2841377,63 92 
2841377,63 65 
2841393,57 103 
2841393,57 101 
2841919,33 100 
2841919,33 5
2841919,33 2150
2841919,33 10
2843899,82 25 
2844459,95 75 
2845667,07 72 
2845739,13 70 
2847260,95 80 
2847631,29 83 
2849011,24 64 1380
2849209,2 74 179
2849209,2 63 179
2850220,23 150 
2850245,35 68 
2850747,49 249
2851156,9 92 
2851156,9 65 
2851176,07 103 
2851176,07 101 
2851703,81 100 
2851703,81 5
2851703,81 2150
2851703,81 11
2853682,38 25 
2856788,06 75 
2857996,52 72 
2858067,27 70 
2859588,57 80 
2860972,31 83 
2861571,17 64 599
2861780,13 74 195
2861780,13 62 195
2862289,94 152 
2862319,47 69 
2863827,84 93 
2863850,67 103 
2863850,67 101 
2865885,62 100 
2865885,62 5
2865885,62 2150
2865885,62 11
2867862,96 25 
2867890,43 75 
2869098,21 72 
2869169,2 70 
2870687,33 80 
2871754,32 83 
2872133,34 64 379
2872295,99 74 142
2872295,99 62 142
2873305,37 150 
2873328,18 68 
2874838,48 92 
2874838,48 65 
2874859,48 103 
2874859,48 101 
2875387,19 100 
2875387,19 5
2875387,19 2150
2875387,19 11
2877365,85 25 
2879764,92 75 
2880973,62 72 
2881044,17 70 
2882563,42 80 
2882936,41 83 
2883825,49 64 889
2884024,55 74 182
2884024,55 62 182
2885535,81 150 
2885563,72 68 
2886273,2 92 
2886273,2 65 
2886294,47 103 
2886294,47 101 
2886821,53 100 
2886821,53 5
2886821,53 2150
2886821,53 10
2888800,82 25 
2889720,71 75 
2890930,15 72 
2891000,01 70 
2892527,84 80 
2893891,76 83 
2894341,18 64 450
2894492,65 74 135
2894492,65 62 135
2895001,4 153 
2895025,92 68 
2895418,83 249
2895937,72 92 
2895937,72 65 
2895957,04 103 
2895957,04 101 
2896490,12 100 
2896490,12 5
2896490,12 2150
2896490,12 11
2898476,64 25 
2898903,45 75 
2900112,11 72 
2900182,69 70 
2901715,92 80 
2903087,83 83 
2903341,19 64 254
2903526,09 74 172
2903526,09 62 172
2904035,49 150 
2904061,66 68 
2906072,57 92 
2906072,57 65 
2906086,14 103 
2906086,14 101 
2906613,73 100 
2906613,73 5
2906613,73 2150
2906613,73 11
2908592,35 25 
2909019,2 75 
2910226,31 72 
2910298,45 70 
2911828,58 80 
2913243,34 83 
2913502,87 64 260
2913713,35 74 190
2913713,35 62 190
2914724,88 150 
2914751,27 68 
2915661,6 92 
2915661,6 65 
2915682,02 103 
2915682,02 101 
2916209,39 100 
2916209,39 5
2916209,39 2150
2916209,39 11
2918188,28 25 
2919108,28 75 
2920317,42 72 
2920387,41 70 
2921912,82 80 
2922279,51 83 
2923229,88 64 951
2923414,17 74 162
2923414,17 62 162
2924924,4 150 
2924946,91 68 
2926456,5 92 
2926456,5 65 
2926477,4 103 
2926477,4 101 
2927010,58 100 
2927010,58 5
2927010,58 2150
2927010,58 10
2928997,16 25 
2929597,14 75 
2930805,27 72 
2930876,31 70 
2932410,43 80 
2933488,11 83 
2933919,62 64 432
2934129,73 74 189
2934129,73 63 189
2934641,47 150 
2934662,34 68 
2935372,94 92 
2935372,94 65 
2935393,6 103 
2935393,6 101 
2935920,5 100 
2935920,5 5
2935920,5 2150
2935920,5 10
2937913,29 25 
2939432,97 75 
2940641,21 72 
2940712,22 70 
2942235,71 80 
2942604,2 83 
2943534,6 64 930
2943719,13 74 169
2943719,13 62 169
2944729,71 151 
2944752 69 
2945924,43 249 
2946504,01 182 
2946760,16 93 
2946775,43 103 
2946775,43 101 
2948802,52 100 
2948802,52 5
2948802,52 2150
2948802,52 11
2950787,8 25 
2950814,93 75 
2952022,79 72 
2952094,02 70 
2953615,98 80 
2954985,63 83 
2955391,62 64 406
2955585,2 74 174
2955585,2 62 174
2957095,63 150 
2957118,72 68 
2958026,56 92 
2958026,56 65 
2958050,64 103 
2958050,64 101 
2958585,9 100 
2958585,9 5
2958585,9 2150
2958585,9 10
2960570,33 25 
2960850,52 75 
2962058,75 72 
2962129,67 70 
2963653,35 80 
2964021,86 83 
2965124,24 64 1103
2965347,97 74 207
2965347,97 63 207
2965857,27 150 
2965875,89 68 
2967887,16 92 
2967887,16 65 
2967913,21 103 
2967913,21 101 
2968439,84 100 
2968439,84 5
2968439,84 2150
2968439,84 10
2970419,4 25 
2972752,17 75 
2973959,76 72 
2974031,32 70 
2975556,06 80 
2976629,74 83 
2976983,2 64 354
2977187,5 74 185
2977187,5 61 185
2978195,21 151 
2978217,52 69 
2979726,9 93 
2979748,16 103 
2979748,16 101 
2981774,11 100 
2981774,11 5
2981774,11 2150
2981774,11 11
2983760,39 25 
2983787,62 75 
2984994,39 72 
2985066,58 70 
2986590,09 80 
2987958,25 83 
2988535,2 64 577
2988721,82 74 165
2988721,82 62 165
2990231,15 150 
2990252,43 68 
2990965,06 92 
2990965,06 65 
2990983,33 103 
2990983,33 101 
2991521,84 100 
2991521,84 5
2991521,84 2150
2991521,84 10
2993503,03 25 
2993889,83 75 
2995098,78 72 
2995169,01 70 
2996690,69 80 
2997754,18 83 
2998663,08 64 909
2998707,24 256 
2999080,05 74 394
2999080,05 61 394
2999589,12 151 
2999607,9 69 
2999878,86 249 
3001616,1 93 
3001632,14 103 
3001632,14 101 
3003658,34 100 
3003658,34 5
3003658,34 2150
3003658,34 10
3005644,42 25 
3005672,16 75 
3006879,52 72 
3006950,63 70 
3008478,46 80 
3009842,31 83 
3010589,78 64 748
3010780,11 74 179
3010780,11 62 179
3012291,84 151 
3012308,99 69 
3013218,15 93 
3013240,55 103 
3013240,55 101 
3015266,44 100 
3015266,44 5
3015266,44 2150
3015266,44 11
3017252,83 25 
3017280,04 75 
3018489,47 72 
3018745,68 70 
3020286,19 80 
3020651,01 83 
3021923,06 64 1273
3022167,59 74 224
3022167,59 61 224
3023180,31 151 
3023198,16 69 
3024017,89 249 
3024705,89 93 
3024715,66 103 
3024715,66 101 
3026748,08 100 
3026748,08 5
3026748,08 2150
3026748,08 11
3028728,01 25 
3028755,17 75 
3029962,65 72 
3030034,15 70 
3031561,35 80 
3032619,27 83 
3033345,19 64 726
3033571,79 74 207
3033571,79 62 207
3034583,47 150 
3034606,94 68 
3035314,02 92 
3035314,02 65 
3035337,81 103 
3035337,81 101 
3035865,97 100 
3035865,97 5
3035865,97 2150
3035865,97 10
3037844,24 25 
3039163,92 75 
3040370,91 72 
3040443,08 70 
3041963,93 80 
3042335,18 83 
3044495,67 64 2160
3044713,41 74 193
3044713,41 62 193
3045223,37 151 
3045241,75 69 
3045951,02 93 
3045973,28 103 
3045973,28 101 
3048000,46 100 
3048000,46 5
3048000,46 2150
3048000,46 10
3049985,57 25 
3050026,13 75 
3051231,96 72 
3051305,17 70 
3052838,78 80 
3054223,44 83 
3054859,96 64 637
3055098,39 74 222
3055098,39 63 222
3056609,07 150 
3056638,61 68 
3058145,31 92 
3058145,31 65 
3058168,11 103 
3058168,11 101 
3058700,38 100 
3058700,38 5
3058700,38 2150
3058700,38 11
3060674,58 25 
3061501,23 75 
3062709,6 72 
3062780,25 70 
3064305,79 80 
3064672,33 83 
3065667,64 64 995
3065899,01 74 214
3065899,01 63 214
3066407,34 153 
3066433,42 68 
3068442,11 92 
3068442,11 65 
3068457,05 103 
3068457,05 101 
3068984,05 100 
3068984,05 5
3068984,05 2150
3068984,05 11
3070963,33 25 
3072789,58 75 
3073996,17 72 
3074068,87 70 
3075591,68 80 
3076960,46 83 
3077243,26 64 283
3077449,06 74 183
3077449,06 62 183
3078460,14 150 
3078480,86 68 
3079389,41 92 
3079389,41 65 
3079412,4 103 
3079412,4 101 
3079941,16 100 
3079941,16 5
3079941,16 2150
3079941,16 11
3081918,68 25 
3082252,22 75 
3083459,83 72 
3083531,47 70 
3085063,53 80 
3086129,85 83 
3086615,43 64 486
3086840 74 204
3086840 62 204
3088353,58 150 
3088370,59 68 
3089079,37 92 
3089079,37 65 
3089101,62 103 
3089101,62 101 
3089633,77 100 
3089633,77 5
3089633,77 2150
3089633,77 10
3091621,23 25 
3091914,76 75 
3093123,14 72 
3093194,01 70 
3094715,12 80 
3096085,64 83 
3098181,98 64 2097
3098418,73 74 214
3098418,73 61 214
3099425,93 151 
3099446 69 
3101458,28 93 
3101469,75 103 
3101469,75 101 
3103497,46 100 
3103497,46 5
3103497,46 2150
3103497,46 11
3105481,99 25 
3107454,85 75 
3108665,61 72 
3108734,04 70 
3110259,04 80 
3110626,16 83 
3111525,48 64 899
3111699,69 74 155
3111699,69 62 155
3113208,03 150 
3113226,88 68 
3114136,3 92 
3114136,3 65 
3114157,78 103 
3114157,78 101 
3114685,06 100 
3114685,06 5
3114685,06 2150
3114685,06 10
3116663,94 25 
3117370,64 75 
3118580,04 72 
3118665,05 70 
3120186,4 80 
3121261,61 83 
3121945,06 64 684
3122271,02 74 304
3122271,02 61 304
3122780,27 151 
3122809,48 69 
3124046,49 249 
3124210,23 181 
3124320,42 93 
3124339,97 103 
3124339,97 101 
3126377,44 100 
3126377,44 5
3126377,44 2150
3126377,44 10
3128352,27 25 
3138353,43 254 
3138360,83 101 
3140373,18 100 
3140373,18 5
3140373,18 2150
3140373,18 10
3140373,18 25 
3140401,09 75 
3141607,35 72 
3141680,03 70 
3143199,97 80 
3143558,79 83 
3145501,01 64 1943
3145679,76 74 163
3145679,76 62 163
3147187,74 153 
3147212,4 68 
3148122,14 92 
3148122,14 65 
3148143,23 103 
3148143,23 101 
3148669,51 100 
3148669,51 5
3148669,51 2150
3148669,51 11
3150649,51 25 
3152689 75 
3153898,63 72 
3153969,82 70 
3155490,81 80 
3156563,08 250 
3156579,58 101 
3158592,74 100 
3158592,74 5
3158592,74 2150
3158592,74 11
3158592,74 25 
3158726,38 75 
3159934,38 72 
3160005,59 70 
3161528,8 80 
3162897,32 83 
3163261,26 64 364
3163479,44 74 196
3163479,44 61 196
3163988,1 151 
3164018,56 69 
3164724,97 93 
3164736,14 103 
3164736,14 101 
3166763,78 100 
3166763,78 5
3166763,78 2150
3166763,78 11
3168748,44 25 
3168789,13 75 
3169994,96 72 
3170068,05 70 
3171595,24 80 
3172666,41 83 
3173512,89 64 847
3173778,43 74 246
3173778,43 61 246
3174790,54 151 
3174814,07 69 
3176325,06 93 
3176344,58 103 
3176344,58 101 
3178378,7 100 
3178378,7 5
3178378,7 2150
3178378,7 10
3180356,85 25 
3180384,41 75 
3181590,89 72 
3181663,05 70 
3183189,46 80 
3184554,76 83 
3184995,75 64 442
3185162,75 74 156
3185162,75 62 156
3185672,59 151 
3185702,71 69 
3187714,11 93 
3187726,35 103 
3187726,35 101 
3189752,25 100 
3189752,25 5
3189752,25 2150
3189752,25 10
3191738,66 25 
3191766,16 75 
3192974,92 72 
3193044,9 70 
3194560,49 80 
3194923,62 83 
3196198,74 64 1276
3196440,15 74 224
3196440,15 61 224
3197449,92 151 
3197471,16 69 
3199070,86 249 
3199479,97 93 
3199494,74 103 
3199494,74 101 
3201522,2 100 
3201522,2 5
3201522,2 2150
3201522,2 11
3203507 25 
3203534,32 75 
3204743,1 72 
3204813,22 70 
3206334 80 
3207411,68 83 
3207882,41 64 471
3208068,37 74 164
3208068,37 62 164
3209580,36 150 
3209599,42 68 
3210308,21 92 
3210308,21 65 
3210330,17 103 
3210330,17 101 
3210862,34 100 
3210862,34 5
3210862,34 2150
3210862,34 11
3212836,38 25 
3213969,54 75 
3215177,81 72 
3215248,94 70 
3215750,43 250 
3215767,72 101 
3217780,94 100 
3217780,94 5
3217780,94 2150
3217780,94 11
3217780,94 25 
3217809,27 75 
3219015,9 72 
3219033 70 
3220240,75 80 
3221952,14 83 
3222367,94 64 416
3222561,5 74 170
3222561,5 62 170
3224069,15 150 
3224099,46 68 
3225007,1 92 
3225007,1 65 
3225030,53 103 
3225030,53 101 
3225556,47 100 
3225556,47 5
3225556,47 2150
3225556,47 10
3227536,79 25 
3229189,75 75 
3230396,75 72 
3230468,98 70 
3231995,46 80 
3232361,11 83 
3233617,15 64 1257
3233902,3 74 262
3233902,3 61 262
3234412,21 151 
3234441,3 69 
3235948,34 93 
3235959,17 103 
3235959,17 101 
3237988,23 100 
3237988,23 5
3237988,23 2150
3237988,23 11
3239971,58 25 
3239998,86 75 
3241205,22 72 
3241277,71 70 
3242803,78 80 
3243862,89 83 
3245243,02 64 1381
3245521,13 74 259
3245521,13 61 259
3246530,79 151 
3246556,8 69 
3247467,71 93 
3247487,64 103 
3247487,64 101 
3249520,11 100 
3249520,11 5
3249520,11 2150
3249520,11 10
3251499,93 25 
3251527,19 75 
3252735,13 72 
3252806,16 70 
3254324,82 80 
3254698,23 83 
3260575,03 64 5877
3260849,21 256 
3260937,7 74 349
3260937,7 63 349
3261947,52 150 
3261976,95 68 
3263486,02 92 
3263486,02 65 
3263507,51 103 
3263507,51 101 
3264033,85 100 
3264033,85 5
3264033,85 2150
3264033,85 11
3266013,76 25 
3266733,85 75 
3267307,44 250 
3267318,75 101 
3269319,23 100 
3269319,23 5
3269319,23 2150
3269319,23 11
3269319,23 25 
3279320,72 254 
3279340,7 101 
3281353,2 100 
3281353,2 5
3281353,2 2150
3281353,2 11
3281353,2 25 
3291353,25 254 
3291362,22 101 
3293374,75 100 
3293374,75 5
3293374,75 2150
3293374,75 11
3293374,75 25 
3303376,65 254 
3303383,92 101 
3305396,29 100 
3305396,29 5
3305396,29 2150
3305396,29 11
3305396,29 25 
3315397,58 254 
3315405,38 101 
3317404,64 100 
3317404,64 5
3317404,64 2150
3317404,64 11
3317404,64 25 
3327405,77 254 
3327413,59 101 
3329426,08 100 
3329426,08 5
3329426,08 2150
3329426,08 11
3329426,08 25 
3339427,43 254 
3339435,12 101 
3341434,54 100 
3341434,54 5
3341434,54 2150
3341434,54 11
3341434,54 25 
3351435,31 254 
3351443,34 101 
3353455,86 100 
3353455,86 5
3353455,86 2150
3353455,86 11
3353455,86 25 
3363457,12 254 
3363464,91 101 
3365477,44 100 
3365477,44 5
3365477,44 2150
3365477,44 11
3365477,44 25 
3375479,21 254 
3375499,82 101 
3377512,28 100 
3377512,28 5
3377512,28 2150
3377512,28 11
3377512,28 25 
3387515,89 254 
3387534,69 101 
3389547,19 100 
3389547,19 5
3389547,19 2150
3389547,19 11
3389547,19 25 
3399547,71 254 
3399556,4 101 
3401568,75 100 
3401568,75 5
3401568,75 2150
3401568,75 11
3401568,75 25 
3411570,72 254 
3411577,92 101 
3413590,32 100 
3413590,32 5
3413590,32 2150
3413590,32 11
3413590,32 25 
3423591,9 254 
3423612,69 101 
3425625,18 100 
3425625,18 5
3425625,18 2150
3425625,18 11
3425625,18 25 
3435627,61 254 
3435647,56 101 
3437660,08 100 
3437660,08 5
3437660,08 2150
3437660,08 11
3437660,08 25 
3447660,37 254 
3447669,19 101 
3449681,65 100 
3449681,65 5
3449681,65 2150
3449681,65 11
3449681,65 25 
3459683,78 254 
3459690,83 101 
3461703,25 100 
3461703,25 5
3461703,25 2150
3461703,25 11
3461703,25 25 
3471704,09 254 
3471712,28 101 
3473724,75 100 
3473724,75 5
3473724,75 2150
3473724,75 11
3473724,75 25 
3483729,54 254 
3483747,14 101 
3485759,62 100 
3485759,62 5
3485759,62 2150
3485759,62 11
3485759,62 25 
3495763,07 254 
3495782,11 101 
3497794,54 100 
3497794,54 5
3497794,54 2150
3497794,54 11
3497794,54 25 
3507796,29 254 
3507803,76 101 
3509816,08 100 
3509816,08 5
3509816,08 2150
3509816,08 11
3509816,08 25 
3519818,45 254 
3519838,47 101 
3521837,72 100 
3521837,72 5
3521837,72 2150
3521837,72 11
3521837,72 25 
3531839,19 254 
3531846,78 101 
3533859,22 100 
3533859,22 5
3533859,22 2150
3533859,22 11
3533859,22 25 
3543860,09 254 
3543868,31 101 
3545867,6 100 
3545867,6 5
3545867,6 2150
3545867,6 11
3545867,6 25 
3555868,65 254 
3555889,84 101 
3557902,3 100 
3557902,3 5
3557902,3 2150
3557902,3 11
3557902,3 25 
3567904,13 254 
3567911,36 101 
3569923,87 100 
3569923,87 5
3569923,87 2150
3569923,87 11
3569923,87 25 
3579925,66 254 
3579946,25 101 
3581958,77 100 
3581958,77 5
3581958,77 2150
3581958,77 11
3581958,77 25 
3591958,98 254 
3591967,83 101 
3593980,32 100 
3593980,32 5
3593980,32 2150
3593980,32 11
3593980,32 25 
3603980,83 254 
3603989,45 101 
3606001,87 100 
3606001,87 5
3606001,87 2150
3606001,87 11
3606001,87 25 
3616004,3 254 
3616024,25 101 
3618036,75 100 
3618036,75 5
3618036,75 2150
3618036,75 11
3618036,75 25 
3628037,56 254 
3628045,83 101 
3630058,32 100 
3630058,32 5
3630058,32 2150
3630058,32 11
3630058,32 25 
3640059,27 254 
3640067,4 101 
3642079,88 100 
3642079,88 5
3642079,88 2150
3642079,88 11
3642079,88 25 
3652080,34 254 
3652088,93 101 
3654101,43 100 
3654101,43 5
3654101,43 2150
3654101,43 11
3654101,43 25 
3664104,22 254 
3664123,82 101 
3666136,3 100 
3666136,3 5
3666136,3 2150
3666136,3 11
3666136,3 25 
3676139,34 254 
3676158,69 101 
3678171,2 100 
3678171,2 5
3678171,2 2150
3678171,2 11
3678171,2 25 
3688171,53 254 
3688180,26 101 
3690192,76 100 
3690192,76 5
3690192,76 2150
3690192,76 11
3690192,76 25 
3700194,62 254 
3700201,81 101 
3702214,33 100 
3702214,33 5
3702214,33 2150
3702214,33 11
3702214,33 25 
3712215,73 254 
3712223,37 101 
3714222,78 100 
3714222,78 5
3714222,78 2150
3714222,78 11
3714222,78 25 
3724227,6 254 
3724244,94 101 
3726257,43 100 
3726257,43 5
3726257,43 2150
3726257,43 11
3726257,43 25 
3736258,13 254 
3736266,51 101 
3738278,97 100 
3738278,97 5
3738278,97 2150
3738278,97 11
3738278,97 25 
3748280,46 254 
3748288,07 101 
3750300,56 100 
3750300,56 5
3750300,56 2150
3750300,56 11
3750300,56 25 
3760301,55 254 
3760309,86 101 
3762322,1 100 
3762322,1 5
3762322,1 2150
3762322,1 11
3762322,1 25 
3772324,79 254 
3772331,35 101 
3774343,67 100 
3774343,67 5
3774343,67 2150
3774343,67 11
3774343,67 25 
3784343,72 254 
3784352,78 101 
3786365,24 100 
3786365,24 5
3786365,24 2150
3786365,24 11
3786365,24 25 
3796366,83 254 
3796374,41 101 
3798386,77 100 
3798386,77 5
3798386,77 2150
3798386,77 11
3798386,77 25 
3808387,03 254 
3808395,84 101 
3810408,34 100 
3810408,34 5
3810408,34 2150
3810408,34 11
3810408,34 25 
3820408,76 254 
3820417,41 101 
3822416,67 100 
3822416,67 5
3822416,67 2150
3822416,67 11
3822416,67 25 
3832419,38 254 
3832438,95 101 
3834451,43 100 
3834451,43 5
3834451,43 2150
3834451,43 11
3834451,43 25 
3844454,77 254 
3844473,83 101 
3846486,35 100 
3846486,35 5
3846486,35 2150
3846486,35 11
3846486,35 25 
3856489,91 254 
3856508,73 101 
3858508,13 100 
3858508,13 5
3858508,13 2150
3858508,13 11
3858508,13 25 
3868510,44 254 
3868530,33 101 
3870542,81 100 
3870542,81 5
3870542,81 2150
3870542,81 11
3870542,81 25 
3880542,98 254 
3880551,86 101 
3882564,32 100 
3882564,32 5
3882564,32 2150
3882564,32 11
3882564,32 25 
3892564,34 254 
3892573,41 101 
3894572,61 100 
3894572,61 5
3894572,61 2150
3894572,61 11
3894572,61 25 
3897918,16 75 
3899126,89 72 
3899437,98 70 
3901061,98 80 
3902422,96 83 
3903644,57 64 1222
3903833,05 74 171
3903833,05 62 171
3904342,05 150 
3904369,5 68 
3905078,17 92 
3905078,17 65 
3905101,6 103 
3905101,6 101 
3905628,38 100 
3905628,38 5
3905628,38 2150
3905628,38 10
3907607,77 25 
3908274,55 75 
3909479,99 72 
3909553,71 70 
3911072,97 80 
3912125,59 83 
3912973,02 64 848
3913267,41 74 276
3913267,41 61 276
3914777,14 151 
3914806,24 69 
3916815,39 93 
3916829,82 103 
3916829,82 101 
3918867,64 100 
3918867,64 5
3918867,64 2150
3918867,64 11
3920842,17 25 
3920869,6 75 
3922076,82 72 
3922148,35 70 
3923672,89 80 
3924040,44 83 
3925577,83 64 1538
3925770,68 74 171
3925770,68 62 171
3926281,88 150 
3926307,24 68 
3928314,19 92 
3928314,19 65 
3928331,64 103 
3928331,64 101 
3928857,85 100 
3928857,85 5
3928857,85 2150
3928857,85 10
3930837,95 25 
3931451,3 75 
3932659,52 72 
3932730,53 70 
3934255,27 80 
3935622,18 83 
3936279,08 64 657
3936481,41 74 180
3936481,41 63 180
3937993,4 150 
3938022,95 68 
3938731,34 92 
3938731,34 65 
3938753,85 103 
3938753,85 101 
3939279,93 100 
3939279,93 5
3939279,93 2150
3939279,93 11
3941260,13 25 
3947684,42 75 
3948893,07 72 
3948963,63 70 
3950486,42 80 
3951548,91 83 
3952321,75 64 774
3952506,96 74 172
3952506,96 62 172
3953514,83 150 
3953536,49 68 
3955045,78 92 
3955045,78 65 
3955066,94 103 
3955066,94 101 
3955602 100 
3955602 5
3955602 2150
3955602 10
3957586,53 25 
3958333,22 75 
3959540,63 72 
3959612,45 70 
3961133,61 80 
3961504,65 83 
3962481,15 64 977
3962705,82 74 203
3962705,82 63 203
3964213,95 150 
3964238,64 68 
3965145,97 92 
3965145,97 65 
3965169,29 103 
3965169,29 101 
3965697,66 100 
3965697,66 5
3965697,66 2150
3965697,66 11
3967675,57 25 
3968035,78 75 
3969243,58 72 
3969315,01 70 
3970839,91 80 
3972206,9 83 
3973021,82 64 816
3973196,97 74 151
3973196,97 63 151
3974206,45 151 
3974234,48 69 
3975745,12 93 
3975764,78 103 
3975764,78 101 
3977791,51 100 
3977791,51 5
3977791,51 2150
3977791,51 10
3979777,11 25 
3979805,1 75 
3981011,34 72 
3981083,31 70 
3982601,05 80 
3983668,47 83 
3984490,4 64 822
3984686,62 74 179
3984686,62 63 179
3985196,8 152 
3985216,36 69 
3986122,79 93 
3986133,83 103 
3986133,83 101 
3988168,71 100 
3988168,71 5
3988168,71 2150
3988168,71 11
3990146,17 25 
3990173,99 75 
3991383,53 72 
3991452,24 70 
3992972,69 80 
3993344,68 83 
3995905,39 64 2561
3996090,62 74 161
3996090,62 62 161
3997599,86 150 
3997624,27 68 
3998335,7 92 
3998335,7 65 
3998355,21 103 
3998355,21 101 
3998881,22 100 
3998881,22 5
3998881,22 2150
3998881,22 11
4000861,49 25 
4001528,22 75 
4001534,15 250 
4001553,59 101 
4003553,83 100 
4003553,83 5
4003553,83 2150
4003553,83 11
4003553,83 25 
4003580,57 75 
4004787,19 72 
4005086,43 70 
4006710,96 80 
4007778,17 83 
4008553,4 64 775
4008749,38 74 172
4008749,38 62 172
4009255,95 152 
4009286,15 69 
4011295,78 93 
4011309,69 103 
4011309,69 101 
4013337,05 100 
4013337,05 5
4013337,05 2150
4013337,05 10
4015321,97 25 
4015349,22 75 
4016558,69 72 
4016628,18 70 
4018148,71 80 
4019533,18 83 
4019592,29 64 59
4019623,99 256 
4019823,8 74 211
4019823,8 62 211
4020831,38 151 
4020853,83 69 
4021894,84 249 
4022364,58 93 
4022384,98 103 
4022384,98 101 
4024419,93 100 
4024419,93 5
4024419,93 2150
4024419,93 11
4026397,32 25 
4026425 75 
4027633,39 72 
4027703,57 70 
4029226,12 80 
4030301,93 83 
4034639,12 64 4338
4034819,67 74 160
4034819,67 62 160
4035830,74 150 
4035848,19 68 
4037855,75 92 
4037855,75 65 
4037871,72 103 
4037871,72 101 
4038398,11 100 
4038398,11 5
4038398,11 2150
4038398,11 10
4040378,02 25 
4041111,36 75 
4042318,17 72 
4042390,61 70 
4043910,57 80 
4044282,66 83 
4045216,3 64 934
4045412,81 74 185
4045412,81 63 185
4045923,99 150 
4045950,44 68 
4046857,98 92 
4046857,98 65 
4046881,28 103 
4046881,28 101 
4047407,19 100 
4047407,19 5
4047407,19 2150
4047407,19 10
4049387,51 25 
4050107,55 75 
4051316,13 72 
4051386,82 70 
4052906,84 80 
4054278,61 83 
4054802,1 64 524
4055044,57 74 220
4055044,57 63 220
4056556,44 150 
4056585,98 68 
4057296,93 92 
4057296,93 65 
4057316,81 103 
4057316,81 101 
4057853,99 100 
4057853,99 5
4057853,99 2150
4057853,99 10
4059836,41 25 
4060503,18 75 
4061710,71 72 
4061782,36 70 
4063303,64 80 
4064367,69 83 
4066840,76 64 2474
4067032,43 74 173
4067032,43 63 173
4068543,58 150 
4068567,54 68 
4069100,14 249
4069477,52 92 
4069477,52 65 
4069498,27 103 
4069498,27 101 
4070024,57 100 
4070024,57 5
4070024,57 2150
4070024,57 10
4072017,98 25 
4073551,05 75 
4074761,31 72 
4074830,12 70 
4076351,45 80 
4076722,23 83 
4077582,11 64 860
4077794,62 74 193
4077794,62 63 193
4078803,48 150 
4078829,05 68 
4080839,76 92 
4080839,76 65 
4080853,49 103 
4080853,49 101 
4081381,69 100 
4081381,69 5
4081381,69 2150
4081381,69 11
4083359,89 25 
4083906,59 75 
4085113,82 72 
4085185,73 70 
4086707,49 80 
4088077,43 83 
4092307,13 64 4230
4092480,51 74 152
4092480,51 62 152
4092989,33 150 
4093009,73 68 
4094521,43 92 
4094521,43 65 
4094541,01 103 
4094541,01 101 
4095073,01 100 
4095073,01 5
4095073,01 2150
4095073,01 11
4097047,24 25 
4097660,69 75 
4098870 72 
4098939,94 70 
4100467,59 80 
4100832,08 83 
4101633,3 64 802
4101828,06 74 170
4101828,06 62 170
4102836,63 150 
4102859,8 68 
4103571,15 92 
4103571,15 65 
4103590,49 103 
4103590,49 101 
4104119,43 100 
4104119,43 5
4104119,43 2150
4104119,43 10
4106096,78 25 
4106416,96 75 
4107625,97 72 
4107936,12 70 
4109563,45 80 
4110934,34 83 
4111371,36 64 437
4111601,24 74 214
4111601,24 63 214
4113112,13 150 
4113134,09 68 
4114472,67 249
4115143,8 92 
4115143,8 65 
4115158,89 103 
4115158,89 101 
4115685,63 100 
4115685,63 5
4115685,63 2150
4115685,63 10
4117665,21 25 
4118558,53 75 
4119765,67 72 
4119837,66 70 
4121357,89 80 
4122436,1 83 
4125057,26 64 2622
4125208,64 74 134
4125208,64 62 134
4125720,54 151 
4125742,46 69 
4126652,58 93 
4126673,98 103 
4126673,98 101 
4128707,07 100 
4128707,07 5
4128707,07 2150
4128707,07 11
4130686,31 25 
4130846,56 75 
4132056 72 
4132125,77 70 
4133645,5 80 
4134710,91 83 
4135586,76 64 877
4135729,76 74 127
4135729,76 62 127
4136239,71 150 
4136258,01 68 
4136965,82 92 
4136965,82 65 
4136989,66 103 
4136989,66 101 
4137516,43 100 
4137516,43 5
4137516,43 2150
4137516,43 10
4139495,94 25 
4140695,77 75 
4141902,76 72 
4141974,94 70 
4143506,47 80 
4143866,99 83 
4144627,66 64 761
4144900,97 74 248
4144900,97 63 248
4145912,25 150 
4145934,39 68 
4147444,41 92 
4147444,41 65 
4147465,14 103 
4147465,14 101 
4147991,75 100 
4147991,75 5
4147991,75 2150
4147991,75 10
4149971,4 25 
4150385,09 75 
4151594,29 72 
4151664,14 70 
4153193,81 80 
4154555,87 83 
4154888,46 64 333
4155104,46 74 189
4155104,46 62 189
4156615,18 151 
4156635,96 69 
4157547,53 93 
4157567,58 103 
4157567,58 101 
4159601,28 100 
4159601,28 5
4159601,28 2150
4159601,28 10
4161579,82 25 
4161607,02 75 
4162814,64 72 
4162886,05 70 
4164409,2 80 
4164778,37 83 
4165587,25 64 809
4165822,19 74 218
4165822,19 62 218
4167333,22 151 
4167351,89 69 
4168058,97 93 
4168069,74 103 
4168069,74 101 
4170096,61 100 
4170096,61 5
4170096,61 2150
4170096,61 11
4172082,07 25 
4172095,78 75 
4173302,67 72 
4173375,02 70 
4174896,18 80 
4176266,59 83 
4176699,24 64 433
4176888,37 74 169
4176888,37 62 169
4177399,25 150 
4177427,52 68 
4179437,65 92 
4179437,65 65 
4179451,69 103 
4179451,69 101 
4179977,81 100 
4179977,81 5
4179977,81 2150
4179977,81 11
4181957,84 25 
4182344,71 75 
4183552,64 72 
4183623,97 70 
4185140,78 80 
4186209 83 
4186670,85 64 463
4186849,27 74 161
4186849,27 62 161
4187856,76 150 
4187876,06 68 
4189386,08 92 
4189386,08 65 
4189407,39 103 
4189407,39 101 
4189942,64 100 
4189942,64 5
4189942,64 2150
4189942,64 11
4191926,91 25 
4192447,09 75 
4193654,42 72 
4193726,26 70 
4195247,84 80 
4196618,02 83 
4197045,54 64 428
4197221,5 74 164
4197221,5 62 164
4197729,92 152 
4197751,85 69 
4199258,95 93 
4199269,79 103 
4199269,79 101 
4201295,86 100 
4201295,86 5
4201295,86 2150
4201295,86 11
4203282,09 25 
4203309,45 75 
4204515,79 72 
4204588,29 70 
4206110,99 80 
4206480,43 83 
4211458,26 64 4978
4211637,8 74 160
4211637,8 62 160
4213148,36 150 
4213172,78 68 
4213882,59 92 
4213882,59 65 
4213903,57 103 
4213903,57 101 
4216475,14 102 
