65,82 100 
65,82 2
65,82 2151
65,82 11
2027,33 25 
2571,88 75 
3782,7 72 
4090,98 70 
5710,55 80 
7076,68 83 
7429,47 64 353
7527,67 256 
7799,06 74 334
7799,06 61 334
8825,06 151 
8862,99 69 
9574,32 93 
9597,7 103 
9597,7 101 
11621,81 100 
11621,81 2
11621,81 2151
11621,81 11
13607,76 25 
13635,02 75 
14843,87 72 
14913,94 70 
16436,01 80 
17499,21 83 
18480,14 64 982
18757,79 74 245
18757,79 63 245
20283,59 150 
20311,56 68 
20711,29 249
21223,54 92 
21223,54 65 
21257,08 103 
21257,08 101 
21784,08 100 
21784,08 2
21784,08 2151
21784,08 10
23763,43 25 
24110,36 75 
25324,14 72 
25389,5 70 
26913,43 80 
27281,58 83 
28274,95 64 994
28464,97 74 171
28464,97 61 171
28992,84 150 
29015,32 68 
30536,38 92 
30536,38 65 
30573,11 103 
30573,11 101 
31107,38 100 
31107,38 2
31107,38 2151
31107,38 11
33092,81 25 
33519,68 75 
34733,5 72 
34798,87 70 
36323,15 80 
37690,49 83 
38786,92 64 1097
38963,47 74 153
38963,47 62 153
39984,9 151 
40023,95 69 
42035,9 93 
42061,58 103 
42061,58 101 
44088,69 100 
44088,69 2
44088,69 2151
44088,69 10
46073,99 25 
46102,08 75 
47313,24 72 
47380,15 70 
48905,63 80 
49978,62 83 
50513,87 64 536
50774,2 74 236
50774,2 61 236
52299,31 150 
52325,42 68 
53844,89 92 
53844,89 65 
53883,2 103 
53883,2 101 
54410 100 
54410 2
54410 2151
54410 10
56389,54 25 
56416,87 75 
57633,36 72 
57709,1 70 
59236,7 80 
59614,52 83 
60705,87 64 1092
60965,62 74 232
60965,62 61 232
61491,56 152 
61523,08 69 
62435,33 93 
62466,24 103 
62466,24 101 
64498,47 100 
64498,47 2
64498,47 2151
64498,47 11
66478,62 25 
66505,84 75 
67722,66 72 
67798,12 70 
69320,63 80 
69690,32 83 
71273,99 64 1585
71483,14 74 194
71483,14 63 194
72502,02 150 
72530,16 68 
72895,04 249
74540,89 92 
74540,89 65 
74567,79 103 
74567,79 101 
75093,77 100 
75093,77 2
75093,77 2151
75093,77 11
77074,08 25 
77115,31 75 
78333,72 72 
78407,06 70 
79934,88 80 
81018,71 83 
81503,64 64 485
81674,71 74 150
81674,71 62 150
82201,78 151 
82232,67 69 
82945,94 93 
82964,22 103 
82964,22 101 
84993,89 100 
84993,89 2
84993,89 2151
84993,89 10
86976,63 25 
87003,81 75 
88213,27 72 
88282,78 70 
89800,73 80 
91174,44 83 
91503,75 64 329
91711,84 74 192
91711,84 61 192
93231,22 150 
93254,63 68 
93766,17 249
95271,31 92 
95271,31 65 
95292,45 103 
95292,45 101 
95825,21 100 
95825,21 2
95825,21 2151
95825,21 10
97811,91 25 
97839,27 75 
99053,35 72 
99118,14 70 
100643,2 80 
102023,12 83 
102536,59 64 514
102791,83 74 236
102791,83 61 236
103812,39 150 
103837,8 68 
105350,83 92 
105350,83 65 
105381,36 103 
105381,36 101 
105908,48 100 
105908,48 2
105908,48 2151
105908,48 10
107887,76 25 
107994,58 75 
109212,08 72 
109513,71 70 
111127,98 80 
111499,1 83 
112871,99 64 1374
113062,97 74 165
113062,97 61 165
113591 150 
113619,38 68 
113802,4 249
114335,11 92 
114335,11 65 
114364,22 103 
114364,22 101 
114890,44 100 
114890,44 2
114890,44 2151
114890,44 11
116870,54 25 
117110,76 75 
118321,41 72 
118389,94 70 
119913,51 80 
120988,42 83 
121535,58 64 547
121693,91 74 133
121693,91 62 133
123218,96 153 
123241,86 68 
124151,15 92 
124151,15 65 
124173,39 103 
124173,39 101 
124711,11 100 
124711,11 2
124711,11 2151
124711,11 11
126693,04 25 
126959,88 75 
128169,99 72 
128239,13 70 
129758,98 80 
130131,23 83 
131085,91 64 955
131313,24 74 196
131313,24 61 196
132842,4 151 
132865,27 69 
134885,08 93 
134902,37 103 
134902,37 101 
136929,32 100 
136929,32 2
136929,32 2151
136929,32 10
138914,44 25 
138941,51 75 
140151,35 72 
140222,31 70 
141738,35 80 
143112,37 83 
143379,83 64 267
143620,28 74 215
143620,28 61 215
144137,4 150 
144167,2 68 
144883,51 92 
144883,51 65 
144924,54 103 
144924,54 101 
145451,26 100 
145451,26 2
145451,26 2151
145451,26 11
147431,72 25 
147711,08 75 
148920,85 72 
148990,28 70 
150510,1 80 
151575,51 83 
152401,21 64 826
152631,9 74 204
152631,9 63 204
153647,39 150 
153670,04 68 
154271,33 249
154584,23 92 
154584,23 65 
154613,8 103 
154613,8 101 
155148,99 100 
155148,99 2
155148,99 2151
155148,99 10
157133,38 25 
157321,37 75 
158532,95 72 
158599,57 70 
160119,05 80 
161184,75 83 
161633,85 64 450
161834,16 74 170
161834,16 61 170
162859,93 150 
162891,68 68 
163402,64 249
164401,13 92 
164401,13 65 
164436,25 103 
164436,25 101 
164962,33 100 
164962,33 2
164962,33 2151
164962,33 10
166942,56 25 
166983,29 75 
168201,07 72 
168275,49 70 
169801,3 80 
170167,57 83 
171304,11 64 1137
171491,95 74 166
171491,95 61 166
172021,4 150 
172047,89 68 
173560,3 92 
173560,3 65 
173592,39 103 
173592,39 101 
174119,64 100 
174119,64 2
174119,64 2151
174119,64 11
176098,64 25 
176325,77 75 
177541,39 72 
177618,13 70 
179144,54 80 
180523,18 83 
181162,39 64 640
181401,72 74 226
181401,72 63 226
182930,2 150 
182950,7 68 
183445,79 249
184961,42 92 
184961,42 65 
185000,84 103 
185000,84 101 
185533,92 100 
185533,92 2
185533,92 2151
185533,92 10
187520,53 25 
187547,52 75 
188760,78 72 
188826,72 70 
190348,09 80 
191425,23 83 
192207,73 64 783
192494,75 74 257
192494,75 61 257
193019,22 150 
193052,36 68 
193692,83 249
193969,84 92 
193969,84 65 
193997,06 103 
193997,06 101 
194524,39 100 
194524,39 2
194524,39 2151
194524,39 11
196503,32 25 
196743,58 75 
197959,11 72 
198036,19 70 
199568,71 80 
200941,13 83 
201299,86 64 360
201530,44 74 203
201530,44 63 203
202549,53 150 
202568,36 68 
203019,43 249
203282,61 92 
203282,61 65 
203313,09 103 
203313,09 101 
203841,08 100 
203841,08 2
203841,08 2151
203841,08 10
205819,42 25 
206179,63 75 
207390,71 72 
207458,75 70 
208978,69 80 
209351,04 83 
210791,15 64 1441
211029,47 74 213
211029,47 63 213
212548,28 151 
212577,34 69 
213492,96 93 
213522,11 103 
213522,11 101 
215553,53 100 
215553,53 2
215553,53 2151
215553,53 11
217534,43 25 
217561,67 75 
218768,96 72 
219027,25 70 
220691,51 80 
221972,15 83 
222781,84 64 811
222948,53 74 137
222948,53 62 137
224466,13 151 
224492,29 69 
226012,41 93 
226036,79 103 
226036,79 101 
228063,13 100 
228063,13 2
228063,13 2151
228063,13 10
230049,08 25 
230077,04 75 
231288,96 72 
231355,34 70 
232875,77 80 
233247,44 83 
234335,99 64 1089
234561,76 74 195
234561,76 63 195
235588,95 151 
235608,42 69 
236866,76 249 
237148,87 256 
238811,67 183 
267291,99 93 
267312,6 103 
267312,6 101 
269340,11 100 
269340,11 2
269340,11 2151
269340,11 10
271324,87 25 
271352,18 75 
272568,57 72 
272644,48 70 
274170,21 80 
275549,44 83 
276234,04 64 685
276451,59 74 196
276451,59 61 196
276978,87 150 
277003,36 68 
277166,22 249
277319,41 171
277720,69 92 
277720,69 65 
277761,44 103 
277761,44 101 
278299,58 100 
278299,58 2
278299,58 2151
278299,58 11
280282 25 
280308,19 75 
281521,8 72 
281600,67 70 
283117,94 80 
283492,83 83 
284626,57 64 1134
284842,89 74 192
284842,89 63 192
285368,69 150 
285400,56 68 
285856,32 249
287419,67 92 
287419,67 65 
287450,68 103 
287450,68 101 
287976,73 100 
287976,73 2
287976,73 2151
287976,73 10
289956,97 25 
290370,53 75 
291579,33 72 
291649,65 70 
293171,09 80 
294234,88 83 
295263,77 64 1029
295499,32 74 212
295499,32 61 212
297018,02 152 
297048,91 69 
298560,79 93 
298579,41 103 
298579,41 101 
300607,26 100 
300607,26 2
300607,26 2151
300607,26 10
302591,69 25 
302618,59 75 
303828,26 72 
303897,8 70 
305420,75 80 
306789,52 83 
307686,02 64 897
307907,73 74 199
307907,73 63 199
308928,95 151 
308949,73 69 
309661,11 93 
309681,24 103 
309681,24 101 
311713,79 100 
311713,79 2
311713,79 2151
311713,79 11
313693,55 25 
313721,88 75 
314936,27 72 
314999,85 70 
316517,48 80 
317571,59 83 
318572,35 64 1001
318771,37 74 174
318771,37 63 174
319297,24 150 
319318,66 68 
320230,76 92 
320230,76 65 
320263,42 103 
320263,42 101 
320794,5 100 
320794,5 2
320794,5 2151
320794,5 11
322769,73 25 
323063,27 75 
324279,67 72 
324529,09 70 
326192,94 80 
326767,68 83 
327934,77 64 1167
328096,74 74 143
328096,74 62 143
329118,23 151 
329142 69 
329860,78 93 
329885,99 103 
329885,99 101 
331913,15 100 
331913,15 2
331913,15 2151
331913,15 11
333898,31 25 
333925,63 75 
335138,26 72 
335204,55 70 
336728,31 80 
338096,17 83 
338741,77 64 646
338909,19 74 147
338909,19 62 147
340437,78 151 
340456,85 69 
341369,94 93 
341401,1 103 
341401,1 101 
343435,72 100 
343435,72 2
343435,72 2151
343435,72 11
345413,49 25 
345440,46 75 
346658,18 72 
346732,96 70 
348258,36 80 
349624,58 83 
350000 64 376
350206,4 74 182
350206,4 61 182
351723,91 151 
351758,48 69 
353073,78 249 
353269,36 93 
353289,39 103 
353289,39 101 
355315,24 100 
355315,24 2
355315,24 2151
355315,24 10
357301,81 25 
357328,76 75 
358537,67 72 
358608,02 70 
360127,93 80 
360500,08 83 
361466,56 64 967
361708,94 74 224
361708,94 61 224
362235,87 150 
362260,32 68 
364144,2 249
364278,51 92 
364278,51 65 
364311,39 103 
364311,39 101 
364837,4 100 
364837,4 2
364837,4 2151
364837,4 10
366817,63 25 
366845 75 
368056,64 72 
368123,9 70 
369650,86 80 
370722,35 83 
371514,21 64 792
371749,12 74 214
371749,12 61 214
372776,11 150 
372802,6 68 
372837,51 249
373519,75 92 
373519,75 65 
373547,54 103 
373547,54 101 
374081,06 100 
374081,06 2
374081,06 2151
374081,06 10
376067,02 25 
376200,7 75 
377419,43 72 
377493,2 70 
379018,98 80 
379398,63 83 
380665,22 64 1267
380876,96 74 186
380876,96 61 186
381893,51 150 
381918,74 68 
382840,93 92 
382840,93 65 
382876,81 103 
382876,81 101 
383402,99 100 
383402,99 2
383402,99 2151
383402,99 11
385383,12 25 
385943,32 75 
387155,38 72 
387222,45 70 
388751,73 80 
389834,2 83 
390307,14 64 474
390474,97 74 148
390474,97 62 148
391995,87 151 
392021,13 69 
394036,73 93 
394058,74 103 
394058,74 101 
396084,86 100 
396084,86 2
396084,86 2151
396084,86 11
398071,1 25 
398098,1 75 
399307,35 72 
399377,24 70 
400894,28 80 
402268,92 83 
402575,45 64 307
402788,53 74 187
402788,53 63 187
403316,01 152 
403337,19 69 
404261,22 249 
404846,18 93 
404867,49 103 
404867,49 101 
406904,98 100 
406904,98 2
406904,98 2151
406904,98 10
408880,01 25 
409986,43 75 
411196,83 72 
411265,53 70 
412790,25 80 
414157,21 83 
414776,95 64 621
415038,9 74 243
415038,9 61 243
416062,41 150 
416091,39 68 
416796,89 249
416813,41 92 
416813,41 65 
416849,02 103 
416849,02 101 
417375,14 100 
417375,14 2
417375,14 2151
417375,14 10
419355,38 25 
419755,51 75 
420966,55 72 
421034,83 70 
422556,32 80 
423633,21 83 
424133,06 64 501
424375,92 74 224
424375,92 61 224
425895,81 150 
425926,69 68 
426836,52 92 
426836,52 65 
426871,45 103 
426871,45 101 
427398,26 100 
427398,26 2
427398,26 2151
427398,26 11
429377,79 25 
429751,35 75 
430966 72 
431043,79 70 
432570,34 80 
432935,92 83 
433934,92 64 1000
434227,57 74 266
434227,57 63 266
434753,09 150 
434777,07 68 
436786,59 92 
436786,59 65 
436827,23 103 
436827,23 101 
437361,7 100 
437361,7 2
437361,7 2151
437361,7 11
439346,89 25 
439614,15 75 
440825,45 72 
440892,99 70 
442415,9 80 
442785,02 83 
444162,81 64 1378
444358,46 74 174
444358,46 63 174
445386,05 150 
445411,76 68 
445844,22 249
446927,99 92 
446927,99 65 
446956,34 103 
446956,34 101 
447484,6 100 
447484,6 2
447484,6 2151
447484,6 10
449462,6 25 
450009,49 75 
451225,32 72 
451301,86 70 
452827,12 80 
453900,45 83 
454630,57 64 730
454888,54 74 229
454888,54 61 229
455415,09 152 
455434,23 69 
456947,65 93 
456978,7 103 
456978,7 101 
459005,83 100 
459005,83 2
459005,83 2151
459005,83 10
460991,04 25 
461017,99 75 
462236,7 72 
462297,46 70 
463817,56 80 
465188,85 83 
465426,16 64 238
465644,59 74 203
465644,59 61 203
467160,87 150 
467189,14 68 
467907,35 92 
467907,35 65 
467947,38 103 
467947,38 101 
468481,83 100 
468481,83 2
468481,83 2151
468481,83 11
470466,95 25 
470680,63 75 
471894,72 72 
471960,02 70 
473489,72 80 
474558,22 83 
475314,54 64 757
475566,69 74 236
475566,69 63 236
476594,16 150 
476625,08 68 
477103 249
478635,96 92 
478635,96 65 
478676,09 103 
478676,09 101 
479203,29 100 
479203,29 2
479203,29 2151
479203,29 10
481182,37 25 
481449,44 75 
482664,6 72 
482741,87 70 
484268,19 80 
485646,87 83 
485847,25 64 201
486188,02 74 315
486188,02 61 315
487713,14 150 
487740,55 68 
488658,09 92 
488658,09 65 
488698,54 103 
488698,54 101 
489226,14 100 
489226,14 2
489226,14 2151
489226,14 10
491204,83 25 
491711,61 75 
492924,6 72 
492990,79 70 
494516,82 80 
494896,32 83 
496105 64 1210
496315,01 74 193
496315,01 61 193
496835,37 150 
496856,58 68 
497577,11 92 
497577,11 65 
497614,78 103 
497614,78 101 
498147,55 100 
498147,55 2
498147,55 2151
498147,55 11
500134,33 25 
500881,26 75 
502094,41 72 
502160,31 70 
503680,01 80 
504758,77 83 
505491,53 64 733
505727,89 74 210
505727,89 63 210
507250,87 150 
507278,86 68 
507663,61 249
509295,21 92 
509295,21 65 
509329,73 103 
509329,73 101 
509855,66 100 
509855,66 2
509855,66 2151
509855,66 11
511836,08 25 
512116,29 75 
512124,46 250 
512142,12 101 
514141,88 100 
514141,88 2
514141,88 2151
514141,88 11
514141,88 25 
514195,91 75 
515404,37 72 
515474,66 70 
516995,36 80 
517368,27 83 
518697,95 64 1332
518883,82 74 159
518883,82 63 159
519899,93 150 
519926,81 68 
520396,18 249
520846,64 92 
520846,64 65 
520884,82 103 
520884,82 101 
521412,19 100 
521412,19 2
521412,19 2151
521412,19 11
523391,17 25 
523578,16 75 
524794,65 72 
524857,32 70 
526385,14 80 
527749,02 83 
528718,45 64 970
528935,55 74 187
528935,55 63 187
529461,86 150 
529483,07 68 
530043,34 249
530998,18 92 
530998,18 65 
531027,21 103 
531027,21 101 
531563,18 100 
531563,18 2
531563,18 2151
531563,18 11
533546,8 25 
533853,68 75 
535065,68 72 
535319,49 70 
536860,08 80 
537224,94 83 
538218,89 64 995
538436 74 186
538436 63 186
539464,03 150 
539491,72 68 
540009,24 249
540404,31 92 
540404,31 65 
540436,55 103 
540436,55 101 
540962,45 100 
540962,45 2
540962,45 2151
540962,45 10
542942,87 25 
543689,59 75 
544902,46 72 
544969,1 70 
546496,68 80 
547567,35 83 
548319,33 64 752
548545,95 74 207
548545,95 61 207
550073 150 
550100,56 68 
551614,26 92 
551614,26 65 
551646,18 103 
551646,18 101 
552173,85 100 
552173,85 2
552173,85 2151
552173,85 11
554151,47 25 
554658,26 75 
555873,89 72 
555950,76 70 
557481,04 80 
558855,75 83 
559227,15 64 372
559472,4 74 217
559472,4 63 217
559993,45 150 
560016,39 68 
560457,56 249
560736,03 92 
560736,03 65 
560774,58 103 
560774,58 101 
561308,13 100 
561308,13 2
561308,13 2151
561308,13 11
563294,16 25 
563907,74 75 
565122,75 72 
565200,19 70 
566726,1 80 
568091,77 83 
569005,08 64 914
569272,18 74 248
569272,18 63 248
570793,7 150 
570825,07 68 
571284,67 249
572834,72 92 
572834,72 65 
572876,1 103 
572876,1 101 
573403,54 100 
573403,54 2
573403,54 2151
573403,54 11
575382,41 25 
575942,5 75 
577153,47 72 
577221,76 70 
578740,4 80 
579806,89 83 
580165,79 64 359
580394,26 74 201
580394,26 63 201
580921,06 150 
580954,14 68 
581428,4 249
582964,82 92 
582964,82 65 
583005,14 103 
583005,14 101 
583532 100 
583532 2
583532 2151
583532 10
585511,41 25 
586004,89 75 
587212,65 72 
587284,12 70 
588800,52 80 
589162,87 83 
590400,15 64 1238
590633,78 74 205
590633,78 61 205
591652,34 150 
591682,87 68 
592017,94 249
592594,97 92 
592594,97 65 
592627,67 103 
592627,67 101 
593161,34 100 
593161,34 2
593161,34 2151
593161,34 10
595147,41 25 
595534,15 75 
596742,99 72 
596813,44 70 
598332,04 80 
599398,66 83 
600119,59 64 721
600363,48 74 219
600363,48 61 219
601389,31 152 
601412,13 69 
602924,1 93 
602943,32 103 
602943,32 101 
604969,5 100 
604969,5 2
604969,5 2151
604969,5 10
606955,6 25 
606982,65 75 
608192,06 72 
608261,92 70 
609784,85 80 
610140,65 83 
611401 64 1261
611672,97 74 254
611672,97 61 254
612189,59 150 
612220,93 68 
612460,66 249
612936,14 92 
612936,14 65 
612965,74 103 
612965,74 101 
613493,25 100 
613493,25 2
613493,25 2151
613493,25 11
615472,05 25 
615739,27 75 
616952,34 72 
617018,21 70 
618543,44 80 
619909,77 83 
620354,22 64 445
620581,26 74 205
620581,26 63 205
622100,22 150 
622136,7 68 
622598,44 249
623654,28 92 
623654,28 65 
623694,53 103 
623694,53 101 
624228,51 100 
624228,51 2
624228,51 2151
624228,51 10
626214,17 25 
626574,32 75 
627782,8 72 
627853,51 70 
629370,3 80 
629745,6 83 
631573,8 64 1828
631885,85 74 289
631885,85 61 289
632412,53 150 
632438,9 68 
632930,64 249
634452,08 92 
634452,08 65 
634489,9 103 
634489,9 101 
635016,83 100 
635016,83 2
635016,83 2151
635016,83 10
636996,31 25 
637489,74 75 
638703,19 72 
639008,76 70 
640639,2 80 
642007,11 83 
642340,93 64 335
642602,86 74 237
642602,86 61 237
643618,47 150 
643647,53 68 
643705,62 249
644363,36 92 
644363,36 65 
644392,44 103 
644392,44 101 
644918,48 100 
644918,48 2
644918,48 2151
644918,48 11
646898,64 25 
647538,89 75 
648752,97 72 
648817,99 70 
650344,87 80 
651416,52 83 
652136,56 64 720
652384,42 74 222
652384,42 63 222
653911,04 150 
653936,52 68 
654349,53 249
654854,24 92 
654854,24 65 
654894,6 103 
654894,6 101 
655433,25 100 
655433,25 2
655433,25 2151
655433,25 10
657414,26 25 
657654,43 75 
658871,11 72 
658947,08 70 
660472,29 80 
661838,68 83 
662150,83 64 313
662383,52 74 212
662383,52 61 212
663411,62 150 
663439,16 68 
664244,66 249
665453,81 92 
665453,81 65 
665490,05 103 
665490,05 101 
666016,1 100 
666016,1 2
666016,1 2151
666016,1 11
667996,47 25 
668156,77 75 
669372,53 72 
669436,08 70 
670963,82 80 
671341,32 83 
672533,72 64 1192
672754,34 74 187
672754,34 63 187
674278,66 150 
674301,17 68 
675815,46 92 
675815,46 65 
675845,75 103 
675845,75 101 
676372,03 100 
676372,03 2
676372,03 2151
676372,03 10
678352,01 25 
678618,92 75 
679829,88 72 
679898,09 70 
681422,95 80 
682496,51 83 
683463,29 64 967
683660,74 74 165
683660,74 61 165
684177,95 150 
684203,65 68 
685120,97 92 
685120,97 65 
685161,71 103 
685161,71 101 
685694,05 100 
685694,05 2
685694,05 2151
685694,05 11
687681,36 25 
688348,14 75 
689562,94 72 
689627,31 70 
691153,55 80 
692532,28 83 
693358,8 64 826
693563,99 74 180
693563,99 63 180
694589,86 152 
694614,2 69 
695334,04 93 
695357,41 103 
695357,41 101 
697384,55 100 
697384,55 2
697384,55 2151
697384,55 10
699369,68 25 
699397,04 75 
700610,28 72 
700676,18 70 
702203,66 80 
703274,38 83 
703815,67 64 541
704060,41 74 213
704060,41 61 213
704578,38 150 
704608,22 68 
706620,47 92 
706620,47 65 
706637,68 249
706672,55 103 
706672,55 101 
707198,72 100 
707198,72 2
707198,72 2151
707198,72 10
709178,87 25 
709565,8 75 
710781,22 72 
710858,29 70 
712384 80 
712763,71 83 
713711,56 64 948
713960,59 74 224
713960,59 61 224
715479,93 150 
715510,35 68 
715961,28 249
716423,33 92 
716423,33 65 
716455,18 103 
716455,18 101 
716989,83 100 
716989,83 2
716989,83 2151
716989,83 11
718975,68 25 
719268,27 75 
720479,91 72 
720547,44 70 
722069,2 80 
723439,19 83 
723895,46 64 457
724151,99 74 234
724151,99 63 234
725175,86 150 
725199,64 68 
725655,98 249
725911,61 92 
725911,61 65 
725944,47 103 
725944,47 101 
726471,75 100 
726471,75 2
726471,75 2151
726471,75 11
728450,72 25 
729210,7 75 
730419,71 72 
730489,94 70 
732012,09 80 
733088,34 83 
733861,7 64 773
734131,39 74 257
734131,39 63 257
735659,92 150 
735688,39 68 
736471,01 249
737201,93 92 
737201,93 65 
737232,94 103 
737232,94 101 
737760,1 100 
737760,1 2
737760,1 2151
737760,1 11
739739,26 25 
740206,06 75 
741421,21 72 
741725,17 70 
743349,73 80 
743724 83 
745119,67 64 1396
745332,09 74 196
745332,09 63 196
745856,84 150 
745884,18 68 
746412,95 249
746600,82 92 
746600,82 65 
746642,28 103 
746642,28 101 
747175,93 100 
747175,93 2
747175,93 2151
747175,93 10
749148,7 25 
749575,49 75 
750791,81 72 
750867,91 70 
752386,96 80 
752760,03 83 
753854,6 64 1095
754083,29 74 204
754083,29 61 204
754609,12 150 
754640,34 68 
756652,81 92 
756652,81 65 
756691,33 103 
756691,33 101 
757219,54 100 
757219,54 2
757219,54 2151
757219,54 11
759197,59 25 
759317,98 75 
760531,22 72 
760597,16 70 
762120,05 80 
763488,82 83 
763889,45 64 401
764159,95 74 245
764159,95 63 245
765679,92 150 
765702,26 68 
765842,84 249
766624,25 92 
766624,25 65 
766660,42 103 
766660,42 101 
767187,43 100 
767187,43 2
767187,43 2151
767187,43 10
769166,76 25 
769460,28 75 
770670,27 72 
770739,51 70 
772262,82 80 
773337,93 83 
774429,08 64 1092
774641,98 74 185
774641,98 61 185
775669,48 150 
775698,13 68 
776706,63 249
777209,55 92 
777209,55 65 
777242,6 103 
777242,6 101 
777780,16 100 
777780,16 2
777780,16 2151
777780,16 11
779762,25 25 
780215,7 75 
781429,49 72 
781494,92 70 
783017,83 80 
783387,1 83 
784332,44 64 946
784561,95 74 203
784561,95 63 203
786087,19 150 
786120,25 68 
786577,22 249
788129,38 92 
788129,38 65 
788171,27 103 
788171,27 101 
788697,41 100 
788697,41 2
788697,41 2151
788697,41 10
790677,6 25 
791091,15 75 
792298,61 72 
792370,36 70 
793887,72 80 
794955,39 83 
795714,09 64 759
795930,44 74 189
795930,44 61 189
796957 150 
796982,31 68 
797700,51 92 
797700,51 65 
797740,56 103 
797740,56 101 
798267,54 100 
798267,54 2
798267,54 2151
798267,54 11
800246,85 25 
800487,15 75 
801699,75 72 
801766,38 70 
803292,79 80 
804671,28 83 
805250,14 64 579
805470,76 74 200
805470,76 63 200
805995,69 152 
806018,47 69 
806929,8 93 
806949,99 103 
806949,99 101 
808982,85 100 
808982,85 2
808982,85 2151
808982,85 11
810962,3 25 
810989,54 75 
812198,51 72 
812268,56 70 
813788,94 80 
814160,64 83 
815327,38 64 1167
815541,65 74 195
815541,65 63 195
816567,78 150 
816587,53 68 
817013,49 249
818100,88 92 
818100,88 65 
818131,9 103 
818131,9 101 
818658,79 100 
818658,79 2
818658,79 2151
818658,79 10
820638,16 25 
820705,23 75 
821918,06 72 
821984,41 70 
823512,02 80 
824596,15 83 
825149,66 64 554
825419,78 74 251
825419,78 61 251
826949,44 150 
826969,73 68 
827725,97 249
828482,23 92 
828482,23 65 
828514,13 103 
828514,13 101 
829040,36 100 
829040,36 2
829040,36 2151
829040,36 10
831020,39 25 
831500,64 75 
832709,35 72 
832779,77 70 
834295,55 80 
835671,48 83 
835938,45 64 267
836150,13 74 186
836150,13 61 186
836678,74 150 
836698,84 68 
836987,51 249
837610 92 
837610 65 
837643,58 103 
837643,58 101 
838177,06 100 
838177,06 2
838177,06 2151
838177,06 11
840163,36 25 
840243,6 75 
841459,41 72 
841522,87 70 
843071,69 80 
844441,12 83 
845108,95 64 669
845309,69 74 176
845309,69 63 176
846337,16 150 
846361,43 68 
846768,24 249
847079,01 92 
847079,01 65 
847119,57 103 
847119,57 101 
847646,37 100 
847646,37 2
847646,37 2151
847646,37 10
849625,87 25 
849959,46 75 
851167,59 72 
851238,59 70 
852757,76 80 
853823,8 83 
854235,54 64 412
854481,27 74 218
854481,27 61 218
855007,87 150 
855037,68 68 
857052,19 92 
857052,19 65 
857088,67 103 
857088,67 101 
857616,21 100 
857616,21 5
857616,21 2151
857616,21 10
857616,21 78 
857616,21 198 
859595,01 25 
860115,19 75 
861328,03 72 
861394,25 70 
862922,92 80 
863299,75 83 
864729,7 64 1430
864997,95 74 246
864997,95 61 246
866517,8 151 
866540,25 69 
867460,73 93 
867484,37 103 
867484,37 101 
869517,42 100 
869517,42 5
869517,42 2151
869517,42 11
871496,55 25 
871523,85 75 
872736,59 72 
872802,99 70 
874330,71 80 
874708,18 83 
876737,19 64 2030
876998,35 74 238
876998,35 63 238
878014,98 151 
878041,22 69 
878763,25 93 
878786,1 103 
878786,1 101 
880813,1 100 
880813,1 5
880813,1 2151
880813,1 10
882798,49 25 
882826,7 75 
884038,74 72 
884104,63 70 
885627 80 
886996,34 83 
887601,33 64 605
887800,35 74 178
887800,35 62 178
889327,43 153 
889356,48 68 
891369,03 92 
891369,03 65 
891407,39 103 
891407,39 101 
891933,63 100 
891933,63 5
891933,63 2151
891933,63 10
893913,84 25 
894060,67 75 
895278,5 72 
895340,18 70 
896865,31 80 
897938,33 83 
898708,09 64 770
898988,4 74 264
898988,4 62 264
899517,68 151 
899538,82 69 
901050,62 93 
901070,02 103 
901070,02 101 
903105,89 100 
903105,89 5
903105,89 2151
903105,89 11
905082,47 25 
905109,65 75 
906327,22 72 
906401,96 70 
907926,21 80 
909293,51 83 
909757,36 64 464
909956,75 74 183
909956,75 63 183
910976,25 151 
911001,44 69 
911718,39 93 
911732,13 103 
911732,13 101 
913760,22 100 
913760,22 5
913760,22 2151
913760,22 10
915744,48 25 
915771,75 75 
916985,75 72 
917064,02 70 
918587,52 80 
919649,11 83 
920400,77 64 752
920598,79 74 178
920598,79 62 178
921126,67 151 
921157,08 69 
923172,67 93 
923193,94 103 
923193,94 101 
925219,87 100 
925219,87 5
925219,87 2151
925219,87 11
927206,25 25 
927234,21 75 
928446,06 72 
928512,44 70 
930040,14 80 
930417,94 83 
931389,38 64 972
931648,02 74 231
931648,02 61 231
933174,43 151 
933205,16 69 
934359,31 249 
934715,22 181 
934740,57 93 
934762,38 103 
934762,38 101 
936795,42 100 
936795,42 5
936795,42 2151
936795,42 11
938774,61 25 
938802,67 75 
940014,8 72 
940081,19 70 
941607,93 80 
943025,88 83 
943455,92 64 431
943689,09 74 211
943689,09 61 211
944215,27 151 
944240,56 69 
944325,88 249 
945159,99 93 
945184,56 103 
945184,56 101 
947211,24 100 
947211,24 5
947211,24 2151
947211,24 11
949196,87 25 
949224,25 75 
950437,61 72 
950516,41 70 
952033,4 80 
953101,67 83 
953816,56 64 715
954015,27 74 181
954015,27 62 181
955035,58 150 
955062,7 68 
955977,87 92 
955977,87 65 
956019,96 103 
956019,96 101 
956546,04 100 
956546,04 5
956546,04 2151
956546,04 10
958526,25 25 
958873,35 75 
960086,87 72 
960152,4 70 
961675,39 80 
962044,48 83 
963037,34 64 993
963208,28 74 151
963208,28 62 151
964733,11 151 
964764,35 69 
966279,95 93 
966308,91 103 
966308,91 101 
968345,69 100 
968345,69 5
968345,69 2151
968345,69 10
970321,34 25 
970348,54 75 
971565,33 72 
971640,83 70 
973164,42 80 
973532,93 83 
974312,95 64 781
974527,39 74 195
974527,39 61 195
975556,48 151 
975587,3 69 
975863,79 249 
976778,31 181 
977598,99 93 
977624,15 103 
977624,15 101 
979651,55 100 
979651,55 5
979651,55 2151
979651,55 10
981636,44 25 
981663,96 75 
982875,4 72 
982942,7 70 
984466,26 80 
985834,34 83 
986192,49 64 358
986415,38 74 195
986415,38 63 195
987935,14 150 
987955,44 68 
988453,73 249
988667,87 92 
988667,87 65 
988699,52 103 
988699,52 101 
989226,62 100 
989226,62 5
989226,62 2151
989226,62 10
991205,69 25 
991339,37 75 
992555,76 72 
992618,98 70 
994142,88 80 
995203,67 83 
995685,48 64 482
995908,62 74 199
995908,62 63 199
996433,26 150 
996457,7 68 
997011,9 249
997978,33 92 
997978,33 65 
998015,46 103 
998015,46 101 
998550,13 100 
998550,13 5
998550,13 2151
998550,13 10
1000535,07 25 
1000975,3 75 
1002186,59 72 
1002254,49 70 
1003776,24 80 
1004852,89 83 
1005250,68 64 398
1005465,99 74 187
1005465,99 63 187
1005984,15 152 
1006014,3 69 
1006926,72 93 
1006944,98 103 
1006944,98 101 
1008972,51 100 
1008972,51 5
1008972,51 2151
1008972,51 11
1010957,32 25 
1010984,34 75 
1012194,27 72 
1012263,57 70 
1013783,66 80 
1014142,38 83 
1015439,38 64 1297
1015664,18 74 203
1015664,18 61 203
1016684,71 151 
1016715,88 69 
1018728,94 93 
1018753,3 103 
1018753,3 101 
1020779,28 100 
1020779,28 5
1020779,28 2151
1020779,28 11
1022765,72 25 
1022806,4 75 
1024014,57 72 
1024085,22 70 
1025610,45 80 
1026976,81 83 
1027047,84 64 72
1027296,71 74 227
1027296,71 62 227
1028822,26 150 
1028843,94 68 
1029554,97 92 
1029554,97 65 
1029588,77 103 
1029588,77 101 
1030124,75 100 
1030124,75 5
1030124,75 2151
1030124,75 10
1032108,38 25 
1032309,63 75 
1033524,97 72 
1033587,85 70 
1035116,08 80 
1035479,91 83 
1036317,06 64 838
1036546 74 201
1036546 63 201
1037575,07 150 
1037600,94 68 
1038170,53 249
1039614,36 92 
1039614,36 65 
1039637,82 103 
1039637,82 101 
1040164,64 100 
1040164,64 5
1040164,64 2151
1040164,64 11
1042144,14 25 
1042571,75 75 
1043784,17 72 
1044076,72 70 
1045695,99 80 
1046768,51 83 
1047404,1 64 636
1047597,26 74 176
1047597,26 62 176
1048124,97 150 
1048155,68 68 
1049667,83 92 
1049667,83 65 
1049700,14 103 
1049700,14 101 
1050227,14 100 
1050227,14 5
1050227,14 2151
1050227,14 11
1052206,51 25 
1052953,22 75 
1054163,4 72 
1054232,41 70 
1055755,3 80 
1057137,37 83 
1057428,87 64 291
1057615,83 74 160
1057615,83 62 160
1059140,86 150 
1059165,02 68 
1060074,46 92 
1060074,46 65 
1060109,1 103 
1060109,1 101 
1060640,77 100 
1060640,77 5
1060640,77 2151
1060640,77 11
1062628,71 25 
1063362,2 75 
1064575,09 72 
1064641,27 70 
1066167,88 80 
1066533,41 83 
1067356,31 64 823
1067557,09 74 171
1067557,09 62 171
1068584,13 150 
1068613,96 68 
1069325,75 92 
1069325,75 65 
1069358,6 103 
1069358,6 101 
1069885,84 100 
1069885,84 5
1069885,84 2151
1069885,84 10
1071864,82 25 
1073144,62 75 
1074352,91 72 
1074423,81 70 
1075941,15 80 
1077009,03 83 
1078371,17 64 1363
1078613,54 74 219
1078613,54 63 219
1079131,26 150 
1079156,65 68 
1079804,85 249
1080074,58 92 
1080074,58 65 
1080113,92 103 
1080113,92 101 
1080640,4 100 
1080640,4 5
1080640,4 2151
1080640,4 10
1082620,25 25 
1083047,04 75 
1084263,47 72 
1084339,57 70 
1085863,35 80 
1087231,26 83 
1087677,93 64 448
1087914,91 74 205
1087914,91 63 205
1089443,2 150 
1089471,4 68 
1089804,57 249
1090185,15 92 
1090185,15 65 
1090216,3 103 
1090216,3 101 
1090749,41 100 
1090749,41 5
1090749,41 2151
1090749,41 11
1092735,88 25 
1093109,48 75 
1094323,39 72 
1094388,75 70 
1095916,28 80 
1097000,43 83 
1097478,95 64 479
1097653,56 74 147
1097653,56 62 147
1099174,27 150 
1099200,56 68 
1101214,86 92 
1101214,86 65 
1101251,62 103 
1101251,62 101 
1101778,21 100 
1101778,21 5
1101778,21 2151
1101778,21 11
1103757,98 25 
1104344,7 75 
1105554,6 72 
1105623,92 70 
1107141,97 80 
1108515,5 83 
1108877,83 64 362
1109073,51 74 172
1109073,51 62 172
1110094,09 150 
1110116,83 68 
1111633,77 92 
1111633,77 65 
1111673,83 103 
1111673,83 101 
1112200,68 100 
1112200,68 5
1112200,68 2151
1112200,68 10
1114180,18 25 
1114700,32 75 
1115913,22 72 
1115979,5 70 
1117502,58 80 
1117871,6 83 
1118965,99 64 1095
1119195,8 74 206
1119195,8 63 206
1119720,15 150 
1119752,73 68 
1120311,36 249
1121762,42 92 
1121762,42 65 
1121789,55 103 
1121789,55 101 
1122323,7 100 
1122323,7 5
1122323,7 2151
1122323,7 10
1124309,27 25 
1124522,75 75 
1125734,19 72 
1125801,92 70 
1127325,85 80 
1128693,66 83 
1128944,47 64 251
1129152,84 74 194
1129152,84 63 194
1130672,87 152 
1130694,56 69 
1131759,21 249 
1132202,84 93 
1132225,13 103 
1132225,13 101 
1134251,09 100 
1134251,09 5
1134251,09 2151
1134251,09 11
1136237,48 25 
1136264,75 75 
1137473,72 72 
1137543,62 70 
1139061,08 80 
1139435,78 83 
1140482,3 64 1047
1140672,61 74 171
1140672,61 62 171
1141192,82 150 
1141222,82 68 
1141933,28 92 
1141933,28 65 
1141967,65 103 
1141967,65 101 
1142493,64 100 
1142493,64 5
1142493,64 2151
1142493,64 11
1144473,96 25 
1144940,73 75 
1146154,96 72 
1146473,16 70 
1148092,06 80 
1149164,96 83 
1149586,86 64 423
1149743,78 74 126
1149743,78 62 126
1150773,08 150 
1150792,84 68 
1151706,53 92 
1151706,53 65 
1151736,9 103 
1151736,9 101 
1152273,24 100 
1152273,24 5
1152273,24 2151
1152273,24 11
1154256,52 25 
1154523,31 75 
1155732,71 72 
1155802,58 70 
1157324,73 80 
1157694,64 83 
1158581,29 64 887
1158785,76 74 185
1158785,76 62 185
1159311,94 150 
1159335,49 68 
1160852,61 92 
1160852,61 65 
1160892,94 103 
1160892,94 101 
1161418,96 100 
1161418,96 5
1161418,96 2151
1161418,96 10
1163399,26 25 
1163972,65 75 
1165183,95 72 
1165251,89 70 
1166772,27 80 
1168143,55 83 
1168764,34 64 621
1168991,41 74 195
1168991,41 63 195
1170011,23 150 
1170037,94 68 
1170859,67 249
1170952,96 92 
1170952,96 65 
1170995,31 103 
1170995,31 101 
1171523,69 100 
1171523,69 5
1171523,69 2151
1171523,69 10
1173501,65 25 
1174221,69 75 
1175431,95 72 
1175500,9 70 
1177023,02 80 
1178099,3 83 
1178462,48 64 363
1178704,49 74 219
1178704,49 63 219
1180228,48 150 
1180259,51 68 
1180669,38 249
1180973,08 92 
1180973,08 65 
1181004,38 103 
1181004,38 101 
1181538,28 100 
1181538,28 5
1181538,28 2151
1181538,28 10
1183524,1 25 
1183805,13 75 
1185021,24 72 
1185096,91 70 
1186620,22 80 
1187681,9 83 
1188058,33 64 377
1188275,81 74 194
1188275,81 63 194
1188801,45 150 
1188829,28 68 
1189458,43 249
1190842,29 92 
1190842,29 65 
1190880,16 103 
1190880,16 101 
1191406,61 100 
1191406,61 5
1191406,61 2151
1191406,61 10
1193386,58 25 
1193720,05 75 
1194930,63 72 
1194999,3 70 
1196522,48 80 
1196891,34 83 
1197753,96 64 863
1197983,7 74 199
1197983,7 63 199
1199008,38 150 
1199038,17 68 
1199942,24 249
1199960,78 92 
1199960,78 65 
1199983,13 103 
1199983,13 101 
1200510,26 100 
1200510,26 5
1200510,26 2151
1200510,26 11
1202489,36 25 
1203289,38 75 
1204502,02 72 
1204568,51 70 
1206090,85 80 
1207460,18 83 
1207718,91 64 260
1207884,05 74 145
1207884,05 62 145
1209411,36 150 
1209434,61 68 
1209843,47 249
1210086,02 172 
1211450,78 92 
1211450,78 65 
1211484,77 103 
1211484,77 101 
1212018,32 100 
1212018,32 5
1212018,32 2151
1212018,32 11
1214004,39 25 
1214191,31 75 
1215400,16 72 
1215470,52 70 
1216988,04 80 
1217362,67 83 
1218410,33 64 1048
1218654,46 74 225
1218654,46 62 225
1219680,76 150 
1219710,23 68 
1221225,9 92 
1221225,9 65 
1221254,13 103 
1221254,13 101 
1221781,2 100 
1221781,2 5
1221781,2 2151
1221781,2 11
1223760,29 25 
1224120,56 75 
1225329,97 72 
1225399,7 70 
1226923,81 80 
1227998,11 83 
1228456,56 64 459
1228630,86 74 154
1228630,86 62 154
1229149,91 150 
1229173,79 68 
1229895,44 92 
1229895,44 65 
1229930,25 103 
1229930,25 101 
1230456,48 100 
1230456,48 5
1230456,48 2151
1230456,48 11
1232436,59 25 
1232916,85 75 
1234130,24 72 
1234195,99 70 
1235722,44 80 
1237100,93 83 
1237517,18 64 417
1237733,34 74 193
1237733,34 62 193
1239261,39 152 
1239287,82 69 
1240201,35 93 
1240219,35 103 
1240219,35 101 
1242255,36 100 
1242255,36 5
1242255,36 2151
1242255,36 11
1244231,7 25 
1244259,29 75 
1245470,72 72 
1245537,79 70 
1247061,91 80 
1248469,42 83 
1248543,22 64 74
1248912,01 74 337
1248912,01 62 337
1249440,64 150 
1249470,82 68 
1251483,63 92 
1251483,63 65 
1251521,07 103 
1251521,07 101 
1252048,14 100 
1252048,14 5
1252048,14 2151
1252048,14 10
1254027,36 25 
1254094,37 75 
1255311,37 72 
1255386,89 70 
1256913,53 80 
1257292,35 83 
1258579 64 1287
1258803,31 74 205
1258803,31 63 205
1260328,44 150 
1260359,56 68 
1260886,63 249
1261874 92 
1261874 65 
1261903,36 103 
1261903,36 101 
1262429,92 100 
1262429,92 5
1262429,92 2151
1262429,92 10
1264409,63 25 
1264743,24 75 
1265961,51 72 
1266035,82 70 
1267560,71 80 
1268927,37 83 
1269087,76 64 160
1269489,41 74 376
1269489,41 63 376
1270511,01 150 
1270541,16 68 
1271113,85 249
1271253,02 92 
1271253,02 65 
1271286,04 103 
1271286,04 101 
1271823,24 100 
1271823,24 5
1271823,24 2151
1271823,24 10
1273805,69 25 
1274352,4 75 
1275559,1 72 
1275631,63 70 
1277152,84 80 
1277523,8 83 
1278758,67 64 1235
1278989,01 74 213
1278989,01 63 213
1280005,93 150 
1280030,47 68 
1280552,61 249
1281543,18 92 
1281543,18 65 
1281574,99 103 
1281574,99 101 
1282100,85 100 
1282100,85 5
1282100,85 2151
1282100,85 10
1284081,32 25 
1284454,93 75 
1285669,02 72 
1285734,13 70 
1287258,45 80 
1288625,71 83 
1289134,26 64 509
1289378,47 74 220
1289378,47 63 220
1290899,47 150 
1290932,48 68 
1291319,05 249
1292953,18 92 
1292953,18 65 
1292983,58 103 
1292983,58 101 
1293510,49 100 
1293510,49 5
1293510,49 2151
1293510,49 10
1295489,79 25 
1296036,63 75 
1297249,38 72 
1297315,77 70 
1298838,57 80 
1299914,36 83 
1300385,96 64 473
1300632,29 74 225
1300632,29 63 225
1301160,12 150 
1301181,51 68 
1301684,97 249
1301890,67 92 
1301890,67 65 
1301926,4 103 
1301926,4 101 
1302459,36 100 
1302459,36 5
1302459,36 2151
1302459,36 11
1304432,77 25 
1305006,07 75 
1306220,44 72 
1306285,33 70 
1307811,36 80 
1309190,27 83 
1309407,67 64 217
1309610,75 74 181
1309610,75 62 181
1310637,03 150 
1310670,73 68 
1311582,81 92 
1311582,81 65 
1311615,55 103 
1311615,55 101 
1312143,65 100 
1312143,65 5
1312143,65 2151
1312143,65 11
1314121,89 25 
1314268,81 75 
1315480,98 72 
1315548,05 70 
1317067,71 80 
1317440,17 83 
1318595,83 64 1157
1318831,2 74 205
1318831,2 62 205
1319360,01 152 
1319387,78 69 
1320302,34 93 
1320331,86 103 
1320331,86 101 
1322358,12 100 
1322358,12 5
1322358,12 2151
1322358,12 11
1324344,19 25 
1324371,18 75 
1325580,03 72 
1325650,38 70 
1327180,54 80 
1328249,15 83 
1329394,35 64 1146
1329578,47 74 157
1329578,47 62 157
1331095,97 150 
1331129,6 68 
1332641,37 92 
1332641,37 65 
1332673,4 103 
1332673,4 101 
1333205,79 100 
1333205,79 5
1333205,79 2151
1333205,79 10
1335179,68 25 
1335739,76 75 
1336950,51 72 
1337018,98 70 
1338538,3 80 
1338911,02 83 
1340009,55 64 1099
1340248,12 74 218
1340248,12 63 218
1341270,03 150 
1341298,46 68 
1341945,08 249
1343309,9 92 
1343309,9 65 
1343348,76 103 
1343348,76 101 
1343874,83 100 
1343874,83 5
1343874,83 2151
1343874,83 11
1345855,1 25 
1346268,57 75 
1347479,25 72 
1347547,74 70 
1349072,31 80 
1350133,05 83 
1350630,56 64 498
1350823,23 74 171
1350823,23 62 171
1351347,22 150 
1351373,59 68 
1352090,55 92 
1352090,55 65 
1352131,69 103 
1352131,69 101 
1352659,65 100 
1352659,65 5
1352659,65 2151
1352659,65 11
1354637,97 25 
1355131,54 75 
1356347,23 72 
1356597,29 70 
1358258,37 80 
1359835,42 83 
1359875,76 64 40
1360211,65 74 310
1360211,65 62 310
1361738,9 150 
1361769,83 68 
1362679,08 92 
1362679,08 65 
1362713,86 103 
1362713,86 101 
1363246,46 100 
1363246,46 5
1363246,46 2151
1363246,46 10
1365233,55 25 
1365473,77 75 
1366688,96 72 
1366766,23 70 
1368287,16 80 
1369657,93 83 
1370075,87 64 419
1370308,32 74 211
1370308,32 63 211
1371827,06 150 
1371858,44 68 
1372584,65 249
1373869,44 92 
1373869,44 65 
1373909,09 103 
1373909,09 101 
1374436,69 100 
1374436,69 5
1374436,69 2151
1374436,69 11
1376428,73 25 
1376628,98 75 
1377837,47 72 
1377909,7 70 
1379423,33 80 
1380506,69 83 
1380840,28 64 334
1381080,82 74 228
1381080,82 62 228
1381608,3 150 
1381627,33 68 
1382339,4 92 
1382339,4 65 
1382372,22 103 
1382372,22 101 
1382899,66 100 
1382899,66 5
1382899,66 2151
1382899,66 10
1384878,51 25 
1385371,92 75 
1386587,71 72 
1386651,37 70 
1388179,45 80 
1388556,6 83 
1390474,94 64 1919
1390701,24 74 199
1390701,24 63 199
1391727,32 150 
1391757,05 68 
1392217,64 249
1393273,09 92 
1393273,09 65 
1393300,84 103 
1393300,84 101 
1393838,44 100 
1393838,44 5
1393838,44 2151
1393838,44 10
1395820,52 25 
1396567,22 75 
1397776,95 72 
1397846,42 70 
1399369,47 80 
1400738,03 83 
1401191,75 64 454
1401381,38 74 164
1401381,38 63 164
1401904,79 150 
1401938,73 68 
1403448,8 92 
1403448,8 65 
1403483,17 103 
1403483,17 101 
1404010,5 100 
1404010,5 5
1404010,5 2151
1404010,5 10
1405989,47 25 
1406323,21 75 
1407539,56 72 
1407602,38 70 
1409131,03 80 
1409507,64 83 
1410367,27 64 860
1410559,83 74 173
1410559,83 63 173
1412086,69 150 
1412107,67 68 
1412822,43 92 
1412822,43 65 
1412852,58 103 
1412852,58 101 
1413378,83 100 
1413378,83 5
1413378,83 2151
1413378,83 11
1415358,89 25 
1415732,45 75 
1416946,34 72 
1417011,71 70 
1418539,14 80 
1419610,19 83 
1420080,93 64 472
1420256,65 74 154
1420256,65 62 154
1421278,58 150 
1421304,53 68 
1423317,44 92 
1423317,44 65 
1423354,74 103 
1423354,74 101 
1423888,11 100 
1423888,11 5
1423888,11 2151
1423888,11 10
1425875,26 25 
1426434,57 75 
1427646,83 72 
1427713,74 70 
1429241,64 80 
1429619,2 83 
1430672,7 64 1054
1430917,11 74 219
1430917,11 63 219
1432435,55 150 
1432459,8 68 
1433114,82 249
1433377,97 92 
1433377,97 65 
1433417,12 103 
1433417,12 101 
1433944,97 100 
1433944,97 5
1433944,97 2151
1433944,97 10
1435923,5 25 
1436403,64 75 
1437616,41 72 
1437696,11 70 
1439217,05 80 
1440294,57 83 
1440839,42 64 545
1441117,19 74 250
1441117,19 63 250
1441634,3 150 
1441668,44 68 
1442138,66 249
1442577,22 92 
1442577,22 65 
1442613,21 103 
1442613,21 101 
1443140,12 100 
1443140,12 5
1443140,12 2151
1443140,12 11
1445119,53 25 
1445759,7 75 
1446975,88 72 
1447052,25 70 
1448580,74 80 
1449957,16 83 
1450244,67 64 288
1450436,57 74 173
1450436,57 62 173
1451455,44 150 
1451477,61 68 
1453490,01 92 
1453490,01 65 
1453528,58 103 
1453528,58 101 
1454061,18 100 
1454061,18 5
1454061,18 2151
1454061,18 11
1456034,98 25 
1456062,32 75 
1457277,5 72 
1457341,15 70 
1458870,43 80 
1459579,74 83 
1460402,45 64 823
1460628,44 74 196
1460628,44 62 196
1462153,3 152 
1462180,45 69 
1462896,69 93 
1462911,37 103 
1462911,37 101 
1464938,01 100 
1464938,01 5
1464938,01 2151
1464938,01 11
1466923,64 25 
1466950,93 75 
1468165,51 72 
1468243,12 70 
1469770,31 80 
1470841,64 83 
1476047,81 64 5206
1476249,57 74 184
1476249,57 62 184
1476777,01 150 
1476800,93 68 
1478319,03 92 
1478319,03 65 
1478358,07 103 
1478358,07 101 
1478888,04 100 
1478888,04 5
1478888,04 2151
1478888,04 10
1480864,33 25 
1481464,5 75 
1482677,56 72 
1482743,66 70 
1484271,67 80 
1485648,66 83 
1486230,06 64 582
1486489,15 74 228
1486489,15 63 228
1487516,26 150 
1487543,09 68 
1488014,35 249
1489557 92 
1489557 65 
1489593,26 103 
1489593,26 101 
1490126,59 100 
1490126,59 5
1490126,59 2151
1490126,59 10
1492112,98 25 
1492566,41 75 
1493775,94 72 
1493845,57 70 
1495369,18 80 
1495737,66 83 
1496631,43 64 894
1496847,88 74 191
1496847,88 63 191
1497876,64 150 
1497897,97 68 
1498499,74 249
1498817,01 92 
1498817,01 65 
1498856 103 
1498856 101 
1499383,33 100 
1499383,33 5
1499383,33 2151
1499383,33 11
1501362,29 25 
1502175,62 75 
1503384,4 72 
1503454,93 70 
1504980,75 80 
1506346,49 83 
1506818,62 64 472
1507009,72 74 157
1507009,72 62 157
1508534,62 152 
1508560,53 69 
1509277,39 93 
1509291,64 103 
1509291,64 101 
1511319,28 100 
1511319,28 5
1511319,28 2151
1511319,28 10
1513303,89 25 
1513331,17 75 
1514546,5 72 
1514610,21 70 
1516133,89 80 
1517195,28 83 
1518202,59 64 1008
1518428,01 74 207
1518428,01 63 207
1518951,96 150 
1518982,26 68 
1519650,22 249
1520496,86 92 
1520496,86 65 
1520526,88 103 
1520526,88 101 
1521062,24 100 
1521062,24 5
1521062,24 2151
1521062,24 11
1523046,42 25 
1523713,23 75 
1524925,28 72 
1524992,39 70 
1526521,94 80 
1526884,45 83 
1528290,76 64 1406
1528497,01 74 187
1528497,01 62 187
1529022,15 150 
1529044,73 68 
1530555,05 92 
1530555,05 65 
1530589,17 103 
1530589,17 101 
1531115,58 100 
1531115,58 5
1531115,58 2151
1531115,58 10
1533095,47 25 
1533375,76 75 
1534585,65 72 
1534654,9 70 
1536177,04 80 
1537253,4 83 
1537860,31 64 607
1538056,46 74 177
1538056,46 63 177
1539083,89 150 
1539107,9 68 
1539734,08 249
1540026,33 92 
1540026,33 65 
1540065,22 103 
1540065,22 101 
1540592,15 100 
1540592,15 5
1540592,15 2151
1540592,15 10
1542571,6 25 
1543104,94 75 
1544315,24 72 
1544384,2 70 
1545909,26 80 
1547275,81 83 
1566521,08 64 19245
1566754,54 74 207
1566754,54 63 207
1567083,85 256 
1568599,22 150 
1568628,01 68 
1569056,92 249
1570644,1 92 
1570644,1 65 
1570678,95 103 
1570678,95 101 
1571213,03 100 
1571213,03 5
1571213,03 2151
1571213,03 11
1573198,5 25 
1573505,42 75 
1574715,89 72 
1574784,59 70 
1576308,27 80 
1577369,75 83 
1577809,72 64 440
1578018,81 74 183
1578018,81 62 183
1579541,74 150 
1579569,97 68 
1580284,73 92 
1580284,73 65 
1580328,04 103 
1580328,04 101 
1580854,09 100 
1580854,09 5
1580854,09 2151
1580854,09 11
1582834,34 25 
1583527,86 75 
1584745,82 72 
1584820,32 70 
1586341,82 80 
1586712,36 83 
1589066,3 64 2354
1589264,23 74 180
1589264,23 62 180
1589785,33 150 
1589806,25 68 
1590514,89 92 
1590514,89 65 
1590550,44 103 
1590550,44 101 
1591077,99 100 
1591077,99 5
1591077,99 2151
1591077,99 11
1593056,7 25 
1593510,23 75 
1594724,08 72 
1594789,5 70 
1596318,73 80 
1597694,39 83 
1597962,33 64 268
1598143,32 74 156
1598143,32 62 156
1599162,48 150 
1599188,97 68 
1599558,98 249
1600106,91 92 
1600106,91 65 
1600146,29 103 
1600146,29 101 
1600682,62 100 
1600682,62 5
1600682,62 2151
1600682,62 10
1602665,91 25 
1602852,98 75 
1604064,57 72 
1604132,05 70 
1605659,21 80 
1607037,09 83 
1607792,85 64 757
1608036,71 74 227
1608036,71 63 227
1609563,55 150 
1609583,81 68 
1610110,07 249
1611096,39 92 
1611096,39 65 
1611128,38 103 
1611128,38 101 
1611654,28 100 
1611654,28 5
1611654,28 2151
1611654,28 11
1613634,65 25 
1613849,28 75 
1615064,15 72 
1615127,37 70 
1616656,32 80 
1617032,84 83 
1618455,6 64 1423
1618656,85 74 186
1618656,85 62 186
1619184,23 150 
1619206,34 68 
1621227,48 92 
1621227,48 65 
1621257,35 103 
1621257,35 101 
1621784,7 100 
1621784,7 5
1621784,7 2151
1621784,7 11
1623763,68 25 
1624390,45 75 
1625602,01 72 
1625669,56 70 
1627191,11 80 
1628268,15 83 
1630095,64 64 1828
1630297,3 74 177
1630297,3 62 177
1631323,61 150 
1631348,26 68 
1632064,91 92 
1632064,91 65 
1632106,08 103 
1632106,08 101 
1632638,34 100 
1632638,34 5
1632638,34 2151
1632638,34 11
1634612,52 25 
1634945,96 75 
1636151,91 72 
1636225,14 70 
1637741,79 80 
1638796,89 83 
1639417,8 64 621
1639635,67 74 186
1639635,67 62 186
1640160,29 150 
1640184,89 68 
1642194,2 92 
1642194,2 65 
1642235,07 103 
1642235,07 101 
1642762,61 100 
1642762,61 5
1642762,61 2151
1642762,61 10
1644741,35 25 
1644901,74 75 
1646114,03 72 
1646180,92 70 
1647705,54 80 
1648086,33 83 
1649256,11 64 1170
1649502,58 74 217
1649502,58 63 217
1650524,82 150 
1650553,86 68 
1651740,83 249
1652062,86 92 
1652062,86 65 
1652097,65 103 
1652097,65 101 
1652624,7 100 
1652624,7 5
1652624,7 2151
1652624,7 10
1654603,88 25 
1655310,64 75 
1656524,31 72 
1656589,78 70 
1658112,77 80 
1659481,52 83 
1663042,13 64 3561
1663273,35 74 207
1663273,35 63 207
1664791,14 150 
1664813,68 68 
1665726,08 92 
1665726,08 65 
1665758,43 103 
1665758,43 101 
1666294,22 100 
1666294,22 5
1666294,22 2151
1666294,22 10
1668278,12 25 
1668624,91 75 
1669835,02 72 
1669904,21 70 
1671423,68 80 
1672129,53 83 
1672900,46 64 771
1673125,94 74 198
1673125,94 63 198
1674152,54 150 
1674183,04 68 
1675093,9 92 
1675093,9 65 
1675127,8 103 
1675127,8 101 
1675654,69 100 
1675654,69 5
1675654,69 2151
1675654,69 11
1677634,13 25 
1678061 75 
1679273,87 72 
1679340,15 70 
1680865,98 80 
1682231,76 83 
1682354,59 64 123
1682572,85 74 195
1682572,85 62 195
1683089,53 150 
1683113,37 68 
1683824,78 92 
1683824,78 65 
1683857,42 103 
1683857,42 101 
1684383,87 100 
1684383,87 5
1684383,87 2151
1684383,87 10
1686363,74 25 
1686937,23 75 
1688151,92 72 
1688216,57 70 
1689744,38 80 
1690814,81 83 
1691393,05 64 579
1691591,3 74 177
1691591,3 63 177
1693110,9 150 
1693135,75 68 
1693604,56 249
1694652,12 92 
1694652,12 65 
1694680,48 103 
1694680,48 101 
1695214,23 100 
1695214,23 5
1695214,23 2151
1695214,23 11
1697199,1 25 
1697559,38 75 
1698773,05 72 
1698838,52 70 
1700359,15 80 
1700730,59 83 
1701564,59 64 834
1701752,68 74 156
1701752,68 62 156
1702772,18 152 
1702798,33 69 
1704816,63 93 
1704835,18 103 
1704835,18 101 
1706862,23 100 
1706862,23 3
1706862,23 2151
1706862,23 10
1706862,23 78 
1706862,23 198 
1708847,52 25 
1708876,95 75 
1710091,14 72 
1710167,07 70 
1711692,65 80 
1712765,45 83 
1737605,38 64 24840
1737851,36 74 217
1737851,36 63 217
1739370,1 151 
1739396,08 69 
1740112,28 93 
1740126,86 103 
1740126,86 101 
1742152,9 100 
1742152,9 3
1742152,9 2151
1742152,9 11
1744139,21 25 
1744166,57 75 
1745382,24 72 
1745458,67 70 
1746997,5 80 
1748363,74 83 
1999902,84 64 251539
2000108,14 74 185
2000108,14 62 185
2000636,48 151 
2000657,25 69 
2001571,31 93 
2001589,1 103 
2001589,1 101 
2003622,76 100 
2003622,76 3
2003622,76 2151
2003622,76 11
2005601,47 25 
2005628,65 75 
2006847,62 72 
2007147,5 70 
2008804,12 80 
2009372,87 83 
2011690,05 64 2318
2011876,06 74 158
2011876,06 62 158
2012897,52 151 
2012919,89 69 
2014244,43 249 
2014439,4 93 
2014463,64 103 
2014463,64 101 
2016489,55 100 
2016489,55 3
2016489,55 2151
2016489,55 11
2018475,99 25 
2018503,45 75 
2019717,21 72 
2019782,18 70 
2021308,63 80 
2022393,99 83 
2022631,68 64 238
2022855,42 74 195
2022855,42 61 195
2024374,31 153 
2024407,49 68 
2026416,55 92 
2026416,55 65 
2026445,23 103 
2026445,23 101 
2026971,27 100 
2026971,27 3
2026971,27 2151
2026971,27 10
2028951,51 25 
2029005,14 75 
2030215,25 72 
2030284,39 70 
2031803,17 80 
2033162,71 83 
2033596,43 64 434
2033826,63 74 211
2033826,63 63 211
2034343,95 151 
2034376,67 69 
2035090,18 93 
2035108,2 103 
2035108,2 101 
2037140,49 100 
2037140,49 3
2037140,49 2151
2037140,49 11
2039120,61 25 
2039147,79 75 
2040357,57 72 
2040426,7 70 
2041949,9 80 
2043011,82 83 
2047790,24 64 4778
2048056,6 74 234
2048056,6 61 234
2049073,9 151 
2049104,1 69 
2050016,17 93 
2050035,16 103 
2050035,16 101 
2052061,39 100 
2052061,39 3
2052061,39 2151
2052061,39 10
2054047,5 25 
2054074,86 75 
2055284,33 72 
2055353,75 70 
2056877,38 80 
2057245,81 83 
2288921,31 64 231676
2289104,78 74 157
2289104,78 62 157
2290630,17 150 
2290655,17 68 
2292671,78 92 
2292671,78 65 
2292705,45 103 
2292705,45 101 
2293232,88 100 
2293232,88 3
2293232,88 2151
2293232,88 10
2295211,69 25 
2295239,35 75 
2296450,85 72 
2296704,53 70 
2298375,01 80 
2299825,19 250 
2299848,93 101 
2301862,18 100 
2301862,18 3
2301862,18 2151
2301862,18 10
2301862,18 25 
2301929,75 75 
2303141,9 72 
2303208,4 70 
2304727,49 80 
2306100,08 83 
2307100,24 64 1001
2307301,03 74 175
2307301,03 62 175
2307819,95 150 
2307847,19 68 
2309360,08 92 
2309360,08 65 
2309391,66 103 
2309391,66 101 
2309927,03 100 
2309927,03 3
2309927,03 2151
2309927,03 10
2311911,25 25 
2311938,99 75 
2313151,65 72 
2313217,45 70 
2314740,7 80 
2316109,16 83 
2317082,55 64 974
2317281,06 74 186
2317281,06 62 186
2318298,41 150 
2318322,7 68 
2319030,83 92 
2319030,83 65 
2319054,21 103 
2319054,21 101 
2319580,52 100 
2319580,52 3
2319580,52 2151
2319580,52 11
2321560,48 25 
2321800,75 75 
2323010,13 72 
2323080,05 70 
2324597,1 80 
2324972,1 83 
2327152,89 64 2182
2327372,03 74 188
2327372,03 63 188
2327896,92 150 
2327932,39 68 
2329443,86 92 
2329443,86 65 
2329476,46 103 
2329476,46 101 
2330003,63 100 
2330003,63 3
2330003,63 2151
2330003,63 11
2331996,19 25 
2332209,71 75 
2333419,84 72 
2333490,53 70 
2335006,14 80 
2336074,03 83 
2337044,42 64 971
2337273,51 74 200
2337273,51 63 200
2338798,39 150 
2338821,4 68 
2340831,2 92 
2340831,2 65 
2340871,59 103 
2340871,59 101 
2341403,96 100 
2341403,96 3
2341403,96 2151
2341403,96 10
2343391,29 25 
2343524,88 75 
2344742,02 72 
2344804,15 70 
2346337,98 80 
2346709,46 83 
2347907,55 64 1198
2348130,25 74 195
2348130,25 62 195
2349149,04 150 
2349177,02 68 
2350090,31 92 
2350090,31 65 
2350121,02 103 
2350121,02 101 
2350648,04 100 
2350648,04 3
2350648,04 2151
2350648,04 10
2352627,3 25 
2352775,37 75 
2353991,63 72 
2354066,86 70 
2355591,51 80 
2356971,77 83 
2357563,65 64 592
2357771,73 74 174
2357771,73 62 174
2359296,79 150 
2359332,21 68 
2361350,39 92 
2361350,39 65 
2361382,89 103 
2361382,89 101 
2361909 100 
2361909 3
2361909 2151
2361909 10
2363889,26 25 
2364022,89 75 
2365238,82 72 
2365315,45 70 
2366841,07 80 
2367900,44 83 
2368936,37 64 1036
2369182,52 74 216
2369182,52 62 216
2369706,08 150 
2369741,76 68 
2371262,7 92 
2371262,7 65 
2371298,67 103 
2371298,67 101 
2371833,36 100 
2371833,36 3
2371833,36 2151
2371833,36 11
2373818,27 25 
2374178,55 75 
2375389,94 72 
2375457,72 70 
2376981,01 80 
2377349,87 83 
2378423,04 64 1074
2378651,63 74 196
2378651,63 63 196
2379679,63 152 
2379710,33 69 
2380421,03 93 
2380441,49 103 
2380441,49 101 
2382467,55 100 
2382467,55 3
2382467,55 2151
2382467,55 11
2384453,83 25 
2384481,1 75 
2385690,16 72 
2385759,96 70 
2387279,38 80 
2388345,29 83 
2389350,67 64 1006
2389570,37 74 199
2389570,37 63 199
2391089,08 150 
2391119,18 68 
2392032,27 92 
2392032,27 65 
2392063,18 103 
2392063,18 101 
2392590 100 
2392590 3
2392590 2151
2392590 10
2394569,51 25 
2394823,11 75 
2396041,53 72 
2396115,59 70 
2397639,94 80 
2399007,32 83 
2399766,71 64 760
2399968,08 74 175
2399968,08 62 175
2400487,85 150 
2400515,24 68 
2401432,12 92 
2401432,12 65 
2401472,53 103 
2401472,53 101 
2402008,06 100 
2402008,06 3
2402008,06 2151
2402008,06 11
2403992,31 25 
2404565,68 75 
2405778,07 72 
2405844,94 70 
2407366,76 80 
2407736,94 83 
2408714,61 64 978
2408959,18 74 223
2408959,18 63 223
2409479,28 150 
2409510,9 68 
2411528,88 92 
2411528,88 65 
2411561,54 103 
2411561,54 101 
2412087,49 100 
2412087,49 3
2412087,49 2151
2412087,49 10
2414067,9 25 
2414321,43 75 
2415530,84 72 
2415600,62 70 
2417113,94 80 
2418172,46 83 
2418926,41 64 754
2419129,04 74 184
2419129,04 62 184
2420149,86 150 
2420173,57 68 
2421690,86 92 
2421690,86 65 
2421730,58 103 
2421730,58 101 
2422256,68 100 
2422256,68 3
2422256,68 2151
2422256,68 11
2424236,86 25 
2424637,08 75 
2425849,15 72 
2425916,29 70 
2427438,84 80 
2428808,02 83 
2429642,94 64 836
2429888,63 74 215
2429888,63 63 215
2431410,16 150 
2431435,41 68 
2432150,42 92 
2432150,42 65 
2432192,83 103 
2432192,83 101 
2432732,2 100 
2432732,2 3
2432732,2 2151
2432732,2 10
2434712,45 25 
2435245,88 75 
2436459,49 72 
2436525,08 70 
2438052,72 80 
2439123,58 83 
2439913,93 64 791
2440127,23 74 191
2440127,23 62 191
2441145,52 150 
2441178,06 68 
2443190,79 92 
2443190,79 65 
2443228,12 103 
2443228,12 101 
2443754,26 100 
2443754,26 3
2443754,26 2151
2443754,26 10
2445734,51 25 
2446174,59 75 
2447388,14 72 
2447453,83 70 
2448980,78 80 
2449359,21 83 
2450472,53 64 1114
2450657,22 74 152
2450657,22 62 152
2452175,07 150 
2452199,84 68 
2453111,98 92 
2453111,98 65 
2453143,91 103 
2453143,91 101 
2453670,69 100 
2453670,69 3
2453670,69 2151
2453670,69 10
2455650,24 25 
2456183,77 75 
2457399,61 72 
2457462,96 70 
2458987,7 80 
2460354,63 83 
2460863,18 64 509
2461067,44 74 180
2461067,44 62 180
2461588,17 152 
2461608,82 69 
2462321,54 93 
2462340,08 103 
2462340,08 101 
2464371,68 100 
2464371,68 3
2464371,68 2151
2464371,68 11
2466352,36 25 
2466379,63 75 
2467586,36 72 
2467658,51 70 
2469178,14 80 
2469537,27 83 
2470817,47 64 1280
2471027,97 74 185
2471027,97 63 185
2471544,95 150 
2471578,24 68 
2472746,79 249
2473091,5 92 
2473091,5 65 
2473122,27 103 
2473122,27 101 
2473648,24 100 
2473648,24 3
2473648,24 2151
2473648,24 11
2475628,41 25 
2475988,56 75 
2477198,62 72 
2477267,82 70 
2478787,19 80 
2479866,22 83 
2480643,06 64 778
2480857,5 74 192
2480857,5 63 192
2481878,69 150 
2481906,63 68 
2482646,37 249
2483420,89 92 
2483420,89 65 
2483451,08 103 
2483451,08 101 
2483978,59 100 
2483978,59 3
2483978,59 2151
2483978,59 10
2485957,33 25 
2486837,44 75 
2488047,35 72 
2488116,51 70 
2489638,99 80 
2491008,12 83 
2491482,89 64 476
2491671,24 74 157
2491671,24 62 157
2493198,38 150 
2493221,71 68 
2495241,11 92 
2495241,11 65 
2495272,7 103 
2495272,7 101 
2495806,41 100 
2495806,41 3
2495806,41 2151
2495806,41 11
2497779,23 25 
2498419,03 75 
2499628,61 72 
2499698,29 70 
2501218,48 80 
2502589,93 83 
2503016,89 64 428
2503251,06 74 209
2503251,06 63 209
2503778,74 150 
2503804,56 68 
2504521,2 92 
2504521,2 65 
2504548,87 103 
2504548,87 101 
2505075,02 100 
2505075,02 3
2505075,02 2151
2505075,02 10
2507055 25 
2507935,05 75 
2509148,15 72 
2509214,24 70 
2510738,76 80 
2511799,35 83 
2512609,96 64 811
2512829,69 74 191
2512829,69 62 191
2514356,35 150 
2514386,88 68 
2515300,99 92 
2515300,99 65 
2515330,79 103 
2515330,79 101 
2515858,55 100 
2515858,55 3
2515858,55 2151
2515858,55 11
2517837,07 25 
2518410,59 75 
2519627,52 72 
2519703,12 70 
2521230,72 80 
2521608,46 83 
2523008,81 64 1400
2523199,37 74 165
2523199,37 63 165
2524224,2 150 
2524250,08 68 
2526267,91 92 
2526267,91 65 
2526299,45 103 
2526299,45 101 
2526832,2 100 
2526832,2 3
2526832,2 2151
2526832,2 11
2528819,91 25 
2529685,8 75 
2530898,45 72 
2530964,95 70 
2532487,66 80 
2533856,63 83 
2534302,59 64 446
2534539,6 74 217
2534539,6 63 217
2535067,12 150 
2535097,38 68 
2535601,82 249
2536007,87 92 
2536007,87 65 
2536042,06 103 
2536042,06 101 
2536569,77 100 
2536569,77 3
2536569,77 2151
2536569,77 10
2538548,35 25 
2539574,89 75 
2540786,93 72 
2540854,08 70 
2542378,21 80 
2542759,57 83 
2543845,48 64 1086
2544046,44 74 181
2544046,44 62 181
2545062,99 150 
2545093,05 68 
2545806,15 92 
2545806,15 65 
2545837,85 103 
2545837,85 101 
2546363,85 100 
2546363,85 3
2546363,85 2151
2546363,85 10
2548344,1 25 
2548970,95 75 
2550185,25 72 
2550263,55 70 
2551789,66 80 
2552861,9 83 
2553701,25 64 840
2553907,95 74 181
2553907,95 62 181
2555433,94 150 
2555462,67 68 
2556979,85 92 
2556979,85 65 
2557019,79 103 
2557019,79 101 
2557559,1 100 
2557559,1 3
2557559,1 2151
2557559,1 11
2559539,38 25 
2559793,08 75 
2561005,6 72 
2561072,2 70 
2562594,23 80 
2563963,81 83 
2565108,73 64 1145
2565318,05 74 195
2565318,05 63 195
2566842,83 150 
2566871,34 68 
2567483,75 249
2568389,76 92 
2568389,76 65 
2568428,23 103 
2568428,23 101 
2568955,06 100 
2568955,06 3
2568955,06 2151
2568955,06 10
2570947,9 25 
2571174,86 75 
2572386,33 72 
2572453,98 70 
2573976,85 80 
2574346,12 83 
2575560,61 64 1215
2575737,1 74 152
2575737,1 62 152
2576257,17 152 
2576279,37 69 
2577037,32 249 
2578296,2 93 
2578317,41 103 
2578317,41 101 
2580344,64 100 
2580344,64 3
2580344,64 2151
2580344,64 11
2582329,72 25 
2582356,69 75 
2583565,3 72 
2583635,92 70 
2585160,98 80 
2586221,96 83 
2587371,63 64 1151
2587585,45 74 192
2587585,45 63 192
2588604,99 150 
2588634,48 68 
2589351,96 249
2589549,23 92 
2589549,23 65 
2589579,28 103 
2589579,28 101 
2590111,28 100 
2590111,28 3
2590111,28 2151
2590111,28 11
2592098,86 25 
2592672,53 75 
2593886,97 72 
2593951,6 70 
2595477,73 80 
2596856,59 83 
2597233,93 64 378
2597465,14 74 209
2597465,14 63 209
2598487,28 150 
2598510,35 68 
2599225,12 92 
2599225,12 65 
2599255,17 103 
2599255,17 101 
2599783,49 100 
2599783,49 3
2599783,49 2151
2599783,49 10
2601761,52 25 
2602921,42 75 
2604134,02 72 
2604200,58 70 
2605727,55 80 
2607132,4 83 
2607750,69 64 618
2607936,55 74 165
2607936,55 62 165
2609466,07 150 
2609493 68 
2611008,86 92 
2611008,86 65 
2611036,9 103 
2611036,9 101 
2611563,61 100 
2611563,61 3
2611563,61 2151
2611563,61 11
2613543,16 25 
2614089,92 75 
2615304,87 72 
2615369,12 70 
2616896,67 80 
2617274,51 83 
2618237,24 64 963
2618467,4 74 207
2618467,4 63 207
2618996,62 150 
2619022,49 68 
2619168,01 249
2619366,1 173 
2621040,01 92 
2621040,01 65 
2621072,54 103 
2621072,54 101 
2621606,32 100 
2621606,32 3
2621606,32 2151
2621606,32 10
2623592,17 25 
2624005,73 75 
2625214,49 72 
2625284,9 70 
2626804,91 80 
2627176,95 83 
2627893,65 64 717
2628117,61 74 208
2628117,61 62 208
2628642,74 150 
2628671,79 68 
2629588,37 92 
2629588,37 65 
2629628,92 103 
2629628,92 101 
2630156,04 100 
2630156,04 3
2630156,04 2151
2630156,04 11
2632135,2 25 
2632828,64 75 
2634046,52 72 
2634121,17 70 
2635646,93 80 
2636719,84 83 
2637473,78 64 754
2637716,34 74 224
2637716,34 63 224
2639244,82 150 
2639267,33 68 
2639988,52 92 
2639988,52 65 
2640024,47 103 
2640024,47 101 
2640553,99 100 
2640553,99 3
2640553,99 2151
2640553,99 11
2642530,84 25 
2643624,1 75 
2644836,23 72 
2644903,27 70 
2646424,13 80 
2647794,86 83 
2648341,91 64 548
2648608,49 74 241
2648608,49 63 241
2649631,44 150 
2649662,61 68 
2651178,31 92 
2651178,31 65 
2651206,88 103 
2651206,88 101 
2651741,45 100 
2651741,45 3
2651741,45 2151
2651741,45 11
2653726,06 25 
2654592,84 75 
2655805,95 72 
2655871,93 70 
2657394,99 80 
2658763,55 83 
2659458,63 64 695
2659707,71 74 225
2659707,71 63 225
2660231,51 150 
2660258,18 68 
2662277,89 92 
2662277,89 65 
2662308,33 103 
2662308,33 101 
2662835,61 100 
2662835,61 3
2662835,61 2151
2662835,61 10
2664814,63 25 
2665294,77 75 
2666505,01 72 
2666574,09 70 
2668099,63 80 
2668466,16 83 
2669407,16 64 942
2669636,66 74 198
2669636,66 62 198
2671166,36 152 
2671199,41 69 
2671915,75 93 
2671930,95 103 
2671930,95 101 
2673957,63 100 
2673957,63 3
2673957,63 2151
2673957,63 10
2675943,31 25 
2685942,98 254 
2685964,91 101 
2687977,37 100 
2687977,37 3
2687977,37 2151
2687977,37 10
2687977,37 25 
2694362,41 75 
2695572,57 72 
2695641,68 70 
2697168,16 80 
2698226,8 83 
2698824,39 64 598
2699025,87 74 187
2699025,87 62 187
2700053,07 150 
2700081,22 68 
2700996,46 92 
2700996,46 65 
2701025,34 103 
2701025,34 101 
2701561,93 100 
2701561,93 3
2701561,93 2151
2701561,93 11
2703544,83 25 
2704611,39 75 
2705825,49 72 
2705904,13 70 
2707452,04 80 
2708822,25 83 
2710018,11 64 1196
2710236,42 74 188
2710236,42 63 188
2711261,46 150 
2711289,84 68 
2711854,49 249
2713304,29 92 
2713304,29 65 
2713340,01 103 
2713340,01 101 
2713866,14 100 
2713866,14 3
2713866,14 2151
2713866,14 11
2715846,34 25 
2716153,16 75 
2717364,82 72 
2717432,36 70 
2718955,15 80 
2720030,85 83 
2720554,75 64 524
2720765,25 74 188
2720765,25 63 188
2722291,03 150 
2722324,27 68 
2723233,19 92 
2723233,19 65 
2723255,8 103 
2723255,8 101 
2723783,03 100 
2723783,03 3
2723783,03 2151
2723783,03 10
2725762,06 25 
2726442,14 75 
2727652,4 72 
2727721,33 70 
2729237,8 80 
2729613,44 83 
2730576,14 64 963
2730775,64 74 176
2730775,64 62 176
2731302,23 150 
2731334,59 68 
2732844,45 92 
2732844,45 65 
2732878,4 103 
2732878,4 101 
2733409,74 100 
2733409,74 3
2733409,74 2151
2733409,74 11
2735384,76 25 
2735664,91 75 
2736871,99 72 
2736944,1 70 
2738466,25 80 
2738836,21 83 
2741636,9 64 2802
2741813,2 74 152
2741813,2 62 152
2742329,87 151 
2742356,27 69 
2743075,14 93 
2743100,71 103 
2743100,71 101 
2745126,72 100 
2745126,72 3
2745126,72 2151
2745126,72 10
2747112,99 25 
2747140,68 75 
2748353,79 72 
2748419,25 70 
2749943,09 80 
2751310,86 83 
2751598,69 64 288
2751812,21 74 195
2751812,21 62 195
2752832,79 150 
2752858,95 68 
2754872,56 92 
2754872,56 65 
2754895,7 103 
2754895,7 101 
2755423,22 100 
2755423,22 3
2755423,22 2151
2755423,22 10
2757401,97 25 
2757668,96 75 
2758883,7 72 
2758948,2 70 
2760471,39 80 
2761533,2 83 
2762076,54 64 544
2762264,26 74 158
2762264,26 62 158
2763792,84 150 
2763814,03 68 
2764139,34 249
2764271,36 172 
2764526,22 92 
2764526,22 65 
2764558,22 103 
2764558,22 101 
2765094,05 100 
2765094,05 3
2765094,05 2151
2765094,05 11
2767078,05 25 
2767544,68 75 
2768751,68 72 
2768823,93 70 
2770349,9 80 
2770716,04 83 
2771558,12 64 843
2771815,97 74 234
2771815,97 63 234
2772340,84 150 
2772370,53 68 
2772960,27 249
2773285,07 92 
2773285,07 65 
2773314,53 103 
2773314,53 101 
2773840,6 100 
2773840,6 3
2773840,6 2151
2773840,6 11
2775820,8 25 
2777700,49 75 
2778913,38 72 
2778979,58 70 
2780500,96 80 
2781871,36 83 
2782381,22 64 511
2782584,92 74 181
2782584,92 63 181
2783612,4 152 
2783632,45 69 
2785143,87 93 
2785162,85 103 
2785162,85 101 
2787190,13 100 
2787190,13 3
2787190,13 2151
2787190,13 10
2789175,2 25 
2789202,17 75 
2790411,89 72 
2790481,42 70 
2792004,68 80 
2793066,53 83 
2793528,62 64 462
2793725,96 74 180
2793725,96 62 180
2795252,88 150 
2795279,96 68 
2797293,48 92 
2797293,48 65 
2797331 103 
2797331 101 
2797863,15 100 
2797863,15 3
2797863,15 2151
2797863,15 10
2799837,4 25 
2800250,96 75 
2801463,66 72 
2801529,96 70 
2803051,53 80 
2804115,13 83 
2804552,41 64 438
2804744,84 74 177
2804744,84 62 177
2805273,6 150 
2805303,26 68 
2806019,34 92 
2806019,34 65 
2806047,27 103 
2806047,27 101 
2806575,56 100 
2806575,56 3
2806575,56 2151
2806575,56 11
2808553,57 25 
2809167,14 75 
2810382,53 72 
2810646,26 70 
2812317 80 
2812884,79 83 
2813807,5 64 923
2814026 74 196
2814026 63 196
2815550,75 150 
2815578,76 68 
2817095,06 92 
2817095,06 65 
2817135,96 103 
2817135,96 101 
2817663,03 100 
2817663,03 3
2817663,03 2151
2817663,03 10
2819642,2 25 
2819962,46 75 
2821172,59 72 
2821241,59 70 
2822766,29 80 
2824133,27 83 
2824550,55 64 417
2824722,84 74 151
2824722,84 62 151
2825739,82 150 
2825774,56 68 
2826691,79 92 
2826691,79 65 
2826731,82 103 
2826731,82 101 
2827268,81 100 
2827268,81 3
2827268,81 2151
2827268,81 10
2829251,48 25 
2830011,54 75 
2831220,18 72 
2831290,75 70 
2832810,31 80 
2833182,78 83 
2833897,2 64 715
2834114,67 74 199
2834114,67 62 199
2835139,73 150 
2835170,43 68 
2836083,83 92 
2836083,83 65 
2836114,49 103 
2836114,49 101 
2836642,2 100 
2836642,2 3
2836642,2 2151
2836642,2 10
2838620,85 25 
2839127,61 75 
2840340,92 72 
2840406,86 70 
2841937,07 80 
2843311,82 83 
2843651,86 64 341
2843831,34 74 160
2843831,34 62 160
2844352,57 150 
2844379,95 68 
2845092,86 92 
2845092,86 65 
2845124,04 103 
2845124,04 101 
2845650,98 100 
2845650,98 3
2845650,98 2151
2845650,98 11
2847630,27 25 
2848190,42 75 
2849402,71 72 
2849469,66 70 
2850992,08 80 
2852054,77 83 
2852707,38 64 653
2852963,96 74 230
2852963,96 63 230
2854491,83 150 
2854521,92 68 
2856035,45 92 
2856035,45 65 
2856066,07 103 
2856066,07 101 
2856599,64 100 
2856599,64 3
2856599,64 2151
2856599,64 11
2858585,78 25 
2859279,06 75 
2860490,65 72 
2860558,28 70 
2862083,48 80 
2863463,22 83 
2863805,93 64 344
2864039,88 74 204
2864039,88 63 204
2864557,87 150 
2864584,64 68 
2865606,6 249
2866599,94 92 
2866599,94 65 
2866634,95 103 
2866634,95 101 
2867162,81 100 
2867162,81 3
2867162,81 2151
2867162,81 10
2869141,19 25 
2869434,77 75 
2870651,58 72 
2870727,32 70 
2872248,41 80 
2873325,78 83 
2874471,51 64 1146
2874673,36 74 188
2874673,36 62 188
2876197,27 150 
2876219,06 68 
2876930,18 92 
2876930,18 65 
2876964,88 103 
2876964,88 101 
2877491,66 100 
2877491,66 3
2877491,66 2151
2877491,66 11
2879470,09 25 
2881189,79 75 
2882401,06 72 
2882468,97 70 
2883995,3 80 
2884361,08 83 
2885332,34 64 972
2885581,96 74 235
2885581,96 63 235
2886608,01 150 
2886641,95 68 
2887729,93 249
2888151,89 92 
2888151,89 65 
2888185,7 103 
2888185,7 101 
2888718,52 100 
2888718,52 3
2888718,52 2151
2888718,52 11
2890705,42 25 
2891372,12 75 
2892579,52 72 
2892651,24 70 
2894170,15 80 
2895542,93 83 
2896114,62 64 572
2896339,33 74 197
2896339,33 63 197
2897361,57 150 
2897383,3 68 
2898303,57 92 
2898303,57 65 
2898341,44 103 
2898341,44 101 
2898868,96 100 
2898868,96 3
2898868,96 2151
2898868,96 10
2900847,69 25 
2901407,87 75 
2902620,38 72 
2902687,05 70 
2904218,66 80 
2905298,85 83 
2906745,75 64 1447
2906929,84 74 166
2906929,84 62 166
2907450,98 150 
2907473,09 68 
2909490,62 92 
2909490,62 65 
2909523,33 103 
2909523,33 101 
2910050,2 100 
2910050,2 3
2910050,2 2151
2910050,2 11
2912029,6 25 
2914029,12 75 
2915239,42 72 
2915548,22 70 
2917168,47 80 
2917533,62 83 
2918680,64 64 1147
2918921,31 74 215
2918921,31 63 215
2920448,88 150 
2920481 68 
2921194,36 92 
2921194,36 65 
2921225 103 
2921225 101 
2921760,11 100 
2921760,11 3
2921760,11 2151
2921760,11 10
2923744,74 25 
2924424,82 75 
2925638,96 72 
2925717,2 70 
2927242,19 80 
2928622,21 83 
2928970,08 64 349
2929149,16 74 154
2929149,16 62 154
2929666,58 152 
2929690,51 69 
2931702,16 93 
2931727,23 103 
2931727,23 101 
2933753,02 100 
2933753,02 3
2933753,02 2151
2933753,02 11
2935739,56 25 
2935766,81 75 
2936979,54 72 
2937045,76 70 
2938568,78 80 
2938937,85 83 
2941506,3 64 2569
2941701,21 74 178
2941701,21 63 178
2943228,04 150 
2943257,9 68 
2943697,39 249
2944771,99 92 
2944771,99 65 
2944801,66 103 
2944801,66 101 
2945327,56 100 
2945327,56 3
2945327,56 2151
2945327,56 10
2947307,95 25 
2947708,21 75 
2948919,5 72 
2948987,39 70 
2950512,92 80 
2951573,49 83 
2952184,57 64 612
2952427,88 74 217
2952427,88 62 217
2953445,92 150 
2953479,61 68 
2954389,58 92 
2954389,58 65 
2954424,23 103 
2954424,23 101 
2957159,48 102 
