76,3 100 
76,3 4
76,3 2130
76,3 11
2037,44 25 
12038,38 254 
12058,06 101 
14056,99 100 
14056,99 4
14056,99 2130
14056,99 11
14056,99 25 
14084,27 75 
15295,38 72 
15536,27 70 
17096,39 80 
18310,28 250 
18324,13 101 
20335 100 
20335 4
20335 2130
20335 11
20335 25 
21214,96 75 
22424 72 
22614,12 70 
24276,67 80 
25479,05 83 
25787,39 64 308
25824,73 256 
26063,95 74 250
26063,95 63 250
27077,49 151 
27105,42 69 
28616,29 93 
28639,36 103 
28639,36 101 
30665,06 100 
30665,06 4
30665,06 2130
30665,06 10
32649,68 25 
32677,32 75 
33883,26 72 
33955,91 70 
35474,07 80 
36834,22 83 
37303,78 64 470
37505,37 74 177
37505,37 61 177
38018,12 151 
38034,56 69 
40046,9 93 
40059,18 103 
40059,18 101 
42086,37 100 
42086,37 4
42086,37 2130
42086,37 10
44071,44 25 
44112,26 75 
45322,2 72 
45391,04 70 
46906,61 80 
47269,89 83 
47909,54 64 640
48064,21 74 127
48064,21 62 127
49576,39 150 
49602,36 68 
50316 92 
50316 65 
50334,71 103 
50334,71 101 
50864,65 100 
50864,65 4
50864,65 2130
50864,65 10
52841,06 25 
52868,41 75 
54076,33 72 
54147,24 70 
55666,69 80 
56039,34 83 
56910,4 64 871
57097,81 74 166
57097,81 62 166
57605,91 152 
57626,48 69 
58536,71 93 
58557,89 103 
58557,89 101 
60585,72 100 
60585,72 4
60585,72 2130
60585,72 11
62570,21 25 
62597,59 75 
63804,29 72 
63876,49 70 
65390,42 80 
66754,7 83 
67252,88 64 499
67443,48 74 169
67443,48 62 169
68451,99 151 
68475,52 69 
69984,64 93 
70006,45 103 
70006,45 101 
72033,81 100 
72033,81 4
72033,81 2130
72033,81 10
74018,62 25 
74045,92 75 
75254,76 72 
75324,82 70 
76847,88 80 
77909,94 83 
78492,92 64 584
78669,22 74 160
78669,22 61 160
80182,84 151 
80204,34 69 
80911,97 93 
80934,97 103 
80934,97 101 
82966,4 100 
82966,4 4
82966,4 2130
82966,4 11
84947,25 25 
84974,31 75 
86181,94 72 
86253,51 70 
87776,55 80 
89145,27 83 
89637,15 64 492
89816,34 74 165
89816,34 62 165
91325,02 151 
91345,36 69 
92258,21 93 
92276,77 103 
92276,77 101 
94306,16 100 
94306,16 4
94306,16 2130
94306,16 11
96289,08 25 
96316,62 75 
97526,19 72 
97595,25 70 
99109,15 80 
100167,14 83 
100514,64 64 348
100679,88 74 140
100679,88 62 140
101189,16 151 
101208,18 69 
103220,27 93 
103232,1 103 
103232,1 101 
105260,33 100 
105260,33 4
105260,33 2130
105260,33 10
107244,41 25 
107272,23 75 
108480,3 72 
108550,54 70 
110075,99 80 
110442,65 83 
111184,64 64 743
111338,09 74 136
111338,09 61 136
112346,51 151 
112377,03 69 
113083,63 93 
113094,47 103 
113094,47 101 
115125,35 100 
115125,35 4
115125,35 2130
115125,35 11
117106,77 25 
117134,07 75 
118343,91 72 
118412,96 70 
119930,64 80 
121291,36 83 
121696,12 64 405
121860,4 74 143
121860,4 62 143
122368,7 151 
122398,26 69 
123780,98 249 
123909,86 93 
123929,84 103 
123929,84 101 
125959,39 100 
125959,39 4
125959,39 2130
125959,39 11
127942,17 25 
127969,99 75 
129179,28 72 
129368,42 70 
130890,39 80 
131953,41 83 
132323,75 64 371
132555,39 74 216
132555,39 63 216
133564,54 151 
133593,98 69 
134503,56 93 
134525,33 103 
134525,33 101 
136551,46 100 
136551,46 4
136551,46 2130
136551,46 10
138537,63 25 
138564,84 75 
139776,56 72 
139843,84 70 
141358,86 80 
141709,3 83 
142870,22 64 1161
143096,14 74 201
143096,14 61 201
144606,99 151 
144629,17 69 
146640,73 93 
146653,41 103 
146653,41 101 
148692,56 100 
148692,56 4
148692,56 2130
148692,56 11
150665,77 25 
150693,27 75 
151899,65 72 
151971,91 70 
153487,35 80 
154543,72 83 
155011,15 64 468
155191,04 74 168
155191,04 62 168
156703,3 151 
156730,66 69 
157438,87 93 
157449,03 103 
157449,03 101 
159476,73 100 
159476,73 4
159476,73 2130
159476,73 11
161461,19 25 
161488,86 75 
162698,24 72 
162767,34 70 
164280 80 
164632,83 83 
165290,55 64 658
165508,99 74 197
165508,99 62 197
166019,5 151 
166046,96 69 
167555,81 93 
167577,78 103 
167577,78 101 
169605,65 100 
169605,65 4
169605,65 2130
169605,65 11
171590,12 25 
171617,53 75 
172824,5 72 
172896,31 70 
174418,04 80 
175787,94 83 
176155,1 64 368
176326,28 74 152
176326,28 61 152
177335,69 150 
177362,56 68 
179373,08 92 
179373,08 65 
179399,38 103 
179399,38 101 
179931,87 100 
179931,87 4
179931,87 2130
179931,87 10
181919,01 25 
181946,86 75 
183155,95 72 
183225,19 70 
184743,46 80 
185103,96 83 
186197,55 64 1094
186375,25 74 165
186375,25 61 165
187882,6 151 
187904,69 69 
188816,39 93 
188835,3 103 
188835,3 101 
190863,78 100 
190863,78 4
190863,78 2130
190863,78 11
192847,66 25 
192875,19 75 
194083,26 72 
194153,83 70 
195669,91 80 
196725,72 83 
197292,15 64 567
197468,96 74 157
197468,96 61 157
198480,34 150 
198500,23 68 
198966,41 249
199211,46 92 
199211,46 65 
199230,87 103 
199230,87 101 
199757,43 100 
199757,43 4
199757,43 2130
199757,43 10
201737,24 25 
201764,62 75 
202974,58 72 
203045,18 70 
204557,17 80 
205921,72 83 
205958,18 64 37
206162,7 74 189
206162,7 61 189
206676,05 151 
206695,93 69 
208207,75 93 
208227,03 103 
208227,03 101 
210258,16 100 
210258,16 4
210258,16 2130
210258,16 10
212239,33 25 
212267,56 75 
213475,1 72 
213545,54 70 
213861,51 250 
213877,86 101 
215877,97 100 
215877,97 4
215877,97 2130
215877,97 10
215877,97 25 
215905,15 75 
216306,63 250 
216316,41 101 
218330,11 100 
218330,11 4
218330,11 2130
218330,11 10
218330,11 25 
218356,41 75 
219564,31 72 
219582,09 70 
220791,57 80 
221861,57 83 
222421,5 64 560
222588,75 74 142
222588,75 61 142
223597,05 153 
223621,87 68 
224032,94 249
224533,23 92 
224533,23 65 
224553,32 103 
224553,32 101 
225081,36 100 
225081,36 4
225081,36 2130
225081,36 10
227059,64 25 
227087,14 75 
228296,71 72 
228365,87 70 
229879,28 80 
231417,45 83 
231673,44 64 256
231847,05 74 150
231847,05 61 150
233360,53 151 
233391,02 69 
235402,99 93 
235415,34 103 
235415,34 101 
237445,33 100 
237445,33 4
237445,33 2130
237445,33 10
239427,67 25 
239455,2 75 
240662,82 72 
240733,88 70 
242249,67 80 
242599,3 83 
243441,84 64 843
243642,59 74 178
243642,59 61 178
244151,77 151 
244173,89 69 
245083,24 93 
245104,54 103 
245104,54 101 
247136,1 100 
247136,1 4
247136,1 2130
247136,1 10
249116,82 25 
249157,54 75 
250365,09 72 
250436,34 70 
251943,13 80 
253021,51 83 
253397,25 64 376
253565,12 74 144
253565,12 61 144
254073,86 151 
254102,92 69 
256113,76 93 
256126,48 103 
256126,48 101 
258152,94 100 
258152,94 4
258152,94 2130
258152,94 11
260138,76 25 
260166,35 75 
261377,23 72 
261444,97 70 
262959,4 80 
263323,92 83 
264128,71 64 806
264329,8 74 180
264329,8 61 180
265339,77 150 
265364,01 68 
265734,87 249
266073,03 92 
266073,03 65 
266095,52 103 
266095,52 101 
266623,51 100 
266623,51 4
266623,51 2130
266623,51 11
268601,8 25 
269108,65 75 
270318,51 72 
270387,89 70 
271900,73 80 
273266,11 83 
273465,51 64 199
273632,11 74 153
273632,11 61 153
275143,93 150 
275173,12 68 
275688,95 249
276682,1 92 
276682,1 65 
276704,28 103 
276704,28 101 
277240,97 100 
277240,97 4
277240,97 2130
277240,97 11
279223,91 25 
279437,49 75 
280645,34 72 
280716,69 70 
282231 80 
282595,46 83 
283530,45 64 934
283728,67 74 174
283728,67 61 174
285239,6 150 
285262,06 68 
285703,36 249
286770,16 92 
286770,16 65 
286793,32 103 
286793,32 101 
287320,01 100 
287320,01 4
287320,01 2130
287320,01 10
289299,63 25 
289526,6 75 
290734,44 72 
290805,74 70 
292321,3 80 
293377,52 83 
294082,97 64 706
294264,78 74 168
294264,78 61 168
294775,65 153 
294804,73 68 
295238,07 249
295512,87 92 
295512,87 65 
295536,27 103 
295536,27 101 
296062,74 100 
296062,74 4
296062,74 2130
296062,74 10
298042,5 25 
298469,36 75 
299679,48 72 
299748,58 70 
301259,17 80 
302626,87 83 
302946,75 64 321
303133,19 74 160
303133,19 61 160
304145,49 151 
304174,78 69 
305082,81 93 
305092,34 103 
305092,34 101 
307121,22 100 
307121,22 4
307121,22 2130
307121,22 11
309104,42 25 
309132,25 75 
310340,94 72 
310410,79 70 
311926,18 80 
313275,6 83 
313444,3 64 169
313502,69 256 
313723,01 74 261
313723,01 61 261
314235,36 150 
314262,98 68 
314756,92 249
316274,54 92 
316274,54 65 
316287,41 103 
316287,41 101 
316815,34 100 
316815,34 4
316815,34 2130
316815,34 11
318793,6 25 
318820,97 75 
320029,27 72 
320099,89 70 
321611,32 80 
322671,58 83 
323223,27 64 552
323422,16 74 178
323422,16 61 178
324432,71 150 
324458,58 68 
325012,28 249
325369,32 92 
325369,32 65 
325391,11 103 
325391,11 101 
325920,11 100 
325920,11 4
325920,11 2130
325920,11 10
327896,34 25 
328283,22 75 
329490,73 72 
329563,94 70 
331078,53 80 
331427,86 83 
332339,02 64 912
332517,27 74 157
332517,27 61 157
334027,72 151 
334054,53 69 
335565,92 93 
335585,71 103 
335585,71 101 
337621,08 100 
337621,08 4
337621,08 2130
337621,08 10
339598,01 25 
339639,22 75 
340847,12 72 
341050,9 70 
342568,43 80 
343929,13 83 
344214,38 64 285
344410,29 74 175
344410,29 61 175
344921,33 151 
344943,22 69 
345651,74 93 
345661,6 103 
345661,6 101 
347690,24 100 
347690,24 4
347690,24 2130
347690,24 10
349673,69 25 
349701,15 75 
350910,29 72 
350979,91 70 
352502,79 80 
353565,15 83 
354452,77 64 888
354637,11 74 166
354637,11 61 166
356146,64 151 
356165,11 69 
358173,98 93 
358189,35 103 
358189,35 101 
360216,54 100 
360216,54 4
360216,54 2130
360216,54 11
362201,68 25 
362229,2 75 
363435,87 72 
363507,86 70 
365024,52 80 
365386,88 83 
366293,67 64 908
366468,23 74 162
366468,23 61 162
367475,98 150 
367506,79 68 
368001,93 249
369517,89 92 
369517,89 65 
369531,4 103 
369531,4 101 
370064,05 100 
370064,05 4
370064,05 2130
370064,05 10
372050,79 25 
372451 75 
373660,24 72 
373730,13 70 
375244,77 80 
375595,57 83 
376929,44 64 1334
377138,49 74 184
377138,49 61 184
378647,1 151 
378676,18 69 
379584,11 93 
379593,54 103 
379593,54 101 
381620,2 100 
381620,2 4
381620,2 2130
381620,2 10
383605,79 25 
383633,07 75 
384840,74 72 
384911,96 70 
386429,65 80 
387483,81 83 
388107,84 64 625
388283 74 160
388283 62 160
389292,03 150 
389310,76 68 
390018,91 92 
390018,91 65 
390042,35 103 
390042,35 101 
390573,83 100 
390573,83 4
390573,83 2130
390573,83 10
392548,74 25 
392843,35 75 
394052,05 72 
394121,42 70 
395637,74 80 
397013,05 83 
397330,81 64 318
397515,98 74 170
397515,98 62 170
398027,02 150 
398054,54 68 
398444,83 249
398501 172 
399562,59 92 
399562,59 65 
399585,03 103 
399585,03 101 
400121,45 100 
400121,45 4
400121,45 2130
400121,45 11
402104,53 25 
402464,83 75 
403673,11 72 
403743,9 70 
405256,21 80 
406608,95 83 
406821,4 64 213
407006,01 74 171
407006,01 61 171
407515,48 150 
407543,82 68 
409554,17 92 
409554,17 65 
409567,48 103 
409567,48 101 
410093,9 100 
410093,9 4
410093,9 2130
410093,9 11
412073,59 25 
412220,86 75 
413431,45 72 
413499,76 70 
415008,71 80 
416071,59 83 
416409,51 64 338
416609,01 74 178
416609,01 62 178
418117,65 151 
418138,41 69 
419649,99 93 
419669,62 103 
419669,62 101 
421697,73 100 
421697,73 4
421697,73 2130
421697,73 11
423681,92 25 
423709,23 75 
424919,45 72 
424988,15 70 
426506,05 80 
426866,96 83 
427575,27 64 709
427766,45 74 167
427766,45 61 167
428779,87 150 
428800,52 68 
429512,17 92 
429512,17 65 
429532,16 103 
429532,16 101 
430064,16 100 
430064,16 4
430064,16 2130
430064,16 11
432038,54 25 
432465,47 75 
433675,04 72 
433744,41 70 
435257,32 80 
435623,17 83 
436341,79 64 719
436524,89 74 169
436524,89 61 169
437535,77 152 
437557,49 69 
438467,8 93 
438488,38 103 
438488,38 101 
440520,69 100 
440520,69 4
440520,69 2130
440520,69 11
442501,51 25 
445379,66 75 
446589,73 72 
446912,12 70 
448648,5 80 
449963,68 83 
450245,1 64 282
450407,76 74 138
450407,76 61 138
450917,28 150 
450937,75 68 
451647,97 92 
451647,97 65 
451669,24 103 
451669,24 101 
452196,38 100 
452196,38 4
452196,38 2130
452196,38 11
454188,89 25 
454455,89 75 
455665,09 72 
455854,89 70 
457517,42 80 
458999,8 83 
459173,82 64 175
459353,69 74 155
459353,69 61 155
460863,41 150 
460880,25 68 
462387,74 92 
462387,74 65 
462411,29 103 
462411,29 101 
462943,12 100 
462943,12 4
462943,12 2130
462943,12 11
464917,84 25 
465211,16 75 
466420,13 72 
466490,36 70 
468011,72 80 
469257,02 250 
469274,95 101 
471288,31 100 
471288,31 4
471288,31 2130
471288,31 11
471288,31 25 
471329,11 75 
472538,18 72 
472607,73 70 
474119,23 80 
475486,01 83 
476264,82 64 779
476470,21 74 185
476470,21 61 185
476979,61 150 
477006,12 68 
477078,1 249
477914,19 92 
477914,19 65 
477937,98 103 
477937,98 101 
478464,29 100 
478464,29 4
478464,29 2130
478464,29 10
480445,41 25 
480524,67 75 
481734,44 72 
481803,81 70 
483318,94 80 
484375,71 83 
484822,8 64 448
484996,65 74 155
484996,65 62 155
486507 152 
486535,8 69 
487622,27 249 
487691,61 182 
488546,33 93 
488560,08 103 
488560,08 101 
490586,89 100 
490586,89 4
490586,89 2130
490586,89 10
492572,46 25 
492600,42 75 
493809,23 72 
493878,6 70 
495395,16 80 
495744,08 83 
496895,31 64 1151
497071,85 74 156
497071,85 62 156
498083,8 150 
498104,16 68 
500115,53 92 
500115,53 65 
500141,82 103 
500141,82 101 
500675,82 100 
500675,82 4
500675,82 2130
500675,82 11
502661,42 25 
502808,4 75 
504015,17 72 
504087,58 70 
505602,23 80 
505966,33 83 
506879,97 64 914
507045,85 74 147
507045,85 61 147
508054,43 150 
508073,96 68 
509581,67 92 
509581,67 65 
509604,4 103 
509604,4 101 
510131,83 100 
510131,83 4
510131,83 2130
510131,83 10
512110,76 25 
512510,9 75 
513720,88 72 
513790,05 70 
515303,87 80 
516362,65 83 
516754,96 64 394
516951,67 74 178
516951,67 62 178
517459,61 150 
517482,66 68 
518190,96 92 
518190,96 65 
518214,15 103 
518214,15 101 
518740,25 100 
518740,25 4
518740,25 2130
518740,25 10
520720,27 25 
520813,96 75 
522024,37 72 
522093,11 70 
523607,82 80 
524958,2 83 
525015,83 64 58
525204,12 74 166
525204,12 62 166
526717,22 150 
526745,92 68 
527657,32 92 
527657,32 65 
527676,6 103 
527676,6 101 
528213,08 100 
528213,08 4
528213,08 2130
528213,08 11
530196,3 25 
530623,15 75 
531830,85 72 
531902,27 70 
533419,15 80 
534780,58 83 
535070,77 64 291
535237,61 74 151
535237,61 61 151
536246,93 150 
536275,3 68 
537784,61 92 
537784,61 65 
537805,61 103 
537805,61 101 
538332,41 100 
538332,41 4
538332,41 2130
538332,41 10
540311,9 25 
540965,32 75 
542173,18 72 
542244,51 70 
543758,57 80 
544123,26 83 
544835,14 64 712
545010,74 74 155
545010,74 62 155
546520,02 150 
546536,84 68 
547247,3 92 
547247,3 65 
547268,2 103 
547268,2 101 
547799,12 100 
547799,12 4
547799,12 2130
547799,12 11
549774,47 25 
550108,17 75 
551316,42 72 
551387,24 70 
552898,32 80 
553972,37 83 
554385,08 64 413
554571,51 74 173
554571,51 61 173
555079,94 150 
555107,53 68 
557117,62 92 
557117,62 65 
557144,17 103 
557144,17 101 
557680,97 100 
557680,97 4
557680,97 2130
557680,97 10
559650,27 25 
560010,52 75 
561217,56 72 
561449,76 70 
563012,58 80 
563595 83 
564475,91 64 882
564673,88 74 173
564673,88 62 173
566183,88 150 
566208,25 68 
567120,93 92 
567120,93 65 
567139,69 103 
567139,69 101 
567665,94 100 
567665,94 4
567665,94 2130
567665,94 11
569645,96 25 
570152,84 75 
571360,24 72 
571432 70 
572946,17 80 
574003,81 83 
574296,97 64 294
574475,27 74 165
574475,27 61 165
575484,19 150 
575511,79 68 
576219,01 92 
576219,01 65 
576242,44 103 
576242,44 101 
576769,42 100 
576769,42 4
576769,42 2130
576769,42 11
578748,79 25 
579015,72 75 
580225,24 72 
580294,9 70 
581818,76 80 
583186,48 83 
583630,96 64 445
583821,48 74 169
583821,48 62 169
584334,53 151 
584361,24 69 
585996,13 249 
586369,64 93 
586384,78 103 
586384,78 101 
588418,98 100 
588418,98 4
588418,98 2130
588418,98 10
590397,12 25 
590425,11 75 
591632,25 72 
591703,48 70 
593218,58 80 
594275,13 83 
594560,48 64 285
594728,24 74 147
594728,24 62 147
595235,73 150 
595262,47 68 
596774,27 92 
596774,27 65 
596793,69 103 
596793,69 101 
597320,04 100 
597320,04 4
597320,04 2130
597320,04 10
599299,96 25 
600007 75 
601215,45 72 
601285,87 70 
602813,66 80 
603177,94 83 
603935,3 64 758
604134,44 74 184
604134,44 62 184
605146,24 150 
605165,67 68 
606078,05 92 
606078,05 65 
606096,4 103 
606096,4 101 
606623,44 100 
606623,44 4
606623,44 2130
606623,44 10
608602,64 25 
609042,88 75 
610250,27 72 
610322 70 
611841,94 80 
613159,4 250 
613173,25 101 
615186,49 100 
615186,49 4
615186,49 2130
615186,49 10
615186,49 25 
615213,5 75 
616423,53 72 
616492,73 70 
618012,01 80 
619371 83 
619791,13 64 421
619972,32 74 162
619972,32 62 162
621481,02 150 
621505,38 68 
622416,9 92 
622416,9 65 
622435,95 103 
622435,95 101 
622968,61 100 
622968,61 4
622968,61 2130
622968,61 10
624942,45 25 
625315,81 75 
626524,87 72 
626594,96 70 
628115,49 80 
629180,1 83 
629816,3 64 636
630038,86 74 206
630038,86 62 206
631546,71 150 
631567,58 68 
632276,12 92 
632276,12 65 
632298,38 103 
632298,38 101 
632825,78 100 
632825,78 4
632825,78 2130
632825,78 11
634804,76 25 
635338,24 75 
636546,57 72 
636617,39 70 
638131,86 80 
639482,51 83 
640059,71 64 578
640252,72 74 171
640252,72 61 171
640763,01 152 
640789,67 69 
642298,4 93 
642320,78 103 
642320,78 101 
644351,01 100 
644351,01 4
644351,01 2130
644351,01 11
646333,11 25 
646360,94 75 
647569,27 72 
647639,32 70 
649160,42 80 
649531,47 83 
650637,58 64 1107
650804,94 74 154
650804,94 61 154
651814,68 150 
651839,06 68 
652590,25 249
653848,38 92 
653848,38 65 
653862,49 103 
653862,49 101 
654402,18 100 
654402,18 5
654402,18 2130
654402,18 10
654402,18 78 
654402,18 198 
656382,1 25 
656409,74 75 
657618,8 72 
657688,29 70 
659206,51 80 
660579,97 83 
660945,51 64 366
661134,99 74 169
661134,99 62 169
661646,7 151 
661674,87 69 
663654,86 249 
663685,35 93 
663698,27 103 
663698,27 101 
665725,7 100 
665725,7 5
665725,7 2130
665725,7 11
667710,57 25 
667737,95 75 
668948,47 72 
669190,06 70 
670798,97 80 
671165,15 83 
672033,6 64 872
672222,76 74 168
672222,76 61 168
673730,64 151 
673762,11 69 
675272,62 93 
675293,28 103 
675293,28 101 
677319,5 100 
677319,5 5
677319,5 2130
677319,5 11
679305,64 25 
679333,37 75 
680540,45 72 
680611,84 70 
682134,59 80 
683196,94 83 
684075,25 64 879
684267,72 74 179
684267,72 62 179
685276,74 150 
685303,84 68 
686214,86 92 
686214,86 65 
686235,27 103 
686235,27 101 
686769,02 100 
686769,02 5
686769,02 2130
686769,02 10
688741,82 25 
689021,77 75 
690232,32 72 
690300,95 70 
691823,47 80 
693192,75 83 
693822,12 64 630
694003,16 74 158
694003,16 61 158
694513,8 151 
694541,85 69 
694651,3 249 
695250,2 93 
695271,38 103 
695271,38 101 
697299,16 100 
697299,16 5
697299,16 2130
697299,16 11
699283,76 25 
699311,19 75 
700518,67 72 
700589,9 70 
702108,48 80 
703174,99 83 
703700,91 64 526
703882,44 74 161
703882,44 62 161
705394,03 150 
705416,1 68 
706930,34 92 
706930,34 65 
706946,42 103 
706946,42 101 
707475,61 100 
707475,61 5
707475,61 2130
707475,61 11
709452,62 25 
709599,72 75 
710808,08 72 
710878,9 70 
712398,26 80 
712770,93 83 
713783,7 64 1014
713967,97 74 171
713967,97 62 171
714978,58 150 
714998,5 68 
717009,77 92 
717009,77 65 
717035,38 103 
717035,38 101 
717567,74 100 
717567,74 5
717567,74 2130
717567,74 10
719555,03 25 
719915,23 75 
721122,6 72 
721194,42 70 
722710,26 80 
723073,13 83 
723930,8 64 858
724113,26 74 161
724113,26 61 161
725624,81 151 
725646,54 69 
726556,27 93 
726577,98 103 
726577,98 101 
728605,26 100 
728605,26 5
728605,26 2130
728605,26 11
730590,29 25 
730617,6 75 
731824,56 72 
731896,44 70 
733417,85 80 
734788,15 83 
735004,26 64 216
735197,98 74 170
735197,98 62 170
735709,34 152 
735735,53 69 
736446,57 93 
736467,03 103 
736467,03 101 
738494,78 100 
738494,78 5
738494,78 2130
738494,78 10
740479,37 25 
740519,99 75 
741728,82 72 
741799,01 70 
743314,99 80 
744370,65 83 
744933,31 64 563
745125,51 74 168
745125,51 62 168
746137,35 151 
746158,45 69 
747066,79 93 
747089,12 103 
747089,12 101 
749118,11 100 
749118,11 5
749118,11 2130
749118,11 10
751101,46 25 
751129,09 75 
752336,42 72 
752407,66 70 
753925,95 80 
755285,96 83 
755864,58 64 579
756076,46 74 191
756076,46 63 191
757587,91 150 
757607,01 68 
758197,87 249
758317,84 92 
758317,84 65 
758337,64 103 
758337,64 101 
758866,2 100 
758866,2 5
758866,2 2130
758866,2 11
760844,05 25 
760924,43 75 
762132,06 72 
762203,46 70 
763721,5 80 
764788,64 83 
765187,11 64 399
765419,21 74 218
765419,21 63 218
766428,01 151 
766456,41 69 
767669,41 249 
768367,77 183 
768464 93 
768480,02 103 
768480,02 101 
770506,82 100 
770506,82 5
770506,82 2130
770506,82 11
772492,3 25 
772519,58 75 
773726,97 72 
773958,49 70 
775608,97 80 
776143,75 83 
777129,75 64 987
777370,67 74 215
777370,67 63 215
777880,47 151 
777904,95 69 
778595,77 249 
779336,82 183 
779414,67 93 
779435,25 103 
779435,25 101 
781467,35 100 
781467,35 5
781467,35 2130
781467,35 10
783447,56 25 
783475,63 75 
784682,13 72 
784753,8 70 
786268,64 80 
787632,19 83 
788103,62 64 472
788368,13 74 243
788368,13 62 243
789380,73 151 
789406,58 69 
790917,7 93 
790937,04 103 
790937,04 101 
792965,53 100 
792965,53 5
792965,53 2130
792965,53 10
794949,36 25 
794976,76 75 
796184,81 72 
796255,55 70 
797762,3 80 
798134,34 83 
799057,28 64 923
799235,39 74 154
799235,39 61 154
799744,87 151 
799775,44 69 
800685,63 93 
800706,16 103 
800706,16 101 
802732,51 100 
802732,51 5
802732,51 2130
802732,51 10
804718,49 25 
804746,51 75 
805953,6 72 
806024,66 70 
807540,62 80 
808596,43 83 
809268,45 64 672
809451,5 74 162
809451,5 62 162
810961,57 151 
810983,44 69 
812995,91 93 
813007,55 103 
813007,55 101 
815041,06 100 
815041,06 5
815041,06 2130
815041,06 11
817019,9 25 
818606,3 75 
819814,02 72 
819885,4 70 
821396,78 80 
822457,39 83 
823287,01 64 830
823518,02 74 208
823518,02 63 208
824528,92 151 
824551,56 69 
825259,98 93 
825282,33 103 
825282,33 101 
827313,96 100 
827313,96 5
827313,96 2130
827313,96 11
829294,69 25 
829322,65 75 
830531,94 72 
830600,77 70 
832117,95 80 
832466,22 83 
833499,93 64 1034
833703,64 74 184
833703,64 61 184
835214,41 151 
835239,12 69 
837246,29 93 
837264,75 103 
837264,75 101 
839291,11 100 
839291,11 5
839291,11 2130
839291,11 11
841276,09 25 
841303,43 75 
842509,73 72 
842582,28 70 
844093,72 80 
845447,35 83 
845897,87 64 451
845920,95 256 
846176,75 74 264
846176,75 63 264
846685,17 153 
846714,59 68 
847624,38 92 
847624,38 65 
847646,01 103 
847646,01 101 
848176,7 100 
848176,7 5
848176,7 2130
848176,7 10
850152,28 25 
850181,47 75 
851390,22 72 
851458,52 70 
852970,77 80 
854030,27 83 
854940,82 64 911
855237,9 74 275
855237,9 63 275
856748,46 150 
856776,95 68 
857486,75 92 
857486,75 65 
857508,44 103 
857508,44 101 
858035,84 100 
858035,84 5
858035,84 2130
858035,84 10
860014,76 25 
860148,39 75 
861357,15 72 
861427,59 70 
862940,57 80 
863292,95 83 
864225,82 64 934
864479,95 74 241
864479,95 63 241
865491,07 150 
865520,59 68 
865997,98 249
867030,24 92 
867030,24 65 
867051 103 
867051 101 
867582,62 100 
867582,62 5
867582,62 2130
867582,62 10
869557,31 25 
869850,95 75 
871059,84 72 
871130,1 70 
872644,03 80 
874008,39 83 
874320,15 64 312
874540,32 74 199
874540,32 63 199
875051,11 150 
875075,72 68 
875472,27 249
875985,94 92 
875985,94 65 
876007,17 103 
876007,17 101 
876536,41 100 
876536,41 5
876536,41 2130
876536,41 11
878513,49 25 
878820,39 75 
880029,89 72 
880099,72 70 
881616,37 80 
882298,19 83 
882865,5 64 567
883035,55 74 151
883035,55 62 151
884543,69 150 
884564,98 68 
886072,66 92 
886072,66 65 
886096,15 103 
886096,15 101 
886623,01 100 
886623,01 5
886623,01 2130
886623,01 11
888602,54 25 
888949,32 75 
890157,06 72 
890401,77 70 
892062,88 80 
893266,8 83 
893671,89 64 406
893841,84 74 149
893841,84 62 149
894351,57 152 
894374,93 69 
896387,44 93 
896398,66 103 
896398,66 101 
898425,12 100 
898425,12 5
898425,12 2130
898425,12 10
900410,77 25 
900438,25 75 
901646,19 72 
901716,95 70 
903234,57 80 
904580,85 250 
904594,83 101 
906608,1 100 
906608,1 5
906608,1 2130
906608,1 10
906608,1 25 
906635,67 75 
907844,78 72 
907914,25 70 
909430,12 80 
910792,59 83 
911250,02 64 458
911538,12 74 266
911538,12 63 266
912548,17 150 
912567,24 68 
913277,1 92 
913277,1 65 
913297,85 103 
913297,85 101 
913831,34 100 
913831,34 5
913831,34 2130
913831,34 10
915817,5 25 
915844,76 75 
917053,39 72 
917123,71 70 
918639,05 80 
919002,44 83 
920070,53 64 1068
920404,24 74 309
920404,24 63 309
921913,67 150 
921935,67 68 
922647,08 92 
922647,08 65 
922667,13 103 
922667,13 101 
923194,87 100 
923194,87 5
923194,87 2130
923194,87 10
925173,43 25 
925480,33 75 
926688,45 72 
926759,55 70 
928275,19 80 
929637,83 83 
930490,69 64 854
930707,77 74 204
930707,77 63 204
931219,26 150 
931239,47 68 
932150,22 92 
932150,22 65 
932170,91 103 
932170,91 101 
932697,48 100 
932697,48 5
932697,48 2130
932697,48 11
934675,99 25 
934849,7 75 
936060,3 72 
936128,82 70 
937643,27 80 
938713,98 83 
939358,47 64 645
939561 74 181
939561 62 181
940573,34 150 
940595,18 68 
942106,85 92 
942106,85 65 
942125,47 103 
942125,47 101 
942658,94 100 
942658,94 5
942658,94 2130
942658,94 11
944631,95 25 
945111,91 75 
946323,21 72 
946391,09 70 
947904,29 80 
948976,29 83 
949481,19 64 505
949741,5 74 246
949741,5 63 246
951250,76 151 
951270,48 69 
953280,25 93 
953294,03 103 
953294,03 101 
955320,99 100 
955320,99 5
955320,99 2130
955320,99 10
957306,33 25 
957333,55 75 
958540,17 72 
958612,52 70 
960125,3 80 
961477,54 83 
961780,66 64 304
962013,29 74 216
962013,29 63 216
962521,25 150 
962545,6 68 
964072,72 249
964556,47 92 
964556,47 65 
964582,49 103 
964582,49 101 
965108,88 100 
965108,88 5
965108,88 2130
965108,88 11
967088,78 25 
967409,04 75 
968616,07 72 
968688,19 70 
970207,23 80 
970580,26 83 
971594,49 64 1014
971781,55 74 162
971781,55 62 162
972789,16 150 
972807,45 68 
974315,33 92 
974315,33 65 
974338,32 103 
974338,32 101 
974871,96 100 
974871,96 5
974871,96 2130
974871,96 10
976857,92 25 
977244,79 75 
978451,83 72 
978524,01 70 
980042,48 80 
981402,32 83 
981955,3 64 553
982201,43 74 226
982201,43 63 226
982713,94 150 
982737,05 68 
983155,89 249
983648,82 92 
983648,82 65 
983667,63 103 
983667,63 101 
984196,06 100 
984196,06 5
984196,06 2130
984196,06 10
986173,95 25 
986627,47 75 
987835,79 72 
987906,67 70 
989424,91 80 
990478,44 83 
991010,37 64 532
991260,74 74 237
991260,74 63 237
992273,07 150 
992292,14 68 
992714,3 249
993003,03 92 
993003,03 65 
993023,64 103 
993023,64 101 
993549,78 100 
993549,78 5
993549,78 2130
993549,78 11
995529,94 25 
995770,17 75 
996979,81 72 
997049,38 70 
998567 80 
998914,84 83 
999755,29 64 841
999916,86 74 136
999916,86 62 136
1001425,99 150 
1001448,14 68 
1003457,76 92 
1003457,76 65 
1003472,66 103 
1003472,66 101 
1004003,35 100 
1004003,35 5
1004003,35 2130
1004003,35 10
1005978,9 25 
1006605,6 75 
1007814,81 72 
1007884,68 70 
1009404,27 80 
1010456,56 83 
1010985,42 64 529
1011232,47 74 230
1011232,47 63 230
1012242,53 150 
1012270,97 68 
1012771,73 249
1013183,43 92 
1013183,43 65 
1013201,77 103 
1013201,77 101 
1013729,17 100 
1013729,17 5
1013729,17 2130
1013729,17 11
1015707,92 25 
1015736,04 75 
1016944 72 
1017014,13 70 
1018527,97 80 
1018892,89 83 
1019933,98 64 1042
1020142,08 74 183
1020142,08 62 183
1021654,16 150 
1021679,47 68 
1022392,15 92 
1022392,15 65 
1022411 103 
1022411 101 
1022938,04 100 
1022938,04 5
1022938,04 2130
1022938,04 10
1024917,33 25 
1025570,73 75 
1026779,79 72 
1026849,92 70 
1028360,55 80 
1029714,97 83 
1030109,86 64 396
1030346,84 74 219
1030346,84 63 219
1030858,21 150 
1030890,69 68 
1031300,21 249
1032401,81 92 
1032401,81 65 
1032420,07 103 
1032420,07 101 
1032955,16 100 
1032955,16 5
1032955,16 2130
1032955,16 10
1034939,7 25 
1035006,72 75 
1036216,93 72 
1036285,83 70 
1037810,44 80 
1038871,08 83 
1039351,29 64 481
1039620,05 74 243
1039620,05 63 243
1041130,97 150 
1041151,12 68 
1041861,66 92 
1041861,66 65 
1041882,65 103 
1041882,65 101 
1042409,63 100 
1042409,63 5
1042409,63 2130
1042409,63 11
1044388,94 25 
1044762,57 75 
1045968,62 72 
1046041,68 70 
1047556,18 80 
1047907,23 83 
1049449,68 64 1543
1049675,18 74 209
1049675,18 63 209
1050684,38 151 
1050707,77 69 
1051615,88 93 
1051625,41 103 
1051625,41 101 
1053651,6 100 
1053651,6 5
1053651,6 2130
1053651,6 11
1055637,46 25 
1055665,52 75 
1056871,76 72 
1056943,68 70 
1058466,58 80 
1059835,51 83 
1060496,47 64 661
1060675,78 74 161
1060675,78 62 161
1061187,2 150 
1061211,21 68 
1062720,84 92 
1062720,84 65 
1062740,39 103 
1062740,39 101 
1063271,28 100 
1063271,28 5
1063271,28 2130
1063271,28 11
1065247,86 25 
1065726,79 75 
1066934,89 72 
1067006 70 
1068528,28 80 
1069897,66 83 
1070486,56 64 589
1070666,16 74 156
1070666,16 62 156
1071675,97 152 
1071698,02 69 
1073121 249 
1073601,27 182 
1073707,45 93 
1073722,33 103 
1073722,33 101 
1075754,23 100 
1075754,23 5
1075754,23 2130
1075754,23 11
1077734,7 25 
1080467,21 75 
1081676,52 72 
1081746,38 70 
1083259,68 80 
1083625,17 83 
1084356,11 64 731
1084544,14 74 173
1084544,14 62 173
1086054,36 150 
1086079,33 68 
1086991,84 92 
1086991,84 65 
1087009,96 103 
1087009,96 101 
1087536,27 100 
1087536,27 5
1087536,27 2130
1087536,27 10
1089516,23 25 
1090169,69 75 
1091378,97 72 
1091448,84 70 
1092966,62 80 
1094033,99 83 
1094446,04 64 413
1094668,24 74 208
1094668,24 63 208
1095178,84 150 
1095208,71 68 
1095614,82 249
1095917,55 92 
1095917,55 65 
1095939,45 103 
1095939,45 101 
1096474,09 100 
1096474,09 5
1096474,09 2130
1096474,09 11
1098446,16 25 
1098979,29 75 
1100188,3 72 
1100378,34 70 
1101993,87 80 
1103536,64 83 
1103890,3 64 354
1104120,46 74 211
1104120,46 63 211
1105129,83 151 
1105151,13 69 
1105185,62 249 
1106247,17 183 
1106664,59 93 
1106681,6 103 
1106681,6 101 
1108709,79 100 
1108709,79 5
1108709,79 2130
1108709,79 11
1110693,87 25 
1110734,63 75 
1111942,91 72 
1112013,43 70 
1113525,95 80 
1113878,83 83 
1114932,69 64 1055
1115143,1 74 185
1115143,1 62 185
1115650,92 150 
1115679,18 68 
1117688,95 92 
1117688,95 65 
1117703,6 103 
1117703,6 101 
1118230,52 100 
1118230,52 5
1118230,52 2130
1118230,52 10
1120209,74 25 
1120809,9 75 
1122019,36 72 
1122089,05 70 
1123599,08 80 
1124661,12 83 
1125063,42 64 402
1125285,1 74 198
1125285,1 63 198
1126796,69 150 
1126821,84 68 
1127348,05 249
1128332,35 92 
1128332,35 65 
1128352,21 103 
1128352,21 101 
1128886,29 100 
1128886,29 5
1128886,29 2130
1128886,29 10
1130871,88 25 
1131098,77 75 
1132307,63 72 
1132378,05 70 
1133887,1 80 
1134949,73 83 
1135503,07 64 554
1135799,5 74 277
1135799,5 63 277
1137310,82 152 
1137336,66 69 
1139347,92 93 
1139360,82 103 
1139360,82 101 
1141388,13 100 
1141388,13 5
1141388,13 2130
1141388,13 11
1143373,15 25 
1143400,59 75 
1144608,49 72 
1144679,37 70 
1146193,81 80 
1146558,07 83 
1148154,24 64 1596
1148320,76 74 151
1148320,76 62 151
1148828,82 150 
1148851,56 68 
1149763,81 92 
1149763,81 65 
1149783,04 103 
1149783,04 101 
1150309,23 100 
1150309,23 5
1150309,23 2130
1150309,23 10
1152289,31 25 
1152929,4 75 
1154139,35 72 
1154208,61 70 
1155714,13 80 
1157073,58 83 
1157481,23 64 408
1157669,8 74 170
1157669,8 63 170
1158678,44 150 
1158701,55 68 
1159226,75 249
1159411,68 92 
1159411,68 65 
1159433,26 103 
1159433,26 101 
1159968,13 100 
1159968,13 5
1159968,13 2130
1159968,13 10
1161951,91 25 
1162432,09 75 
1163641,93 72 
1163712,85 70 
1165219,86 80 
1165590,02 83 
1166661,16 64 1072
1166928,37 74 246
1166928,37 63 246
1167438,38 150 
1167456,87 68 
1168068,04 249
1168167,45 92 
1168167,45 65 
1168188,47 103 
1168188,47 101 
1168714,67 100 
1168714,67 5
1168714,67 2130
1168714,67 11
1170694,76 25 
1171161,56 75 
1172369,65 72 
1172440,88 70 
1173956,83 80 
1175319,12 83 
1175625,8 64 307
1175804,73 74 166
1175804,73 62 166
1176814,7 150 
1176839,59 68 
1177749,23 92 
1177749,23 65 
1177771,04 103 
1177771,04 101 
1178299,18 100 
1178299,18 5
1178299,18 2130
1178299,18 11
1180277,28 25 
1180944,03 75 
1182151,33 72 
1182223,28 70 
1183739,56 80 
1184795,02 83 
1185291,27 64 496
1185475,81 74 162
1185475,81 62 162
1186985,8 150 
1187009,27 68 
1188519,04 92 
1188519,04 65 
1188539,74 103 
1188539,74 101 
1189074,03 100 
1189074,03 5
1189074,03 2130
1189074,03 11
1191046,26 25 
1191699,44 75 
1192908,15 72 
1192978,64 70 
1194488,02 80 
1195856,96 83 
1196206,08 64 350
1196377,85 74 148
1196377,85 62 148
1197388,09 150 
1197418,21 68 
1199429,35 92 
1199429,35 65 
1199455,04 103 
1199455,04 101 
1199982,52 100 
1199982,52 5
1199982,52 2130
1199982,52 10
1201961,36 25 
1202548,09 75 
1203757,78 72 
1203827,27 70 
1205334,67 80 
1206572,45 83 
1207067,83 64 496
1207339,6 74 248
1207339,6 63 248
1207849,71 150 
1207880,46 68 
1208756,99 249
1209889,56 92 
1209889,56 65 
1209903,9 103 
1209903,9 101 
1210432,37 100 
1210432,37 5
1210432,37 2130
1210432,37 10
1212410,2 25 
1212823,74 75 
1214031,36 72 
1214222,87 70 
1215762,23 80 
1216115 83 
1217091,56 64 977
1217267,49 74 153
1217267,49 62 153
1218776,31 151 
1218795,69 69 
1219505,98 93 
1219526,45 103 
1219526,45 101 
1221555,06 100 
1221555,06 5
1221555,06 2130
1221555,06 11
1223538,73 25 
1223566,43 75 
1224773,87 72 
1224844,99 70 
1226368,79 80 
1227736,65 83 
1228147,98 64 412
1228338,93 74 176
1228338,93 62 176
1228851,5 150 
1228870,63 68 
1230381,94 92 
1230381,94 65 
1230401,78 103 
1230401,78 101 
1230929,79 100 
1230929,79 5
1230929,79 2130
1230929,79 11
1232908,09 25 
1233561,5 75 
1234769,64 72 
1234840,69 70 
1236364,64 80 
1237425,81 83 
1237806,53 64 381
1237990,19 74 165
1237990,19 62 165
1239000,44 150 
1239027,08 68 
1239466,08 249
1239494 172 
1239936,85 92 
1239936,85 65 
1239957,64 103 
1239957,64 101 
1240487,46 100 
1240487,46 5
1240487,46 2130
1240487,46 10
1242463,94 25 
1242904,18 75 
1244112,26 72 
1244183,39 70 
1245704,73 80 
1246075,43 83 
1247179,32 64 1104
1247403,67 74 210
1247403,67 63 210
1248914,56 150 
1248942,81 68 
1250451,36 92 
1250451,36 65 
1250473,18 103 
1250473,18 101 
1251005,23 100 
1251005,23 5
1251005,23 2130
1251005,23 10
1252992,76 25 
1253206,39 75 
1254416,59 72 
1254485,55 70 
1256003,45 80 
1256351,12 83 
1257740,94 64 1390
1257909,43 74 146
1257909,43 62 146
1258918,74 153 
1258938,54 68 
1259848,64 92 
1259848,64 65 
1259869,11 103 
1259869,11 101 
1260396,96 100 
1260396,96 5
1260396,96 2130
1260396,96 11
1262375,44 25 
1262935,75 75 
1264142,69 72 
1264214,78 70 
1265728,5 80 
1266786,61 83 
1267201,93 64 416
1267381,89 74 156
1267381,89 62 156
1268889,47 150 
1268920,94 68 
1269632,92 92 
1269632,92 65 
1269651,6 103 
1269651,6 101 
1270178,01 100 
1270178,01 5
1270178,01 2130
1270178,01 10
1272157,97 25 
1272838,09 75 
1274046,92 72 
1274117,22 70 
1275641,92 80 
1277008,8 83 
1277829,14 64 821
1278003,58 74 143
1278003,58 62 143
1278514,16 151 
1278543,29 69 
1280179,22 249 
1280551,76 93 
1280566,89 103 
1280566,89 101 
1282608,05 100 
1282608,05 3
1282608,05 2130
1282608,05 10
1282608,05 78 
1282608,05 198 
1284592,52 25 
1284619,9 75 
1285829,1 72 
1285898,84 70 
1287422,57 80 
1288497,21 83 
1288856,01 64 359
1289034,27 74 164
1289034,27 62 164
1289545,06 150 
1289565,39 68 
1290009,58 249
1290070,53 172 
1291576,8 92 
1291576,8 65 
1291602,16 103 
1291602,16 101 
1292128,5 100 
1292128,5 3
1292128,5 2130
1292128,5 11
1294108,53 25 
1294415,45 75 
1295623,69 72 
1295694,61 70 
1297215,36 80 
1297589,83 83 
1298492,8 64 907
1298775,15 74 256
1298775,15 63 256
1300287,67 150 
1300307,38 68 
1300748,18 249
1301017,93 92 
1301017,93 65 
1301038,16 103 
1301038,16 101 
1301564,49 100 
1301564,49 3
1301564,49 2130
1301564,49 10
1303544,45 25 
1304118,03 75 
1305327,26 72 
1305397,07 70 
1306912,61 80 
1308275,79 83 
1308366,04 64 91
1308575,45 74 194
1308575,45 62 194
1309588,37 150 
1309609,25 68 
1310520,93 92 
1310520,93 65 
1310540,7 103 
1310540,7 101 
1311072,29 100 
1311072,29 3
1311072,29 2130
1311072,29 11
1313047,04 25 
1313633,82 75 
1314843,75 72 
1315086,21 70 
1316712,78 80 
1317777,95 83 
1318215,72 64 438
1318409,63 74 179
1318409,63 62 179
1319916,83 153 
1319939,05 68 
1321446,87 92 
1321446,87 65 
1321469,38 103 
1321469,38 101 
1322000,32 100 
1322000,32 3
1322000,32 2130
1322000,32 11
1323975,84 25 
1324442,45 75 
1325650,78 72 
1325721,67 70 
1327236,68 80 
1328600,06 83 
1328954,65 64 356
1329156,15 74 183
1329156,15 62 183
1329663,55 151 
1329693,95 69 
1330604,64 93 
1330625,43 103 
1330625,43 101 
1332651,7 100 
1332651,7 3
1332651,7 2130
1332651,7 10
1334637,76 25 
1334664,98 75 
1335871,66 72 
1335943,96 70 
1337466,46 80 
1337836,1 83 
1338751,67 64 916
1338933,99 74 166
1338933,99 62 166
1339942,57 150 
1339970,31 68 
1341978,3 92 
1341978,3 65 
1341993,89 103 
1341993,89 101 
1342522,3 100 
1342522,3 3
1342522,3 2130
1342522,3 11
1344500,15 25 
1345153,74 75 
1346360,92 72 
1346432,8 70 
1347948,29 80 
1348311,53 83 
1349254,17 64 943
1349441,65 74 171
1349441,65 62 171
1350950,41 151 
1350979,47 69 
1352488,67 93 
1352509,38 103 
1352509,38 101 
1354536,53 100 
1354536,53 3
1354536,53 2130
1354536,53 10
1356521,72 25 
1357335,02 75 
1358544,77 72 
1358614,31 70 
1360138,38 80 
1361492,51 83 
1362204,94 64 713
1362367,03 74 142
1362367,03 62 142
1363380,37 150 
1363400,31 68 
1363830,61 249
1363918,19 172 
1364108,09 92 
1364108,09 65 
1364131,09 103 
1364131,09 101 
1364659,66 100 
1364659,66 3
1364659,66 2130
1364659,66 11
1366637,32 25 
1367357,39 75 
1368565,12 72 
1368636,61 70 
1370166,37 80 
1371221,72 83 
1371719,08 64 498
1371955,14 74 214
1371955,14 63 214
1372464,69 150 
1372489,77 68 
1373413,6 249
1374498,91 92 
1374498,91 65 
1374526,61 103 
1374526,61 101 
1375057,48 100 
1375057,48 3
1375057,48 2130
1375057,48 10
1377032,86 25 
1377113,31 75 
1378321,87 72 
1378392,39 70 
1379910,23 80 
1381284,04 83 
1381484,22 64 199
1381660,99 74 164
1381660,99 62 164
1382170,13 150 
1382191,47 68 
1382904,53 92 
1382904,53 65 
1382923,04 103 
1382923,04 101 
1383451,57 100 
1383451,57 3
1383451,57 2130
1383451,57 10
1385429,32 25 
1386202,64 75 
1387411,85 72 
1387481,88 70 
1389002,04 80 
1390080,28 83 
1390509,14 64 429
1390686,17 74 153
1390686,17 62 153
1391698,5 150 
1391721,49 68 
1392629,12 92 
1392629,12 65 
1392652,16 103 
1392652,16 101 
1393178,58 100 
1393178,58 3
1393178,58 2130
1393178,58 11
1395158,44 25 
1395745,4 75 
1396954,15 72 
1397024,47 70 
1398547,13 80 
1398916,59 83 
1399918,57 64 1002
1400149,54 74 207
1400149,54 63 207
1401660,57 150 
1401690,55 68 
1403199,52 92 
1403199,52 65 
1403221 103 
1403221 101 
1403754,33 100 
1403754,33 3
1403754,33 2130
1403754,33 11
1405740,59 25 
1406220,8 75 
1407428,68 72 
1407500,08 70 
1409027,89 80 
1410098,38 83 
1410709,14 64 611
1410921,59 74 198
1410921,59 62 198
1412433,02 153 
1412459,55 68 
1413170,54 92 
1413170,54 65 
1413190,05 103 
1413190,05 101 
1413718,79 100 
1413718,79 3
1413718,79 2130
1413718,79 10
1415696,39 25 
1415963,39 75 
1417172,33 72 
1417415,83 70 
1419093,67 80 
1420587,22 83 
1420953,44 64 366
1421150,38 74 177
1421150,38 62 177
1421658,36 150 
1421681,96 68 
1422107,73 249
1422293,58 172 
1423691,13 92 
1423691,13 65 
1423718,83 103 
1423718,83 101 
1424247,62 100 
1424247,62 3
1424247,62 2130
1424247,62 11
1426225,12 25 
1426865,2 75 
1428071,77 72 
1428144,41 70 
1429662,46 80 
1430023,7 83 
1431077,32 64 1054
1431295,4 74 193
1431295,4 63 193
1432308,52 150 
1432330,83 68 
1432722,02 249
1433843,13 92 
1433843,13 65 
1433861,1 103 
1433861,1 101 
1434395,87 100 
1434395,87 3
1434395,87 2130
1434395,87 10
1436380,87 25 
1436767,62 75 
1437973,9 72 
1438046,8 70 
1439570,69 80 
1440645,27 83 
1441688,19 64 1043
1441905,35 74 194
1441905,35 62 194
1442414,71 150 
1442432,62 68 
1443343,25 92 
1443343,25 65 
1443363,74 103 
1443363,74 101 
1443892,98 100 
1443892,98 3
1443892,98 2130
1443892,98 10
1445870,12 25 
1446256,85 75 
1447464,42 72 
1447536,12 70 
1449052,79 80 
1449414,85 83 
1450297,29 64 883
1450505,8 74 185
1450505,8 62 185
1451515,71 150 
1451535,95 68 
1452444,46 92 
1452444,46 65 
1452466,48 103 
1452466,48 101 
1452994,18 100 
1452994,18 3
1452994,18 2130
1452994,18 11
1454972,75 25 
1455812,84 75 
1457021,32 72 
1457092,02 70 
1458614,29 80 
1459996,91 83 
1460290,94 64 295
1460508,49 74 205
1460508,49 63 205
1462021,57 150 
1462051,23 68 
1462898,35 249
1464063,2 92 
1464063,2 65 
1464088,17 103 
1464088,17 101 
1464618,98 100 
1464618,98 3
1464618,98 2130
1464618,98 10
1466594,48 25 
1467407,83 75 
1468615,59 72 
1468687,01 70 
1470206,78 80 
1470565,74 83 
1471704,73 64 1140
1471894,67 74 170
1471894,67 62 170
1473402,18 150 
1473419,12 68 
1473845,47 249
1473944,4 172 
1474131,08 92 
1474131,08 65 
1474150,48 103 
1474150,48 101 
1474678,25 100 
1474678,25 3
1474678,25 2130
1474678,25 11
1476656,84 25 
1477470,17 75 
1478681,24 72 
1478749,38 70 
1480270,62 80 
1481641,07 83 
1482493,06 64 853
1482754,3 74 247
1482754,3 63 247
1483767,52 150 
1483788,67 68 
1485298,89 92 
1485298,89 65 
1485319,08 103 
1485319,08 101 
1485851,1 100 
1485851,1 3
1485851,1 2130
1485851,1 10
1487825,54 25 
1488332,24 75 
1489540,28 72 
1489611,33 70 
1491133,41 80 
1492196,71 83 
1492870,35 64 674
1493055,03 74 166
1493055,03 62 166
1493564,68 150 
1493584,41 68 
1495594,98 92 
1495594,98 65 
1495621,29 103 
1495621,29 101 
1496155,74 100 
1496155,74 3
1496155,74 2130
1496155,74 11
1498141,02 25 
1498861,07 75 
1500071,19 72 
1500140,19 70 
1501658,31 80 
1502032,31 83 
1503182,26 64 1150
1503413,66 74 209
1503413,66 63 209
1503926,59 150 
1503953,5 68 
1504661,56 92 
1504661,56 65 
1504684,18 103 
1504684,18 101 
1505212,86 100 
1505212,86 3
1505212,86 2130
1505212,86 11
1507190,38 25 
1507870,48 75 
1509078,69 72 
1509149,61 70 
1510668,95 80 
1512041,35 83 
1512289,74 64 249
1512558,31 74 251
1512558,31 63 251
1513567,71 150 
1513589,13 68 
1513826,92 249
1513940,39 173 
1514496,71 92 
1514496,71 65 
1514519,84 103 
1514519,84 101 
1515047,25 100 
1515047,25 3
1515047,25 2130
1515047,25 10
1517026,22 25 
1517572,99 75 
1518781,21 72 
1518852,17 70 
1520378,05 80 
1521717,1 83 
1522071,53 64 354
1522261,76 74 172
1522261,76 62 172
1523770,31 150 
1523797,48 68 
1525308,6 92 
1525308,6 65 
1525328,62 103 
1525328,62 101 
1525863,69 100 
1525863,69 3
1525863,69 2130
1525863,69 11
1527848,16 25 
1528634,86 75 
1529842,37 72 
1529914,08 70 
1531430,19 80 
1531779,52 83 
1533626,7 64 1848
1533817,91 74 173
1533817,91 62 173
1534829,83 151 
1534860,1 69 
1536371,58 93 
1536390,46 103 
1536390,46 101 
1538420,4 100 
1538420,4 3
1538420,4 2130
1538420,4 10
1540402,85 25 
1540430,15 75 
1541638,45 72 
1541709,01 70 
1543231,57 80 
1544600,62 83 
1545608,67 64 1009
1545816,86 74 191
1545816,86 62 191
1546324,67 150 
1546348,56 68 
1548180,31 249
1548360,17 92 
1548360,17 65 
1548385,32 103 
1548385,32 101 
1548911,93 100 
1548911,93 3
1548911,93 2130
1548911,93 11
1550891,7 25 
1551505,02 75 
1552711,61 72 
1552784,24 70 
1554304,52 80 
1555356,21 83 
1555742,84 64 387
1556033,4 74 278
1556033,4 63 278
1557541,94 150 
1557569,51 68 
1558478,35 92 
1558478,35 65 
1558501,01 103 
1558501,01 101 
1559032,08 100 
1559032,08 3
1559032,08 2130
1559032,08 10
1561007,27 25 
1561607,42 75 
1562815,72 72 
1562886,55 70 
1564402,7 80 
1565764,89 83 
1566104,39 64 340
1566273,67 74 150
1566273,67 62 150
1567782,7 150 
1567805,66 68 
1568245,23 249
1568317,96 172 
1568514,97 92 
1568514,97 65 
1568536,74 103 
1568536,74 101 
1569067,66 100 
1569067,66 3
1569067,66 2130
1569067,66 11
1571043,01 25 
1571536,58 75 
1572744,58 72 
1572815,61 70 
1574335,29 80 
1575400,8 83 
1576289,35 64 889
1576513,92 74 207
1576513,92 63 207
1577025,12 150 
1577055,23 68 
1578567,14 92 
1578567,14 65 
1578585,75 103 
1578585,75 101 
1579112,26 100 
1579112,26 3
1579112,26 2130
1579112,26 10
1581105,33 25 
1581345,56 75 
1582554,37 72 
1582624,75 70 
1584146,81 80 
1584503,59 83 
1585368,56 64 865
1585596,55 74 213
1585596,55 62 213
1586609,27 152 
1586638,07 69 
1587346,07 93 
1587368,67 103 
1587368,67 101 
1589407,53 100 
1589407,53 3
1589407,53 2130
1589407,53 10
1591380,93 25 
1591408,07 75 
1592615,31 72 
1592687,16 70 
1594213,72 80 
1595578,78 83 
1595898,07 64 320
1596081,86 74 170
1596081,86 62 170
1597091,6 150 
1597113,28 68 
1598022,53 92 
1598022,53 65 
1598044,03 103 
1598044,03 101 
1598571,47 100 
1598571,47 3
1598571,47 2130
1598571,47 11
1600550,32 25 
1601363,72 75 
1602571,61 72 
1602642,86 70 
1604167,11 80 
1605228,08 83 
1605848,12 64 620
1606072,57 74 206
1606072,57 63 206
1606585,07 150 
1606616,12 68 
1608262,41 249
1608624,64 92 
1608624,64 65 
1608640,74 103 
1608640,74 101 
1609168,97 100 
1609168,97 3
1609168,97 2130
1609168,97 10
1611145,86 25 
1611679,27 75 
1612888,1 72 
1612958,55 70 
1614480,19 80 
1614850,56 83 
1615747,08 64 897
1615945,6 74 176
1615945,6 62 176
1617458,66 150 
1617477,1 68 
1618986,8 92 
1618986,8 65 
1619008,36 103 
1619008,36 101 
1619540,1 100 
1619540,1 3
1619540,1 2130
1619540,1 10
1621528,02 25 
1622074,75 75 
1623280,81 72 
1623513,87 70 
1625139,81 80 
1626498,87 83 
1626759,61 64 262
1626931,24 74 153
1626931,24 62 153
1627443,54 150 
1627473,67 68 
1629484,94 92 
1629484,94 65 
1629510,51 103 
1629510,51 101 
1630037,51 100 
1630037,51 3
1630037,51 2130
1630037,51 11
1632016,82 25 
1632323,82 75 
1633533,03 72 
1633602,96 70 
1635124,44 80 
1636187,98 83 
1636619,43 64 432
1636870,16 74 229
1636870,16 63 229
1637882 150 
1637909,34 68 
1638819,39 92 
1638819,39 65 
1638839,85 103 
1638839,85 101 
1639365,97 100 
1639365,97 3
1639365,97 2130
1639365,97 11
1641346,1 25 
1641880,71 75 
1643089,81 72 
1643158,8 70 
1644678,51 80 
1645050,85 83 
1646606,43 64 1556
1646836,33 74 213
1646836,33 63 213
1648345,15 150 
1648371,33 68 
1649080,69 92 
1649080,69 65 
1649102,11 103 
1649102,11 101 
1649635,22 100 
1649635,22 3
1649635,22 2130
1649635,22 11
1651621,77 25 
1652315,15 75 
1653524,27 72 
1653594,33 70 
1655118,81 80 
1656486,01 83 
1656807,12 64 322
1656995,09 74 163
1656995,09 62 163
1658006,77 151 
1658033,53 69 
1659567,01 249 
1660040,71 93 
1660057,43 103 
1660057,43 101 
1662084,05 100 
1662084,05 3
1662084,05 2130
1662084,05 11
1664069,72 25 
1667521,9 75 
1668731,12 72 
1668801,11 70 
1670315,69 80 
1670679,92 83 
1671497,33 64 818
1671714,21 74 195
1671714,21 62 195
1673224,05 153 
1673254,11 68 
1673964,1 92 
1673964,1 65 
1673984,77 103 
1673984,77 101 
1674511,09 100 
1674511,09 3
1674511,09 2130
1674511,09 10
1676491,06 25 
1676997,94 75 
1678205,86 72 
1678277,03 70 
1679792,02 80 
1680862,18 83 
1681225,2 64 363
1681405,4 74 157
1681405,4 62 157
1681912,89 150 
1681943,55 68 
1682354,81 249
1682531,24 172 
1682855,16 92 
1682855,16 65 
1682874,29 103 
1682874,29 101 
1683405,16 100 
1683405,16 3
1683405,16 2130
1683405,16 10
1685380,57 25 
1685887,39 75 
1687096,9 72 
1687166,57 70 
1688685,57 80 
1689738,32 83 
1690682,18 64 944
1690922,54 74 225
1690922,54 63 225
1692431,87 151 
1692458,37 69 
1693969,58 93 
1693989,5 103 
1693989,5 101 
1696019,81 100 
1696019,81 3
1696019,81 2130
1696019,81 10
1698001,82 25 
1698028,88 75 
1699237,34 72 
1699308,05 70 
1700825,88 80 
1702186,43 83 
1709641,08 64 7455
1709829,97 74 167
1709829,97 62 167
1710340,35 150 
1710371,35 68 
1710722,74 249
1710879,45 172 
1711879,17 92 
1711879,17 65 
1711901,84 103 
1711901,84 101 
1712429,72 100 
1712429,72 3
1712429,72 2130
1712429,72 11
1714408,13 25 
1715034,86 75 
1716242,35 72 
1716315,95 70 
1717830,92 80 
1718192,95 83 
1719199,57 64 1007
1719417,76 74 199
1719417,76 63 199
1720426,72 150 
1720447,32 68 
1722102,33 249
1722456,67 92 
1722456,67 65 
1722483,96 103 
1722483,96 101 
1723015,08 100 
1723015,08 3
1723015,08 2130
1723015,08 10
1724990,29 25 
1725257,2 75 
1726466,67 72 
1726709,69 70 
1728505,26 80 
1729921,18 83 
1730643,88 64 723
1730825,48 74 158
1730825,48 62 158
1731837,65 150 
1731868,05 68 
1732237,86 249
1732425,29 172 
1732578,58 92 
1732578,58 65 
1732599,61 103 
1732599,61 101 
1733127,87 100 
1733127,87 3
1733127,87 2130
1733127,87 11
1735105,91 25 
1735865,94 75 
1737074,3 72 
1737145,13 70 
1738661,43 80 
1740010,2 83 
1740785,08 64 775
1740971,35 74 162
1740971,35 62 162
1741482,95 151 
1741504,68 69 
1742415,32 93 
1742435,41 103 
1742435,41 101 
1744463,61 100 
1744463,61 3
1744463,61 2130
1744463,61 11
1746447,71 25 
1746475,04 75 
1747682,33 72 
1747753,9 70 
1749266,55 80 
1749619,36 83 
1765164,13 64 15545
1765357,7 74 173
1765357,7 62 173
1766870,37 151 
1766893,83 69 
1767805,17 93 
1767824,51 103 
1767824,51 101 
1769860,18 100 
1769860,18 3
1769860,18 2130
1769860,18 11
1771837,01 25 
1772490,22 75 
1773699,59 72 
1773771,07 70 
1775279,25 80 
1776634,57 83 
1777046,97 64 413
1777277,85 74 204
1777277,85 63 204
1778288,47 150 
1778315,66 68 
1779026,81 92 
1779026,81 65 
1779046,33 103 
1779046,33 101 
1779572,77 100 
1779572,77 3
1779572,77 2130
1779572,77 10
1781552,66 25 
1781859,54 75 
1783068,98 72 
1783138,66 70 
1784648,63 80 
1785004,14 83 
1785996,59 64 992
1786194,79 74 178
1786194,79 62 178
1786706,77 150 
1786725,4 68 
1788732,92 92 
1788732,92 65 
1788748,86 103 
1788748,86 101 
1789275,14 100 
1789275,14 3
1789275,14 2130
1789275,14 10
1791255,1 25 
1791602,07 75 
1792809,72 72 
1792881,3 70 
1794395,96 80 
1795453,02 83 
1795983,21 64 531
1796145,99 74 147
1796145,99 62 147
1797655,57 150 
1797680,65 68 
1799189,33 92 
1799189,33 65 
1799211,12 103 
1799211,12 101 
1799744,01 100 
1799744,01 3
1799744,01 2130
1799744,01 10
1801717,51 25 
1802370,76 75 
1803579,78 72 
1803649,92 70 
1805161,56 80 
1806514,98 83 
1806965,43 64 451
1807143,01 74 162
1807143,01 62 162
1808654,43 150 
1808675,86 68 
1810683,28 92 
1810683,28 65 
1810699,55 103 
1810699,55 101 
1811228,35 100 
1811228,35 3
1811228,35 2130
1811228,35 11
1813205,7 25 
1813765,91 75 
1814973,67 72 
1815045,05 70 
1816557,54 80 
1816910,53 83 
1817850,18 64 940
1818091,97 74 222
1818091,97 63 222
1818600,29 152 
1818618,08 69 
1819330,25 93 
1819349,04 103 
1819349,04 101 
1821377,28 100 
1821377,28 3
1821377,28 2130
1821377,28 11
1823361,35 25 
1823389,38 75 
1824597,61 72 
1824667,59 70 
1826184,89 80 
1827239,51 83 
1827619 64 380
1827806,94 74 168
1827806,94 62 168
1828815,54 151 
1828840,16 69 
1830017,24 249 
1830348,36 93 
1830357,89 103 
1830357,89 101 
1832388,5 100 
1832388,5 3
1832388,5 2130
1832388,5 10
1834369,96 25 
1834543,69 75 
1835750,92 72 
1835996,08 70 
1837564,49 80 
1838847,74 83 
1839324,39 64 477
1839523,48 74 183
1839523,48 62 183
1841031,53 150 
1841061,94 68 
1841974,85 92 
1841974,85 65 
1841992,66 103 
1841992,66 101 
1842520,81 100 
1842520,81 3
1842520,81 2130
1842520,81 10
1844499 25 
1844659,36 75 
1845865,99 72 
1845938,47 70 
1847462,5 80 
1847830,55 83 
1848720,31 64 890
1848932,79 74 197
1848932,79 62 197
1849943,47 150 
1849964,99 68 
1851972,46 92 
1851972,46 65 
1851988,39 103 
1851988,39 101 
1852516,67 100 
1852516,67 3
1852516,67 2130
1852516,67 11
1854494,68 25 
1855041,57 75 
1856248,82 72 
1856320,64 70 
1857840,86 80 
1859212,31 83 
1859381,41 64 169
1859617,55 74 219
1859617,55 63 219
1860131,13 150 
1860160,45 68 
1861466,63 249
1861671,32 92 
1861671,32 65 
1861690,89 103 
1861690,89 101 
1862221,34 100 
1862221,34 3
1862221,34 2130
1862221,34 10
1864197,2 25 
1864797,31 75 
1866006,75 72 
1866076,53 70 
1867596,61 80 
1868661,61 83 
1869022,39 64 361
1869211,91 74 163
1869211,91 62 163
1869722,67 150 
1869742,18 68 
1870654,21 92 
1870654,21 65 
1870673,7 103 
1870673,7 101 
1871201,24 100 
1871201,24 3
1871201,24 2130
1871201,24 10
1873180,17 25 
1873820,05 75 
1875027,77 72 
1875099,36 70 
1876619,26 80 
1877990,92 83 
1878051,77 64 62
1878290,64 74 221
1878290,64 63 221
1879799,8 151 
1879818,13 69 
1880530,44 93 
1880549,48 103 
1880549,48 101 
1882578,68 100 
1882578,68 3
1882578,68 2130
1882578,68 11
1884561,82 25 
1884589,27 75 
1885795,57 72 
1885868,01 70 
1887379,86 80 
1887746,72 83 
1889155,34 64 1409
1889373,22 74 201
1889373,22 63 201
1890382,62 152 
1890413,73 69 
1892149,94 249 
1892246,41 256 
1895548 182 
1914865,01 93 
1914881,4 103 
1914881,4 101 
1916913,52 100 
1916913,52 3
1916913,52 2130
1916913,52 11
1918893,8 25 
1918921,49 75 
1920129,94 72 
1920199,92 70 
1921716,14 80 
1922078,64 83 
1923001,42 64 923
1923260,45 74 236
1923260,45 63 236
1923773,49 150 
1923799,88 68 
1925311,4 92 
1925311,4 65 
1925330,23 103 
1925330,23 101 
1925856,65 100 
1925856,65 3
1925856,65 2130
1925856,65 11
1927836,52 25 
1927930,3 75 
1929137,02 72 
1929209,39 70 
1930737,68 80 
1932101,02 83 
1932311,6 64 211
1932587,56 74 260
1932587,56 63 260
1933598,61 150 
1933622,24 68 
1934331,52 92 
1934331,52 65 
1934353,07 103 
1934353,07 101 
1934880,81 100 
1934880,81 3
1934880,81 2130
1934880,81 10
1936859,41 25 
1937352,85 75 
1938563,22 72 
1938631,96 70 
1940152,88 80 
1941217,25 83 
1941794,58 64 577
1942012,59 74 197
1942012,59 61 197
1943522,72 151 
1943552,05 69 
1943827,46 249 
1944462,47 93 
1944482,06 103 
1944482,06 101 
1946519,71 100 
1946519,71 3
1946519,71 2130
1946519,71 10
1948494,35 25 
1948522,38 75 
1949731,74 72 
1949933,79 70 
1951454,63 80 
1952519,16 83 
1953261,54 64 742
1953459,2 74 181
1953459,2 62 181
1954967,4 150 
1954986,47 68 
1956499,39 92 
1956499,39 65 
1956516,87 103 
1956516,87 101 
1957044,38 100 
1957044,38 3
1957044,38 2130
1957044,38 10
1959023,2 25 
1959423,37 75 
1960631,48 72 
1960702,6 70 
1962221,1 80 
1962581,27 83 
1963673,88 64 1093
1963901,11 74 214
1963901,11 63 214
1964908,96 151 
1964928,22 69 
1965636,23 93 
1965646,46 103 
1965646,46 101 
1967673,02 100 
1967673,02 3
1967673,02 2130
1967673,02 10
1969659,77 25 
1969686,49 75 
1970893,94 72 
1970966,56 70 
1972476,15 80 
1973829,84 83 
1975401,33 64 1572
1975614,44 74 199
1975614,44 61 199
1976124,46 151 
1976150,72 69 
1977061,47 93 
1977081,35 103 
1977081,35 101 
1979111,73 100 
1979111,73 3
1979111,73 2130
1979111,73 10
1981093,71 25 
1981121,64 75 
1982328,65 72 
1982399,93 70 
1983913,8 80 
1984278,61 83 
1990706,8 64 6429
1991046,31 74 317
1991046,31 63 317
1992558,39 151 
1992583,63 69 
1994591,26 93 
1994607,23 103 
1994607,23 101 
1996636,15 100 
1996636,15 3
1996636,15 2130
1996636,15 11
1998619,51 25 
1998647,02 75 
1999856,12 72 
1999925,77 70 
2001441,24 80 
2002498,35 83 
2003865,97 64 1369
2004114,21 74 231
2004114,21 61 231
2005125,99 151 
2005151,63 69 
2005863,36 93 
2005882,31 103 
2005882,31 101 
2007910,62 100 
2007910,62 3
2007910,62 2130
2007910,62 11
2009894,68 25 
2009921,95 75 
2011131,42 72 
2011200,87 70 
2012721,69 80 
2014092,53 83 
2015215,39 64 1123
2015450,59 74 213
2015450,59 63 213
2015962,38 150 
2015986,98 68 
2017497,32 92 
2017497,32 65 
2017517,36 103 
2017517,36 101 
2018051,18 100 
2018051,18 3
2018051,18 2130
2018051,18 11
2020036,94 25 
2020450,5 75 
2021658,54 72 
2021729,7 70 
2023248,83 80 
2024328,1 83 
2024783,52 64 455
2025038,66 74 232
2025038,66 63 232
2025550,27 150 
2025569,59 68 
2026478,63 92 
2026478,63 65 
2026500,19 103 
2026500,19 101 
2027026,38 100 
2027026,38 3
2027026,38 2130
2027026,38 10
2029006,45 25 
2029766,55 75 
2030974,57 72 
2031045,71 70 
2032566,24 80 
2032924,5 83 
2033715,75 64 792
2033893,07 74 156
2033893,07 62 156
2034903,21 150 
2034925,54 68 
2035294,32 249
2036935,29 92 
2036935,29 65 
2036962,35 103 
2036962,35 101 
2037491 100 
2037491 3
2037491 2130
2037491 11
2039468,71 25 
2040148,94 75 
2041355,2 72 
2041428,04 70 
2042947,28 80 
2044306,17 83 
2044713,82 64 408
2044933,35 74 201
2044933,35 63 201
2046444,88 150 
2046466,39 68 
2046852,44 249
2048476,73 92 
2048476,73 65 
2048490,69 103 
2048490,69 101 
2049024,07 100 
2049024,07 3
2049024,07 2130
2049024,07 11
2051010,42 25 
2051557,14 75 
2052766,31 72 
2053022,95 70 
2054692,4 80 
2056221,16 83 
2056897,13 64 676
2057153,88 74 240
2057153,88 63 240
2057661,72 152 
2057689,03 69 
2058601,13 93 
2058619,72 103 
2058619,72 101 
2060651,1 100 
2060651,1 1
2060651,1 2130
2060651,1 11
2060651,1 78 
2060651,1 198 
2062632 25 
2062659,52 75 
2063866,23 72 
2063938,21 70 
2065458,1 80 
2065817,05 83 
2067167,4 64 1351
2067382,44 74 193
2067382,44 62 193
2068893,2 150 
2068923,54 68 
2069631,99 92 
2069631,99 65 
2069655,14 103 
2069655,14 101 
2070182,85 100 
2070182,85 1
2070182,85 2130
2070182,85 11
2072161,3 25 
2072828,16 75 
2074037,55 72 
2074107,26 70 
2075628,57 80 
2076692,35 83 
2077277,54 64 585
2077465,02 74 173
2077465,02 62 173
2078477,12 152 
2078506,78 69 
2079694,86 249 
2080017,2 93 
2080037,38 103 
2080037,38 101 
2082071,65 100 
2082071,65 1
2082071,65 2130
2082071,65 10
2084049,54 25 
2084076,81 75 
2085283,7 72 
2085355,7 70 
2086869,4 80 
2088220,71 83 
2089560,55 64 1340
2089801,57 74 221
2089801,57 63 221
2090312 151 
2090341,06 69 
2091249,26 93 
2091259,19 103 
2091259,19 101 
2093286,34 100 
2093286,34 1
2093286,34 2130
2093286,34 10
2095271,33 25 
2095298,98 75 
2096508,04 72 
2096577,55 70 
2098088,06 80 
2098442,96 83 
2109219,86 64 10778
2109421,96 74 184
2109421,96 62 184
2110429,73 151 
2110452,73 69 
2111164,4 93 
2111183,83 103 
2111183,83 101 
2113210,07 100 
2113210,07 1
2113210,07 2130
2113210,07 10
2115196,17 25 
2125198,58 254 
2125217,93 101 
2127230,22 100 
2127230,22 1
2127230,22 2130
2127230,22 10
2127230,22 25 
2135774,33 75 
2135781,34 250 
2135799,63 101 
2137813,13 100 
2137813,13 1
2137813,13 2130
2137813,13 10
2137813,13 25 
2137840,38 75 
2139048,39 72 
2139119,29 70 
2140636,53 80 
2141691,1 83 
2486502,06 64 344811
2486721,09 74 205
2486721,09 62 205
2488231,5 151 
2488264,44 69 
2489773,32 93 
2489794,73 103 
2489794,73 101 
2491829,33 100 
2491829,33 1
2491829,33 2130
2491829,33 11
2493807 25 
2493835,65 75 
2495044,21 72 
2495313,18 70 
2496888,78 80 
2498085,01 83 
2498830,85 64 747
2499024,33 74 180
2499024,33 62 180
2500032,1 150 
2500059,15 68 
2502071,61 92 
2502071,61 65 
2502096,12 103 
2502096,12 101 
2502624,69 100 
2502624,69 1
2502624,69 2130
2502624,69 10
2504602,37 25 
2504895,92 75 
2506104,7 72 
2506175,2 70 
2507697,56 80 
2508067,21 83 
2509244,69 64 1178
2509493,31 74 227
2509493,31 63 227
2511005,27 151 
2511026,7 69 
2512539,6 93 
2512558,27 103 
2512558,27 101 
2514585,74 100 
2514585,74 1
2514585,74 2130
2514585,74 11
2516570,56 25 
2518583,44 75 
2518590,47 250 
2518608,58 101 
2520622,16 100 
2520622,16 1
2520622,16 2130
2520622,16 11
2520622,16 25 
2520649,37 75 
2521856,72 72 
2521928,38 70 
2523455,73 80 
2524820,1 83 
2525878,36 64 1058
2526102,26 74 203
2526102,26 63 203
2526608,84 151 
2526634,08 69 
2528645,52 93 
2528658,04 103 
2528658,04 101 
2530692,33 100 
2530692,33 1
2530692,33 2130
2530692,33 11
2532670,35 25 
2532697,66 75 
2533902,87 72 
2533976,53 70 
2535491,33 80 
2536548,31 83 
2537568,49 64 1020
2537793,41 74 206
2537793,41 62 206
2539303,63 150 
2539321,66 68 
2539691,05 249
2539747,51 172 
2540233,2 92 
2540233,2 65 
2540253,03 103 
2540253,03 101 
2540779,29 100 
2540779,29 1
2540779,29 2130
2540779,29 10
2542759,3 25 
2543479,41 75 
2544687,3 72 
2544758,55 70 
2546273,86 80 
2547636,89 83 
2548056,34 64 420
2548290,33 74 214
2548290,33 63 214
2549297,57 151 
2549318,22 69 
2550027,42 93 
2550048,83 103 
2550048,83 101 
2552082,14 100 
2552082,14 1
2552082,14 2130
2552082,14 11
2554061,2 25 
2554088,45 75 
2555295,39 72 
2555367,39 70 
2556894,97 80 
2557259,48 83 
2558544,12 64 1285
2558744,56 74 179
2558744,56 62 179
2559256,23 150 
2559287,17 68 
2559612,36 249
2559667,33 172 
2560797,72 92 
2560797,72 65 
2560817,58 103 
2560817,58 101 
2561346,14 100 
2561346,14 1
2561346,14 2130
2561346,14 10
2563323,82 25 
2563870,63 75 
2565080,35 72 
2565149,88 70 
2566671,8 80 
2568041,51 83 
2568381,59 64 341
2568656,86 74 256
2568656,86 63 256
2569667,56 151 
2569695,62 69 
2571708,52 93 
2571719,53 103 
2571719,53 101 
2573745,88 100 
2573745,88 1
2573745,88 2130
2573745,88 10
2575731,86 25 
2575759,31 75 
2576967,75 72 
2577040,08 70 
2578557,23 80 
2579623,21 83 
2580178,01 64 555
2580366,03 74 170
2580366,03 62 170
2580878,16 151 
2580904,11 69 
2581813,16 93 
2581835,3 103 
2581835,3 101 
2583862,11 100 
2583862,11 1
2583862,11 2130
2583862,11 11
2585847,55 25 
2585875,62 75 
2587085,61 72 
2587153,8 70 
2588672,25 80 
2589032,49 83 
2589958,73 64 927
2590197,59 74 220
2590197,59 61 220
2591708,8 151 
2591725,94 69 
2592437,46 93 
2592457,34 103 
2592457,34 101 
2594491,35 100 
2594491,35 1
2594491,35 2130
2594491,35 11
2596469,66 25 
2596497,06 75 
2597704,99 72 
2597949,06 70 
2599578,69 80 
2600640,82 83 
2601456,87 64 817
2601641,34 74 161
2601641,34 62 161
2602149,62 150 
2602175,51 68 
2602887,54 92 
2602887,54 65 
2602906,21 103 
2602906,21 101 
2603434,41 100 
2603434,41 1
2603434,41 2130
2603434,41 10
2605412,58 25 
2605506,15 75 
2606716,02 72 
2606785,29 70 
2608305,69 80 
2608677,4 83 
2609730,78 64 1054
2609935,15 74 192
2609935,15 63 192
2611445,7 151 
2611465,04 69 
2612974,13 93 
2612995,15 103 
2612995,15 101 
2615022,65 100 
2615022,65 1
2615022,65 2130
2615022,65 10
2617007,58 25 
2617035,55 75 
2618243,43 72 
2618313,71 70 
2619828,49 80 
2621205,36 83 
2621595,25 64 390
2621777,95 74 160
2621777,95 61 160
2622785,91 150 
2622805,77 68 
2624813,86 92 
2624813,86 65 
2624830,06 103 
2624830,06 101 
2625361,13 100 
2625361,13 1
2625361,13 2130
2625361,13 11
2627336,44 25 
2627750,06 75 
2628957,92 72 
2629029,1 70 
2630544,6 80 
2630894,58 83 
2631819,78 64 926
2632005,81 74 166
2632005,81 62 166
2633515,59 150 
2633535,37 68 
2634444,77 92 
2634444,77 65 
2634465,96 103 
2634465,96 101 
2634993,36 100 
2634993,36 1
2634993,36 2130
2634993,36 10
2636972,4 25 
2637612,48 75 
2638819,06 72 
2638891,53 70 
2640413,55 80 
2641783,18 83 
2642160,88 64 378
2642375,47 74 193
2642375,47 61 193
2642886,03 152 
2642904,63 69 
2643815,75 93 
2643835,26 103 
2643835,26 101 
2645861,55 100 
2645861,55 1
2645861,55 2130
2645861,55 11
2647847,55 25 
2647875,1 75 
2649083,75 72 
2649153,8 70 
2650667,61 80 
2651725,6 83 
2652729,18 64 1004
2652954,41 74 203
2652954,41 61 203
2653966,15 151 
2653993,52 69 
2654706,25 93 
2654723,99 103 
2654723,99 101 
2656761,01 100 
2656761,01 1
2656761,01 2130
2656761,01 11
2658736,26 25 
2658764,36 75 
2659974,12 72 
2660042,49 70 
2661561,74 80 
2661921,23 83 
2666170,01 64 4249
2666379,89 74 194
2666379,89 62 194
2667390,03 150 
2667414,1 68 
2668924,91 92 
2668924,91 65 
2668944,46 103 
2668944,46 101 
2669472,9 100 
2669472,9 1
2669472,9 2130
2669472,9 10
2671450,89 25 
2671731,03 75 
2672940,18 72 
2673010,23 70 
2674524,52 80 
2675582 83 
2676120,79 64 540
2676353,52 74 212
2676353,52 61 212
2677860,84 150 
2677889,6 68 
2679896,95 92 
2679896,95 65 
2679913,19 103 
2679913,19 101 
2680443,34 100 
2680443,34 1
2680443,34 2130
2680443,34 11
2682419,44 25 
2682672,97 75 
2683882,18 72 
2683952,24 70 
2685477,95 80 
2686844,02 83 
2687311,38 64 468
2687538,58 74 203
2687538,58 61 203
2688049,91 151 
2688071,87 69 
2688783,26 93 
2688802,65 103 
2688802,65 101 
2690833,68 100 
2690833,68 1
2690833,68 2130
2690833,68 10
2692814,96 25 
2692855,6 75 
2694064,37 72 
2694134,47 70 
2695653,8 80 
2697026,13 83 
2698568,66 64 1543
2698766,9 74 182
2698766,9 62 182
2700274,46 151 
2700293,36 69 
2701146,74 249 
2701801,02 93 
2701810,45 103 
2701810,45 101 
2703838,12 100 
2703838,12 1
2703838,12 2130
2703838,12 10
2705822,73 25 
2705850,04 75 
2707059,7 72 
2707288,82 70 
2708902,09 80 
2709261 83 
2710192,24 64 932
2710424,77 74 218
2710424,77 63 218
2710933,72 151 
2710954,68 69 
2712962,16 93 
2712978,9 103 
2712978,9 101 
2715006,94 100 
2715006,94 1
2715006,94 2130
2715006,94 11
2716991,23 25 
2717019,37 75 
2718226,03 72 
2718297,43 70 
2719821,29 80 
2720895,94 83 
2721201,12 64 306
2721429,21 74 214
2721429,21 61 214
2722441,11 151 
2722470,51 69 
2723377,72 93 
2723387,96 103 
2723387,96 101 
2725421,49 100 
2725421,49 1
2725421,49 2130
2725421,49 11
2727400,14 25 
2727427,57 75 
2728633,71 72 
2728706,3 70 
2730228,54 80 
2731304,72 83 
2731860,93 64 557
2732059,72 74 183
2732059,72 62 183
2733571,66 152 
2733598,99 69 
2735109,79 93 
2735129,42 103 
2735129,42 101 
2737156,95 100 
2737156,95 1
2737156,95 2130
2737156,95 11
2739141,77 25 
2739169,24 75 
2740378,15 72 
2740447,93 70 
2741962,11 80 
2742326,71 83 
2744118,71 64 1793
2744372,8 74 234
2744372,8 61 234
2745384,4 151 
2745407,22 69 
2746117,5 93 
2746138,01 103 
2746138,01 101 
2748165,11 100 
2748165,11 1
2748165,11 2130
2748165,11 10
2750150,39 25 
2750177,59 75 
2751388,69 72 
2751456,55 70 
2752972,1 80 
2754321,74 83 
2754898,89 64 578
2755087,32 74 166
2755087,32 62 166
2755598,15 151 
2755629,54 69 
2756538,81 93 
2756560,27 103 
2756560,27 101 
2758590,95 100 
2758590,95 1
2758590,95 2130
2758590,95 10
2760572,54 25 
2761719,13 75 
2762927,69 72 
2762998,3 70 
2764518,64 80 
2764890,35 83 
2765664,99 64 775
2765993,9 74 305
2765993,9 61 305
2767004,3 150 
2767024,73 68 
2768067,82 249
2769035,02 92 
2769035,02 65 
2769048,49 103 
2769048,49 101 
2769579,56 100 
2769579,56 1
2769579,56 2130
2769579,56 11
2771554,55 25 
2771768,11 75 
2772975,4 72 
2773047,28 70 
2774565,66 80 
2775619,1 83 
2776598,88 64 980
2776856,35 74 238
2776856,35 63 238
2778364,3 151 
2778393,09 69 
2779902,54 93 
2779923,55 103 
2779923,55 101 
2781950,24 100 
2781950,24 1
2781950,24 2130
2781950,24 11
2783935,9 25 
2783963,29 75 
2785170,82 72 
2785242,13 70 
2786763,73 80 
2788133,71 83 
2788660,4 64 527
2788845 74 165
2788845 62 165
2789356,71 150 
2789374,42 68 
2790082,45 92 
2790082,45 65 
2790105,85 103 
2790105,85 101 
2790636,61 100 
2790636,61 1
2790636,61 2130
2790636,61 11
2792612,11 25 
2793145,56 75 
2794354,21 72 
2794424,76 70 
2795943,3 80 
2796303,54 83 
2797719,07 64 1416
2797907,96 74 166
2797907,96 62 166
2799415,05 150 
2799437,44 68 
2801450,34 92 
2801450,34 65 
2801474,27 103 
2801474,27 101 
2802001,65 100 
2802001,65 1
2802001,65 2130
2802001,65 10
2803980,58 25 
2804340,81 75 
2805548,08 72 
2805620,01 70 
2807139,89 80 
2808498,4 83 
2808943,92 64 446
2809160,69 74 197
2809160,69 61 197
2809673,26 152 
2809699,64 69 
2810611,22 93 
2810630,4 103 
2810630,4 101 
2812659,23 100 
2812659,23 1
2812659,23 2130
2812659,23 10
2814642,73 25 
2814669,97 75 
2815879,33 72 
2816122,12 70 
2817909,86 80 
2819440,26 83 
2820479,53 64 1039
2820662,66 74 170
2820662,66 61 170
2821675,16 150 
2821694,64 68 
2823703,46 92 
2823703,46 65 
2823718,13 103 
2823718,13 101 
2824252,04 100 
2824252,04 1
2824252,04 2130
2824252,04 11
2826237,74 25 
2826691,26 75 
2827898,5 72 
2827970,41 70 
2829612,58 80 
2830808,74 83 
2831206,1 64 398
2831411,87 74 191
2831411,87 61 191
2832424,44 151 
2832449,89 69 
2833358,62 93 
2833380,58 103 
2833380,58 101 
2835407,14 100 
2835407,14 1
2835407,14 2130
2835407,14 10
2837392,93 25 
2837420,18 75 
2838629,73 72 
2838699,21 70 
2840223,41 80 
2841590,74 83 
2842315,18 64 725
2842515,91 74 179
2842515,91 61 179
2843023,69 150 
2843045,31 68 
2844554,63 92 
2844554,63 65 
2844575,87 103 
2844575,87 101 
2845102,3 100 
2845102,3 1
2845102,3 2130
2845102,3 10
2847082,12 25 
2847255,68 75 
2848463,78 72 
2848534,91 70 
2850052,09 80 
2850416,23 83 
2851462,7 64 1050
2851695,6 74 217
2851695,6 61 217
2853203,84 150 
2853227,62 68 
2853936,66 92 
2853936,66 65 
2853958,44 103 
2853958,44 101 
2854492,8 100 
2854492,8 1
2854492,8 2130
2854492,8 10
2856478,03 25 
2857717,88 75 
2858925,24 72 
2858997,11 70 
2860515,22 80 
2861875,39 83 
2862252,66 64 378
2862440,07 74 165
2862440,07 61 165
2863949,08 150 
2863969,43 68 
2865979,99 92 
2865979,99 65 
2865993,57 103 
2865993,57 101 
2866519,81 100 
2866519,81 1
2866519,81 2130
2866519,81 11
2868499,55 25 
2868753,2 75 
2869961,11 72 
2870032,34 70 
2871552,79 80 
2871924,44 83 
2873005,69 64 1082
2873265,52 74 235
2873265,52 63 235
2873773,13 151 
2873792,17 69 
2875301,69 93 
2875322,63 103 
2875322,63 101 
2877349,92 100 
2877349,92 1
2877349,92 2130
2877349,92 11
2879334,93 25 
2879362,13 75 
2880568,25 72 
2880641,12 70 
2882161,91 80 
2883226,27 83 
2883924,24 64 698
2884213,61 74 269
2884213,61 61 269
2885224,86 151 
2885253,94 69 
2885963,77 93 
2885984,68 103 
2885984,68 101 
2888018,77 100 
2888018,77 1
2888018,77 2130
2888018,77 11
2889996,98 25 
2890024,3 75 
2891232,19 72 
2891303,23 70 
2892823 80 
2893888,34 83 
2894478,89 64 591
2894661,09 74 160
2894661,09 62 160
2895171,64 150 
2895195,92 68 
2896104,7 92 
2896104,7 65 
2896127 103 
2896127 101 
2896656,76 100 
2896656,76 1
2896656,76 2130
2896656,76 11
2898633,38 25 
2898966,99 75 
2900175,51 72 
2900246,05 70 
2901763,58 80 
2902124,81 83 
2903653,93 64 1530
2903870,63 74 201
2903870,63 62 201
2904881,13 150 
2904898,9 68 
2905607,09 92 
2905607,09 65 
2905629,58 103 
2905629,58 101 
2906157,87 100 
2906157,87 1
2906157,87 2130
2906157,87 10
2908135,91 25 
2909202,49 75 
2910411,22 72 
2910481,71 70 
2912000,32 80 
2913360 83 
2913717,79 64 359
2913906,19 74 173
2913906,19 61 173
2915418,01 150 
2915441,02 68 
2915933,99 249
2915979,07 171
2916351,6 92 
2916351,6 65 
2916371,64 103 
2916371,64 101 
2916901,89 100 
2916901,89 1
2916901,89 2130
2916901,89 11
2918877,94 25 
2919384,74 75 
2920592,45 72 
2920664,18 70 
2922180 80 
2922542,7 83 
2923680,06 64 1138
2923901,96 74 200
2923901,96 61 200
2925413,65 151 
2925436,6 69 
2927235,2 249 
2927443,71 93 
2927460,24 103 
2927460,24 101 
2929487,77 100 
2929487,77 1
2929487,77 2130
2929487,77 10
2931472,57 25 
2936017,71 75 
2937226,03 72 
2937470,05 70 
2939096,28 80 
2940455,01 83 
2940874,06 64 420
2941078,24 74 184
2941078,24 61 184
2941587,43 150 
2941616,43 68 
2943124,05 92 
2943124,05 65 
2943146,83 103 
2943146,83 101 
2943676,02 100 
2943676,02 1
2943676,02 2130
2943676,02 10
2945653,19 25 
2946013,39 75 
2947220,81 72 
2947292,51 70 
2948811,29 80 
2949864,28 83 
2950462,44 64 598
2950704,98 74 228
2950704,98 61 228
2951716,66 152 
2951744,82 69 
2953257,03 93 
2953275,81 103 
2953275,81 101 
2955306,05 100 
2955306,05 1
2955306,05 2130
2955306,05 10
2957288,11 25 
2957315,89 75 
2958523,97 72 
2958594,32 70 
2960114,54 80 
2961179,43 83 
2961762,1 64 583
2961986,65 74 208
2961986,65 61 208
2963497,07 150 
2963526,98 68 
2964438,08 92 
2964438,08 65 
2964457,68 103 
2964457,68 101 
2964985,22 100 
2964985,22 1
2964985,22 2130
2964985,22 11
2966963,96 25 
2967057,72 75 
2968267,33 72 
2968337,01 70 
2969858,48 80 
2971228,47 83 
2971608,44 64 380
2971801,91 74 174
2971801,91 62 174
2972810,48 150 
2972829,68 68 
2973141,54 249
2973301,86 172 
2974837,74 92 
2974837,74 65 
2974853,22 103 
2974853,22 101 
2975381,21 100 
2975381,21 1
2975381,21 2130
2975381,21 10
2977359,53 25 
2977773,12 75 
2978982,26 72 
2979052,21 70 
2980571,12 80 
2980944,28 83 
2981740,76 64 797
2981953,85 74 197
2981953,85 61 197
2982462,94 150 
2982492,17 68 
2983202,1 92 
2983202,1 65 
2983222,98 103 
2983222,98 101 
2983764,15 100 
2983764,15 1
2983764,15 2130
2983764,15 10
2985742,57 25 
2986196,19 75 
2987404,47 72 
2987475,37 70 
2988993,23 80 
2990353,6 83 
2990811,88 64 459
2991017,99 74 185
2991017,99 62 185
2992026,29 151 
2992048,12 69 
2992758,31 93 
2992778,85 103 
2992778,85 101 
2994805,28 100 
2994805,28 1
2994805,28 2130
2994805,28 11
2996791,19 25 
2996819,43 75 
2998028,23 72 
2998097,39 70 
2999615,9 80 
2999976,18 83 
3001899,21 64 1923
3002139,55 74 218
3002139,55 61 218
3003650,28 151 
3003669,75 69 
3004579,74 93 
3004600,48 103 
3004600,48 101 
3006627,53 100 
3006627,53 1
3006627,53 2130
3006627,53 10
3008612,73 25 
3008639,98 75 
3009433,5 250 
3009451,3 101 
3011464,9 100 
3011464,9 1
3011464,9 2130
3011464,9 10
3011464,9 25 
3011491,22 75 
3012700,45 72 
3012771,17 70 
3014286,62 80 
3015342,86 83 
3016326,56 64 984
3016559,54 74 217
3016559,54 62 217
3017073,11 151 
3017103,6 69 
3018612,67 93 
3018634,41 103 
3018634,41 101 
3020666,7 100 
3020666,7 1
3020666,7 2130
3020666,7 11
3022646,73 25 
3023566,75 75 
3024772,98 72 
3024845,93 70 
3026365,7 80 
3027737,57 83 
3028069,59 64 333
3028237,68 74 154
3028237,68 62 154
3029251,9 152 
3029272,12 69 
3031283,52 93 
3031295,64 103 
3031295,64 101 
3033322,05 100 
3033322,05 1
3033322,05 2130
3033322,05 11
3035307,94 25 
3035335,77 75 
3036543,2 72 
3036614,16 70 
3038124,73 80 
3039465,84 83 
3040192,1 64 727
3040408,22 74 196
3040408,22 62 196
3040919,79 150 
3040946,92 68 
3041302,7 249
3041385,43 172 
3041658,53 92 
3041658,53 65 
3041677,87 103 
3041677,87 101 
3042204,07 100 
3042204,07 1
3042204,07 2130
3042204,07 10
3044184,22 25 
3044411,14 75 
3045619,77 72 
3045690,26 70 
3047209,19 80 
3047582,41 83 
3049138,29 64 1556
3049378,03 74 223
3049378,03 63 223
3050887,44 151 
3050916,22 69 
3052427,3 93 
3052446,66 103 
3052446,66 101 
3054476,68 100 
3054476,68 1
3054476,68 2130
3054476,68 11
3056458,93 25 
3056486,22 75 
3057692,57 72 
3057765,13 70 
3059274 80 
3059630,51 83 
3060448,17 64 818
3060680,86 74 211
3060680,86 61 211
3061691,56 151 
3061711,47 69 
3062621,18 93 
3062642,23 103 
3062642,23 101 
3064668,53 100 
3064668,53 1
3064668,53 2130
3064668,53 10
3066654,55 25 
3066682,5 75 
3067888,96 72 
3067960,86 70 
3069481,73 80 
3070559,17 83 
3071086,53 64 527
3071349,6 74 244
3071349,6 62 244
3071862,2 151 
3071880,56 69 
3072882,64 249 
3073892,37 93 
3073904,08 103 
3073904,08 101 
3075930,91 100 
3075930,91 1
3075930,91 2130
3075930,91 10
3077916,39 25 
3077943,89 75 
3079153,55 72 
3079222,56 70 
3080748,73 80 
3082114,22 83 
3082534,34 64 420
3082709,02 74 155
3082709,02 62 155
3084217,72 151 
3084247,72 69 
3085758,2 93 
3085778,97 103 
3085778,97 101 
3087812,16 100 
3087812,16 1
3087812,16 2130
3087812,16 11
3089791,35 25 
3089818,6 75 
3091026,81 72 
3091097,43 70 
3092612,44 80 
3093975,84 83 
3094426,95 64 452
3094635,02 74 193
3094635,02 62 193
3095645,38 150 
3095670,22 68 
3097680,53 92 
3097680,53 65 
3097707,27 103 
3097707,27 101 
3098235,13 100 
3098235,13 1
3098235,13 2130
3098235,13 10
3100213,58 25 
3100307,15 75 
3101518,05 72 
3101586,31 70 
3103112,79 80 
3104171,43 83 
3104715,36 64 544
3104945,62 74 215
3104945,62 61 215
3105456,13 150 
3105479,46 68 
3106189,98 92 
3106189,98 65 
3106210,16 103 
3106210,16 101 
3106739,08 100 
3106739,08 1
3106739,08 2130
3106739,08 11
3108716,46 25 
3108876,73 75 
3110084,98 72 
3110156,01 70 
3111672,63 80 
3112034,78 83 
3112783,46 64 749
3112995,56 74 189
3112995,56 61 189
3114504,12 151 
3114528,98 69 
3115439,32 93 
3115459,53 103 
3115459,53 101 
3117492,8 100 
3117492,8 1
3117492,8 2130
3117492,8 10
3119471,88 25 
3119499,46 75 
3120708,72 72 
3120778,29 70 
3122292,21 80 
3123349,91 83 
3123839,49 64 490
3124022,29 74 166
3124022,29 61 166
3125033,8 150 
3125057,73 68 
3126560,7 249
3127070,5 92 
3127070,5 65 
3127094,56 103 
3127094,56 101 
3127622,1 100 
3127622,1 1
3127622,1 2130
3127622,1 10
3129600,81 25 
3129627,98 75 
3130835,67 72 
3130907,09 70 
3132434,71 80 
3132785,78 83 
3134132,73 64 1348
3134339,19 74 181
3134339,19 61 181
3135851,36 150 
3135878,94 68 
3137390,19 92 
3137390,19 65 
3137410,14 103 
3137410,14 101 
3137937,72 100 
3137937,72 1
3137937,72 2130
3137937,72 11
3139916,4 25 
3140196,64 75 
3141406,52 72 
3141649,09 70 
3143319,25 80 
3144860,67 83 
3145043,66 64 184
3145268,29 74 208
3145268,29 62 208
3145780,2 150 
3145808,85 68 
3146719,31 92 
3146719,31 65 
3146739,44 103 
3146739,44 101 
3147275,83 100 
3147275,83 1
3147275,83 2130
3147275,83 11
3149259,05 25 
3149366,26 75 
3150575,62 72 
3150845,17 70 
3152382,2 80 
3153456,9 83 
3153907,65 64 452
3154111,21 74 188
3154111,21 62 188
3155118,95 150 
3155138,11 68 
3155849,84 92 
3155849,84 65 
3155868,87 103 
3155868,87 101 
3156398,14 100 
3156398,14 1
3156398,14 2130
3156398,14 10
3158375,24 25 
3159068,84 75 
3160278,31 72 
3160347,79 70 
3161866,45 80 
3162213,27 83 
3163483,49 64 1270
3163699,61 74 195
3163699,61 61 195
3165207,81 150 
3165226,79 68 
3166740,26 92 
3166740,26 65 
3166757,84 103 
3166757,84 101 
3167285,32 100 
3167285,32 1
3167285,32 2130
3167285,32 10
3169263,97 25 
3169557,44 75 
3170766,3 72 
3170836,62 70 
3172363,8 80 
3173728,32 83 
3174182,19 64 454
3174426,77 74 219
3174426,77 61 219
3174936,51 152 
3174956,2 69 
3176964,67 93 
3176979,86 103 
3176979,86 101 
3179008,44 100 
3179008,44 1
3179008,44 2130
3179008,44 11
3180992,15 25 
3185017,6 75 
3186225,86 72 
3186296,65 70 
3187819,51 80 
3189188,24 83 
3189614,15 64 426
3189801,59 74 174
3189801,59 61 174
3190310,17 151 
3190336,27 69 
3191042,58 93 
3191053,89 103 
3191053,89 101 
3193081,7 100 
3193081,7 1
3193081,7 2130
3193081,7 11
3195066,06 25 
3203822,8 75 
3205029,93 72 
3205101,91 70 
3206623,69 80 
3207687,24 83 
3209469,18 64 1782
3209661,01 74 175
3209661,01 62 175
3210670,64 150 
3210700,88 68 
3210968,78 249
3211149,45 172 
3211609,28 92 
3211609,28 65 
3211631,63 103 
3211631,63 101 
3212165,38 100 
3212165,38 1
3212165,38 2130
3212165,38 11
3214138,2 25 
3214471,51 75 
3215679,96 72 
3215750,63 70 
3217264,59 80 
3217616,12 83 
3218562,94 64 947
3218723,57 74 148
3218723,57 61 148
3220234,1 151 
3220256,8 69 
3221167,87 93 
3221187,59 103 
3221187,59 101 
3223218,7 100 
3223218,7 1
3223218,7 2130
3223218,7 10
3225199,81 25 
3225227,14 75 
3226435,73 72 
3226506,07 70 
3228026,61 80 
3228384,8 83 
3229139,94 64 756
3229324,46 74 167
3229324,46 61 167
3230832,14 150 
3230852,42 68 
3232863,79 92 
3232863,79 65 
3232889,15 103 
3232889,15 101 
3233416,87 100 
3233416,87 1
3233416,87 2130
3233416,87 10
3235395,47 25 
3235662,42 75 
3236870,39 72 
3236941,53 70 
3238463 80 
3239833,26 83 
3240545,55 64 712
3240747,83 74 182
3240747,83 62 182
3241756,2 151 
3241780,93 69 
3242487,86 93 
3242498,35 103 
3242498,35 101 
3244525,8 100 
3244525,8 1
3244525,8 2130
3244525,8 10
3246510,73 25 
3246538,01 75 
3247746,51 72 
3247816,93 70 
3249343,31 80 
3250415,35 83 
3251169,32 64 754
3251370,01 74 182
3251370,01 62 182
3251880,69 151 
3251909,93 69 
3253418,66 93 
3253440,35 103 
3253440,35 101 
3255475,03 100 
3255475,03 1
3255475,03 2130
3255475,03 10
3257452,69 25 
3257480,14 75 
3258687,38 72 
3258932,13 70 
3260595,26 80 
3261104,07 83 
3262332,16 64 1228
3262552,96 74 197
3262552,96 61 197
3263565,56 150 
3263584,95 68 
3264149,44 249
3264235,01 171
3265097,81 92 
3265097,81 65 
3265115,36 103 
3265115,36 101 
3265642,24 100 
3265642,24 1
3265642,24 2130
3265642,24 11
3267621,65 25 
3268155,07 75 
3269362,54 72 
3269434,27 70 
3270944,49 80 
3272312,62 83 
3273520,03 64 1208
3273702,78 74 165
3273702,78 62 165
3275212,5 150 
3275233,28 68 
3275603,56 249
3275680,67 172 
3276141,99 92 
3276141,99 65 
3276164,01 103 
3276164,01 101 
3276691,75 100 
3276691,75 1
3276691,75 2130
3276691,75 10
3278670,2 25 
3279257 75 
3280466,43 72 
3280536,15 70 
3282050,02 80 
3283107,96 83 
3283731,34 64 624
3283921,4 74 174
3283921,4 61 174
3284433,8 152 
3284456,05 69 
3285164,71 93 
3285186,73 103 
3285186,73 101 
3287218,79 100 
3287218,79 1
3287218,79 2130
3287218,79 11
3289199,05 25 
3289227,09 75 
3290433,86 72 
3290505,2 70 
3292018,83 80 
3293383,56 83 
3293823,43 64 440
3294010,35 74 174
3294010,35 62 174
3294519,23 150 
3294544,98 68 
3296553,88 92 
3296553,88 65 
3296568,63 103 
3296568,63 101 
3297095 100 
3297095 1
3297095 2130
3297095 11
3299074,87 25 
3299288,4 75 
3300496,31 72 
3300567,59 70 
3302089,17 80 
3302446,35 83 
3303496,1 64 1050
3303700,24 74 188
3303700,24 61 188
3305209,79 151 
3305233,71 69 
3306745,62 93 
3306764,19 103 
3306764,19 101 
3308790,56 100 
3308790,56 1
3308790,56 2130
3308790,56 11
3310776,47 25 
3313788,84 75 
3314999,07 72 
3315068,03 70 
3316588,68 80 
3317653,15 83 
3318127,47 64 474
3318319,93 74 174
3318319,93 61 174
3319327,95 151 
3319347,71 69 
3320259,91 93 
3320278,31 103 
3320278,31 101 
3322311,3 100 
3322311,3 1
3322311,3 2130
3322311,3 10
3324290,61 25 
3324318 75 
3325525,9 72 
3325596,87 70 
3327109,23 80 
3328475,17 83 
3328949,9 64 475
3329148,26 74 180
3329148,26 61 180
3330158,2 150 
3330183,09 68 
3332193,65 92 
3332193,65 65 
3332219,89 103 
3332219,89 101 
3332746,48 100 
3332746,48 1
3332746,48 2130
3332746,48 11
3334726,13 25 
3334846,51 75 
3336052,91 72 
3336125,62 70 
3337642,36 80 
3338697,53 83 
3340009,78 64 1313
3340277 74 247
3340277 61 247
3340785,06 153 
3340805,12 68 
3341516,24 92 
3341516,24 65 
3341535,86 103 
3341535,86 101 
3342062,14 100 
3342062,14 1
3342062,14 2130
3342062,14 11
3344042,15 25 
3344790,13 75 
3345998,73 72 
3346068,07 70 
3347580,55 80 
3347933,46 83 
3348784,37 64 851
3349016,63 74 218
3349016,63 61 218
3350528,22 151 
3350547,84 69 
3351457,83 93 
3351478,34 103 
3351478,34 101 
3353510,94 100 
3353510,94 1
3353510,94 2130
3353510,94 10
3355490,66 25 
3355518,48 75 
3356728,31 72 
3356796,82 70 
3358309,2 80 
3359368,65 83 
3359954,83 64 587
3360158,9 74 191
3360158,9 61 191
3360669,95 150 
3360689,97 68 
3362340,67 249
3362698,7 92 
3362698,7 65 
3362713,44 103 
3362713,44 101 
3363242,34 100 
3363242,34 1
3363242,34 2130
3363242,34 11
3365219,73 25 
3365260,11 75 
3366466,93 72 
3366699,27 70 
3368273,78 80 
3368804,64 83 
3369730,61 64 927
3370094,33 74 344
3370094,33 62 344
3371105,03 150 
3371124,71 68 
3371448,45 249
3371514,46 172 
3371837,05 92 
3371837,05 65 
3371856,2 103 
3371856,2 101 
3372382,4 100 
3372382,4 1
3372382,4 2130
3372382,4 10
3374362,53 25 
3374896,01 75 
3376106,52 72 
3376175,13 70 
3377684,87 80 
3379053,46 83 
3379761,84 64 709
3379975,11 74 189
3379975,11 61 189
3381486,75 150 
3381506,92 68 
3383017,67 92 
3383017,67 65 
3383038,12 103 
3383038,12 101 
3383574,35 100 
3383574,35 1
3383574,35 2130
3383574,35 10
3385557,66 25 
3388316,9 75 
3389525,06 72 
3389596,06 70 
3391104,13 80 
3391461,52 83 
3392284,69 64 824
3392490,82 74 190
3392490,82 62 190
3393000,64 151 
3393022,75 69 
3394043,32 249 
3395030,56 93 
3395046,32 103 
3395046,32 101 
3397075,72 100 
3397075,72 1
3397075,72 2130
3397075,72 11
3399058,66 25 
3399085,69 75 
3400292,53 72 
3400364,79 70 
3401880,78 80 
3402936,58 83 
3404750,07 64 1814
3404986,43 74 211
3404986,43 62 211
3406495,1 150 
3406523,56 68 
3407234,67 92 
3407234,67 65 
3407254,34 103 
3407254,34 101 
3407781 100 
3407781 1
3407781 2130
3407781 11
3409760,78 25 
3410080,83 75 
3411289,84 72 
3411360,02 70 
3412876,6 80 
3414225,02 83 
3414711,18 64 486
3414913,16 74 182
3414913,16 61 182
3415926,48 151 
3415945,39 69 
3416857,23 93 
3416876,86 103 
3416876,86 101 
3418909,3 100 
3418909,3 1
3418909,3 2130
3418909,3 10
3420889,28 25 
3420917,05 75 
3422123,76 72 
3422195,47 70 
3423714,11 80 
3424767,25 83 
3425324,47 64 557
3425494,85 74 155
3425494,85 62 155
3426007,43 151 
3426035,37 69 
3427547,19 93 
3427565,62 103 
3427565,62 101 
3429597,56 100 
3429597,56 6
3429597,56 2130
3429597,56 11
3429597,56 78 
3429597,56 198 
3431577,97 25 
3431605,19 75 
3432815,76 72 
3432884,18 70 
3434395,67 80 
3434749,72 83 
3436131,31 64 1382
3436317,62 74 170
3436317,62 62 170
3437326,06 151 
3437350,32 69 
3438059,9 93 
3438081,1 103 
3438081,1 101 
3440108,18 100 
3440108,18 6
3440108,18 2130
3440108,18 11
3442093,46 25 
3442121,45 75 
3443327,87 72 
3443399,58 70 
3444910 80 
3446264,63 83 
3446781,79 64 518
3446988,24 74 191
3446988,24 61 191
3448499,36 150 
3448519,28 68 
3449432,28 92 
3449432,28 65 
3449449,55 103 
3449449,55 101 
3449979,92 100 
3449979,92 6
3449979,92 2130
3449979,92 11
3451955,91 25 
3452649,28 75 
3453855,68 72 
3453928,45 70 
3455435,96 80 
3456486,89 83 
3456940,07 64 454
3457157,29 74 204
3457157,29 61 204
3457665,05 150 
3457688,27 68 
3459199,99 92 
3459199,99 65 
3459218,75 103 
3459218,75 101 
3459744,99 100 
3459744,99 6
3459744,99 2130
3459744,99 11
3461725,05 25 
3462231,98 75 
3463440,41 72 
3463511,04 70 
3465019,91 80 
3465376,38 83 
3467091,59 64 1716
3467327,86 74 219
3467327,86 61 219
3468340,11 150 
3468363,69 68 
3470375,31 92 
3470375,31 65 
3470400,59 103 
3470400,59 101 
3470928,15 100 
3470928,15 6
3470928,15 2130
3470928,15 10
3472906,88 25 
3473160,43 75 
3474367,62 72 
3474639,54 70 
3476176,06 80 
3477544,56 83 
3478049,28 64 505
3478250,96 74 187
3478250,96 62 187
3479761,9 151 
3479785,1 69 
3480491,74 93 
3480502,99 103 
3480502,99 101 
3482537,1 100 
3482537,1 6
3482537,1 2130
3482537,1 10
3484515,24 25 
3484543,27 75 
3485752,29 72 
3485821,41 70 
3487346,89 80 
3487713,48 83 
3489195,67 64 1483
3489427,02 74 208
3489427,02 61 208
3490935,31 151 
3490953,63 69 
3492962,16 93 
3492977,57 103 
3492977,57 101 
3495003,83 100 
3495003,83 6
3495003,83 2130
3495003,83 10
3496989,86 25 
3497017,25 75 
3498225,05 72 
3498296,11 70 
3499825,87 80 
3500881,19 83 
3501358,15 64 477
3501537,96 74 164
3501537,96 62 164
3502548,37 151 
3502575,71 69 
3503487,78 93 
3503506,36 103 
3503506,36 101 
3505534,6 100 
3505534,6 6
3505534,6 2130
3505534,6 11
3507518,75 25 
3507545,9 75 
3508754,56 72 
3508825,04 70 
3510346,28 80 
3511716,67 83 
3512107,09 64 391
3512295,22 74 166
3512295,22 62 166
3512804,92 151 
3512838,14 69 
3513926,44 249 
3514351,01 93 
3514368,4 103 
3514368,4 101 
3516403,89 100 
3516403,89 6
3516403,89 2130
3516403,89 10
3518380,71 25 
3518408,04 75 
3519616,76 72 
3519686,93 70 
3521218,56 80 
3522578,52 83 
3523652,81 64 1075
3523885,23 74 214
3523885,23 61 214
3524898,09 153 
3524926,06 68 
3525636,94 92 
3525636,94 65 
3525656,87 103 
3525656,87 101 
3526183,24 100 
3526183,24 6
3526183,24 2130
3526183,24 10
3528163,19 25 
3528191,33 75 
3529399,68 72 
3529469,43 70 
3530988,99 80 
3532041,21 83 
3532733,63 64 693
3532952,08 74 205
3532952,08 61 205
3534460,63 151 
3534481,24 69 
3536490,78 93 
3536505,53 103 
3536505,53 101 
3538534 100 
3538534 6
3538534 2130
3538534 11
3540517,88 25 
3540545,52 75 
3541754,86 72 
3541824,09 70 
3543339,11 80 
3543702,8 83 
3544943,51 64 1241
3545142,82 74 175
3545142,82 61 175
3545653,72 150 
3545677,17 68 
3547191,16 92 
3547191,16 65 
3547207,6 103 
3547207,6 101 
3551798,08 102 
