83,3 100 
83,3 1
83,3 2132
83,3 11
2044,14 25 
2655,12 75 
3872,65 72 
4120,98 70 
5699,28 80 
6880,1 83 
6935,36 64 55
6966,06 256 
7039,71 74 79
7039,71 62 79
8563,99 150 
8586,53 68 
9307,8 92 
9307,8 65 
9347,6 103 
9347,6 101 
9871,57 100 
9871,57 1
9871,57 2132
9871,57 10
11851,79 25 
11879,18 75 
13093,5 72 
13158 70 
14682,99 80 
16049,7 83 
16354,37 64 305
16381,22 256 
16596,82 74 227
16596,82 63 227
17623,34 151 
17649,32 69 
19665,72 93 
19687,83 103 
19687,83 101 
21713,8 100 
21713,8 1
21713,8 2132
21713,8 11
23700,16 25 
23727,66 75 
24942,85 72 
25019,73 70 
26536,8 80 
26911,87 83 
28122,1 64 1210
28312,46 74 173
28312,46 61 173
28834,48 151 
28872,11 69 
30384,59 93 
30403,48 103 
30403,48 101 
32434,85 100 
32434,85 1
32434,85 2132
32434,85 11
34415,68 25 
34656,03 75 
35871,9 72 
35948,52 70 
37471,92 80 
37827,35 83 
38628,31 64 802
38784,08 74 131
38784,08 62 131
39312,73 150 
39335,24 68 
40253,26 92 
40253,26 65 
40292,6 103 
40292,6 101 
40818,77 100 
40818,77 1
40818,77 2132
40818,77 11
42798,9 25 
42826,33 75 
44042,68 72 
44105,23 70 
45631,9 80 
46996,93 83 
47256,06 64 259
47414,4 74 138
47414,4 62 138
48941 150 
48971,12 68 
49685,23 92 
49685,23 65 
49715,31 103 
49715,31 101 
50243,93 100 
50243,93 1
50243,93 2132
50243,93 10
52221,6 25 
52475,17 75 
53694,04 72 
53767,84 70 
55291,04 80 
56352,85 83 
56781,12 64 428
57033,68 74 228
57033,68 61 228
58059,92 150 
58087,31 68 
58508,37 249
59006,4 92 
59006,4 65 
59044,71 103 
59044,71 101 
59573,35 100 
59573,35 1
59573,35 2132
59573,35 10
61551,01 25 
61991,18 75 
63202,23 72 
63270,39 70 
64790,19 80 
66162,08 83 
66530,67 64 369
66691,62 74 144
66691,62 61 144
67710,76 150 
67735,91 68 
69253,11 92 
69253,11 65 
69293,78 103 
69293,78 101 
69820,83 100 
69820,83 1
69820,83 2132
69820,83 11
71800,14 25 
72160,29 75 
73371,95 72 
73439,5 70 
74959,86 80 
76024,67 83 
76560,71 64 537
76743,3 74 160
76743,3 62 160
78269,14 150 
78291,46 68 
80300,5 92 
80300,5 65 
80329,19 103 
80329,19 101 
80856,08 100 
80856,08 1
80856,08 2132
80856,08 10
82835,49 25 
82982,5 75 
84192,97 72 
84263,21 70 
85776,6 80 
86153,76 83 
87070,95 64 917
87272,65 74 186
87272,65 61 186
87790,33 152 
87820,83 69 
89332,71 93 
89352,09 103 
89352,09 101 
91382,94 100 
91382,94 1
91382,94 2132
91382,94 10
93364,41 25 
93391,74 75 
94602,07 72 
94670,73 70 
96194,28 80 
97255,84 83 
97634,64 64 379
97810,58 74 142
97810,58 62 142
99330,77 151 
99362,67 69 
101375,92 93 
101400,35 103 
101400,35 101 
103428,26 100 
103428,26 1
103428,26 2132
103428,26 10
105412,7 25 
105440,75 75 
106651,28 72 
106892,19 70 
108460,46 80 
109957,34 83 
110150,37 64 194
110339,97 74 170
110339,97 62 170
110859,87 151 
110891,91 69 
111803,12 93 
111823,6 103 
111823,6 101 
113848,94 100 
113848,94 1
113848,94 2132
113848,94 11
115835,02 25 
115862,58 75 
117071,88 72 
117141,29 70 
118662,83 80 
119046,74 83 
119866,6 64 821
120054,09 74 168
120054,09 62 168
121079,32 150 
121101,08 68 
121813,53 92 
121813,53 65 
121845,19 103 
121845,19 101 
122380,3 100 
122380,3 1
122380,3 2132
122380,3 10
124364,77 25 
124898,29 75 
126110,66 72 
126177,53 70 
127698,4 80 
128762,65 83 
129439,65 64 678
129622,47 74 167
129622,47 61 167
131137,72 150 
131163,42 68 
132682,38 92 
132682,38 65 
132720,66 103 
132720,66 101 
133246,7 100 
133246,7 1
133246,7 2132
133246,7 10
135226,94 25 
135600,48 75 
136812,86 72 
136879,7 70 
138405,33 80 
139771,35 83 
140245,3 64 474
140433,43 74 156
140433,43 61 156
141459,97 150 
141491,75 68 
141888,92 249
143503,5 92 
143503,5 65 
143542,84 103 
143542,84 101 
144069,77 100 
144069,77 1
144069,77 2132
144069,77 10
146049,08 25 
146076,52 75 
147290,92 72 
147355,39 70 
148881,86 80 
149247,41 83 
150117,88 64 871
150333,15 74 193
150333,15 62 193
150860,78 151 
150888,73 69 
151802,83 93 
151819,28 103 
151819,28 101 
153852,12 100 
153852,12 1
153852,12 2132
153852,12 11
155831,64 25 
155859,59 75 
157070,33 72 
157137,86 70 
158657,99 80 
159736,34 83 
160155,98 64 420
160322,71 74 147
160322,71 62 147
161847,32 150 
161870,86 68 
162580,34 92 
162580,34 65 
162614,83 103 
162614,83 101 
163141,42 100 
163141,42 1
163141,42 2132
163141,42 11
165121,11 25 
165521,31 75 
166731,16 72 
166800,48 70 
168324,29 80 
168692,64 83 
169747,82 64 1056
169910,94 74 139
169910,94 62 139
170429,69 150 
170453,78 68 
172472,87 92 
172472,87 65 
172504,01 103 
172504,01 101 
173031,47 100 
173031,47 1
173031,47 2132
173031,47 11
175010,29 25 
175410,55 75 
176621,72 72 
176689,75 70 
178206,63 80 
179581,42 83 
179702,63 64 122
179961,87 74 234
179961,87 62 234
180989,47 152 
181022,65 69 
181934,9 93 
181953,37 103 
181953,37 101 
183985,44 100 
183985,44 1
183985,44 2132
183985,44 11
185965,82 25 
185993,3 75 
187209,35 72 
187285,36 70 
188811,12 80 
189177,43 83 
190303,65 64 1127
190489,72 74 153
190489,72 62 153
191010,17 150 
191032,61 68 
192553,99 92 
192553,99 65 
192588,96 103 
192588,96 101 
193114,89 100 
193114,89 1
193114,89 2132
193114,89 10
195095,28 25 
195428,95 75 
196641,14 72 
196708,05 70 
198232,09 80 
199613,04 83 
199889,51 64 277
200092,87 74 187
200092,87 61 187
201618,16 150 
201640,66 68 
202351,54 92 
202351,54 65 
202384,94 103 
202384,94 101 
202914,74 100 
202914,74 1
202914,74 2132
202914,74 11
204891,13 25 
205198,11 75 
206409,83 72 
206477,3 70 
207999,6 80 
209062,4 83 
209537,77 64 476
209723,52 74 169
209723,52 62 169
210752,66 150 
210782,8 68 
212802,46 92 
212802,46 65 
212833,84 103 
212833,84 101 
213364,16 100 
213364,16 1
213364,16 2132
213364,16 10
215340,1 25 
215460,42 75 
216670,31 72 
216952,92 70 
218537,98 80 
219751,27 83 
220073,53 64 323
220253,44 74 156
220253,44 61 156
221779,82 150 
221805,65 68 
222519,87 92 
222519,87 65 
222549,74 103 
222549,74 101 
223095,03 100 
223095,03 1
223095,03 2132
223095,03 11
225069,67 25 
225482,92 75 
226699,79 72 
226775,47 70 
228308,29 80 
229680,51 83 
229955,04 64 275
230142,75 74 156
230142,75 62 156
230670,05 150 
230694,54 68 
231609 92 
231609 65 
231639,31 103 
231639,31 101 
232166,35 100 
232166,35 1
232166,35 2132
232166,35 10
234145,66 25 
234572,52 75 
235791,34 72 
235865,21 70 
237396,26 80 
237770,4 83 
238725,86 64 956
238902,5 74 147
238902,5 61 147
239930,43 150 
239958,02 68 
241473,36 92 
241473,36 65 
241501,87 103 
241501,87 101 
242037,95 100 
242037,95 1
242037,95 2132
242037,95 10
244021,52 25 
244488,38 75 
245699,56 72 
245767,55 70 
247294,19 80 
248672,52 83 
248782,17 64 110
249030,64 74 225
249030,64 61 225
250051,03 150 
250073,03 68 
252091,78 92 
252091,78 65 
252124,12 103 
252124,12 101 
252651,38 100 
252651,38 1
252651,38 2132
252651,38 11
254630,43 25 
254937,27 75 
256150,96 72 
256216,62 70 
257747,46 80 
258828,31 83 
259236,69 64 409
259409,61 74 155
259409,61 62 155
259930,89 152 
259963,1 69 
260684,63 93 
260707,18 103 
260707,18 101 
262734,33 100 
262734,33 1
262734,33 2132
262734,33 10
264719,5 25 
264747,23 75 
265961,28 72 
266025,77 70 
267555,06 80 
267931,16 83 
269026,04 64 1095
269238,55 74 189
269238,55 61 189
270756,3 150 
270784,45 68 
271702,08 92 
271702,08 65 
271742,55 103 
271742,55 101 
272272,78 100 
272272,78 1
272272,78 2132
272272,78 10
274248,9 25 
274569,23 75 
275780,98 72 
275848,29 70 
277375,81 80 
278739,97 83 
279133,63 64 393
279312,05 74 146
279312,05 61 146
280336,32 150 
280367,17 68 
281880,02 92 
281880,02 65 
281911,62 103 
281911,62 101 
282441,34 100 
282441,34 1
282441,34 2132
282441,34 11
284417,98 25 
284938,15 75 
286150,63 72 
286217,28 70 
287746,95 80 
288842,41 83 
289400,11 64 558
289550,18 74 135
289550,18 62 135
290066,88 150 
290096,44 68 
292112,01 92 
292112,01 65 
292147,34 103 
292147,34 101 
292674,99 100 
292674,99 1
292674,99 2132
292674,99 11
294654,89 25 
294947,29 75 
296158,63 72 
296226,41 70 
297759,42 80 
298131,9 83 
299306,16 64 1174
299490,98 74 160
299490,98 62 160
301015,65 150 
301039,24 68 
302551,98 92 
302551,98 65 
302582,99 103 
302582,99 101 
303117,4 100 
303117,4 1
303117,4 2132
303117,4 10
305089,53 25 
305529,49 75 
306739,71 72 
306808,73 70 
308330,62 80 
308700,81 83 
309608,67 64 908
309798,57 74 165
309798,57 61 165
310316,39 150 
310341,93 68 
311262,14 92 
311262,14 65 
311299,33 103 
311299,33 101 
311825,94 100 
311825,94 1
311825,94 2132
311825,94 11
313805,63 25 
314259,17 75 
315470,05 72 
315538,36 70 
317068,6 80 
318136,83 83 
318619,11 64 482
318790,05 74 147
318790,05 62 147
320315,42 152 
320337,52 69 
321051,5 93 
321081,91 103 
321081,91 101 
323113,15 100 
323113,15 1
323113,15 2132
323113,15 10
325094,36 25 
325121,27 75 
326329,48 72 
326400,49 70 
327925,45 80 
329305,52 83 
329808,36 64 504
330012,93 74 188
330012,93 61 188
331037,23 150 
331065,85 68 
331778,44 92 
331778,44 65 
331810,8 103 
331810,8 101 
332341,84 100 
332341,84 1
332341,84 2132
332341,84 11
334330,46 25 
334517,39 75 
335728,82 72 
335796,66 70 
337323,8 80 
338395,04 83 
338922,06 64 527
339097,28 74 143
339097,28 62 143
340618,33 150 
340648,56 68 
342658,78 92 
342658,78 65 
342686,23 103 
342686,23 101 
343213,13 100 
343213,13 1
343213,13 2132
343213,13 10
345192,59 25 
345765,99 75 
346979,65 72 
347045,4 70 
348578,69 80 
348950,65 83 
349977,61 64 1028
350202,31 74 200
350202,31 61 200
350727,66 150 
350751,74 68 
351669,99 92 
351669,99 65 
351709,12 103 
351709,12 101 
352236,37 100 
352236,37 1
352236,37 2132
352236,37 10
354215,49 25 
354615,63 75 
355829,56 72 
355895,01 70 
357426,65 80 
358799,88 83 
359209,92 64 410
359389,35 74 151
359389,35 62 151
360406,39 151 
360427,35 69 
361939,26 93 
361958,19 103 
361958,19 101 
363994,07 100 
363994,07 1
363994,07 2132
363994,07 10
365970,58 25 
365998,09 75 
367208,72 72 
367276,8 70 
368810,12 80 
369901,89 83 
370802,67 64 901
370971,57 74 137
370971,57 62 137
371498,56 151 
371529,72 69 
372400,16 249 
372432,43 182 
373539,1 93 
373553,33 103 
373553,33 101 
375579,89 100 
375579,89 1
375579,89 2132
375579,89 11
377565,68 25 
377593,37 75 
378808,02 72 
378885,22 70 
380410,05 80 
380790,72 83 
381501,93 64 712
381687,19 74 164
381687,19 62 164
383208,78 150 
383230,78 68 
383947,83 92 
383947,83 65 
383975,72 103 
383975,72 101 
384501,66 100 
384501,66 1
384501,66 2132
384501,66 11
386482,06 25 
386855,53 75 
388069,94 72 
388134,69 70 
389666,89 80 
391053,05 83 
391407,93 64 355
391590,09 74 164
391590,09 62 164
392618,26 150 
392640,9 68 
394161,89 92 
394161,89 65 
394198,08 103 
394198,08 101 
394728,87 100 
394728,87 1
394728,87 2132
394728,87 11
396704,83 25 
397144,54 75 
398360,24 72 
398423,78 70 
399957,28 80 
401328,72 83 
401659,13 64 330
401841,89 74 167
401841,89 62 167
403368,76 150 
403396,44 68 
404311,6 92 
404311,6 65 
404340,66 103 
404340,66 101 
404870,62 100 
404870,62 1
404870,62 2132
404870,62 10
406846,79 25 
407127,43 75 
408338,44 72 
408406,28 70 
409939,56 80 
410311,64 83 
411474,66 64 1164
411657,33 74 160
411657,33 61 160
412174,44 152 
412207,19 69 
413719,95 93 
413736,57 103 
413736,57 101 
415762,88 100 
415762,88 1
415762,88 2132
415762,88 10
417748,9 25 
417789,7 75 
418997,96 72 
419068,5 70 
420593,03 80 
421666,9 83 
422472,58 64 806
422660,87 74 168
422660,87 62 168
423687,73 151 
423707,99 69 
424618,76 93 
424638,66 103 
424638,66 101 
426667,12 100 
426667,12 1
426667,12 2132
426667,12 11
428651,02 25 
428678,42 75 
429889,13 72 
430077,23 70 
431752,96 80 
432262,55 83 
433084,52 64 823
433267,77 74 166
433267,77 62 166
434786,77 150 
434809,92 68 
436828,08 92 
436828,08 65 
436860,24 103 
436860,24 101 
437386,3 100 
437386,3 1
437386,3 2132
437386,3 10
439366,58 25 
439726,74 75 
440937,98 72 
441005,94 70 
442532,94 80 
443910,96 83 
444134,64 64 224
444329,83 74 166
444329,83 61 166
444853,67 150 
444885,72 68 
445599,02 92 
445599,02 65 
445629,88 103 
445629,88 101 
446157,6 100 
446157,6 1
446157,6 2132
446157,6 10
448136,17 25 
448723,16 75 
449938,29 72 
450015,53 70 
451540,83 80 
452627,32 83 
453139,89 64 513
453316,74 74 143
453316,74 61 143
454334,88 150 
454361,95 68 
456381,51 92 
456381,51 65 
456412,17 103 
456412,17 101 
456946,51 100 
456946,51 1
456946,51 2132
456946,51 11
458931,74 25 
459291,98 75 
460506,84 72 
460584,55 70 
462117,86 80 
463489,43 83 
463929,94 64 441
464078,53 74 123
464078,53 62 123
465096,98 150 
465117,51 68 
465830,38 92 
465830,38 65 
465861,49 103 
465861,49 101 
466388,33 100 
466388,33 1
466388,33 2132
466388,33 10
468367,73 25 
468927,89 75 
470139,47 72 
470220,4 70 
471749,49 80 
472832,28 83 
473455,12 64 623
473667,5 74 196
473667,5 61 196
475184,78 150 
475219,69 68 
476739,82 92 
476739,82 65 
476776,87 103 
476776,87 101 
477305,04 100 
477305,04 1
477305,04 2132
477305,04 11
479283,27 25 
479883,32 75 
481098,18 72 
481162,62 70 
482688,53 80 
483067,92 83 
484252,81 64 1185
484440,43 74 160
484440,43 62 160
484965,06 150 
484988,32 68 
485511,24 249
485581,53 172 
485899,65 92 
485899,65 65 
485933,07 103 
485933,07 101 
486467,66 100 
486467,66 1
486467,66 2132
486467,66 11
488452,73 25 
488693,02 75 
489906,42 72 
489972,53 70 
491503,44 80 
492877,16 83 
493155,76 64 279
493339,56 74 156
493339,56 62 156
494366,63 150 
494398,37 68 
495109,1 92 
495109,1 65 
495142,56 103 
495142,56 101 
495669,97 100 
495669,97 1
495669,97 2132
495669,97 11
497648,88 25 
497875,83 75 
499085,88 72 
499154,98 70 
500684,58 80 
501060,37 83 
502099,07 64 1039
502270,01 74 157
502270,01 62 157
503795,9 150 
503821,23 68 
505836,68 92 
505836,68 65 
505858,14 103 
505858,14 101 
506386,84 100 
506386,84 1
506386,84 2132
506386,84 11
508364,37 25 
509057,75 75 
510267 72 
510337,03 70 
511866,85 80 
512935,45 83 
513494,93 64 560
513678,46 74 157
513678,46 62 157
514203,78 150 
514230,16 68 
515146,89 92 
515146,89 65 
515187,49 103 
515187,49 101 
515720,24 100 
515720,24 1
515720,24 2132
515720,24 11
517693,89 25 
518213,95 75 
519427,75 72 
519493,25 70 
521028,09 80 
522105,03 83 
522599,61 64 495
522779,78 74 155
522779,78 62 155
523303,76 150 
523333,03 68 
524848,98 92 
524848,98 65 
524890,11 103 
524890,11 101 
525417,83 100 
525417,83 1
525417,83 2132
525417,83 10
527396,41 25 
527836,6 75 
529045,62 72 
529115,77 70 
530643,11 80 
531021,31 83 
531921,01 64 900
532076,12 74 122
532076,12 61 122
533094,58 150 
533128,85 68 
534048,09 92 
534048,09 65 
534086,25 103 
534086,25 101 
534614,04 100 
534614,04 1
534614,04 2132
534614,04 10
536592,57 25 
536952,85 75 
538165,92 72 
538392,04 70 
539972,08 80 
541483,53 83 
541757,64 64 275
541945,78 74 169
541945,78 62 169
543464,58 151 
543498,78 69 
545386,4 249 
545515,26 93 
545534,8 103 
545534,8 101 
547566,83 100 
547566,83 1
547566,83 2132
547566,83 11
549547,17 25 
549574,61 75 
550786,48 72 
550853,41 70 
552377,95 80 
553758,38 83 
553965,91 64 208
554150,49 74 166
554150,49 62 166
555675,69 150 
555705,34 68 
557217,42 92 
557217,42 65 
557249,9 103 
557249,9 101 
557776,78 100 
557776,78 1
557776,78 2132
557776,78 10
559756,2 25 
559929,83 75 
561146,69 72 
561222,37 70 
562748,58 80 
563820,91 83 
564168,71 64 348
564367,45 74 174
564367,45 61 174
565396,02 150 
565422,16 68 
566136,66 92 
566136,66 65 
566179,53 103 
566179,53 101 
566705,73 100 
566705,73 1
566705,73 2132
566705,73 10
568685,82 25 
569152,69 75 
570368,24 72 
570431,95 70 
571949,76 80 
572324 83 
573232,99 64 909
573416,69 74 160
573416,69 61 160
573934,3 150 
573964,41 68 
575981,35 92 
575981,35 65 
576015,42 103 
576015,42 101 
576545,96 100 
576545,96 1
576545,96 2132
576545,96 10
578521,73 25 
578855,41 75 
580064,51 72 
580134,47 70 
581657,13 80 
583026,17 83 
583400,61 64 375
583575,55 74 150
583575,55 61 150
585096,78 150 
585119,76 68 
585839,44 92 
585839,44 65 
585877,98 103 
585877,98 101 
586403,85 100 
586403,85 1
586403,85 2132
586403,85 11
588384,3 25 
588864,49 75 
590075,94 72 
590143,63 70 
591663,97 80 
592035,74 83 
593011,69 64 976
593178,35 74 144
593178,35 62 144
593704,98 152 
593729,46 69 
594648,15 93 
594674,29 103 
594674,29 101 
596701,38 100 
596701,38 1
596701,38 2132
596701,38 11
598686,71 25 
598714,42 75 
599925,53 72 
599992,9 70 
601514,7 80 
602578,02 83 
603567,57 64 990
603740,82 74 150
603740,82 62 150
604765,36 150 
604791,67 68 
606311,59 92 
606311,59 65 
606349,39 103 
606349,39 101 
606887,43 100 
606887,43 1
606887,43 2132
606887,43 10
608869,1 25 
609135,94 75 
610345,83 72 
610415,16 70 
611932,97 80 
612307,26 83 
613096,37 64 790
613315,13 74 195
613315,13 61 195
614331,31 150 
614361,63 68 
615969,09 249
616374,44 92 
616374,44 65 
616398,55 103 
616398,55 101 
616925,64 100 
616925,64 1
616925,64 2132
616925,64 11
618904,83 25 
619305,1 75 
620515,89 72 
620584,3 70 
622105,38 80 
623169,42 83 
623663,9 64 495
623834,99 74 146
623834,99 62 146
624352,64 150 
624383,31 68 
625296,12 92 
625296,12 65 
625328,12 103 
625328,12 101 
625855,06 100 
625855,06 1
625855,06 2132
625855,06 11
627834,42 25 
628594,46 75 
629805,37 72 
629873,66 70 
631391,74 80 
632765,35 83 
633104,09 64 339
633278,75 74 154
633278,75 62 154
634802,97 150 
634832,99 68 
635547,09 92 
635547,09 65 
635577,35 103 
635577,35 101 
636109,7 100 
636109,7 1
636109,7 2132
636109,7 11
638083,55 25 
638524,68 75 
639735,4 72 
639802,88 70 
641331,25 80 
642081,56 83 
642844,28 64 764
643028,78 74 161
643028,78 62 161
644055,24 150 
644082,48 68 
645595,46 92 
645595,46 65 
645639,69 103 
645639,69 101 
646168,08 100 
646168,08 1
646168,08 2132
646168,08 10
648146,01 25 
648626,12 75 
649836,44 72 
649905,38 70 
651434,13 80 
652490,64 83 
652988,23 64 498
653207,86 74 198
653207,86 61 198
653735,21 150 
653758,45 68 
654477,28 92 
654477,28 65 
654515,93 103 
654515,93 101 
655044,26 100 
655044,26 1
655044,26 2132
655044,26 10
657022,26 25 
657435,83 75 
658643,91 72 
658714,98 70 
660242,91 80 
661606,65 83 
661805,5 64 200
662014,54 74 195
662014,54 61 195
663532,65 150 
663553,69 68 
664468,05 92 
664468,05 65 
664498,44 103 
664498,44 101 
665030,66 100 
665030,66 1
665030,66 2132
665030,66 10
667004,74 25 
667378,35 75 
668593,31 72 
668670,86 70 
670206,01 80 
671575,82 83 
674922,19 64 3346
675136,28 74 189
675136,28 61 189
676664,76 150 
676694,8 68 
678707,8 92 
678707,8 65 
678745,82 103 
678745,82 101 
679271,84 100 
679271,84 1
679271,84 2132
679271,84 10
681252,11 25 
681279,65 75 
682494,33 72 
682571,71 70 
684101,83 80 
685170,19 83 
685610,1 64 440
685807,25 74 172
685807,25 61 172
686832,19 150 
686863,88 68 
688378,23 92 
688378,23 65 
688408,44 103 
688408,44 101 
688934,95 100 
688934,95 1
688934,95 2132
688934,95 11
690914,76 25 
691221,94 75 
692435,74 72 
692500,92 70 
694031,69 80 
694406,34 83 
695411,46 64 1006
695576,35 74 145
695576,35 62 145
696105,13 152 
696127,49 69 
696847,31 93 
696871,6 103 
696871,6 101 
698901,74 100 
698901,74 1
698901,74 2132
698901,74 11
700883,91 25 
700912,12 75 
702126,53 72 
702203,47 70 
703732,57 80 
705095,14 83 
705363,19 64 268
705534,13 74 146
705534,13 62 146
706054,88 150 
706082,53 68 
706996,89 92 
706996,89 65 
707027,33 103 
707027,33 101 
707555,38 100 
707555,38 1
707555,38 2132
707555,38 11
709533,75 25 
709827,21 75 
711044,88 72 
711119,93 70 
712648,64 80 
713731,57 83 
714141,25 64 410
714336,86 74 166
714336,86 62 166
715365,04 150 
715386,01 68 
717397,97 92 
717397,97 65 
717436,88 103 
717436,88 101 
717962,17 100 
717962,17 1
717962,17 2132
717962,17 11
719942,62 25 
720329,56 75 
721543,71 72 
721608,89 70 
723135,62 80 
723514,18 83 
724204,83 64 691
724407,18 74 187
724407,18 62 187
725934,4 150 
725955,12 68 
727467,13 92 
727467,13 65 
727498,87 103 
727498,87 101 
728033,43 100 
728033,43 1
728033,43 2132
728033,43 10
730018,55 25 
730112,07 75 
731323,79 72 
731391,27 70 
732919,51 80 
733989,76 83 
734801,56 64 812
735093,93 74 265
735093,93 61 265
736111,36 150 
736137,46 68 
738156,94 92 
738156,94 65 
738187,64 103 
738187,64 101 
738715,54 100 
738715,54 1
738715,54 2132
738715,54 11
740694,02 25 
740854,31 75 
742066,8 72 
742146,83 70 
743676,21 80 
745051,83 83 
747863,28 64 2812
748117,25 74 227
748117,25 61 227
748644,46 153 
748664,7 68 
749575,38 92 
749575,38 65 
749609,56 103 
749609,56 101 
750135,25 100 
750135,25 1
750135,25 2132
750135,25 11
752115,85 25 
752715,96 75 
753923,17 72 
754115,12 70 
755641 80 
756007,34 83 
758729,11 64 2722
758904,28 74 152
758904,28 62 152
760424,67 150 
760446,52 68 
761166,06 92 
761166,06 65 
761204,7 103 
761204,7 101 
761738,38 100 
761738,38 1
761738,38 2132
761738,38 10
763724,31 25 
763751,79 75 
764967,23 72 
765043,93 70 
766563,11 80 
767935,55 83 
768202,45 64 268
768433,45 74 205
768433,45 61 205
769451,65 150 
769483,52 68 
770997,56 92 
770997,56 65 
771027,28 103 
771027,28 101 
771555,2 100 
771555,2 1
771555,2 2132
771555,2 11
773533,62 25 
774027,03 75 
775243,96 72 
775319,6 70 
776841,94 80 
777904,7 83 
778309 64 404
778525,98 74 195
778525,98 62 195
779052,74 150 
779078,75 68 
779795,89 92 
779795,89 65 
779836,93 103 
779836,93 101 
780363,72 100 
780363,72 1
780363,72 2132
780363,72 10
782343,26 25 
782796,72 75 
784014,33 72 
784089,3 70 
785613,28 80 
785968,15 83 
787693,32 64 1726
787917,53 74 204
787917,53 61 204
789444,86 150 
789475,1 68 
790982,98 92 
790982,98 65 
791005,6 103 
791005,6 101 
791535,39 100 
791535,39 1
791535,39 2132
791535,39 10
793511,94 25 
793898,89 75 
795113,53 72 
795178,07 70 
796699,79 80 
798056,35 83 
798519,92 64 464
798773,3 74 225
798773,3 61 225
799292,19 150 
799323,52 68 
800234,4 92 
800234,4 65 
800268,43 103 
800268,43 101 
800794,18 100 
800794,18 1
800794,18 2132
800794,18 10
802774,66 25 
803334,88 75 
804542,99 72 
804613,99 70 
806128,57 80 
807199,2 83 
808253,84 64 1055
808453,16 74 174
808453,16 61 174
809973,08 150 
809999,24 68 
812015,74 92 
812015,74 65 
812050,1 103 
812050,1 101 
812581,41 100 
812581,41 4
812581,41 2132
812581,41 11
812581,41 78 
812581,41 198 
814556,48 25 
814796,69 75 
816013,06 72 
816089,22 70 
817610,58 80 
817968,08 83 
819883,1 64 1915
820084,24 74 184
820084,24 62 184
821100,52 151 
821128,65 69 
823148,92 93 
823165,49 103 
823165,49 101 
825194,12 100 
825194,12 4
825194,12 2132
825194,12 11
827177,96 25 
828111,12 75 
829323,91 72 
829390,36 70 
830909,11 80 
832282,01 83 
832487,33 64 205
832695,51 74 188
832695,51 62 188
833723,22 151 
833750,13 69 
835266,33 93 
835293,74 103 
835293,74 101 
837320,43 100 
837320,43 4
837320,43 2132
837320,43 10
839306,08 25 
839333,73 75 
840544,03 72 
840612,38 70 
842130,39 80 
843197,55 83 
844632,97 64 1436
844984,77 74 335
844984,77 61 335
846511,27 151 
846544,63 69 
847256,67 93 
847275,42 103 
847275,42 101 
849301,63 100 
849301,63 4
849301,63 2132
849301,63 11
851287,86 25 
851315,33 75 
852521,68 72 
852594 70 
854120,46 80 
854672,66 83 
856414,73 64 1743
856632,43 74 201
856632,43 62 201
857150,84 153 
857179,41 68 
858095,48 92 
858095,48 65 
858124,21 103 
858124,21 101 
858657,99 100 
858657,99 4
858657,99 2132
858657,99 10
860643,83 25 
861097,46 75 
862315 72 
862389,87 70 
863908,43 80 
864282 83 
865649,47 64 1368
865905,83 74 238
865905,83 61 238
867431,65 151 
867455,14 69 
868374,5 93 
868386,62 103 
868386,62 101 
870412,41 100 
870412,41 4
870412,41 2132
870412,41 10
872398,91 25 
872426,26 75 
873642,13 72 
873718,48 70 
875241,17 80 
876303,62 83 
876823,4 64 521
877031,88 74 182
877031,88 62 182
877553,7 150 
877584,88 68 
879605,89 92 
879605,89 65 
879635,21 103 
879635,21 101 
880161,9 100 
880161,9 4
880161,9 2132
880161,9 10
882141,56 25 
882301,81 75 
883513,21 72 
883581,06 70 
885100,23 80 
886459,4 83 
886718,03 64 259
886922,03 74 183
886922,03 62 183
887942,03 150 
887967,24 68 
888685,28 92 
888685,28 65 
888724,73 103 
888724,73 101 
889254,37 100 
889254,37 4
889254,37 2132
889254,37 11
891231,05 25 
891844,65 75 
893052,24 72 
893123,74 70 
894637,79 80 
896002,08 83 
897133,65 64 1131
897352,02 74 204
897352,02 62 204
898373,31 151 
898402,13 69 
899912,83 93 
899933,4 103 
899933,4 101 
901960,13 100 
901960,13 4
901960,13 2132
901960,13 11
903945,78 25 
903973,65 75 
905184,15 72 
905252 70 
906765,34 80 
907837,18 83 
908961,94 64 1125
909155,93 74 173
909155,93 62 173
909682,08 151 
909704,91 69 
910423,34 93 
910435,67 103 
910435,67 101 
912461,37 100 
912461,37 4
912461,37 2132
912461,37 10
914448,04 25 
914475,09 75 
915692,49 72 
915767,64 70 
917291,83 80 
917646,68 83 
918511,49 64 866
918751,9 74 213
918751,9 61 213
920269,32 151 
920300,49 69 
922314,15 93 
922337,43 103 
922337,43 101 
924371,26 100 
924371,26 4
924371,26 2132
924371,26 11
926349,75 25 
926377,03 75 
927593,65 72 
927669,25 70 
929190,91 80 
930547,91 83 
931426,93 64 879
931661,66 74 208
931661,66 62 208
932681,33 151 
932707,91 69 
934222,37 93 
934239,08 103 
934239,08 101 
936265,67 100 
936265,67 4
936265,67 2132
936265,67 10
938251,44 25 
938278,76 75 
939491,86 72 
939557,63 70 
941083,56 80 
942156,19 83 
942548,45 64 393
942765,14 74 196
942765,14 62 196
944291,07 150 
944317,19 68 
945231,88 92 
945231,88 65 
945261,11 103 
945261,11 101 
945787,93 100 
945787,93 4
945787,93 2132
945787,93 11
947767,48 25 
947901,06 75 
949111,53 72 
949180,32 70 
950700,71 80 
951072,36 83 
951984,66 64 913
952186,24 74 168
952186,24 62 168
952711,2 151 
952740,29 69 
953653,58 93 
953670,92 103 
953670,92 101 
955700,29 100 
955700,29 4
955700,29 2132
955700,29 10
957683,34 25 
957710,77 75 
958921,53 72 
959162,8 70 
960689,78 80 
962041,11 83 
962838,8 64 798
963163,3 74 297
963163,3 63 297
964692,68 151 
964722,79 69 
965430,98 93 
965452,67 103 
965452,67 101 
967478,58 100 
967478,58 4
967478,58 2132
967478,58 11
969465,03 25 
973517,1 75 
974733,19 72 
974796,32 70 
976318,19 80 
976675,04 83 
978329 64 1654
978543,94 74 190
978543,94 62 190
979070,45 151 
979101,82 69 
980613,42 93 
980633 103 
980633 101 
982659,07 100 
982659,07 4
982659,07 2132
982659,07 11
984645,34 25 
984672,38 75 
985883,17 72 
985951,55 70 
987466,09 80 
988536,77 83 
990107,55 64 1571
990320,64 74 185
990320,64 62 185
991339,81 151 
991364,03 69 
993380,72 93 
993401,03 103 
993401,03 101 
995432,62 100 
995432,62 4
995432,62 2132
995432,62 10
997413,39 25 
998000,13 75 
999210,59 72 
999279,38 70 
1000797,83 80 
1002157,74 83 
1002636,76 64 479
1002800,79 74 137
1002800,79 61 137
1004319,91 153 
1004345,26 68 
1006363,56 92 
1006363,56 65 
1006395,63 103 
1006395,63 101 
1006921,4 100 
1006921,4 4
1006921,4 2132
1006921,4 10
1008901,88 25 
1009422,1 75 
1010630,53 72 
1010701,27 70 
1012217 80 
1013286,44 83 
1013930,38 64 645
1014150,59 74 198
1014150,59 61 198
1015170,82 151 
1015193,78 69 
1015912,09 93 
1015924,95 103 
1015924,95 101 
1017951,69 100 
1017951,69 4
1017951,69 2132
1017951,69 10
1019937,28 25 
1019965,04 75 
1021180,55 72 
1021256,8 70 
1022777,18 80 
1023148,9 83 
1024475,59 64 1327
1024692,99 74 185
1024692,99 62 185
1025220,32 150 
1025242,55 68 
1026751,46 92 
1026751,46 65 
1026787,12 103 
1026787,12 101 
1027318,13 100 
1027318,13 4
1027318,13 2132
1027318,13 11
1029306,71 25 
1029520,36 75 
1030732,33 72 
1030799,55 70 
1032317,8 80 
1033384,69 83 
1034377,53 64 994
1034600,48 74 204
1034600,48 62 204
1035121,25 151 
1035145,05 69 
1036064,45 93 
1036089,83 103 
1036089,83 101 
1038120,81 100 
1038120,81 4
1038120,81 2132
1038120,81 10
1040102,18 25 
1040129,82 75 
1041342,34 72 
1041410,12 70 
1042923,97 80 
1044300,12 83 
1044787,1 64 487
1045014,08 74 208
1045014,08 63 208
1046040,38 151 
1046060,8 69 
1046770,65 93 
1046792,01 103 
1046792,01 101 
1048819,56 100 
1048819,56 4
1048819,56 2132
1048819,56 11
1050804,42 25 
1050831,45 75 
1052040,58 72 
1052110,64 70 
1053630,01 80 
1053989,4 83 
1055105,94 64 1117
1055333,4 74 199
1055333,4 61 199
1056859,58 150 
1056883,35 68 
1058400,72 92 
1058400,72 65 
1058440,49 103 
1058440,49 101 
1058971,78 100 
1058971,78 4
1058971,78 2132
1058971,78 10
1060946,86 25 
1061426,99 75 
1062639,33 72 
1062706,31 70 
1064227,56 80 
1065291,36 83 
1065750,7 64 460
1065982,82 74 212
1065982,82 63 212
1067009,05 151 
1067038,37 69 
1068783,63 249 
1074422,54 183 
1076420,94 93 
1076433 103 
1076433 101 
1078459,25 100 
1078459,25 4
1078459,25 2132
1078459,25 11
1080445,36 25 
1080472,34 75 
1081679,79 72 
1081751,51 70 
1083268,92 80 
1084643,21 83 
1085053,81 64 411
1085310,56 74 228
1085310,56 61 228
1086826,47 150 
1086856,72 68 
1087772,97 92 
1087772,97 65 
1087801,55 103 
1087801,55 101 
1088329,81 100 
1088329,81 4
1088329,81 2132
1088329,81 11
1090307,86 25 
1090334,98 75 
1091551,27 72 
1091614,21 70 
1093132,52 80 
1093506,23 83 
1094300,36 64 795
1094509,74 74 191
1094509,74 61 191
1095029,99 150 
1095053,27 68 
1097071,73 92 
1097071,73 65 
1097104,43 103 
1097104,43 101 
1097638,48 100 
1097638,48 4
1097638,48 2132
1097638,48 10
1099623,97 25 
1099665,27 75 
1100879,02 72 
1100943,7 70 
1102467,84 80 
1102822,3 83 
1105045,36 64 2224
1105230,71 74 156
1105230,71 62 156
1106246,26 150 
1106275,33 68 
1106991,09 92 
1106991,09 65 
1107033,51 103 
1107033,51 101 
1107560,12 100 
1107560,12 4
1107560,12 2132
1107560,12 11
1109539,83 25 
1110006,78 75 
1111219,39 72 
1111285,92 70 
1112806,8 80 
1114177,58 83 
1114577,01 64 400
1114789,79 74 186
1114789,79 61 186
1115311,19 150 
1115339,13 68 
1116250,21 92 
1116250,21 65 
1116282,98 103 
1116282,98 101 
1116810,21 100 
1116810,21 4
1116810,21 2132
1116810,21 10
1118789,28 25 
1119522,69 75 
1120739,35 72 
1120815,32 70 
1122335,76 80 
1123400,41 83 
1124540,98 64 1141
1124731,46 74 172
1124731,46 62 172
1126260,28 152 
1126280,99 69 
1127792,03 93 
1127811,49 103 
1127811,49 101 
1129844,12 100 
1129844,12 4
1129844,12 2132
1129844,12 10
1131823,97 25 
1131851,39 75 
1133060,24 72 
1133130,05 70 
1134644,43 80 
1135022,15 83 
1136266,94 64 1245
1136491,12 74 203
1136491,12 63 203
1137520,53 151 
1137542,96 69 
1138459,49 93 
1138473,7 103 
1138473,7 101 
1140500,49 100 
1140500,49 4
1140500,49 2132
1140500,49 11
1142486,23 25 
1142513,05 75 
1143152,4 250 
1143178,31 101 
1145191,65 100 
1145191,65 4
1145191,65 2132
1145191,65 11
1145191,65 25 
1145260,05 75 
1146472,92 72 
1146551,1 70 
1148071,25 80 
1149442,82 83 
1149883,05 64 440
1150128,89 74 220
1150128,89 61 220
1151649,55 150 
1151669,72 68 
1152381,88 92 
1152381,88 65 
1152414,56 103 
1152414,56 101 
1152942,15 100 
1152942,15 4
1152942,15 2132
1152942,15 10
1154920,88 25 
1155641,01 75 
1156850,32 72 
1156920,26 70 
1158441,15 80 
1159505,41 83 
1160223,23 64 718
1160389,48 74 139
1160389,48 62 139
1160907,23 150 
1160932,55 68 
1162452,54 92 
1162452,54 65 
1162490,34 103 
1162490,34 101 
1163020,85 100 
1163020,85 4
1163020,85 2132
1163020,85 11
1165010,04 25 
1165183,66 75 
1166399,45 72 
1166476,13 70 
1168006,86 80 
1169087,94 83 
1169395,5 64 308
1169602,63 74 182
1169602,63 61 182
1170125,97 150 
1170156,11 68 
1172171,71 92 
1172171,71 65 
1172206,31 103 
1172206,31 101 
1172732,9 100 
1172732,9 4
1172732,9 2132
1172732,9 11
1174712,6 25 
1174979,58 75 
1176190,19 72 
1176258,7 70 
1177789,08 80 
1178150,8 83 
1179152,8 64 1002
1179359,74 74 183
1179359,74 61 183
1180875,67 150 
1180897,45 68 
1182410,26 92 
1182410,26 65 
1182442,05 103 
1182442,05 101 
1182967,83 100 
1182967,83 4
1182967,83 2132
1182967,83 11
1184948,31 25 
1185335,32 75 
1186549,81 72 
1186614,7 70 
1188146,38 80 
1189519,44 83 
1189804,01 64 285
1189982,73 74 157
1189982,73 61 157
1191007,75 150 
1191039,86 68 
1191715,95 249
1191952,75 92 
1191952,75 65 
1191984,68 103 
1191984,68 101 
1192513,8 100 
1192513,8 4
1192513,8 2132
1192513,8 11
1194490,99 25 
1194984,63 75 
1196199,18 72 
1196277 70 
1197800,88 80 
1198169,14 83 
1199171,52 64 1003
1199348,84 74 154
1199348,84 61 154
1199865,61 150 
1199889,63 68 
1201898,08 92 
1201898,08 65 
1201927,2 103 
1201927,2 101 
1202453,01 100 
1202453,01 4
1202453,01 2132
1202453,01 10
1204433,61 25 
1204967,05 75 
1206179,51 72 
1206246,23 70 
1207772,7 80 
1209094,17 250 
1209110,81 101 
1211110,94 100 
1211110,94 4
1211110,94 2132
1211110,94 10
1211110,94 25 
1211179,72 75 
1212392,31 72 
1212470,29 70 
1213988,51 80 
1215361,94 83 
1215867,09 64 505
1216062,55 74 168
1216062,55 62 168
1217088,27 150 
1217108,95 68 
1217821,79 92 
1217821,79 65 
1217853,87 103 
1217853,87 101 
1218381,22 100 
1218381,22 4
1218381,22 2132
1218381,22 10
1220361,24 25 
1221000,27 75 
1222209,99 72 
1222279,49 70 
1223802,68 80 
1224864,81 83 
1225319,15 64 454
1225511,41 74 168
1225511,41 62 168
1227036,24 152 
1227064,94 69 
1228579,83 93 
1228596,09 103 
1228596,09 101 
1230626,21 100 
1230626,21 4
1230626,21 2132
1230626,21 11
1232608,39 25 
1232636,24 75 
1233849,18 72 
1233914,71 70 
1235439,53 80 
1235806,82 83 
1236875,92 64 1069
1237131,43 74 233
1237131,43 61 233
1238658,3 150 
1238687,36 68 
1239598,61 92 
1239598,61 65 
1239631,48 103 
1239631,48 101 
1240159,02 100 
1240159,02 4
1240159,02 2132
1240159,02 10
1242137,77 25 
1242697,96 75 
1243907,34 72 
1243977,15 70 
1245506,84 80 
1246882,14 83 
1247365,1 64 483
1247614,25 74 226
1247614,25 62 226
1248139,39 150 
1248162,36 68 
1250180,27 92 
1250180,27 65 
1250213,68 103 
1250213,68 101 
1250740,69 100 
1250740,69 4
1250740,69 2132
1250740,69 10
1252719,98 25 
1253066,86 75 
1254279,69 72 
1254346,13 70 
1255871,76 80 
1256944,64 83 
1257383,93 64 440
1257571,47 74 161
1257571,47 62 161
1258594,44 150 
1258625,83 68 
1259339,69 92 
1259339,69 65 
1259383,25 103 
1259383,25 101 
1259921,6 100 
1259921,6 4
1259921,6 2132
1259921,6 10
1261902,89 25 
1262316,49 75 
1263527,66 72 
1263768,83 70 
1265389,62 80 
1265754,45 83 
1266622,3 64 869
1266831,68 74 185
1266831,68 62 185
1268354,3 150 
1268381,58 68 
1270399,94 92 
1270399,94 65 
1270431,95 103 
1270431,95 101 
1270957,91 100 
1270957,91 4
1270957,91 2132
1270957,91 11
1272938,21 25 
1273498,34 75 
1274706,5 72 
1274777,52 70 
1276300,45 80 
1277362,81 83 
1277764,11 64 401
1277967,96 74 179
1277967,96 61 179
1278484,91 152 
1278510,69 69 
1279228,49 93 
1279241,55 103 
1279241,55 101 
1281267,16 100 
1281267,16 4
1281267,16 2132
1281267,16 11
1283253,96 25 
1285093,59 75 
1286306,76 72 
1286372,89 70 
1287899,61 80 
1289277,76 83 
1289582,45 64 305
1289778,65 74 168
1289778,65 61 168
1290798,55 150 
1290825,56 68 
1291276,4 249
1292340,88 92 
1292340,88 65 
1292369,44 103 
1292369,44 101 
1292898,26 100 
1292898,26 4
1292898,26 2132
1292898,26 10
1294875,77 25 
1295382,68 75 
1296599,14 72 
1296675,07 70 
1298200,6 80 
1298580,53 83 
1299623,3 64 1044
1299870,6 74 224
1299870,6 63 224
1300398,23 151 
1300420,83 69 
1301340,47 93 
1301365,68 103 
1301365,68 101 
1303393,23 100 
1303393,23 4
1303393,23 2132
1303393,23 10
1305377,97 25 
1305405,89 75 
1306617,56 72 
1306684,27 70 
1308212,04 80 
1309282,75 83 
1309828,58 64 546
1310040,52 74 199
1310040,52 62 199
1311567,46 150 
1311589,47 68 
1312499,61 92 
1312499,61 65 
1312534,39 103 
1312534,39 101 
1313062,75 100 
1313062,75 4
1313062,75 2132
1313062,75 11
1315040,61 25 
1315320,86 75 
1316537,31 72 
1316613,49 70 
1318135,66 80 
1319505,12 83 
1319829,34 64 325
1320020,65 74 170
1320020,65 61 170
1321047,12 150 
1321079,59 68 
1323091,13 92 
1323091,13 65 
1323129,91 103 
1323129,91 101 
1323660,67 100 
1323660,67 4
1323660,67 2132
1323660,67 11
1325637,33 25 
1325689,94 75 
1326897 72 
1326969,05 70 
1328491,31 80 
1329860,8 83 
1330256,27 64 396
1330421,59 74 148
1330421,59 61 148
1331444,4 150 
1331474,52 68 
1332025,21 249
1332990,41 92 
1332990,41 65 
1333019,16 103 
1333019,16 101 
1333544,91 100 
1333544,91 4
1333544,91 2132
1333544,91 10
1335525,39 25 
1335912,32 75 
1337126,33 72 
1337204,89 70 
1338728,13 80 
1339790,12 83 
1340229,32 64 440
1340398,89 74 156
1340398,89 62 156
1340917,37 150 
1340937,2 68 
1341648,41 92 
1341648,41 65 
1341682,23 103 
1341682,23 101 
1342209,65 100 
1342209,65 4
1342209,65 2132
1342209,65 10
1344188,51 25 
1344535,41 75 
1345748,68 72 
1345814,54 70 
1347338,65 80 
1347706,67 83 
1348589,59 64 884
1348789,77 74 177
1348789,77 62 177
1350317,62 150 
1350347,35 68 
1351261,7 92 
1351261,7 65 
1351291,56 103 
1351291,56 101 
1351821,1 100 
1351821,1 4
1351821,1 2132
1351821,1 11
1353797,8 25 
1354238,01 75 
1355446,56 72 
1355517,13 70 
1357042,52 80 
1358102,43 83 
1358582,38 64 481
1358820,49 74 212
1358820,49 61 212
1359345 150 
1359370,24 68 
1360090,74 92 
1360090,74 65 
1360127,8 103 
1360127,8 101 
1360655,54 100 
1360655,54 4
1360655,54 2132
1360655,54 11
1362634,08 25 
1363034,43 75 
1364248,55 72 
1364486,74 70 
1366139,59 80 
1366632,19 83 
1367735,66 64 1104
1367946,88 74 182
1367946,88 61 182
1369463,82 152 
1369498,62 69 
1371011,32 93 
1371029,91 103 
1371029,91 101 
1373055,9 100 
1373055,9 4
1373055,9 2132
1373055,9 11
1375043,89 25 
1375069,56 75 
1376277,27 72 
1376348,5 70 
1377863,41 80 
1379226,83 83 
1379618,65 64 392
1379816,71 74 177
1379816,71 61 177
1380837,63 150 
1380867,22 68 
1381311,23 249
1382878,48 92 
1382878,48 65 
1382918,27 103 
1382918,27 101 
1383449,3 100 
1383449,3 4
1383449,3 2132
1383449,3 10
1385424,65 25 
1385451,68 75 
1386669,83 72 
1386744,34 70 
1388264,47 80 
1389329,28 83 
1389733,55 64 405
1389956,29 74 201
1389956,29 62 201
1391475,23 150 
1391502,89 68 
1392416,62 92 
1392416,62 65 
1392447,6 103 
1392447,6 101 
1392973,49 100 
1392973,49 4
1392973,49 2132
1392973,49 11
1394953,96 25 
1395274,2 75 
1396486,03 72 
1396553,38 70 
1398075,52 80 
1398432,13 83 
1399215,15 64 783
1399375,79 74 144
1399375,79 61 144
1400394,45 150 
1400419,75 68 
1402436,41 92 
1402436,41 65 
1402470,07 103 
1402470,07 101 
1402995,91 100 
1402995,91 4
1402995,91 2132
1402995,91 10
1404976,35 25 
1405403,48 75 
1406618,18 72 
1406682,48 70 
1408207,53 80 
1409574,13 83 
1410563,63 64 990
1410771,6 74 185
1410771,6 62 185
1411296,23 150 
1411321,2 68 
1412837,97 92 
1412837,97 65 
1412879,07 103 
1412879,07 101 
1413413,09 100 
1413413,09 4
1413413,09 2132
1413413,09 10
1415398,75 25 
1416332,08 75 
1417545,98 72 
1417624,51 70 
1419142,72 80 
1419503,52 83 
1420268,35 64 766
1420458,42 74 170
1420458,42 62 170
1421485,79 150 
1421517,75 68 
1422226,34 92 
1422226,34 65 
1422248,71 103 
1422248,71 101 
1422774,78 100 
1422774,78 4
1422774,78 2132
1422774,78 11
1424754,78 25 
1425234,94 75 
1426448,3 72 
1426514,19 70 
1428035,47 80 
1429392,56 83 
1429677,12 64 285
1429876,61 74 178
1429876,61 61 178
1430395,03 150 
1430420,76 68 
1431337,42 92 
1431337,42 65 
1431378,02 103 
1431378,02 101 
1431903,92 100 
1431903,92 4
1431903,92 2132
1431903,92 10
1433884,31 25 
1434444,42 75 
1435655,7 72 
1435723,62 70 
1437244,87 80 
1438308,79 83 
1439544,24 64 1235
1439745,54 74 171
1439745,54 62 171
1441263,99 150 
1441295,31 68 
1443308,97 92 
1443308,97 65 
1443346,35 103 
1443346,35 101 
1443879,02 100 
1443879,02 4
1443879,02 2132
1443879,02 11
1445852,69 25 
1445986,34 75 
1447195,75 72 
1447265,48 70 
1448786,22 80 
1449850,73 83 
1450144,91 64 295
1450358,06 74 188
1450358,06 61 188
1451384,18 150 
1451412,04 68 
1452130,85 92 
1452130,85 65 
1452169,31 103 
1452169,31 101 
1452695,27 100 
1452695,27 4
1452695,27 2132
1452695,27 10
1454675,6 25 
1455115,78 75 
1456325,15 72 
1456394,98 70 
1457916,91 80 
1458273,82 83 
1459258,56 64 985
1459455,94 74 183
1459455,94 62 183
1460975,18 150 
1461006,67 68 
1462516,58 92 
1462516,58 65 
1462551,63 103 
1462551,63 101 
1463083,15 100 
1463083,15 4
1463083,15 2132
1463083,15 10
1465058,33 25 
1465564,88 75 
1466778,09 72 
1467017,22 70 
1468796,5 80 
1470322,12 83 
1470754,39 64 433
1470965,21 74 190
1470965,21 62 190
1471484,3 150 
1471510,25 68 
1473025,26 92 
1473025,26 65 
1473053,93 103 
1473053,93 101 
1473582,52 100 
1473582,52 4
1473582,52 2132
1473582,52 10
1475560,29 25 
1476186,99 75 
1477396,01 72 
1477586,12 70 
1479114,71 80 
1480477,85 83 
1480978,67 64 501
1481178,82 74 167
1481178,82 62 167
1481704,76 150 
1481732,51 68 
1482644,63 92 
1482644,63 65 
1482676,55 103 
1482676,55 101 
1483202,36 100 
1483202,36 4
1483202,36 2132
1483202,36 11
1485182,92 25 
1485636,44 75 
1486844,56 72 
1486915,55 70 
1488432,2 80 
1489500,84 83 
1489941,5 64 441
1490166,63 74 200
1490166,63 61 200
1491185,94 150 
1491208,51 68 
1491925,92 92 
1491925,92 65 
1491966,01 103 
1491966,01 101 
1492491,73 100 
1492491,73 4
1492491,73 2132
1492491,73 11
1494472,34 25 
1495192,37 75 
1496404,81 72 
1496471,63 70 
1497990,5 80 
1498350,46 83 
1499468,54 64 1119
1499698,38 74 203
1499698,38 61 203
1501226,64 150 
1501256,58 68 
1501833,34 249
1503268,51 92 
1503268,51 65 
1503307,97 103 
1503307,97 101 
1503841,33 100 
1503841,33 4
1503841,33 2132
1503841,33 10
1505827,62 25 
1506187,86 75 
1507396,05 72 
1507466,97 70 
1508983,25 80 
1510345,35 83 
1510856,48 64 512
1511068,53 74 191
1511068,53 62 191
1512592,4 150 
1512625,62 68 
1513338,46 92 
1513338,46 65 
1513370,41 103 
1513370,41 101 
1513897,91 100 
1513897,91 4
1513897,91 2132
1513897,91 11
1515876,7 25 
1516276,97 75 
1517484,94 72 
1517556,1 70 
1519071,94 80 
1520127,96 83 
1520761,67 64 634
1520947,92 74 167
1520947,92 61 167
1521972,96 152 
1521995,74 69 
1524008,98 93 
1524032,64 103 
1524032,64 101 
1526058,59 100 
1526058,59 4
1526058,59 2132
1526058,59 10
1528044,94 25 
1528072,6 75 
1529286,12 72 
1529351,22 70 
1530867,49 80 
1531243,29 83 
1531914,77 64 672
1532138,16 74 202
1532138,16 62 202
1532664,67 150 
1532684,58 68 
1533598,01 92 
1533598,01 65 
1533628,6 103 
1533628,6 101 
1534158,07 100 
1534158,07 4
1534158,07 2132
1534158,07 11
1536161,78 25 
1536335,26 75 
1537546,37 72 
1537614,39 70 
1539128,16 80 
1539506,53 83 
1540372,7 64 867
1540587,48 74 189
1540587,48 61 189
1542114,91 150 
1542148,17 68 
1543151,15 249
1543565,19 171
1543668,82 92 
1543668,82 65 
1543704,38 103 
1543704,38 101 
1544231 100 
1544231 4
1544231 2132
1544231 11
1546210,82 25 
1546424,37 75 
1547635,96 72 
1547703,52 70 
1549226,53 80 
1550595,18 83 
1551222,52 64 628
1551406,88 74 159
1551406,88 61 159
1552435,64 150 
1552462,93 68 
1553175,21 92 
1553175,21 65 
1553207,09 103 
1553207,09 101 
1553732,81 100 
1553732,81 4
1553732,81 2132
1553732,81 10
1555713,44 25 
1556233,62 75 
1557446,12 72 
1557512,8 70 
1559030,29 80 
1560097,93 83 
1560500,8 64 403
1560838,14 74 314
1560838,14 62 314
1561363,96 150 
1561391,79 68 
1562908,9 92 
1562908,9 65 
1562949,85 103 
1562949,85 101 
1563483,31 100 
1563483,31 4
1563483,31 2132
1563483,31 10
1565469,44 25 
1565989,56 75 
1567204,8 72 
1567268,66 70 
1568793,93 80 
1570160,41 83 
1570510,87 64 351
1570706,27 74 174
1570706,27 62 174
1571233,35 150 
1571255,16 68 
1572169,51 92 
1572169,51 65 
1572199,27 103 
1572199,27 101 
1572725,04 100 
1572725,04 4
1572725,04 2132
1572725,04 11
1574705,46 25 
1575359 75 
1576575,95 72 
1576651,46 70 
1578170,1 80 
1579436,52 83 
1580172,38 64 737
1580396,68 74 201
1580396,68 61 201
1581422,26 150 
1581450,9 68 
1582249,18 249
1583100,95 171
1583465,25 92 
1583465,25 65 
1583501,1 103 
1583501,1 101 
1584029,44 100 
1584029,44 4
1584029,44 2132
1584029,44 11
1586007,43 25 
1586660,92 75 
1587875,52 72 
1587940,22 70 
1589584,97 80 
1590085,36 83 
1590883,71 64 799
1591077,18 74 165
1591077,18 61 165
1592603,74 150 
1592632,15 68 
1593149,63 249
1593544,8 92 
1593544,8 65 
1593576,89 103 
1593576,89 101 
1594107,43 100 
1594107,43 4
1594107,43 2132
1594107,43 11
1596083,26 25 
1596336,83 75 
1597543,36 72 
1597616,06 70 
1599140,53 80 
1600201,14 83 
1600780,49 64 580
1601023,43 74 223
1601023,43 61 223
1602541,55 150 
1602574,56 68 
1603283,76 92 
1603283,76 65 
1603306,18 103 
1603306,18 101 
1603832,16 100 
1603832,16 4
1603832,16 2132
1603832,16 11
1605812,48 25 
1606212,73 75 
1607424,98 72 
1607491,84 70 
1609020,06 80 
1609397,28 83 
1611064 64 1667
1611278,48 74 189
1611278,48 61 189
1611803,61 150 
1611824,13 68 
1613337,03 92 
1613337,03 65 
1613368,73 103 
1613368,73 101 
1613896,3 100 
1613896,3 4
1613896,3 2132
1613896,3 10
1615875,09 25 
1616528,37 75 
1617745,97 72 
1617820,9 70 
1619350,42 80 
1620725,93 83 
1621336,4 64 611
1621536,37 74 185
1621536,37 62 185
1622560,64 150 
1622592,94 68 
1624606,01 92 
1624606,01 65 
1624643,94 103 
1624643,94 101 
1625176,84 100 
1625176,84 4
1625176,84 2132
1625176,84 10
1627150,54 25 
1627430,48 75 
1628645,03 72 
1628722,97 70 
1630245,16 80 
1631614,72 83 
1631863,17 64 249
1632065,17 74 184
1632065,17 62 184
1633584,64 150 
1633615,8 68 
1634327,72 92 
1634327,72 65 
1634359,91 103 
1634359,91 101 
1634886,71 100 
1634886,71 4
1634886,71 2132
1634886,71 10
1636866,18 25 
1637267,43 75 
1638487,13 72 
1638572,21 70 
1640098,6 80 
1640477,62 83 
1642203,5 64 1727
1642443,47 74 221
1642443,47 62 221
1642964,16 152 
1642985,19 69 
1644497,5 93 
1644515,85 103 
1644515,85 101 
1646542,54 100 
1646542,54 4
1646542,54 2132
1646542,54 11
1648528,01 25 
1648555,04 75 
1649765,5 72 
1649834,22 70 
1651360,59 80 
1652432,68 83 
1654613,23 64 2181
1654883,57 74 252
1654883,57 61 252
1655900,31 150 
1655926,34 68 
1656728,79 249
1657947,61 92 
1657947,61 65 
1657976,68 103 
1657976,68 101 
1658506,88 100 
1658506,88 4
1658506,88 2132
1658506,88 10
1660483,4 25 
1660843,25 75 
1662053,44 72 
1662122,38 70 
1663643,96 80 
1664720,85 83 
1666351 64 1630
1666537,16 74 164
1666537,16 62 164
1668062,09 150 
1668093,93 68 
1668471,44 249
1668517,13 172 
1669007,53 92 
1669007,53 65 
1669038,74 103 
1669038,74 101 
1669569,96 100 
1669569,96 5
1669569,96 2132
1669569,96 10
1669569,96 78 
1669569,96 198 
1671544,98 25 
1671851,91 75 
1673064,87 72 
1673131,1 70 
1674660,6 80 
1676036,19 83 
1676389,29 64 354
1676593,05 74 184
1676593,05 62 184
1677112,27 151 
1677144,24 69 
1678657,36 93 
1678674,73 103 
1678674,73 101 
1680700,47 100 
1680700,47 5
1680700,47 2132
1680700,47 10
1682687 25 
1682728,24 75 
1683944,72 72 
1684019,87 70 
1685548,71 80 
1685925,3 83 
1687319,05 64 1394
1687595,91 74 258
1687595,91 61 258
1688624,83 151 
1688646,1 69 
1690664,79 93 
1690682,98 103 
1690682,98 101 
1692712,08 100 
1692712,08 5
1692712,08 2132
1692712,08 10
1694695,32 25 
1694723,23 75 
1695935,21 72 
1696161,49 70 
1697770,88 80 
1698133,52 83 
1700489,08 64 2356
1700762,25 74 244
1700762,25 63 244
1701284,2 152 
1701307,37 69 
1701882,87 249 
1702175,05 183 
1702226,27 93 
1702251,51 103 
1702251,51 101 
1704278,4 100 
1704278,4 5
1704278,4 2132
1704278,4 10
1706263,88 25 
1706291,3 75 
1707502,83 72 
1707570,09 70 
1709098,25 80 
1710475,1 83 
1710896,74 64 422
1711192,79 74 265
1711192,79 61 265
1712210,13 151 
1712236,16 69 
1712956,15 93 
1712980,35 103 
1712980,35 101 
1715008,29 100 
1715008,29 5
1715008,29 2132
1715008,29 11
1716992,73 25 
1717020,26 75 
1718234,87 72 
1718299,06 70 
1719826,04 80 
1720910,74 83 
1722769,57 64 1859
1722986,76 74 197
1722986,76 61 197
1724511,65 151 
1724536,94 69 
1725455,7 93 
1725481,8 103 
1725481,8 101 
1727515,37 100 
1727515,37 5
1727515,37 2132
1727515,37 11
1729494,11 25 
1729521,37 75 
1730733,78 72 
1730800,4 70 
1732320,75 80 
1732692,48 83 
1733590,63 64 899
1733786,12 74 173
1733786,12 62 173
1734812,18 150 
1734840,23 68 
1736855,31 92 
1736855,31 65 
1736890,33 103 
1736890,33 101 
1737416,71 100 
1737416,71 5
1737416,71 2132
1737416,71 10
1739396,74 25 
1739650,36 75 
1740864,49 72 
1740929,58 70 
1742456,05 80 
1743541,28 83 
1744185,51 64 645
1744383,74 74 162
1744383,74 61 162
1745902,45 151 
1745928,16 69 
1746645,59 93 
1746672,95 103 
1746672,95 101 
1748699,33 100 
1748699,33 5
1748699,33 2132
1748699,33 11
1750685,32 25 
1750726,73 75 
1751941,71 72 
1752018,2 70 
1753543,63 80 
1754909,86 83 
1755256,27 64 347
1755433,58 74 151
1755433,58 62 151
1755949,48 150 
1755977,9 68 
1757494,54 92 
1757494,54 65 
1757535,08 103 
1757535,08 101 
1758068,1 100 
1758068,1 5
1758068,1 2132
1758068,1 11
1760054,69 25 
1760694,85 75 
1761902,3 72 
1761973,95 70 
1763495,31 80 
1764865,67 83 
1765376,21 64 511
1765563,59 74 165
1765563,59 62 165
1766580,8 150 
1766613,55 68 
1768125,87 92 
1768125,87 65 
1768157,31 103 
1768157,31 101 
1768684,65 100 
1768684,65 5
1768684,65 2132
1768684,65 11
1770663,58 25 
1773169,65 75 
1774383,8 72 
1774448,82 70 
1775974,86 80 
1776354,23 83 
1777189,33 64 836
1777403,11 74 195
1777403,11 62 195
1778919,96 150 
1778954,96 68 
1779309,69 249
1779332,79 172 
1779874,21 92 
1779874,21 65 
1779912,39 103 
1779912,39 101 
1780441,02 100 
1780441,02 5
1780441,02 2132
1780441,02 11
1782418,73 25 
1783059,77 75 
1784274,86 72 
1784338,06 70 
1785861,79 80 
1786936,45 83 
1787434,69 64 499
1787661,83 74 206
1787661,83 62 206
1788179,37 150 
1788204,51 68 
1788640,64 249
1788671,44 172 
1788916,28 92 
1788916,28 65 
1788948,59 103 
1788948,59 101 
1789478,43 100 
1789478,43 5
1789478,43 2132
1789478,43 10
1791456,3 25 
1792055,02 75 
1793273,33 72 
1793347,59 70 
1794872,53 80 
1796239,28 83 
1796724,53 64 486
1796904,6 74 146
1796904,6 61 146
1797933,55 151 
1797959,23 69 
1799973,15 93 
1799984,06 103 
1799984,06 101 
1802009,81 100 
1802009,81 5
1802009,81 2132
1802009,81 11
1803996,31 25 
1804023,33 75 
1805231,26 72 
1805422,5 70 
1807036,3 80 
1807527,89 83 
1810546,82 64 3019
1810772,4 74 207
1810772,4 62 207
1811288,32 150 
1811314,86 68 
1813335,53 92 
1813335,53 65 
1813365,08 103 
1813365,08 101 
1813891,03 100 
1813891,03 5
1813891,03 2132
1813891,03 10
1815871,42 25 
1816098,36 75 
1817311,74 72 
1817377,56 70 
1818900,48 80 
1819962,63 83 
1820375,51 64 414
1820633,28 74 232
1820633,28 61 232
1822151,14 151 
1822177,03 69 
1823092,21 93 
1823107,68 103 
1823107,68 101 
1825138,64 100 
1825138,64 5
1825138,64 2132
1825138,64 10
1827119,98 25 
1827147,31 75 
1828364,5 72 
1828439,61 70 
1829958,21 80 
1830318,35 83 
1831593,93 64 1276
1831853,88 74 243
1831853,88 63 243
1832380,22 150 
1832412,59 68 
1833923,71 92 
1833923,71 65 
1833956,54 103 
1833956,54 101 
1834482,75 100 
1834482,75 5
1834482,75 2132
1834482,75 10
1836462,81 25 
1836583,15 75 
1837791,67 72 
1837862,25 70 
1839381,59 80 
1840740,66 83 
1841333,62 64 594
1841604,64 74 251
1841604,64 63 251
1843129,98 150 
1843154,91 68 
1843591,18 249
1843876,65 92 
1843876,65 65 
1843912,32 103 
1843912,32 101 
1844439,11 100 
1844439,11 5
1844439,11 2132
1844439,11 10
1846418,58 25 
1846512,25 75 
1847720,56 72 
1847791,5 70 
1849309,49 80 
1850376,73 83 
1851100,91 64 725
1851344,51 74 222
1851344,51 63 222
1852371,78 150 
1852403,62 68 
1852813,3 249
1853913,56 92 
1853913,56 65 
1853948,09 103 
1853948,09 101 
1854477,97 100 
1854477,97 5
1854477,97 2132
1854477,97 11
1856454,46 25 
1857027,99 75 
1858242,91 72 
1858307,1 70 
1859832,04 80 
1861199,67 83 
1861435,05 64 236
1861661,03 74 196
1861661,03 62 196
1862682,27 150 
1862706,04 68 
1863423,75 92 
1863423,75 65 
1863464,15 103 
1863464,15 101 
1863989,93 100 
1863989,93 5
1863989,93 2132
1863989,93 11
1865970,42 25 
1866757,24 75 
1867970,86 72 
1868036,53 70 
1869556,5 80 
1870621,55 83 
1872707,36 64 2087
1872894,8 74 168
1872894,8 62 168
1874420,43 152 
1874447,74 69 
1875362,39 93 
1875379,16 103 
1875379,16 101 
1877404,65 100 
1877404,65 5
1877404,65 2132
1877404,65 11
1879391,48 25 
1880631,34 75 
1881841,27 72 
1881910,57 70 
1883429,68 80 
1883802,66 83 
1884591,92 64 790
1884763,62 74 149
1884763,62 62 149
1885288,67 150 
1885323,82 68 
1887343,49 92 
1887343,49 65 
1887374,16 103 
1887374,16 101 
1887912,47 100 
1887912,47 5
1887912,47 2132
1887912,47 11
1889893,82 25 
1890147,36 75 
1891361,04 72 
1891439,89 70 
1892959,17 80 
1894331,59 83 
1894703,74 64 373
1894914,92 74 184
1894914,92 62 184
1895440,53 150 
1895466,4 68 
1897483,6 92 
1897483,6 65 
1897516,58 103 
1897516,58 101 
1898044,35 100 
1898044,35 5
1898044,35 2132
1898044,35 10
1900022,88 25 
1900689,63 75 
1901901,28 72 
1901968,87 70 
1903484,62 80 
1904554,01 83 
1905352,78 64 799
1905614,48 74 248
1905614,48 63 248
1907139,24 150 
1907168,42 68 
1907617,66 249
1908088,53 92 
1908088,53 65 
1908112,21 103 
1908112,21 101 
1908638,17 100 
1908638,17 5
1908638,17 2132
1908638,17 11
1910618,49 25 
1911045,41 75 
1912260,45 72 
1912524,49 70 
1914113,83 80 
1914629,74 83 
1915550,85 64 921
1915753,71 74 178
1915753,71 62 178
1916781,53 150 
1916803,27 68 
1918321,1 92 
1918321,1 65 
1918347,88 103 
1918347,88 101 
1918878,1 100 
1918878,1 5
1918878,1 2132
1918878,1 10
1920854,24 25 
1921281,08 75 
1922491,21 72 
1922562,1 70 
1924082,81 80 
1924452,32 83 
1926592,57 64 2141
1926840,18 74 229
1926840,18 63 229
1927362,64 150 
1927386,44 68 
1928101,09 92 
1928101,09 65 
1928130,43 103 
1928130,43 101 
1928658,29 100 
1928658,29 5
1928658,29 2132
1928658,29 10
1930636,8 25 
1931236,86 75 
1932451,55 72 
1932516,18 70 
1934048,2 80 
1935114,54 83 
1935506,18 64 392
1935751,22 74 223
1935751,22 63 223
1936772,86 150 
1936809,12 68 
1937724,09 92 
1937724,09 65 
1937753,09 103 
1937753,09 101 
1938278,91 100 
1938278,91 5
1938278,91 2132
1938278,91 10
1940259,4 25 
1940712,95 75 
1941920,77 72 
1941992,08 70 
1943513,68 80 
1944884,62 83 
1945469,68 64 586
1945683,5 74 187
1945683,5 63 187
1947211,56 150 
1947231,29 68 
1947789,3 249
1949243,51 92 
1949243,51 65 
1949281,61 103 
1949281,61 101 
1949814 100 
1949814 5
1949814 2132
1949814 11
1951801,33 25 
1952228,15 75 
1953439,46 72 
1953507,27 70 
1955037,09 80 
1956412,3 83 
1956776,86 64 365
1956961,85 74 163
1956961,85 62 163
1958490,03 150 
1958519,16 68 
1960030,45 92 
1960030,45 65 
1960063,79 103 
1960063,79 101 
1960589,93 100 
1960589,93 5
1960589,93 2132
1960589,93 11
1962570,11 25 
1964489,72 75 
1965699,79 72 
1965768,83 70 
1967292,74 80 
1967674,28 83 
1968637,33 64 964
1968840,1 74 180
1968840,1 62 180
1969860,21 152 
1969888,5 69 
1970602,51 93 
1970632,7 103 
1970632,7 101 
1972659,91 100 
1972659,91 5
1972659,91 2132
1972659,91 10
1974645,08 25 
1974672,03 75 
1975879,41 72 
1975951,23 70 
1977470,06 80 
1978549,76 83 
1994163,64 64 15614
1994420,98 74 225
1994420,98 63 225
1994939,54 150 
1994971,34 68 
1995882,5 92 
1995882,5 65 
1995915,47 103 
1995915,47 101 
1996446,26 100 
1996446,26 5
1996446,26 2132
1996446,26 11
1998421,8 25 
1998741,96 75 
1998748,85 250 
1998767,25 101 
2000780,76 100 
2000780,76 5
2000780,76 2132
2000780,76 11
2000780,76 25 
2000835,64 75 
2002051,57 72 
2002127,02 70 
2003647,4 80 
2004019,11 83 
2004665,92 64 647
2004871,35 74 187
2004871,35 62 187
2005890,73 150 
2005913,48 68 
2006630,91 92 
2006630,91 65 
2006670,93 103 
2006670,93 101 
2007201,28 100 
2007201,28 5
2007201,28 2132
2007201,28 10
2009177,26 25 
2009804,02 75 
2011020,23 72 
2011083,28 70 
2012610,37 80 
2013975,02 83 
2014404,99 64 430
2014639,75 74 212
2014639,75 63 212
2016161,21 150 
2016189,25 68 
2016580,89 249
2017204,11 173 
2018203,26 92 
2018203,26 65 
2018239,47 103 
2018239,47 101 
2018765,66 100 
2018765,66 5
2018765,66 2132
2018765,66 10
2020745,8 25 
2021239,26 75 
2022450,84 72 
2022638,45 70 
2024168,11 80 
2025236,91 83 
2026059,3 64 823
2026289,19 74 213
2026289,19 63 213
2026808,12 150 
2026837,31 68 
2027283,19 249
2028349,93 92 
2028349,93 65 
2028381,9 103 
2028381,9 101 
2028915,61 100 
2028915,61 5
2028915,61 2132
2028915,61 10
2030901,49 25 
2031048,48 75 
2032260,32 72 
2032327,68 70 
2033847,78 80 
2034219,78 83 
2035323,34 64 1104
2035612,56 74 261
2035612,56 63 261
2037141,01 150 
2037166,35 68 
2038678,83 92 
2038678,83 65 
2038710,92 103 
2038710,92 101 
2039237,84 100 
2039237,84 5
2039237,84 2132
2039237,84 11
2041217,2 25 
2041750,68 75 
2042962,15 72 
2043043,18 70 
2044569,06 80 
2045921,64 83 
2046274,53 64 354
2046448,46 74 154
2046448,46 62 154
2047470,53 150 
2047496,15 68 
2049512,37 92 
2049512,37 65 
2049546,36 103 
2049546,36 101 
2050072,27 100 
2050072,27 5
2050072,27 2132
2050072,27 10
2052052,73 25 
2052652,86 75 
2053868,47 72 
2053945,31 70 
2055465,9 80 
2056530,5 83 
2057168,03 64 638
2057402,43 74 206
2057402,43 63 206
2057928,13 150 
2057958,35 68 
2058672,96 92 
2058672,96 65 
2058702,56 103 
2058702,56 101 
2059235,8 100 
2059235,8 5
2059235,8 2132
2059235,8 11
2061222,16 25 
2061702,32 75 
2062919,71 72 
2062994,89 70 
2064518,99 80 
2064873,67 83 
2065904,37 64 1032
2066114,22 74 188
2066114,22 62 188
2067640,18 150 
2067660,97 68 
2068572,91 92 
2068572,91 65 
2068605,06 103 
2068605,06 101 
2069132,55 100 
2069132,55 5
2069132,55 2132
2069132,55 11
2071111,43 25 
2071631,52 75 
2072842,2 72 
2072924,07 70 
2074447,44 80 
2075815,79 83 
2076900,21 64 1084
2077104,54 74 183
2077104,54 62 183
2078130,38 150 
2078149,93 68 
2079058,97 92 
2079058,97 65 
2079094,08 103 
2079094,08 101 
2079620,65 100 
2079620,65 5
2079620,65 2132
2079620,65 11
2081600,32 25 
2083373,34 75 
2084588,67 72 
2084665,79 70 
2086184,85 80 
2087251 83 
2087936,86 64 686
2088139,96 74 183
2088139,96 62 183
2088658,14 152 
2088679,36 69 
2090689,42 93 
2090702,51 103 
2090702,51 101 
2092733,25 100 
2092733,25 5
2092733,25 2132
2092733,25 10
2094714,87 25 
2095514,94 75 
2096730,14 72 
2096794,21 70 
2098315,52 80 
2099392,59 83 
2099874,61 64 483
2100091,83 74 193
2100091,83 63 193
2101116,25 150 
2101141,37 68 
2101734,98 249
2102659,28 92 
2102659,28 65 
2102698,06 103 
2102698,06 101 
2103223,35 100 
2103223,35 5
2103223,35 2132
2103223,35 11
2105203,93 25 
2105830,64 75 
2107039,15 72 
2107109,81 70 
2108625,22 80 
2108975,27 83 
2109844,27 64 869
2110038,72 74 171
2110038,72 62 171
2110560,36 150 
2110588,95 68 
2111300,67 92 
2111300,67 65 
2111333,96 103 
2111333,96 101 
2111863,8 100 
2111863,8 5
2111863,8 2132
2111863,8 11
2113840,17 25 
2114546,99 75 
2115758,06 72 
2115826,17 70 
2117348,3 80 
2118717,79 83 
2118898,33 64 181
2119081,52 74 164
2119081,52 62 164
2120608,22 150 
2120638,96 68 
2121352,66 92 
2121352,66 65 
2121383,13 103 
2121383,13 101 
2121913,15 100 
2121913,15 5
2121913,15 2132
2121913,15 10
2123889,33 25 
2124569,46 75 
2125779,2 72 
2126021,92 70 
2127598,64 80 
2129086,84 83 
2129329,62 64 243
2129579,98 74 227
2129579,98 63 227
2130609,63 150 
2130634,84 68 
2132152,17 92 
2132152,17 65 
2132191,86 103 
2132191,86 101 
2132717,61 100 
2132717,61 5
2132717,61 2132
2132717,61 11
2134698,13 25 
2134898,49 75 
2136109,59 72 
2136177,67 70 
2137696,76 80 
2138762,89 83 
2139208,8 64 446
2139419,77 74 191
2139419,77 62 191
2140940,86 150 
2140977,15 68 
2142990,68 92 
2142990,68 65 
2143027,3 103 
2143027,3 101 
2143554,06 100 
2143554,06 5
2143554,06 2132
2143554,06 10
2145533,68 25 
2145960,54 75 
2147167,94 72 
2147239,66 70 
2148754,47 80 
2149118,48 83 
2150371,63 64 1254
2150599,59 74 202
2150599,59 63 202
2151117,53 150 
2151146,08 68 
2151601,04 249
2152060,3 92 
2152060,3 65 
2152090,18 103 
2152090,18 101 
2152623,32 100 
2152623,32 5
2152623,32 2132
2152623,32 10
2154609,88 25 
2155169,94 75 
2156378,87 72 
2156449,2 70 
2157962,74 80 
2159327,55 83 
2159739,47 64 413
2159980,73 74 227
2159980,73 63 227
2160507,39 150 
2160528,11 68 
2160632,08 249
2161441,14 92 
2161441,14 65 
2161473,02 103 
2161473,02 101 
2161998,84 100 
2161998,84 5
2161998,84 2132
2161998,84 11
2163979,22 25 
2164379,42 75 
2165587,6 72 
2165658,68 70 
2167176,79 80 
2168243,82 83 
2168771,92 64 528
2168978,24 74 175
2168978,24 62 175
2170498,29 150 
2170524,08 68 
2171240,87 92 
2171240,87 65 
2171282,19 103 
2171282,19 101 
2171808,05 100 
2171808,05 5
2171808,05 2132
2171808,05 10
2173788,45 25 
2174495,37 75 
2175708,12 72 
2175774,45 70 
2177292,15 80 
2177666,5 83 
2179466,24 64 1800
2179708,22 74 216
2179708,22 63 216
2180728,99 150 
2180760,48 68 
2181744,35 249
2181915,72 173 
2182277,88 92 
2182277,88 65 
2182304,25 103 
2182304,25 101 
2182836,13 100 
2182836,13 5
2182836,13 2132
2182836,13 10
2184810,7 25 
2185144,11 75 
2186356,46 72 
2186423,37 70 
2187943,79 80 
2189008,43 83 
2190046,96 64 1039
2190306,75 74 233
2190306,75 63 233
2191324,3 152 
2191356,05 69 
2192862,01 256 
2192930,93 249 
2206690,15 183 
2208689,7 93 
2208706,65 103 
2208706,65 101 
2210733,1 100 
2210733,1 5
2210733,1 2132
2210733,1 11
2212718,89 25 
2212746,24 75 
2213960,45 72 
2214038,47 70 
2215556,73 80 
2216916,85 83 
2217235,23 64 318
2217467,05 74 204
2217467,05 62 204
2218986,63 150 
2219011,07 68 
2220527,23 92 
2220527,23 65 
2220554,94 103 
2220554,94 101 
2221080,78 100 
2221080,78 5
2221080,78 2132
2221080,78 11
2223061,26 25 
2223514,79 75 
2224728,25 72 
2224794,04 70 
2226315,55 80 
2226672,8 83 
2227424,44 64 752
2227618,79 74 173
2227618,79 62 173
2228137,69 150 
2228167,29 68 
2229081,49 92 
2229081,49 65 
2229111,38 103 
2229111,38 101 
2229647,09 100 
2229647,09 5
2229647,09 2132
2229647,09 10
2231630,99 25 
2232057,88 75 
2233267,7 72 
2233337,07 70 
2235035,52 80 
2236575,28 83 
2236815,88 64 241
2237067,73 74 226
2237067,73 63 226
2238089,74 150 
2238109,75 68 
2238605,1 249
2240122,19 92 
2240122,19 65 
2240160,06 103 
2240160,06 101 
2240685,84 100 
2240685,84 5
2240685,84 2132
2240685,84 11
2242666,35 25 
2242826,73 75 
2244036,34 72 
2244225,88 70 
2245837,32 80 
2246331,17 83 
2247366,94 64 1036
2247570,75 74 187
2247570,75 62 187
2248096,16 150 
2248131,59 68 
2248851,8 92 
2248851,8 65 
2248889,81 103 
2248889,81 101 
2249417,88 100 
2249417,88 5
2249417,88 2132
2249417,88 11
2251396,02 25 
2252156,11 75 
2253368,85 72 
2253435,27 70 
2254953,16 80 
2256020,48 83 
2256432,31 64 413
2256619,71 74 160
2256619,71 62 160
2258148,91 150 
2258168,2 68 
2260181,83 92 
2260181,83 65 
2260218,34 103 
2260218,34 101 
2260749,42 100 
2260749,42 5
2260749,42 2132
2260749,42 10
2262724,66 25 
2263244,92 75 
2264459,62 72 
2264524,05 70 
2266045,19 80 
2267109,13 83 
2267502,14 64 393
2267690,08 74 168
2267690,08 62 168
2269215,43 151 
2269243,97 69 
2270757,86 93 
2270773,95 103 
2270773,95 101 
2272799,43 100 
2272799,43 5
2272799,43 2132
2272799,43 11
2274786,38 25 
2274813,68 75 
2276027,5 72 
2276105,81 70 
2277623,55 80 
2277984,63 83 
2279113,71 64 1130
2279328,96 74 185
2279328,96 62 185
2280346,87 150 
2280372,13 68 
2281291,55 92 
2281291,55 65 
2281329,55 103 
2281329,55 101 
2281856,64 100 
2281856,64 5
2281856,64 2132
2281856,64 10
2283835,82 25 
2284489,23 75 
2285698,18 72 
2285768,5 70 
2287282,9 80 
2288646,8 83 
2288946,55 64 300
2289170,21 74 204
2289170,21 62 204
2289695,01 151 
2289728,21 69 
2290443,68 93 
2290459,2 103 
2290459,2 101 
2292491,6 100 
2292491,6 5
2292491,6 2132
2292491,6 10
2294471,44 25 
2295564,98 75 
2296778,49 72 
2296844,02 70 
2298360,95 80 
2298722,79 83 
2299698,98 64 976
2299881,76 74 160
2299881,76 61 160
2301406,1 153 
2301430,03 68 
2302141,44 92 
2302141,44 65 
2302174,15 103 
2302174,15 101 
2302700,62 100 
2302700,62 5
2302700,62 2132
2302700,62 10
2304680,42 25 
2305054,02 75 
2306270,56 72 
2306346,52 70 
2307867,61 80 
2308931,7 83 
2309661,55 64 731
2309861,07 74 170
2309861,07 61 170
2310387,04 151 
2310413,01 69 
2311328,56 93 
2311343,65 103 
2311343,65 101 
2313370,28 100 
2313370,28 5
2313370,28 2132
2313370,28 11
2315356 25 
2315383,65 75 
2316596,51 72 
2316662,37 70 
2318186,43 80 
2319540,6 83 
2321532,99 64 1993
2321770,87 74 218
2321770,87 62 218
2322796,07 150 
2322821,12 68 
2323134,95 249
2323238,84 172 
2324340,66 92 
2324340,66 65 
2324378,23 103 
2324378,23 101 
2324907,67 100 
2324907,67 5
2324907,67 2132
2324907,67 11
2326884,52 25 
2327444,71 75 
2328657,61 72 
2328723,83 70 
2330249,14 80 
2331615,59 83 
2332272,47 64 658
2332458,97 74 164
2332458,97 62 164
2332988,45 150 
2333016,76 68 
2335030,72 92 
2335030,72 65 
2335067,09 103 
2335067,09 101 
2335597,06 100 
2335597,06 5
2335597,06 2132
2335597,06 10
2337573,49 25 
2338293,46 75 
2339507,1 72 
2339572,76 70 
2341091,62 80 
2341464,78 83 
2342204,75 64 740
2342409,36 74 186
2342409,36 61 186
2343436,22 151 
2343465,07 69 
2344181,17 93 
2344209,91 103 
2344209,91 101 
2346236,65 100 
2346236,65 5
2346236,65 2132
2346236,65 10
2348222,32 25 
2348249,97 75 
2349467,97 72 
2349701,76 70 
2351268,2 80 
2352500,17 83 
2354152,91 64 1653
2354388,89 74 210
2354388,89 63 210
2355917,43 150 
2355940,51 68 
2357459,69 92 
2357459,69 65 
2357497,68 103 
2357497,68 101 
2358028,62 100 
2358028,62 5
2358028,62 2132
2358028,62 11
2360004,06 25 
2360284,25 75 
2361496,66 72 
2361683,46 70 
2363344,48 80 
2364535,14 83 
2364865,29 64 330
2365049,67 74 155
2365049,67 62 155
2365576,98 150 
2365603,31 68 
2367620,15 92 
2367620,15 65 
2367653,45 103 
2367653,45 101 
2368179,21 100 
2368179,21 5
2368179,21 2132
2368179,21 11
2370173,07 25 
2370346,76 75 
2371556,34 72 
2371625,97 70 
2373151,02 80 
2374517,6 83 
2375180,9 64 664
2375359,48 74 150
2375359,48 62 150
2376885,34 150 
2376918,55 68 
2377829,22 92 
2377829,22 65 
2377862,55 103 
2377862,55 101 
2378389,61 100 
2378389,61 5
2378389,61 2132
2378389,61 10
2380368,89 25 
2381102,35 75 
2382317,28 72 
2382381,53 70 
2383907,53 80 
2384273,57 83 
2386047,76 64 1775
2386279,81 74 207
2386279,81 61 207
2387304,43 153 
2387327,42 68 
2388036,8 92 
2388036,8 65 
2388058,61 103 
2388058,61 101 
2388593,63 100 
2388593,63 5
2388593,63 2132
2388593,63 10
2390577,94 25 
2391311,41 75 
2392526,26 72 
2392603,86 70 
2394124,47 80 
2395188,98 83 
2395886,32 64 698
2396066,14 74 158
2396066,14 61 158
2396585,18 151 
2396616,2 69 
2397529,54 93 
2397547,65 103 
2397547,65 101 
2399574,65 100 
2399574,65 5
2399574,65 2132
2399574,65 11
2401560,02 25 
2401588,21 75 
2402794,89 72 
2402866,17 70 
2404394,96 80 
2405757,93 83 
2424976,9 64 19219
2425229,73 74 227
2425229,73 61 227
2426756,73 151 
2426776,9 69 
2426895,09 249 
2427501,07 181 
2428786,86 93 
2428801,26 103 
2428801,26 101 
2430827,09 100 
2430827,09 5
2430827,09 2132
2430827,09 11
2432813,62 25 
2432841,08 75 
2434058,89 72 
2434119,84 70 
2435646,35 80 
2436011,93 83 
2468923,7 64 32912
2469124,72 74 180
2469124,72 62 180
2470144,81 150 
2470172,81 68 
2471688,11 92 
2471688,11 65 
2471730,03 103 
2471730,03 101 
2472261,65 100 
2472261,65 5
2472261,65 2132
2472261,65 11
2474249,65 25 
2474596,56 75 
2475807,71 72 
2475995,68 70 
2477613,13 80 
2478141 83 
2478989,2 64 848
2479201,4 74 182
2479201,4 62 182
2480722,69 150 
2480756 68 
2482269,4 92 
2482269,4 65 
2482298,87 103 
2482298,87 101 
2482827,17 100 
2482827,17 5
2482827,17 2132
2482827,17 10
2484805,2 25 
2485471,94 75 
2486684,76 72 
2486751,26 70 
2488269,44 80 
2489629,54 83 
2490070,2 64 441
2490247,59 74 152
2490247,59 61 152
2490777,42 151 
2490817,51 69 
2491730,38 93 
2491748,26 103 
2491748,26 101 
2493777,73 100 
2493777,73 5
2493777,73 2132
2493777,73 11
2495760,68 25 
2495787,7 75 
2496997,18 72 
2497066,87 70 
2498584,46 80 
2499638,7 83 
2636994,06 64 137356
2637223,16 74 202
2637223,16 61 202
2638244,62 151 
2638275,9 69 
2638988,84 93 
2639006,76 103 
2639006,76 101 
2641035,43 100 
2641035,43 5
2641035,43 2132
2641035,43 11
2643019,2 25 
2643046,29 75 
2644252,63 72 
2644445,31 70 
2646103,72 80 
2647310,33 83 
2649259,2 64 1949
2649446,34 74 164
2649446,34 62 164
2650474,2 150 
2650497,43 68 
2650913,23 249
2652517,11 92 
2652517,11 65 
2652547,75 103 
2652547,75 101 
2653073,62 100 
2653073,62 5
2653073,62 2132
2653073,62 10
2655054,1 25 
2655334,37 75 
2656543,8 72 
2656613,58 70 
2658130,76 80 
2658505,59 83 
2659523,13 64 1018
2659772,92 74 228
2659772,92 61 228
2660294,44 151 
2660319,68 69 
2662336,5 93 
2662357,01 103 
2662357,01 101 
2664383,92 100 
2664383,92 5
2664383,92 2132
2664383,92 10
2666369,43 25 
2666396,62 75 
2667614,63 72 
2667688,92 70 
2669212,1 80 
2670580,58 83 
2671188,76 64 609
2671416,17 74 196
2671416,17 62 196
2672941,28 153 
2672967,39 68 
2673387,55 249
2673479,64 172 
2674483,68 92 
2674483,68 65 
2674511,92 103 
2674511,92 101 
2675041,17 100 
2675041,17 5
2675041,17 2132
2675041,17 11
2677018,25 25 
2677138,59 75 
2678354,83 72 
2678431,05 70 
2679962,63 80 
2680336,52 83 
2682085,4 64 1750
2682323,73 74 215
2682323,73 61 215
2683843,56 151 
2683870,27 69 
2684586,39 93 
2684614,34 103 
2684614,34 101 
2686642,21 100 
2686642,21 5
2686642,21 2132
2686642,21 10
2688626,74 25 
2688654,28 75 
2689865,24 72 
2689932,9 70 
2691453,95 80 
2692518,16 83 
2793920,6 64 101403
2794181,11 74 239
2794181,11 61 239
2795201,89 151 
2795223,65 69 
2796136,18 93 
2796154,41 103 
2796154,41 101 
2798181,96 100 
2798181,96 5
2798181,96 2132
2798181,96 10
2800166,83 25 
2800194,04 75 
2801403,43 72 
2801632,88 70 
2803208 80 
2804751,16 83 
2805777,74 64 1027
2805984,07 74 180
2805984,07 62 180
2806512,21 151 
2806538,95 69 
2808052,01 93 
2808069,46 103 
2808069,46 101 
2810101,51 100 
2810101,51 5
2810101,51 2132
2810101,51 10
2812081,77 25 
2812110,07 75 
2813323,39 72 
2813587,92 70 
2815178,39 80 
2816692,89 83 
2817105,21 64 412
2817295,48 74 164
2817295,48 62 164
2818321,47 151 
2818347,36 69 
2819264,38 93 
2819291,43 103 
2819291,43 101 
2821318,81 100 
2821318,81 5
2821318,81 2132
2821318,81 11
2823303,8 25 
2823344,47 75 
2824551,38 72 
2824623,27 70 
2826148,02 80 
2827208,42 83 
2827981,82 64 774
2828185,77 74 178
2828185,77 62 178
2828712,9 150 
2828743,06 68 
2830752,67 92 
2830752,67 65 
2830793,33 103 
2830793,33 101 
2831320,47 100 
2831320,47 5
2831320,47 2132
2831320,47 11
2833299,55 25 
2833513,18 75 
2834722,6 72 
2834792,39 70 
2836313,21 80 
2836684,46 83 
2837740,73 64 1057
2837922,77 74 159
2837922,77 62 159
2839440,3 150 
2839472,74 68 
2840182,36 92 
2840182,36 65 
2840216,04 103 
2840216,04 101 
2840753,89 100 
2840753,89 5
2840753,89 2132
2840753,89 10
2842735,76 25 
2843322,48 75 
2844532,8 72 
2844601,63 70 
2846121,87 80 
2847200,15 83 
2847570,07 64 370
2847793,39 74 207
2847793,39 61 207
2848819,4 151 
2848841,33 69 
2849542,62 249 
2849753,41 93 
2849772,01 103 
2849772,01 101 
2851798,27 100 
2851798,27 5
2851798,27 2132
2851798,27 11
2853784,33 25 
2853824,93 75 
2855041,2 72 
2855117,29 70 
2856641,33 80 
2858008,94 83 
2858090,97 64 82
2858280,55 74 166
2858280,55 62 166
2859802,29 150 
2859823,3 68 
2860533,2 92 
2860533,2 65 
2860567,52 103 
2860567,52 101 
2861094 100 
2861094 5
2861094 2132
2861094 11
2863073,79 25 
2863660,55 75 
2864872,66 72 
2864939,83 70 
2866466,3 80 
2866831,93 83 
2868024,06 64 1192
2868200,72 74 143
2868200,72 62 143
2868720,74 150 
2868753,02 68 
2869184,78 249
2869479,83 172 
2870763,17 92 
2870763,17 65 
2870803,25 103 
2870803,25 101 
2871334,62 100 
2871334,62 5
2871334,62 2132
2871334,62 11
2873309,51 25 
2873749,77 75 
2874961,41 72 
2875028,94 70 
2876553,16 80 
2877920,63 83 
2878353,04 64 433
2878564,33 74 191
2878564,33 62 191
2880089,47 150 
2880121,47 68 
2881633,43 92 
2881633,43 65 
2881665,34 103 
2881665,34 101 
2882192,72 100 
2882192,72 5
2882192,72 2132
2882192,72 10
2884171,63 25 
2885571,49 75 
2885725,4 250 
2885743,19 101 
2887743,63 100 
2887743,63 5
2887743,63 2132
2887743,63 10
2887743,63 25 
2893367,46 75 
2894582,35 72 
2894647,42 70 
2896176,41 80 
2896552,81 83 
2897293,27 64 740
2897490,24 74 178
2897490,24 62 178
2898010,04 153 
2898034,97 68 
2900052,65 92 
2900052,65 65 
2900084,34 103 
2900084,34 101 
2900611,8 100 
2900611,8 5
2900611,8 2132
2900611,8 10
2902590,62 25 
2903177,48 75 
2904391,98 72 
2904456,72 70 
2905986,23 80 
2907055,19 83 
2908683,71 64 1629
2908860,27 74 152
2908860,27 62 152
2909878,25 151 
2909908,31 69 
2911206,98 249 
2911424,04 93 
2911452,95 103 
2911452,95 101 
2913484,23 100 
2913484,23 5
2913484,23 2132
2913484,23 11
2915465,31 25 
2915492,7 75 
2916710,83 72 
2916944,78 70 
2918618,04 80 
2919170,06 83 
2919734,12 64 564
2919940,02 74 184
2919940,02 62 184
2920460,39 150 
2920491,29 68 
2921404,9 92 
2921404,9 65 
2921435,47 103 
2921435,47 101 
2924521,14 102 
