62,03 100 
62,03 1
62,03 2132
62,03 11
2028,64 25 
2866,66 75 
4075,16 72 
4399,03 70 
6004,9 80 
7064,88 83 
7572,67 64 507
7768,99 74 170
7768,99 62 170
9280,7 150 
9304,3 68 
9689,16 249
9709,83 172 
10012,93 92 
10012,93 65 
10039,89 103 
10039,89 101 
10566,29 100 
10566,29 1
10566,29 2132
10566,29 10
12542,98 25 
12663,29 75 
13872,22 72 
13942,52 70 
15458,33 80 
15821,26 83 
17143,4 64 1322
17333,05 74 166
17333,05 62 166
17843,04 151 
17874,04 69 
19382,57 93 
19392,73 103 
19392,73 101 
21418,91 100 
21418,91 1
21418,91 2132
21418,91 10
23405,07 25 
23432,3 75 
24638,66 72 
24711,27 70 
26232,32 80 
27602,99 83 
28212,03 64 609
28246,95 256 
28459,61 74 229
28459,61 61 229
29471,07 150 
29497,47 68 
30238,78 249
30409,49 92 
30409,49 65 
30428,11 103 
30428,11 101 
30960,99 100 
30960,99 1
30960,99 2132
30960,99 10
32934,43 25 
32961,87 75 
34170,34 72 
34240,63 70 
35758,49 80 
36812,4 83 
38066,22 64 1254
38258,56 74 181
38258,56 61 181
39766,16 150 
39785,61 68 
41796,29 92 
41796,29 65 
41809,99 103 
41809,99 101 
42336,99 100 
42336,99 1
42336,99 2132
42336,99 11
44316,3 25 
44596,57 75 
45804,08 72 
45875,72 70 
47400,58 80 
48767,38 83 
49757,56 64 991
49931,91 74 152
49931,91 62 152
50441,62 150 
50461,9 68 
51970,51 92 
51970,51 65 
51992,35 103 
51992,35 101 
52519,78 100 
52519,78 1
52519,78 2132
52519,78 11
54498,72 25 
54952,17 75 
56160,23 72 
56231,36 70 
57748,97 80 
58110,13 83 
59230,75 64 1121
59417,67 74 175
59417,67 62 175
60424,91 150 
60444,49 68 
60844,76 249
60862,09 172 
62453,41 92 
62453,41 65 
62467,92 103 
62467,92 101 
62999,24 100 
62999,24 1
62999,24 2132
62999,24 10
64974,27 25 
65347,78 75 
66557,34 72 
66627,02 70 
68140,36 80 
69505,32 83 
70334,63 64 830
70508,31 74 150
70508,31 61 150
71519,91 152 
71546,32 69 
72254,37 93 
72277,13 103 
72277,13 101 
74303,25 100 
74303,25 1
74303,25 2132
74303,25 11
76289,48 25 
76316,72 75 
77524,8 72 
77595,73 70 
79110,52 80 
80167,5 83 
80990,49 64 823
81172 74 165
81172 62 165
82680,82 150 
82701,63 68 
83611,4 92 
83611,4 65 
83632,38 103 
83632,38 101 
84159,43 100 
84159,43 1
84159,43 2132
84159,43 10
86138,69 25 
86285,62 75 
87493,77 72 
87564,82 70 
89079,64 80 
89443,59 83 
90556,11 64 1113
90764,5 74 188
90764,5 61 188
91276,17 150 
91298,02 68 
92204,75 92 
92204,75 65 
92228,8 103 
92228,8 101 
92758,57 100 
92758,57 1
92758,57 2132
92758,57 11
94735,03 25 
95228,58 75 
96436,7 72 
96507,75 70 
98025,61 80 
99079,51 83 
102505,74 64 3427
102679,99 74 162
102679,99 62 162
104189,23 150 
104212,02 68 
106225,72 92 
106225,72 65 
106249,49 103 
106249,49 101 
106778,06 100 
106778,06 1
106778,06 2132
106778,06 11
108755,83 25 
109209,35 75 
110417,72 72 
110688,41 70 
112337,92 80 
112913,87 83 
113977,43 64 1064
114160,17 74 167
114160,17 62 167
114669,09 150 
114688,4 68 
115398,36 92 
115398,36 65 
115418,94 103 
115418,94 101 
115946,08 100 
115946,08 1
115946,08 2132
115946,08 10
117925,36 25 
119071,99 75 
120281,28 72 
120351,03 70 
121868,01 80 
123229,34 83 
123679,55 64 451
123707,28 256 
123888,74 74 194
123888,74 61 194
124898,75 150 
124923,88 68 
126432,77 92 
126432,77 65 
126454,35 103 
126454,35 101 
126988,29 100 
126988,29 1
126988,29 2132
126988,29 11
128973,96 25 
129627,4 75 
130836,11 72 
130906,54 70 
132423 80 
133491,72 83 
134393,58 64 903
134576,36 74 165
134576,36 62 165
135586,53 150 
135611,92 68 
136097,87 249
136157,73 172 
137624,26 92 
137624,26 65 
137636,38 103 
137636,38 101 
138162,54 100 
138162,54 1
138162,54 2132
138162,54 11
140142,61 25 
140382,92 75 
141591,46 72 
141662,06 70 
143183,76 80 
143554,12 83 
144707,86 64 1154
144961,47 74 234
144961,47 62 234
145469,29 150 
145488,5 68 
145937,73 249
146142,81 172 
146996,78 92 
146996,78 65 
147018,97 103 
147018,97 101 
147545,96 100 
147545,96 1
147545,96 2132
147545,96 11
149525,32 25 
150312,1 75 
151519,88 72 
151591,26 70 
153116,56 80 
154482,84 83 
154970,21 64 488
155120,98 74 132
155120,98 62 132
156629,65 150 
156657,13 68 
157566,25 92 
157566,25 65 
157587,89 103 
157587,89 101 
158121,6 100 
158121,6 1
158121,6 2132
158121,6 11
160094,36 25 
160521,16 75 
161729,85 72 
161800,25 70 
163315,53 80 
163678,98 83 
164946,41 64 1267
165134,05 74 176
165134,05 62 176
166646,52 150 
166666,36 68 
167112,19 249
167267,63 172 
167376,77 92 
167376,77 65 
167397,07 103 
167397,07 101 
167923,1 100 
167923,1 1
167923,1 2132
167923,1 10
169903,45 25 
170676,81 75 
171885,9 72 
171956,03 70 
173471,97 80 
174527,76 83 
175109,02 64 582
175268,09 74 141
175268,09 61 141
176278,71 150 
176302,19 68 
177811,33 92 
177811,33 65 
177832,68 103 
177832,68 101 
178358,78 100 
178358,78 1
178358,78 2132
178358,78 10
180338,98 25 
180366,15 75 
181574,02 72 
181645,24 70 
183161,58 80 
184510,22 83 
185860,68 64 1351
186069,92 74 187
186069,92 61 187
186581,33 150 
186603,82 68 
188615,56 92 
188615,56 65 
188641,45 103 
188641,45 101 
189171,28 100 
189171,28 1
189171,28 2132
189171,28 10
191147,76 25 
191814,5 75 
193021,99 72 
193093,71 70 
194603,32 80 
195665,58 83 
197548,37 64 1883
197704,31 74 133
197704,31 61 133
198215,63 152 
198238,87 69 
198949,85 93 
198970,43 103 
198970,43 101 
200996,46 100 
200996,46 1
200996,46 2132
200996,46 10
202982,9 25 
203010,52 75 
204217,43 72 
204289 70 
205803,6 80 
207167,4 83 
215738,33 64 8571
215933,28 74 170
215933,28 61 170
217442,9 150 
217471,55 68 
218379,87 92 
218379,87 65 
218402,26 103 
218402,26 101 
218934,19 100 
218934,19 1
218934,19 2132
218934,19 11
220908,65 25 
221175,47 75 
222383,81 72 
222454,68 70 
223971,05 80 
224333,47 83 
225573,45 64 1240
225750,39 74 164
225750,39 62 164
226761,61 152 
226786,84 69 
228797,03 93 
228811,22 103 
228811,22 101 
230840,56 100 
230840,56 1
230840,56 2132
230840,56 10
232824,37 25 
232851,48 75 
234058,36 72 
234129,71 70 
235643,13 80 
237008,14 83 
245403,91 64 8396
245608,43 74 191
245608,43 61 191
246119,99 150 
246139,57 68 
247646,48 92 
247646,48 65 
247669,91 103 
247669,91 101 
248196,85 100 
248196,85 1
248196,85 2132
248196,85 11
250176,2 25 
250816,32 75 
252024,45 72 
252095,52 70 
253612,49 80 
253987,61 83 
255521,89 64 1535
255683,67 74 137
255683,67 62 137
256693,2 150 
256721,73 68 
257153,58 249
257178,85 172 
257430,33 92 
257430,33 65 
257452,45 103 
257452,45 101 
257978,51 100 
257978,51 1
257978,51 2132
257978,51 10
259958,75 25 
260625,56 75 
261833,89 72 
261904,76 70 
263423,09 80 
264489,85 83 
265348,84 64 860
265501,26 74 132
265501,26 61 132
267010,24 150 
267037,32 68 
267595,71 249
267943,67 92 
267943,67 65 
267968,05 103 
267968,05 101 
268500,56 100 
268500,56 1
268500,56 2132
268500,56 10
270474,32 25 
270994,5 75 
272202,78 72 
272273,71 70 
273791,3 80 
275152,08 83 
277457,15 64 2305
277594,97 74 124
277594,97 61 124
278606,11 150 
278632,07 68 
279093,77 249
279342,52 92 
279342,52 65 
279363,3 103 
279363,3 101 
279889,74 100 
279889,74 1
279889,74 2132
279889,74 11
281869,52 25 
282536,39 75 
283744,15 72 
283815,51 70 
285331,38 80 
285694,26 83 
286724,71 64 1031
286921,03 74 174
286921,03 62 174
288431,27 150 
288454,25 68 
288969,33 249
289001,11 172 
289962,29 92 
289962,29 65 
289985,41 103 
289985,41 101 
290511,62 100 
290511,62 1
290511,62 2132
290511,62 10
292491,83 25 
293185,15 75 
294395,49 72 
294464,32 70 
295979,14 80 
297036,13 83 
297930,87 64 895
298125,27 74 170
298125,27 61 170
298634,2 150 
298664,94 68 
299574,02 92 
299574,02 65 
299594,72 103 
299594,72 101 
300125,52 100 
300125,52 1
300125,52 2132
300125,52 11
302101,03 25 
302501,19 75 
303707,79 72 
303780,38 70 
305300,94 80 
306658,78 83 
307090,74 64 433
307272,59 74 162
307272,59 62 162
307779,83 150 
307806,82 68 
309815,35 92 
309815,35 65 
309830,39 103 
309830,39 101 
310358,16 100 
310358,16 1
310358,16 2132
310358,16 10
312336,68 25 
312963,48 75 
314170,03 72 
314242,71 70 
315760,21 80 
316121,55 83 
316939,42 64 818
317126,08 74 165
317126,08 61 165
318636,91 150 
318655,68 68 
320664,35 92 
320664,35 65 
320679,22 103 
320679,22 101 
321205,24 100 
321205,24 1
321205,24 2132
321205,24 11
323185,44 25 
323798,91 75 
325007,58 72 
325264,73 70 
326798,8 80 
327863,16 83 
328266,39 64 403
328449,64 74 161
328449,64 62 161
329458,71 150 
329477,63 68 
329950,95 249
329975,63 172 
330189,09 92 
330189,09 65 
330208,49 103 
330208,49 101 
330745,74 100 
330745,74 1
330745,74 2132
330745,74 10
332728,1 25 
332915,04 75 
334122,42 72 
334194,26 70 
335711,58 80 
336073,05 83 
337021,3 64 948
337260,98 74 215
337260,98 61 215
338772,1 150 
338793,89 68 
340301,95 92 
340301,95 65 
340337,62 103 
340337,62 101 
340865,09 100 
340865,09 1
340865,09 2132
340865,09 11
342843,83 25 
342870,91 75 
344080,17 72 
344150,03 70 
345666,51 80 
346722,83 83 
349032,44 64 2311
349209,82 74 156
349209,82 62 156
349720,48 150 
349748,42 68 
350658,49 92 
350658,49 65 
350679,87 103 
350679,87 101 
351208,83 100 
351208,83 1
351208,83 2132
351208,83 10
353186,16 25 
353213,34 75 
354420,06 72 
354492,38 70 
355032,85 250 
355051,63 101 
357064,54 100 
357064,54 1
357064,54 2132
357064,54 10
357064,54 25 
359357,26 75 
360566,06 72 
360582,34 70 
361788,63 80 
363154,97 83 
366256,54 64 3102
366280,38 256 
366401,25 74 128
366401,25 61 128
367410,88 150 
367435,1 68 
368143,21 92 
368143,21 65 
368165,82 103 
368165,82 101 
368695,53 100 
368695,53 1
368695,53 2132
368695,53 10
370672,99 25 
371592,09 75 
372798,3 72 
372871,27 70 
374390,57 80 
375456,43 83 
377469,98 64 2014
377649,17 74 167
377649,17 61 167
378659,02 150 
378683,71 68 
379386,27 249
380690,84 92 
380690,84 65 
380707,22 103 
380707,22 101 
381233,24 100 
381233,24 1
381233,24 2132
381233,24 11
383213,5 25 
383866,96 75 
385077,12 72 
385146,11 70 
386661,17 80 
388024,47 83 
388366,25 64 342
388544,23 74 160
388544,23 62 160
390053,5 150 
390078,09 68 
390608,6 249
390635,92 172 
390987,18 92 
390987,18 65 
391009,52 103 
391009,52 101 
391536,58 100 
391536,58 1
391536,58 2132
391536,58 11
393515,85 25 
394315,94 75 
395523,2 72 
395595,05 70 
397113,34 80 
397473,82 83 
398497,19 64 1024
398666,23 74 153
398666,23 62 153
399175,88 150 
399195,02 68 
400704,01 92 
400704,01 65 
400725,46 103 
400725,46 101 
401261,02 100 
401261,02 1
401261,02 2132
401261,02 11
403245,13 25 
404031,77 75 
405238,52 72 
405310,96 70 
406832,92 80 
408202,73 83 
459282,04 64 51080
459458,1 74 157
459458,1 62 157
460468,53 152 
460489,15 69 
462498,28 93 
462512,76 103 
462512,76 101 
464539,65 100 
464539,65 1
464539,65 2132
464539,65 11
466525,11 25 
466553,4 75 
467761,67 72 
468071,19 70 
469689,07 80 
470749,64 83 
471006,24 64 257
471187,29 74 158
471187,29 62 158
472699,52 150 
472724,15 68 
473632,66 92 
473632,66 65 
473654,72 103 
473654,72 101 
474180,74 100 
474180,74 1
474180,74 2132
474180,74 10
476161,04 25 
476188,65 75 
477395,66 72 
477467,23 70 
478985,39 80 
479345,97 83 
480200,6 64 855
480421,3 74 196
480421,3 61 196
480929,94 150 
480959,82 68 
481667,16 92 
481667,16 65 
481691,33 103 
481691,33 101 
482222,43 100 
482222,43 1
482222,43 2132
482222,43 10
484197,67 25 
484838,8 75 
486049 72 
486116,96 70 
487632,65 80 
487995,69 83 
489224,95 64 1230
489403,25 74 155
489403,25 61 155
490911,52 150 
490929,62 68 
492439,27 92 
492439,27 65 
492460,17 103 
492460,17 101 
492993,29 100 
492993,29 1
492993,29 2132
492993,29 10
494966,41 25 
495713,14 75 
496918,64 72 
496992,42 70 
498507,18 80 
499564,15 83 
501754,72 64 2191
501970,24 74 194
501970,24 61 194
502481,25 150 
502511,56 68 
504520,94 92 
504520,94 65 
504548,38 103 
504548,38 101 
505075,96 100 
505075,96 1
505075,96 2132
505075,96 10
507054,81 25 
507148,32 75 
508356,05 72 
508427,66 70 
509940,56 80 
511305,9 83 
511551,72 64 247
511708,17 74 136
511708,17 61 136
512719,68 150 
512747,32 68 
514254,67 92 
514254,67 65 
514277,6 103 
514277,6 101 
514807,8 100 
514807,8 1
514807,8 2132
514807,8 11
516783,94 25 
517090,92 75 
518299,28 72 
518370,04 70 
519888,97 80 
520235,48 83 
522731,3 64 2496
522900,96 74 147
522900,96 62 147
523912,17 150 
523941,28 68 
524651,37 92 
524651,37 65 
524673,23 103 
524673,23 101 
525199,26 100 
525199,26 1
525199,26 2132
525199,26 11
527179,52 25 
527966,27 75 
529175,06 72 
529245,43 70 
530765,88 80 
531817,24 83 
532273,56 64 457
532472,53 74 176
532472,53 62 176
532980,79 150 
533005,24 68 
533394,85 249
533521,76 172 
533912,86 92 
533912,86 65 
533936 103 
533936 101 
534462,6 100 
534462,6 1
534462,6 2132
534462,6 10
536442,39 25 
537229,03 75 
538437,05 72 
538509,75 70 
540026,7 80 
541386,63 83 
542164,21 64 778
542348,92 74 163
542348,92 61 163
543856,49 150 
543880,86 68 
544588,65 92 
544588,65 65 
544611,53 103 
544611,53 101 
545143,33 100 
545143,33 1
545143,33 2132
545143,33 11
547131,21 25 
547371,44 75 
548579,81 72 
548650,6 70 
550168,1 80 
550529,43 83 
551965,17 64 1436
552142,56 74 161
552142,56 62 161
553153,86 150 
553183,12 68 
554091,24 92 
554091,24 65 
554114,17 103 
554114,17 101 
554641,81 100 
554641,81 1
554641,81 2132
554641,81 11
556620,44 25 
557300,56 75 
558508,26 72 
558579,84 70 
560096,26 80 
561444,76 83 
562170,58 64 727
562329,16 74 137
562329,16 62 137
563840,66 150 
563858,9 68 
564276,96 249
564364,52 172 
565368,1 92 
565368,1 65 
565389,58 103 
565389,58 101 
565915,32 100 
565915,32 1
565915,32 2132
565915,32 10
567895,71 25 
568709,06 75 
569918,62 72 
570241,48 70 
571857,57 80 
572919,92 83 
573998,29 64 1078
574226,65 74 215
574226,65 61 215
574737,79 150 
574761,03 68 
576072,93 249
576768,7 92 
576768,7 65 
576784,6 103 
576784,6 101 
577317,78 100 
577317,78 1
577317,78 2132
577317,78 11
579304,22 25 
579864,41 75 
581071,96 72 
581143,58 70 
582660,51 80 
583022,4 83 
584904,54 64 1883
585089,64 74 162
585089,64 61 162
586599,26 151 
586622,8 69 
588634,42 93 
588646,27 103 
588646,27 101 
590672,31 100 
590672,31 1
590672,31 2132
590672,31 10
592658,61 25 
592672,4 75 
593878,68 72 
593951,55 70 
595466,89 80 
596523,32 83 
597140,88 64 618
597328,73 74 166
597328,73 61 166
598338,98 152 
598364,4 69 
599874,68 93 
599894,85 103 
599894,85 101 
601923,03 100 
601923,03 1
601923,03 2132
601923,03 11
603907,2 25 
603934,52 75 
605142,58 72 
605213,42 70 
606735,65 80 
608105,15 83 
608439,22 64 334
608629,66 74 165
608629,66 62 165
609138,5 150 
609159,09 68 
609868,88 92 
609868,88 65 
609890,66 103 
609890,66 101 
610420,73 100 
610420,73 1
610420,73 2132
610420,73 10
612396,99 25 
613117,02 75 
614325,72 72 
614396,22 70 
615913,98 80 
617274,55 83 
617861,5 64 588
618078,06 74 204
618078,06 61 204
618589,13 150 
618609,21 68 
618805,62 249
619517,01 92 
619517,01 65 
619539,94 103 
619539,94 101 
620066,76 100 
620066,76 1
620066,76 2132
620066,76 10
622046,34 25 
622992,87 75 
624201,72 72 
624272,09 70 
625790,08 80 
626150,82 83 
656726,98 64 30577
656921,87 74 171
656921,87 61 171
657932,85 150 
657951,99 68 
658663,78 92 
658663,78 65 
658683,44 103 
658683,44 101 
659209,57 100 
659209,57 1
659209,57 2132
659209,57 11
661189,72 25 
661883,15 75 
663091,14 72 
663162,36 70 
664685,87 80 
665747,53 83 
666050,82 64 304
666253,07 74 186
666253,07 62 186
667764,99 150 
667788,47 68 
668173 249
668315,29 172 
669300,57 92 
669300,57 65 
669318,94 103 
669318,94 101 
669848,05 100 
669848,05 1
669848,05 2132
669848,05 10
671825,26 25 
672145,53 75 
673354,11 72 
673664,57 70 
675284,55 80 
676649,55 83 
677182,83 64 534
677392,74 74 197
677392,74 61 197
677904,31 150 
677930,91 68 
678130,55 249
678421,06 171
678843,89 92 
678843,89 65 
678861,61 103 
678861,61 101 
679389,4 100 
679389,4 1
679389,4 2132
679389,4 11
681367,9 25 
682127,94 75 
683334,9 72 
683407,29 70 
684927,45 80 
685299,23 83 
690734,65 64 5436
690897,92 74 148
690897,92 62 148
692405,06 150 
692431,47 68 
692908,3 249
693052,13 172 
694442,7 92 
694442,7 65 
694455,33 103 
694455,33 101 
694982,49 100 
694982,49 1
694982,49 2132
694982,49 11
696961,34 25 
697561,42 75 
698768,79 72 
698840,64 70 
700355,26 80 
701412,44 83 
701857,73 64 446
702016,72 74 138
702016,72 62 138
703024,72 150 
703052,84 68 
704560,67 92 
704560,67 65 
704584,09 103 
704584,09 101 
705114,31 100 
705114,31 1
705114,31 2132
705114,31 10
707090,42 25 
708010,37 75 
709218,52 72 
709289,6 70 
710810,87 80 
711168,35 83 
712126,26 64 958
712301,8 74 161
712301,8 61 161
713313,58 150 
713343,59 68 
714050,53 92 
714050,53 65 
714073,43 103 
714073,43 101 
714600,4 100 
714600,4 1
714600,4 2132
714600,4 10
716579,77 25 
717179,83 75 
718388,49 72 
718459,07 70 
719981,04 80 
721044,18 83 
722585,97 64 1542
722791,12 74 188
722791,12 61 188
723301,38 150 
723324,31 68 
723729,79 249
725335,6 92 
725335,6 65 
725362,01 103 
725362,01 101 
725888,14 100 
725888,14 1
725888,14 2132
725888,14 11
727868,3 25 
728575,06 75 
729782,99 72 
729854,24 70 
731366,77 80 
732732,61 83 
733169,13 64 437
733360,28 74 175
733360,28 62 175
734872,16 152 
734893,66 69 
735800,52 93 
735810,96 103 
735810,96 101 
737847,46 100 
737847,46 1
737847,46 2132
737847,46 10
739823,31 25 
739850,44 75 
741057,94 72 
741129,56 70 
742641,74 80 
744007,85 83 
745713,01 64 1706
745898,2 74 171
745898,2 61 171
747409,04 150 
747434,18 68 
747911,98 249
748146,54 92 
748146,54 65 
748165,86 103 
748165,86 101 
748692,05 100 
748692,05 1
748692,05 2132
748692,05 11
750672,02 25 
751258,81 75 
752467,12 72 
752538 70 
754056,16 80 
755136,49 83 
755747,13 64 611
755924,86 74 163
755924,86 62 163
756932,27 150 
756950,21 68 
758960,83 92 
758960,83 65 
758974,59 103 
758974,59 101 
759501,42 100 
759501,42 1
759501,42 2132
759501,42 11
761480,95 25 
761987,62 75 
763196,43 72 
763266,86 70 
764794,59 80 
765172,32 83 
766492,82 64 1321
766648,73 74 144
766648,73 62 144
767157,1 152 
767186,2 69 
768095,31 93 
768117,34 103 
768117,34 101 
770145,79 100 
770145,79 1
770145,79 2132
770145,79 10
772129,64 25 
772156,8 75 
773364,67 72 
773435,91 70 
775214,4 80 
776607,44 83 
777336,38 64 729
777529,76 74 177
777529,76 61 177
779040,2 150 
779061,74 68 
780571,33 92 
780571,33 65 
780592,09 103 
780592,09 101 
781119,9 100 
781119,9 1
781119,9 2132
781119,9 11
783098,38 25 
783685,15 75 
784895,14 72 
784964,44 70 
786481,47 80 
786829,79 83 
802534,84 64 15706
802701,53 74 146
802701,53 62 146
803209,09 150 
803237,63 68 
804746,93 92 
804746,93 65 
804768,64 103 
804768,64 101 
805297,43 100 
805297,43 1
805297,43 2132
805297,43 10
807274,85 25 
807781,84 75 
808989,54 72 
809060,88 70 
810578,9 80 
811925,87 83 
812260,6 64 336
812495,48 74 211
812495,48 61 211
813505,15 150 
813527,04 68 
814438,13 92 
814438,13 65 
814457,79 103 
814457,79 101 
814988,14 100 
814988,14 1
814988,14 2132
814988,14 10
816964,09 25 
817777,47 75 
818985,85 72 
819056,73 70 
820574,41 80 
821921,77 83 
825466,38 64 3545
825673,21 74 193
825673,21 61 193
827181,2 150 
827201,26 68 
827956,36 249
829211,75 92 
829211,75 65 
829224,93 103 
829224,93 101 
829750,88 100 
829750,88 1
829750,88 2132
829750,88 11
831731,26 25 
832064,77 75 
833274,98 72 
833344,08 70 
834861,8 80 
835222,75 83 
835920,31 64 698
836097,4 74 155
836097,4 62 155
837105,06 150 
837129,74 68 
837840,29 92 
837840,29 65 
837861,27 103 
837861,27 101 
838388,46 100 
838388,46 1
838388,46 2132
838388,46 10
840367,57 25 
841300,92 75 
842509,25 72 
842580,08 70 
844101,6 80 
845165,21 83 
845867,67 64 703
846111,86 74 227
846111,86 61 227
846622,48 150 
846646,57 68 
846713,07 249
847553,57 92 
847553,57 65 
847577,2 103 
847577,2 101 
848106,21 100 
848106,21 1
848106,21 2132
848106,21 11
850083,6 25 
850843,54 75 
852050,8 72 
852122,82 70 
853641,21 80 
854001,5 83 
854769,31 64 768
854944,73 74 158
854944,73 62 158
855453,61 150 
855481,97 68 
855905,63 249
856179,29 172 
857494 92 
857494 65 
857506,34 103 
857506,34 101 
858037,35 100 
858037,35 1
858037,35 2132
858037,35 10
860012,62 25 
860252,94 75 
861462,36 72 
861532,1 70 
863043,82 80 
864103,92 83 
866209,32 64 2105
866451,58 74 229
866451,58 61 229
867961,52 150 
867984,22 68 
868693,68 92 
868693,68 65 
868714,93 103 
868714,93 101 
869240,98 100 
869240,98 1
869240,98 2132
869240,98 10
871221,25 25 
871861,37 75 
873070,53 72 
873140,57 70 
874660,85 80 
876018,99 83 
877175,31 64 1156
877360,27 74 169
877360,27 62 169
878370,46 151 
878393,04 69 
879902,11 93 
879923,61 103 
879923,61 101 
881958,54 100 
881958,54 1
881958,54 2132
881958,54 10
883935,98 25 
883963,56 75 
885172,47 72 
885482,03 70 
887096,95 80 
888160,51 83 
902567,77 64 14408
902765,06 74 184
902765,06 61 184
903776,39 150 
903795,01 68 
905304,61 92 
905304,61 65 
905326,21 103 
905326,21 101 
905852,21 100 
905852,21 1
905852,21 2132
905852,21 11
907832,49 25 
908179,43 75 
909388,84 72 
909458,61 70 
910983,97 80 
911350,67 83 
911965,36 64 615
912135,04 74 145
912135,04 62 145
913645,35 150 
913671,5 68 
914380,13 92 
914380,13 65 
914402,36 103 
914402,36 101 
914928,58 100 
914928,58 1
914928,58 2132
914928,58 10
916908,65 25 
917695,45 75 
918902,56 72 
918974,6 70 
920505,14 80 
921866,3 83 
922431,89 64 566
922612,68 74 161
922612,68 61 161
923119,54 150 
923147,62 68 
925158,57 92 
925158,57 65 
925184,55 103 
925184,55 101 
925717,77 100 
925717,77 1
925717,77 2132
925717,77 11
927704,11 25 
928064,34 75 
929273,02 72 
929343,58 70 
930858,52 80 
931606,61 250 
931621,79 101 
933634,97 100 
933634,97 1
933634,97 2132
933634,97 11
933634,97 25 
933662,3 75 
934868,79 72 
934941,23 70 
936455,8 80 
937819,52 83 
946467,83 64 8649
946638,21 74 156
946638,21 62 156
947648,74 150 
947670,54 68 
948582,55 92 
948582,55 65 
948601,29 103 
948601,29 101 
949129,7 100 
949129,7 1
949129,7 2132
949129,7 11
951107,58 25 
951894,28 75 
953103,54 72 
953173,49 70 
954690,24 80 
955745,31 83 
1573297,96 64 617553
1573527,64 256 
1573545,28 74 234
1573545,28 61 234
1575053,78 151 
1575073,15 69 
1575984,98 93 
1576003,66 103 
1576003,66 101 
1578030,41 100 
1578030,41 1
1578030,41 2132
1578030,41 11
1580015,98 25 
1580043,12 75 
1581250,27 72 
1581522,08 70 
1583177,94 80 
1583734,21 83 
2431035,29 64 847301
2431221,74 74 165
2431221,74 62 165
2431732,11 150 
2431751,91 68 
2432474,19 92 
2432474,19 65 
2432496,09 103 
2432496,09 101 
2433029,91 100 
2433029,91 1
2433029,91 2132
2433029,91 10
2435002,47 25 
2435176,15 75 
2436383,68 72 
2436455,21 70 
2437973,13 80 
2438320,67 83 
2440067,16 64 1747
2440271,77 256 
2440329,97 74 250
2440329,97 61 250
2440841,05 152 
2440868,09 69 
2442877,36 93 
2442891,73 103 
2442891,73 101 
2444917,75 100 
2444917,75 1
2444917,75 2132
2444917,75 11
2446904,03 25 
2446931,25 75 
2448139,62 72 
2448210,31 70 
2449735,18 80 
2451101,93 83 
2455994,85 64 4893
2456201,57 74 183
2456201,57 62 183
2457213,89 150 
2457234,49 68 
2458745,3 92 
2458745,3 65 
2458765,04 103 
2458765,04 101 
2459296,67 100 
2459296,67 1
2459296,67 2132
2459296,67 10
2461271,42 25 
2461711,5 75 
2462919,75 72 
2462990,7 70 
2464510,88 80 
2465575,84 83 
2467233,24 64 1657
2467461,11 74 206
2467461,11 61 206
2468970,31 150 
2468988,83 68 
2469700,52 92 
2469700,52 65 
2469720,43 103 
2469720,43 101 
2470251,29 100 
2470251,29 1
2470251,29 2132
2470251,29 11
2472226,71 25 
2473226,75 75 
2474435,7 72 
2474505,88 70 
2476023,99 80 
2477384,23 83 
2485489,64 64 8106
2485687,82 74 174
2485687,82 62 174
2486695,95 150 
2486715,11 68 
2487251,63 249
2487397,8 172 
2487623,65 92 
2487623,65 65 
2487646,22 103 
2487646,22 101 
2488172,14 100 
2488172,14 1
2488172,14 2132
2488172,14 11
2490152,49 25 
2490499,36 75 
2491708,17 72 
2491778,69 70 
2493292,01 80 
2494350,42 83 
2495296,11 64 946
2495508,59 74 199
2495508,59 62 199
2496017,5 150 
2496044,88 68 
2498054,6 92 
2498054,6 65 
2498081,79 103 
2498081,79 101 
2498607,9 100 
2498607,9 1
2498607,9 2132
2498607,9 11
2500588,23 25 
2501414,79 75 
2502622,08 72 
2502694 70 
2504209,19 80 
2504572,78 83 
2505535,6 64 964
2505706,87 74 148
2505706,87 62 148
2507218,05 150 
2507240,11 68 
2507661,19 249
2508378,88 172 
2508750,12 92 
2508750,12 65 
2508770,65 103 
2508770,65 101 
2509306,29 100 
2509306,29 1
2509306,29 2132
2509306,29 10
2511290,28 25 
2511810,51 75 
2513021,27 72 
2513089,65 70 
2514611,54 80 
2515674,74 83 
2517827,86 64 2154
2518004,8 74 158
2518004,8 61 158
2518513,47 150 
2518542,18 68 
2519449,66 92 
2519449,66 65 
2519472,78 103 
2519472,78 101 
2520001,26 100 
2520001,26 1
2520001,26 2132
2520001,26 10
2521979,06 25 
2522712,64 75 
2523921,39 72 
2523991,65 70 
2525513,19 80 
2526883,33 83 
2527438,16 64 555
2527591,41 74 135
2527591,41 61 135
2529099,05 150 
2529123,89 68 
2529833,19 92 
2529833,19 65 
2529855,14 103 
2529855,14 101 
2530381,31 100 
2530381,31 1
2530381,31 2132
2530381,31 10
2532361,43 25 
2533201,71 75 
2534414,59 72 
2534733,85 70 
2536356,02 80 
2536719,33 83 
2538392,83 64 1673
2538607,33 74 196
2538607,33 61 196
2539618,84 150 
2539639,82 68 
2541147,51 92 
2541147,51 65 
2541170,31 103 
2541170,31 101 
2541700,41 100 
2541700,41 1
2541700,41 2132
2541700,41 11
2543676,64 25 
2544330,98 75 
2545539,37 72 
2545609,21 70 
2547132,55 80 
2548500,94 83 
2548932,6 64 432
2549126,67 74 173
2549126,67 62 173
2550635,36 152 
2550661,9 69 
2552670,64 93 
2552685,47 103 
2552685,47 101 
2554712,34 100 
2554712,34 1
2554712,34 2132
2554712,34 11
2556697,84 25 
2556725,02 75 
2557932,73 72 
2558004,05 70 
2559525,17 80 
2560589,13 83 
2561546,81 64 958
2561735,73 74 174
2561735,73 62 174
2562744,06 150 
2562763,57 68 
2563201,06 249
2563672,19 92 
2563672,19 65 
2563694,18 103 
2563694,18 101 
2564220,4 100 
2564220,4 1
2564220,4 2132
2564220,4 10
2566200,44 25 
2566627,36 75 
2567833,81 72 
2567906,51 70 
2569424,04 80 
2569785,25 83 
2571315,62 64 1531
2571541,12 74 210
2571541,12 61 210
2572053,6 150 
2572078,77 68 
2572787,67 92 
2572787,67 65 
2572810,31 103 
2572810,31 101 
2573347,53 100 
2573347,53 1
2573347,53 2132
2573347,53 10
2575329,94 25 
2576170,89 75 
2577378,34 72 
2577449,19 70 
2578965,49 80 
2580020,98 83 
2580911,2 64 890
2581064,04 74 137
2581064,04 62 137
2582573,14 151 
2582595,19 69 
2584107,19 93 
2584125,55 103 
2584125,55 101 
2586151,55 100 
2586151,55 1
2586151,55 2132
2586151,55 11
2588137,91 25 
2588166,67 75 
2589372,77 72 
2589444,14 70 
2590965,96 80 
2591336,33 83 
2592501,99 64 1166
2592684,81 74 163
2592684,81 62 163
2593193,5 150 
2593217,29 68 
2595227,77 92 
2595227,77 65 
2595240,92 103 
2595240,92 101 
2595769,71 100 
2595769,71 1
2595769,71 2132
2595769,71 11
2597747,19 25 
2598427,23 75 
2599635,11 72 
2599706,43 70 
2601227,1 80 
2602598,11 83 
2603295,64 64 698
2603509,32 74 192
2603509,32 62 192
2604518,75 150 
2604545,16 68 
2606554,6 92 
2606554,6 65 
2606569,43 103 
2606569,43 101 
2607100,61 100 
2607100,61 1
2607100,61 2132
2607100,61 11
2609075,77 25 
2609822,48 75 
2611031,21 72 
2611101,68 70 
2612622,79 80 
2612993,72 83 
2613752,68 64 760
2613943,79 74 178
2613943,79 62 178
2614954,31 150 
2614981,41 68 
2615891,17 92 
2615891,17 65 
2615912,17 103 
2615912,17 101 
2616438,39 100 
2616438,39 1
2616438,39 2132
2616438,39 10
2618418,45 25 
2619138,57 75 
2620344,54 72 
2620417,83 70 
2621933,99 80 
2622989,51 83 
2624526,76 64 1538
2624732,34 74 184
2624732,34 61 184
2625242,65 150 
2625270,48 68 
2626783,2 92 
2626783,2 65 
2626800,97 103 
2626800,97 101 
2627328,75 100 
2627328,75 1
2627328,75 2132
2627328,75 11
2629307,28 25 
2630133,9 75 
2631341,95 72 
2631413,14 70 
2632928,92 80 
2634291,44 83 
2634910,96 64 620
2635096,8 74 166
2635096,8 62 166
2636606,39 152 
2636625,6 69 
2637333,97 93 
2637343,19 103 
2637343,19 101 
2639378,76 100 
2639378,76 1
2639378,76 2132
2639378,76 10
2641355,46 25 
2641382,81 75 
2642592,32 72 
2642661,74 70 
2644175,84 80 
2644540,54 83 
2646000,96 64 1461
2646152,34 74 133
2646152,34 62 133
2647159,82 151 
2647181,18 69 
2649192,08 93 
2649204,81 103 
2649204,81 101 
2651230,9 100 
2651230,9 1
2651230,9 2132
2651230,9 10
2653217,23 25 
2653244,37 75 
2654451,78 72 
2654523,39 70 
2656039,51 80 
2657095,16 83 
2657794,8 64 700
2658026,74 74 213
2658026,74 61 213
2659535,41 150 
2659563,6 68 
2660273,19 92 
2660273,19 65 
2660293,47 103 
2660293,47 101 
2660822,68 100 
2660822,68 1
2660822,68 2132
2660822,68 11
2662799,74 25 
2663759,76 75 
2664969,42 72 
2665038,93 70 
2666557,67 80 
2667930,59 83 
2668854,12 64 923
2669041,34 74 165
2669041,34 62 165
2669549,83 150 
2669571,42 68 
2671082,39 92 
2671082,39 65 
2671102,23 103 
2671102,23 101 
2671632,45 100 
2671632,45 1
2671632,45 2132
2671632,45 10
2673608,58 25 
2674128,79 75 
2675336,01 72 
2675407,87 70 
2676927,28 80 
2677979,77 83 
2687330,18 64 9351
2687527,84 74 179
2687527,84 61 179
2688037,3 150 
2688057,34 68 
2688964,9 92 
2688964,9 65 
2688988,02 103 
2688988,02 101 
2689518,26 100 
2689518,26 4
2689518,26 2132
2689518,26 10
2689518,26 78 
2689518,26 198 
2691494,5 25 
2691774,67 75 
2692983,32 72 
2693053,78 70 
2694570,03 80 
2694932,71 83 
2696110,78 64 1179
2696303,73 74 172
2696303,73 61 172
2697815,56 151 
2697839,91 69 
2698549,49 93 
2698570,67 103 
2698570,67 101 
2700597,65 100 
2700597,65 4
2700597,65 2132
2700597,65 10
2702583 25 
2702623,62 75 
2703833,35 72 
2703902,58 70 
2705422,66 80 
2706780,91 83 
2707227,63 64 448
2707397,87 74 151
2707397,87 62 151
2708406,55 150 
2708435,38 68 
2708809,23 249
2708880,91 172 
2709945,27 92 
2709945,27 65 
2709965,87 103 
2709965,87 101 
2710498,21 100 
2710498,21 4
2710498,21 2132
2710498,21 11
2712485,49 25 
2712565,87 75 
2713773,69 72 
2713845,04 70 
2715360,57 80 
2716417 83 
2718116,83 64 1700
2718281,88 74 146
2718281,88 62 146
2718793,2 151 
2718817,65 69 
2719821,79 249 
2720264,72 182 
2720828,71 93 
2720841,33 103 
2720841,33 101 
2722867,32 100 
2722867,32 4
2722867,32 2132
2722867,32 11
2724853,62 25 
2724881,07 75 
2726091,54 72 
2726159,83 70 
2727675,5 80 
2729038,21 83 
2729476,19 64 438
2729671,14 74 180
2729671,14 62 180
2730683,97 151 
2730706,15 69 
2731615,14 93 
2731636,76 103 
2731636,76 101 
2733663,67 100 
2733663,67 4
2733663,67 2132
2733663,67 11
2735649,09 25 
2735676,26 75 
2736884,38 72 
2736955,27 70 
2738477,04 80 
2738834,22 83 
2740054,65 64 1221
2740220,08 74 147
2740220,08 62 147
2741729,72 151 
2741755,63 69 
2742463,68 93 
2742485,49 103 
2742485,49 101 
2744518,98 100 
2744518,98 4
2744518,98 2132
2744518,98 10
2746497,97 25 
2746525,08 75 
2747733,58 72 
2747804,1 70 
2749323,24 80 
2750695,69 83 
2751694,3 64 999
2751901,22 74 193
2751901,22 61 193
2752410,31 151 
2752429,75 69 
2753339,03 93 
2753361,03 103 
2753361,03 101 
2755388,77 100 
2755388,77 4
2755388,77 2132
2755388,77 11
2757373,33 25 
2757400,48 75 
2758608,97 72 
2758679,58 70 
2760204,4 80 
2761277,97 83 
2761648,19 64 370
2761815,09 74 151
2761815,09 61 151
2762825,33 150 
2762852,51 68 
2764862,88 92 
2764862,88 65 
2764889,4 103 
2764889,4 101 
2765416,26 100 
2765416,26 4
2765416,26 2132
2765416,26 10
2767395,68 25 
2767702,68 75 
2768910,22 72 
2768981,86 70 
2770494,27 80 
2770860,56 83 
2772550,83 64 1691
2772733,18 74 167
2772733,18 61 167
2774242,04 151 
2774261,08 69 
2775770,63 93 
2775791,45 103 
2775791,45 101 
2777824,57 100 
2777824,57 4
2777824,57 2132
2777824,57 10
2779803,82 25 
2779832,28 75 
2781039,91 72 
2781110,05 70 
2782628,48 80 
2783681,82 83 
2785170,06 64 1489
2785370,53 74 184
2785370,53 61 184
2786381,16 151 
2786402,57 69 
2788415,57 93 
2788426,27 103 
2788426,27 101 
2790452,08 100 
2790452,08 4
2790452,08 2132
2790452,08 11
2792438,47 25 
2792465,7 75 
2793672,4 72 
2793744,78 70 
2795264,4 80 
2796623,06 83 
2796952,62 64 330
2797121,51 74 153
2797121,51 62 153
2797631,77 153 
2797651,15 68 
2799160,37 92 
2799160,37 65 
2799181,58 103 
2799181,58 101 
2799710,07 100 
2799710,07 4
2799710,07 2132
2799710,07 10
2801688,91 25 
2802021,48 75 
2803230,18 72 
2803300,71 70 
2804811,84 80 
2805179,42 83 
2805877,31 64 698
2806074,88 74 176
2806074,88 61 176
2807582,98 151 
2807607,01 69 
2808516,56 93 
2808537,66 103 
2808537,66 101 
2810569,32 100 
2810569,32 4
2810569,32 2132
2810569,32 11
2812550,05 25 
2812577,28 75 
2813784,85 72 
2813856,22 70 
2815387,43 80 
2816441,38 83 
2818174,47 64 1733
2818340,92 74 154
2818340,92 62 154
2819852,2 151 
2819881,37 69 
2820592,03 93 
2820612,56 103 
2820612,56 101 
2822639,23 100 
2822639,23 4
2822639,23 2132
2822639,23 10
2824624,89 25 
2824665,52 75 
2825874,06 72 
2825944,45 70 
2827457,92 80 
2827823,21 83 
2829157,73 64 1335
2829380,26 74 198
2829380,26 61 198
2829889,11 151 
2829917,55 69 
2831929 93 
2831941,13 103 
2831941,13 101 
2833967,32 100 
2833967,32 4
2833967,32 2132
2833967,32 11
2835953,48 25 
2835980,8 75 
2837190,19 72 
2837259,78 70 
2838776,86 80 
2840138,02 83 
2840420,74 64 283
2840632,43 74 188
2840632,43 62 188
2841641,56 151 
2841672,59 69 
2843185,12 93 
2843203,09 103 
2843203,09 101 
2845235,56 100 
2845235,56 4
2845235,56 2132
2845235,56 11
2847215,44 25 
2847242,64 75 
2848452,09 72 
2848761,59 70 
2850383,5 80 
2851439,96 83 
2853943,57 64 2504
2854112,77 74 155
2854112,77 61 155
2855125,8 150 
2855146,97 68 
2855855,93 92 
2855855,93 65 
2855877,77 103 
2855877,77 101 
2856403,8 100 
2856403,8 4
2856403,8 2132
2856403,8 11
2858384,06 25 
2858757,6 75 
2859966,86 72 
2860036,74 70 
2861548,88 80 
2862915,18 83 
2863229,86 64 315
2863393,8 74 146
2863393,8 62 146
2863902,14 151 
2863930,22 69 
2864840,86 93 
2864860,62 103 
2864860,62 101 
2866888,38 100 
2866888,38 4
2866888,38 2132
2866888,38 10
2868872,98 25 
2868900,2 75 
2870112,67 72 
2870179,19 70 
2871693,42 80 
2872044,71 83 
2872863,8 64 820
2872896,55 256 
2873165,85 74 282
2873165,85 61 282
2874673,6 151 
2874698,83 69 
2875410,89 93 
2875429,48 103 
2875429,48 101 
2877461,22 100 
2877461,22 4
2877461,22 2132
2877461,22 11
2879441,81 25 
2879469,15 75 
2880678,49 72 
2880748,02 70 
2882267,31 80 
2882626,78 83 
2885072,66 64 2447
2885239,06 74 147
2885239,06 62 147
2886749,35 153 
2886773,24 68 
2888286,23 92 
2888286,23 65 
2888304,07 103 
2888304,07 101 
2888830,86 100 
2888830,86 4
2888830,86 2132
2888830,86 10
2890810,38 25 
2891250,57 75 
2892459,38 72 
2892529,85 70 
2894045,29 80 
2895101,56 83 
2896882,04 64 1781
2897092,44 74 192
2897092,44 62 192
2898100,81 150 
2898128,81 68 
2900136,1 92 
2900136,1 65 
2900152,41 103 
2900152,41 101 
2900678,97 100 
2900678,97 4
2900678,97 2132
2900678,97 10
2902658,76 25 
2903418,75 75 
2904627,23 72 
2904697,96 70 
2906215,72 80 
2907576,48 83 
2907943,72 64 368
2908111,61 74 150
2908111,61 62 150
2908621,74 150 
2908644,34 68 
2909553,18 92 
2909553,18 65 
2909575,11 103 
2909575,11 101 
2910112,73 100 
2910112,73 4
2910112,73 2132
2910112,73 10
2912094,77 25 
2912708,28 75 
2913917,31 72 
2913987,36 70 
2915502,94 80 
2916559,2 83 
2916895,46 64 336
2917072,99 74 154
2917072,99 62 154
2918087,24 150 
2918107,14 68 
2918386 249
2918482,94 172 
2918818 92 
2918818 65 
2918837,86 103 
2918837,86 101 
2919364,7 100 
2919364,7 4
2919364,7 2132
2919364,7 11
2921344,25 25 
2921864,3 75 
2923071,8 72 
2923143,51 70 
2924659,48 80 
2926021,88 83 
2926389,98 64 369
2926547,06 74 139
2926547,06 62 139
2928058,5 151 
2928076,38 69 
2928928,01 249 
2928986,06 93 
2929006,97 103 
2929006,97 101 
2931035,12 100 
2931035,12 4
2931035,12 2132
2931035,12 11
2933019,36 25 
2933046,56 75 
2934254,37 72 
2934325,5 70 
2935840,22 80 
2936204,25 83 
2937842,77 64 1639
2938025,38 74 169
2938025,38 62 169
2938535,76 151 
2938564,38 69 
2939275,97 249 
2939810 182 
2940075,86 93 
2940095,61 103 
2940095,61 101 
2942127,01 100 
2942127,01 4
2942127,01 2132
2942127,01 11
2944107,92 25 
2944135,15 75 
2945341,6 72 
2945414,12 70 
2946936,08 80 
2947292,9 83 
2948502,53 64 1211
2948690,64 74 172
2948690,64 62 172
2949700,88 151 
2949720,6 69 
2951242,39 249 
2951335,41 256 
2954855,29 183 
2972706,6 93 
2972721,86 103 
2972721,86 101 
2974748,98 100 
2974748,98 4
2974748,98 2132
2974748,98 10
2976734,16 25 
2976761,35 75 
2977967,91 72 
2978040,75 70 
2979552,43 80 
2980612,19 83 
2981879,51 64 1268
2982125,78 74 221
2982125,78 61 221
2982634,13 151 
2982654,23 69 
2984664,86 93 
2984676,81 103 
2984676,81 101 
2986703,88 100 
2986703,88 4
2986703,88 2132
2986703,88 10
2988689,13 25 
2988716,39 75 
2989926,32 72 
2989995,39 70 
2991514,09 80 
2992873,7 83 
2993708,21 64 835
2993925,89 74 199
2993925,89 63 199
2995434,92 151 
2995461,22 69 
2996968,97 93 
2996978,34 103 
2996978,34 101 
2999011,22 100 
2999011,22 4
2999011,22 2132
2999011,22 11
3000990,63 25 
3001017,82 75 
3002226,23 72 
3002296,93 70 
3003814,18 80 
3004175,59 83 
3006377,9 64 2203
3006551,31 74 150
3006551,31 62 150
3008062,11 153 
3008082,48 68 
3008991,59 92 
3008991,59 65 
3009013,27 103 
3009013,27 101 
3009539,49 100 
3009539,49 4
3009539,49 2132
3009539,49 11
3011519,51 25 
3012426,21 75 
3013633,78 72 
3013705,34 70 
3015224,94 80 
3016583,69 83 
3017126,98 64 544
3017293,34 74 150
3017293,34 62 150
3017801,95 151 
3017825,05 69 
3018534,05 93 
3018555,86 103 
3018555,86 101 
3020582,81 100 
3020582,81 4
3020582,81 2132
3020582,81 10
3022568,2 25 
3022595,37 75 
3023801,52 72 
3023874,4 70 
3025388,98 80 
3026459,57 83 
3027503,76 64 1045
3027714,41 74 189
3027714,41 63 189
3028724,91 151 
3028753,78 69 
3029462,3 93 
3029471,32 103 
3029471,32 101 
3031502,08 100 
3031502,08 4
3031502,08 2132
3031502,08 10
3033483,62 25 
3033511,26 75 
3034720,66 72 
3034789,8 70 
3036304,58 80 
3037374,92 83 
3037444,92 64 70
3037856,73 74 389
3037856,73 61 389
3038866,99 151 
3038896,17 69 
3039121,38 249 
3040049,64 181 
3040405,94 93 
3040426,61 103 
3040426,61 101 
3042454,18 100 
3042454,18 4
3042454,18 2132
3042454,18 11
3044438,96 25 
3044466,17 75 
3045673,92 72 
3045745,23 70 
3047263,15 80 
3047610,62 83 
3048473,54 64 864
3048695 74 205
3048695 63 205
3049205,86 151 
3049225,22 69 
3050132,06 93 
3050142,54 103 
3050142,54 101 
3052168,51 100 
3052168,51 4
3052168,51 2132
3052168,51 11
3054154,93 25 
3054568,38 75 
3055775,24 72 
3055847,64 70 
3057362,78 80 
3058725,93 83 
3060790,13 64 2064
3060970,67 74 166
3060970,67 62 166
3062478,56 151 
3062499,57 69 
3063327,05 249 
3064507,71 93 
3064523,31 103 
3064523,31 101 
3066557,67 100 
3066557,67 4
3066557,67 2132
3066557,67 10
3068535,53 25 
3069255,64 75 
3070464,6 72 
3070534,72 70 
3072060,18 80 
3072426,86 83 
3073284,97 64 859
3073501,35 74 195
3073501,35 61 195
3074511,12 151 
3074533,79 69 
3075245,3 93 
3075265,3 103 
3075265,3 101 
3077292,39 100 
3077292,39 4
3077292,39 2132
3077292,39 10
3079277,62 25 
3079304,94 75 
3080514,22 72 
3080823,78 70 
3082478,27 80 
3083742,18 83 
3084513,53 64 772
3084667,9 74 140
3084667,9 62 140
3085175,81 150 
3085196,65 68 
3087205,87 92 
3087205,87 65 
3087220,27 103 
3087220,27 101 
3087747,33 100 
3087747,33 4
3087747,33 2132
3087747,33 10
3089726,59 25 
3090366,67 75 
3091575,25 72 
3091645,84 70 
3093163,6 80 
3094524,17 83 
3096279,92 64 1756
3096452,47 74 156
3096452,47 62 156
3097964,37 152 
3097990,13 69 
3098899,93 93 
3098922 103 
3098922 101 
3100954,67 100 
3100954,67 4
3100954,67 2132
3100954,67 10
3102934,43 25 
3102962,53 75 
3104168,58 72 
3104240,64 70 
3105759,7 80 
3106132,7 83 
3106941,58 64 810
3107121,77 74 163
3107121,77 62 163
3108630,37 150 
3108653,46 68 
3110165,2 92 
3110165,2 65 
3110183,91 103 
3110183,91 101 
3110711,24 100 
3110711,24 4
3110711,24 2132
3110711,24 11
3112690,26 25 
3112997,13 75 
3114204,41 72 
3114276,37 70 
3115792,6 80 
3117154,75 83 
3117739,08 64 585
3117922,98 74 169
3117922,98 61 169
3118932,35 150 
3118955,79 68 
3119663,79 92 
3119663,79 65 
3119686,65 103 
3119686,65 101 
3120214,54 100 
3120214,54 4
3120214,54 2132
3120214,54 11
3122193,02 25 
3123339,47 75 
3124546,82 72 
3124618,69 70 
3126132,12 80 
3127203,79 83 
3127811,63 64 609
3127989,95 74 160
3127989,95 61 160
3128501,55 150 
3128524,38 68 
3129432,85 92 
3129432,85 65 
3129455,78 103 
3129455,78 101 
3129987,49 100 
3129987,49 4
3129987,49 2132
3129987,49 11
3131962,14 25 
3132588,94 75 
3133797,74 72 
3133868,1 70 
3135386,77 80 
3135733,61 83 
3137551,27 64 1818
3137742,42 74 170
3137742,42 61 170
3138253,42 150 
3138280,2 68 
3139788,97 92 
3139788,97 65 
3139811,43 103 
3139811,43 101 
3140338,31 100 
3140338,31 4
3140338,31 2132
3140338,31 10
3142317,76 25 
3143011,23 75 
3144219,75 72 
3144290,37 70 
3145804,63 80 
3147168,69 83 
3147767,02 64 599
3147924,36 74 143
3147924,36 62 143
3148933,98 150 
3148956,49 68 
3150965,53 92 
3150965,53 65 
3150980,07 103 
3150980,07 101 
3151513,61 100 
3151513,61 4
3151513,61 2132
3151513,61 10
3153486,41 25 
3154046,54 75 
3155257,37 72 
3155325,79 70 
3156841,86 80 
3157897,52 83 
3158307,66 64 411
3158481,56 74 158
3158481,56 62 158
3159992,31 150 
3160019,41 68 
3162027,65 92 
3162027,65 65 
3162042,07 103 
3162042,07 101 
3162572,44 100 
3162572,44 4
3162572,44 2132
3162572,44 10
3164548,38 25 
3165201,8 75 
3166411,07 72 
3166480,97 70 
3167999,38 80 
3169359,31 83 
3170470 64 1111
3170653,02 74 161
3170653,02 62 161
3171663,1 150 
3171693,85 68 
3173201,42 92 
3173201,42 65 
3173224,03 103 
3173224,03 101 
3173750,44 100 
3173750,44 4
3173750,44 2132
3173750,44 11
3175730,3 25 
3176143,88 75 
3177350,46 72 
3177423,09 70 
3178949,24 80 
3180008,2 83 
3182150,88 64 2143
3182369,09 74 202
3182369,09 61 202
3183879,35 150 
3183901,74 68 
3184813,49 92 
3184813,49 65 
3184832,48 103 
3184832,48 101 
3185358,92 100 
3185358,92 4
3185358,92 2132
3185358,92 10
3187338,8 25 
3187912,38 75 
3189119,56 72 
3189378,04 70 
3191026,98 80 
3191603,3 83 
3196974,53 64 5371
3197190,43 74 203
3197190,43 61 203
3197702,78 153 
3197721,88 68 
3197879,71 249
3198432,6 92 
3198432,6 65 
3198453,41 103 
3198453,41 101 
3198987,02 100 
3198987,02 4
3198987,02 2132
3198987,02 10
3200973,03 25 
3201639,77 75 
3202847,51 72 
3202919,01 70 
3204444,58 80 
3204811,13 83 
3205629,74 64 819
3205830,36 74 180
3205830,36 62 180
3206340,29 150 
3206358,36 68 
3208368,04 92 
3208368,04 65 
3208382,52 103 
3208382,52 101 
3208909,57 100 
3208909,57 4
3208909,57 2132
3208909,57 11
3210888,83 25 
3211355,74 75 
3212563,1 72 
3212634,86 70 
3214149,8 80 
3215220,02 83 
3216624,42 64 1404
3216787,99 74 142
3216787,99 61 142
3217799,66 150 
3217820,79 68 
3218732,69 92 
3218732,69 65 
3218751,52 103 
3218751,52 101 
3219277,67 100 
3219277,67 4
3219277,67 2132
3219277,67 11
3221257,8 25 
3221751,28 75 
3222958,63 72 
3223030,55 70 
3224553,27 80 
3225922,16 83 
3226705,81 64 784
3226885,77 74 165
3226885,77 62 165
3228398,04 151 
3228429,28 69 
3229940,98 93 
3229960,11 103 
3229960,11 101 
3231992,12 100 
3231992,12 4
3231992,12 2132
3231992,12 10
3233972,44 25 
3234000 75 
3235208,11 72 
3235278,78 70 
3236794,7 80 
3238157,02 83 
3246738,32 64 8581
3247108,95 74 356
3247108,95 61 356
3248617,09 151 
3248634,54 69 
3249342,95 93 
3249365,27 103 
3249365,27 101 
3251393,25 100 
3251393,25 4
3251393,25 2132
3251393,25 11
3253377,61 25 
3253405,63 75 
3254613,27 72 
3254683,93 70 
3256202,23 80 
3257268,98 83 
3697502,9 64 440234
3703243,13 74 5720
3703243,13 62 5720
3703752,74 151 
3703775,77 69 
3704683,55 93 
3704706,77 103 
3704706,77 101 
3706733 100 
3706733 4
3706733 2132
3706733 11
3708719,08 25 
3708746,54 75 
3709954,45 72 
3710265,22 70 
3711883 80 
3712250,61 83 
3723458,04 64 11208
3725893,2 74 2421
3725893,2 62 2421
3726902,92 151 
3726925,14 69 
3728431,48 93 
3728444,41 103 
3728444,41 101 
3730479,79 100 
3730479,79 4
3730479,79 2132
3730479,79 10
3732455,8 25 
3732682,75 75 
3733891,22 72 
3733961,94 70 
3735481,31 80 
3735853,98 83 
3739415,21 64 3561
3739656,83 74 218
3739656,83 61 218
3740170,69 151 
3740199,97 69 
3740911,27 93 
3740931,52 103 
3740931,52 101 
3742957,84 100 
3742957,84 4
3742957,84 2132
3742957,84 11
3744943,83 25 
3746836,75 75 
3748045,37 72 
3748115,94 70 
3749637,74 80 
3750701,07 83 
3751622,9 64 922
3751801,19 74 154
3751801,19 62 154
3753309,1 151 
3753328,63 69 
3755340,45 93 
3755352,12 103 
3755352,12 101 
3757379,03 100 
3757379,03 4
3757379,03 2132
3757379,03 11
3759364,41 25 
3759391,9 75 
3760601,61 72 
3760670,71 70 
3762189,02 80 
3763549,01 83 
3772150,29 64 8601
3772317,51 74 146
3772317,51 62 146
3773329,18 151 
3773360,06 69 
3774868,9 93 
3774890,56 103 
3774890,56 101 
3776920,79 100 
3776920,79 4
3776920,79 2132
3776920,79 10
3778902,9 25 
3778931,04 75 
3780140,63 72 
3780209,08 70 
3781726,14 80 
3782101,24 83 
3791108,76 64 9008
3801046,44 256 
3801124,15 252 
3801132,72 101 
3803145,99 100 
3803145,99 4
3803145,99 2132
3803145,99 10
3803145,99 25 
3813146,72 254 
3813167,64 101 
3815180,15 100 
3815180,15 4
3815180,15 2132
3815180,15 10
3815180,15 25 
3825181,47 254 
3825189,41 101 
3827201,75 100 
3827201,75 4
3827201,75 2132
3827201,75 10
3827201,75 25 
3834600,66 75 
3835811,51 72 
3836119,13 70 
3837730,17 80 
3838090,95 83 
3839015,04 64 924
3839215,22 74 178
3839215,22 61 178
3840726,93 151 
3840758,75 69 
3841667,88 93 
3841689,07 103 
3841689,07 101 
3843715,24 100 
3843715,24 4
3843715,24 2132
3843715,24 10
3845701,44 25 
3845729,45 75 
3846937,42 72 
3847007,64 70 
3848527,45 80 
3849885,94 83 
3852154,04 64 2268
3852333,97 74 156
3852333,97 62 156
3852845,66 150 
3852873,44 68 
3853387,97 249
3853561,19 172 
3853582,16 92 
3853582,16 65 
3853604,02 103 
3853604,02 101 
3854131,29 100 
3854131,29 4
3854131,29 2132
3854131,29 11
3856110,35 25 
3856803,73 75 
3858009,71 72 
3858083,22 70 
3859602,65 80 
3859960,02 250 
3859974,61 101 
3861987,86 100 
3861987,86 4
3861987,86 2132
3861987,86 11
3861987,86 25 
3871989,97 254 
3872009,54 101 
3874022,03 100 
3874022,03 4
3874022,03 2132
3874022,03 11
3874022,03 25 
3878914,47 75 
3880121,86 72 
3880193,62 70 
3881717,29 80 
3882778,81 83 
3883837,78 64 1060
3884089,11 74 231
3884089,11 61 231
3885096,96 150 
3885126,42 68 
3887133,49 92 
3887133,49 65 
3887150,03 103 
3887150,03 101 
3887684,75 100 
3887684,75 4
3887684,75 2132
3887684,75 10
3889669,52 25 
3891269,22 75 
3892477,55 72 
3892548,4 70 
3892863,56 250 
3892880,74 101 
3894893,98 100 
3894893,98 4
3894893,98 2132
3894893,98 10
3894893,98 25 
3897160,08 75 
3898367,61 72 
3898385,09 70 
3899594,1 80 
3900664,61 83 
3901977,72 64 1314
3902145,13 74 148
3902145,13 62 148
3903654,77 152 
3903678,06 69 
3904589,68 93 
3904609,23 103 
3904609,23 101 
3906636,17 100 
3906636,17 4
3906636,17 2132
3906636,17 11
3908621,56 25 
3908648,88 75 
3909858,15 72 
3909927,77 70 
3911439,67 80 
3911806,56 83 
3912845,09 64 1039
3912992,15 74 133
3912992,15 62 133
3914000,7 151 
3914020,77 69 
3915019,02 249 
3916032,7 93 
3916044,38 103 
3916044,38 101 
3918070,6 100 
3918070,6 4
3918070,6 2132
3918070,6 10
3920056,73 25 
3920084,21 75 
3921292,77 72 
3921362,93 70 
3922883,32 80 
3924241,38 83 
3925555,95 64 1315
3925579,93 256 
3935575,98 252 
3935582,72 101 
3937596,02 100 
3937596,02 4
3937596,02 2132
3937596,02 10
3937596,02 25 
3938635,98 75 
3939847 72 
3940155,06 70 
3941807,72 80 
3943366,65 83 
3944827,02 64 1461
3949897,13 256 
3950067,44 74 5221
3950067,44 61 5221
3950579,06 151 
3950604,67 69 
3951313,72 93 
3951336,2 103 
3951336,2 101 
3953364,65 100 
3953364,65 4
3953364,65 2132
3953364,65 11
3955348,62 25 
3955376,11 75 
3956585,2 72 
3956654,82 70 
3958173,18 80 
3958533,56 83 
3960535,84 64 2003
3960741,1 74 182
3960741,1 61 182
3961750,75 150 
3961774,1 68 
3963285,7 92 
3963285,7 65 
3963305,65 103 
3963305,65 101 
3963834,63 100 
3963834,63 4
3963834,63 2132
3963834,63 10
3965810,82 25 
3966424,26 75 
3967632,36 72 
3967703,48 70 
3969230,41 80 
3970608,41 83 
3971478,91 64 871
3971647,82 74 147
3971647,82 61 147
3973157,15 151 
3973182,67 69 
3974695,33 93 
3974713,09 103 
3974713,09 101 
3976739,24 100 
3976739,24 4
3976739,24 2132
3976739,24 10
3978725,33 25 
3978752,84 75 
3979960,18 72 
3980033,14 70 
3981550,92 80 
3982603,55 83 
3983265,61 64 663
3983438,89 74 156
3983438,89 62 156
3983947,59 152 
3983977,98 69 
3984522,01 249 
3984886,14 93 
3984908,71 103 
3984908,71 101 
3986937,32 100 
3986937,32 4
3986937,32 2132
3986937,32 11
3988921,1 25 
3988961,8 75 
3990171,58 72 
3990240,64 70 
3991762,02 80 
3992119,41 83 
3997060,36 64 4941
3997306,97 74 230
3997306,97 61 230
3998817,02 150 
3998838,51 68 
3999549,27 92 
3999549,27 65 
3999569,33 103 
3999569,33 101 
4000098,55 100 
4000098,55 4
4000098,55 2132
4000098,55 10
4002075,55 25 
4002622,34 75 
4003830,86 72 
4003901,51 70 
4005416,91 80 
4006779,89 83 
4016553,82 64 9775
4016749,5 74 175
4016749,5 62 175
4017760,14 150 
4017790,41 68 
4018185,84 249
4018512,71 172 
4019802,77 92 
4019802,77 65 
4019827,33 103 
4019827,33 101 
4020353,66 100 
4020353,66 4
4020353,66 2132
4020353,66 11
4022333,64 25 
4022827,13 75 
4024034,09 72 
4024106,39 70 
4025623,49 80 
4026691,44 83 
4027619,83 64 929
4027644,72 256 
4027726,47 74 90
4027726,47 61 90
4028325,64 150 
4028346,03 68 
4029055,81 92 
4029055,81 65 
4029076,79 103 
4029076,79 101 
4029611,94 100 
4029611,94 4
4029611,94 2132
4029611,94 11
4031597,45 25 
4032209,89 75 
4032629,55 250 
4032648,15 101 
4034661,77 100 
4034661,77 4
4034661,77 2132
4034661,77 11
4034661,77 25 
4035701,06 75 
4036909,49 72 
4036980,93 70 
4038498,54 80 
4039552,69 83 
4041504,62 64 1953
4041588,8 256 
4042989,73 74 1465
4042989,73 61 1465
4043498,58 150 
4043526,27 68 
4044432,5 92 
4044432,5 65 
4044456,94 103 
4044456,94 101 
4044987,07 100 
4044987,07 4
4044987,07 2132
4044987,07 10
4046963,36 25 
4047749,95 75 
4048958,06 72 
4049029,19 70 
4050548,72 80 
4050907,95 83 
4052351,38 64 1443
4052381 256 
4052458,48 74 85
4052458,48 62 85
4053466,95 150 
4053495,02 68 
4055506,89 92 
4055506,89 65 
4055532,29 103 
4055532,29 101 
4056059,4 100 
4056059,4 4
4056059,4 2132
4056059,4 10
4058038,59 25 
4058638,74 75 
4059097,97 250 
4059117 101 
4061117,5 100 
4061117,5 4
4061117,5 2132
4061117,5 10
4061117,5 25 
4071117,61 254 
4071125,83 101 
4073138,13 100 
4073138,13 4
4073138,13 2132
4073138,13 10
4073138,13 25 
4076297,18 75 
4077505,23 72 
4077577,22 70 
4078365,95 250 
4078375,95 101 
4080389,16 100 
4080389,16 4
4080389,16 2132
4080389,16 10
4080389,16 25 
4081242,59 75 
4082452,41 72 
4082467,53 70 
4083679,34 80 
4085040,58 83 
4085802,87 64 763
4085833,79 256 
4085877,51 74 52
4085877,51 61 52
4087390,66 151 
4087413,63 69 
4088922,39 93 
4088944,87 103 
4088944,87 101 
4090977,78 100 
4090977,78 4
4090977,78 2132
4090977,78 11
4092957,22 25 
4092984,81 75 
4094192,9 72 
4094263,47 70 
4095779,12 80 
4097141,84 83 
4099043,24 64 1902
4099066,87 256 
4099089,84 74 29
4099089,84 62 29
4109062,1 252 
4109069,67 101 
4111082,91 100 
4111082,91 4
4111082,91 2132
4111082,91 11
4111082,91 25 
4121085,73 254 
4121104,83 101 
4123117,11 100 
4123117,11 4
4123117,11 2132
4123117,11 11
4123117,11 25 
4133119,24 254 
4133139,59 101 
4135152 100 
4135152 4
4135152 2132
4135152 11
4135152 25 
4145156,76 254 
4145174,62 101 
4147186,97 100 
4147186,97 4
4147186,97 2132
4147186,97 11
4147186,97 25 
4157190,15 254 
4157209,39 101 
4159221,87 100 
4159221,87 4
4159221,87 2132
4159221,87 11
4159221,87 25 
4169225,11 254 
4169244,28 101 
4171256,79 100 
4171256,79 4
4171256,79 2132
4171256,79 11
4171256,79 25 
4181258,18 254 
4181265,91 101 
4183278,42 100 
4183278,42 4
4183278,42 2132
4183278,42 11
4183278,42 25 
4193278,84 254 
4193287,51 101 
4195300 100 
4195300 4
4195300 2132
4195300 11
4195300 25 
4205301,57 254 
4205309,27 101 
4207321,59 100 
4207321,59 4
4207321,59 2132
4207321,59 11
4207321,59 25 
4217322,23 254 
4217330,72 101 
4219343,23 100 
4219343,23 4
4219343,23 2132
4219343,23 11
4219343,23 25 
4229346,05 254 
4229365,85 101 
4231378,16 100 
4231378,16 4
4231378,16 2132
4231378,16 11
4231378,16 25 
4241380,88 254 
4241400,57 101 
4243413,08 100 
4243413,08 4
4243413,08 2132
4243413,08 11
4243413,08 25 
4253416,59 254 
4253435,5 101 
4255448,03 100 
4255448,03 4
4255448,03 2132
4255448,03 11
4255448,03 25 
4265451,51 254 
4265470,45 101 
4267482,92 100 
4267482,92 4
4267482,92 2132
4267482,92 11
4267482,92 25 
4277482,97 254 
4277492,04 101 
4279504,55 100 
4279504,55 4
4279504,55 2132
4279504,55 11
4279504,55 25 
4289507,35 254 
4289526,95 101 
4291539,45 100 
4291539,45 4
4291539,45 2132
4291539,45 11
4291539,45 25 
4301541,45 254 
4301548,54 101 
4303561,08 100 
4303561,08 4
4303561,08 2132
4303561,08 11
4303561,08 25 
4313562,52 254 
4313570,41 101 
4315582,68 100 
4315582,68 4
4315582,68 2132
4315582,68 11
4315582,68 25 
4325583,93 254 
4325591,77 101 
4327590,95 100 
4327590,95 4
4327590,95 2132
4327590,95 11
4327590,95 25 
4337592,9 254 
4337613,36 101 
4339625,87 100 
4339625,87 4
4339625,87 2132
4339625,87 11
4339625,87 25 
4349626,08 254 
4349634,96 101 
4351647,49 100 
4351647,49 4
4351647,49 2132
4351647,49 11
4351647,49 25 
4361649,5 254 
4361656,86 101 
4363669,09 100 
4363669,09 4
4363669,09 2132
4363669,09 11
4363669,09 25 
4373670,5 254 
4373678,17 101 
4375690,71 100 
4375690,71 4
4375690,71 2132
4375690,71 11
4375690,71 25 
4385693,75 254 
4385713,08 101 
4387725,62 100 
4387725,62 4
4387725,62 2132
4387725,62 11
4387725,62 25 
4397727,84 254 
4397748,03 101 
4399760,52 100 
4399760,52 4
4399760,52 2132
4399760,52 11
4399760,52 25 
4409761,37 254 
4409769,63 101 
4411782,12 100 
4411782,12 4
4411782,12 2132
4411782,12 11
4411782,12 25 
4421785,74 254 
4421804,57 101 
4423817,15 100 
4423817,15 4
4423817,15 2132
4423817,15 11
4423817,15 25 
4433819,26 254 
4433839,5 101 
4435851,99 100 
4435851,99 4
4435851,99 2132
4435851,99 11
4435851,99 25 
4445855,31 254 
4445874,42 101 
4447886,95 100 
4447886,95 4
4447886,95 2132
4447886,95 11
4447886,95 25 
4457888,49 254 
4457896,03 101 
4459895,29 100 
4459895,29 4
4459895,29 2132
4459895,29 11
4459895,29 25 
4469897,16 254 
4469904,28 101 
4471916,78 100 
4471916,78 4
4471916,78 2132
4471916,78 11
4471916,78 25 
4481920,27 254 
4481939,22 101 
4483951,75 100 
4483951,75 4
4483951,75 2132
4483951,75 11
4483951,75 25 
4493953,54 254 
4493960,96 101 
4495973,36 100 
4495973,36 4
4495973,36 2132
4495973,36 11
4495973,36 25 
4505974,27 254 
4505982,49 101 
4507981,62 100 
4507981,62 4
4507981,62 2132
4507981,62 11
4507981,62 25 
4517984,26 254 
4517990,75 101 
4520003,19 100 
4520003,19 4
4520003,19 2132
4520003,19 11
4520003,19 25 
4530006,96 254 
4530025,63 101 
4532038,13 100 
4532038,13 4
4532038,13 2132
4532038,13 11
4532038,13 25 
4542040,45 254 
4542060,55 101 
4544059,94 100 
4544059,94 4
4544059,94 2132
4544059,94 11
4544059,94 25 
4554061 254 
4554068,83 101 
4556081,33 100 
4556081,33 4
4556081,33 2132
4556081,33 11
4556081,33 25 
4566082,09 254 
4566090,63 101 
4568102,95 100 
4568102,95 4
4568102,95 2132
4568102,95 11
4568102,95 25 
4578104,11 254 
4578112,05 101 
4580124,56 100 
4580124,56 4
4580124,56 2132
4580124,56 11
4580124,56 25 
4590127,52 254 
4590146,99 101 
4592146,21 100 
4592146,21 4
4592146,21 2132
4592146,21 11
4592146,21 25 
4602147,26 254 
4602155,26 101 
4604154,45 100 
4604154,45 4
4604154,45 2132
4604154,45 11
4604154,45 25 
4605275,21 75 
4606486,01 72 
4606794,21 70 
4608445,52 80 
4610019,11 83 
4611490,56 64 1472
4611630,78 74 120
4611630,78 62 120
4613141,58 151 
4613166,35 69 
4613874,44 93 
4613884,01 103 
4613884,01 101 
4615910,89 100 
4615910,89 4
4615910,89 2132
4615910,89 11
4617896,14 25 
4617924,01 75 
4619132,47 72 
4619202,39 70 
4620733,61 80 
4621787,42 83 
4622496,94 64 710
4622663,49 74 144
4622663,49 62 144
4623673,76 151 
4623694,38 69 
4624374,68 249 
4624623 182 
4625706,31 93 
4625718,73 103 
4625718,73 101 
4627746,3 100 
4627746,3 4
4627746,3 2132
4627746,3 11
4629731,07 25 
4629758,51 75 
4630965,71 72 
4631037,27 70 
4632558,2 80 
4632916,31 83 
4634041,49 64 1126
4637249 255 
4637260,47 101 
4639273,83 100 
4639273,83 4
4639273,83 2132
4639273,83 11
4639273,83 25 
4639301,97 75 
4639836,85 250 
4639845,67 101 
4641859,28 100 
4641859,28 4
4641859,28 2132
4641859,28 11
4641859,28 25 
4651861,98 254 
4651880,96 101 
4653893,46 100 
4653893,46 4
4653893,46 2132
4653893,46 11
4653893,46 25 
4663895,82 254 
4663915,88 101 
4665928,53 100 
4665928,53 4
4665928,53 2132
4665928,53 11
4665928,53 25 
4675928,46 254 
4675937,51 101 
4677950,02 100 
4677950,02 4
4677950,02 2132
4677950,02 11
4677950,02 25 
4687952,36 254 
4687972,42 101 
4689984,92 100 
4689984,92 4
4689984,92 2132
4689984,92 11
4689984,92 25 
4699986,38 254 
4699994,13 101 
4701993,23 100 
4701993,23 4
4701993,23 2132
4701993,23 11
4701993,23 25 
4711993,79 254 
4712002,29 101 
4714014,78 100 
4714014,78 4
4714014,78 2132
4714014,78 11
4714014,78 25 
4724015,81 254 
4724023,91 101 
4726036,48 100 
4726036,48 4
4726036,48 2132
4726036,48 11
4726036,48 25 
4736040,4 254 
4736058,83 101 
4738071,32 100 
4738071,32 4
4738071,32 2132
4738071,32 11
4738071,32 25 
4748072,53 254 
4748080,43 101 
4750092,93 100 
4750092,93 4
4750092,93 2132
4750092,93 11
4750092,93 25 
4760095,42 254 
4760102,17 101 
4762114,55 100 
4762114,55 4
4762114,55 2132
4762114,55 11
4762114,55 25 
4772116,87 254 
4772136,96 101 
4774136,27 100 
4774136,27 4
4774136,27 2132
4774136,27 11
4774136,27 25 
4784139,8 254 
4784158,78 101 
4786171,06 100 
4786171,06 4
4786171,06 2132
4786171,06 11
4786171,06 25 
4796172,65 254 
4796193,52 101 
4798206,01 100 
4798206,01 4
4798206,01 2132
4798206,01 11
4798206,01 25 
4808207 254 
4808215,14 101 
4810227,59 100 
4810227,59 4
4810227,59 2132
4810227,59 11
4810227,59 25 
4820230,4 254 
4820250,01 101 
4822262,54 100 
4822262,54 4
4822262,54 2132
4822262,54 11
4822262,54 25 
4832265,89 254 
4832285 101 
4834297,45 100 
4834297,45 4
4834297,45 2132
4834297,45 11
4834297,45 25 
4844299,71 254 
4844306,64 101 
4846319,08 100 
4846319,08 4
4846319,08 2132
4846319,08 11
4846319,08 25 
4856322,16 254 
4856341,5 101 
4858340,69 100 
4858340,69 4
4858340,69 2132
4858340,69 11
4858340,69 25 
4868340,83 254 
4868349,82 101 
4870362,24 100 
4870362,24 4
4870362,24 2132
4870362,24 11
4870362,24 25 
4880364,07 254 
4880371,68 101 
4882383,86 100 
4882383,86 4
4882383,86 2132
4882383,86 11
4882383,86 25 
4892387,34 254 
4892406,35 101 
4894418,79 100 
4894418,79 4
4894418,79 2132
4894418,79 11
4894418,79 25 
4904420,25 254 
4904427,93 101 
4906440,38 100 
4906440,38 4
4906440,38 2132
4906440,38 11
4906440,38 25 
4916442,58 254 
4916449,51 101 
4918462,02 100 
4918462,02 4
4918462,02 2132
4918462,02 11
4918462,02 25 
4928462,22 254 
4928471,34 101 
4930483,62 100 
4930483,62 4
4930483,62 2132
4930483,62 11
4930483,62 25 
4940483,96 254 
4940492,69 101 
4942505,22 100 
4942505,22 4
4942505,22 2132
4942505,22 11
4942505,22 25 
4952505,29 254 
4952514,32 101 
4954526,95 100 
4954526,95 4
4954526,95 2132
4954526,95 11
4954526,95 25 
4964527,12 254 
4964536 101 
4966548,42 100 
4966548,42 4
4966548,42 2132
4966548,42 11
4966548,42 25 
4976550,84 254 
4976570,83 101 
4978583,33 100 
4978583,33 4
4978583,33 2132
4978583,33 11
4978583,33 25 
4988586,43 254 
4988605,78 101 
4990618,26 100 
4990618,26 4
4990618,26 2132
4990618,26 11
4990618,26 25 
5000619,74 254 
5000627,37 101 
5002626,63 100 
5002626,63 4
5002626,63 2132
5002626,63 11
5002626,63 25 
5012630,26 254 
5012648,96 101 
5014661,46 100 
5014661,46 4
5014661,46 2132
5014661,46 11
5014661,46 25 
5024662,23 254 
5024670,96 101 
5026683,07 100 
5026683,07 4
5026683,07 2132
5026683,07 11
5026683,07 25 
5036685,08 254 
5036705,51 101 
5038717,98 100 
5038717,98 4
5038717,98 2132
5038717,98 11
5038717,98 25 
5048718,83 254 
5048727,16 101 
5050726,32 100 
5050726,32 4
5050726,32 2132
5050726,32 11
5050726,32 25 
5060729,78 254 
5060748,77 101 
5062748 100 
5062748 4
5062748 2132
5062748 11
5062748 25 
5071317,97 75 
5072526,62 72 
5072837,93 70 
5073488,65 250 
5073503,35 101 
5075516,57 100 
5075516,57 4
5075516,57 2132
5075516,57 11
5075516,57 25 
5075650,21 75 
5076856,61 72 
5076875,27 70 
5078082,29 80 
5078435,08 83 
5121265,68 64 42831
5121610,3 74 327
5121610,3 61 327
5122121,37 150 
5122151,95 68 
5123661,19 92 
5123661,19 65 
5123682,27 103 
5123682,27 101 
5124218,73 100 
5124218,73 4
5124218,73 2132
5124218,73 11
5126201,94 25 
5126229,44 75 
5127435,77 72 
5127508,12 70 
5129023,3 80 
5130386,44 83 
5132765,82 64 2380
5133006,49 74 221
5133006,49 61 221
5134016,64 150 
5134040,11 68 
5134951,03 92 
5134951,03 65 
5134970,84 103 
5134970,84 101 
5135498,83 100 
5135498,83 4
5135498,83 2132
5135498,83 10
5137477,19 25 
5138757,15 75 
5139966,73 72 
5140036,27 70 
5141402,94 250 
5141421,36 101 
5143421,37 100 
5143421,37 4
5143421,37 2132
5143421,37 10
5143421,37 25 
5147300,2 75 
5148508,49 72 
5148525,13 70 
5149732,95 80 
5150084,87 83 
5152453,96 64 2370
5152477,14 256 
5152596,54 74 127
5152596,54 62 127
5154105,32 150 
5154125,03 68 
5154784,13 249
5154831,54 92 
5154831,54 65 
5154855,78 103 
5154855,78 101 
5155382,04 100 
5155382,04 4
5155382,04 2132
5155382,04 10
5157362,09 25 
5158015,52 75 
5159080,08 250 
5159093,56 101 
5161107,17 100 
5161107,17 4
5161107,17 2132
5161107,17 10
5161107,17 25 
5171109,35 254 
5171128,86 101 
5173141,39 100 
5173141,39 4
5173141,39 2132
5173141,39 10
5173141,39 25 
5183144,39 254 
5183163,79 101 
5185176,3 100 
5185176,3 4
5185176,3 2132
5185176,3 10
5185176,3 25 
5195176,57 254 
5195185,4 101 
5197197,89 100 
5197197,89 4
5197197,89 2132
5197197,89 10
5197197,89 25 
5207198,96 254 
5207207,23 101 
5209219,52 100 
5209219,52 4
5209219,52 2132
5209219,52 10
5209219,52 25 
5219221,94 254 
5219228,61 101 
5221241,12 100 
5221241,12 4
5221241,12 2132
5221241,12 10
5221241,12 25 
5231241,64 254 
5231250,25 101 
5233262,7 100 
5233262,7 4
5233262,7 2132
5233262,7 10
5233262,7 25 
5243265,17 254 
5243285,14 101 
5245298,61 100 
5245298,61 4
5245298,61 2132
5245298,61 10
5245298,61 25 
5255299,72 254 
5255306,85 101 
5257305,92 100 
5257305,92 4
5257305,92 2132
5257305,92 10
5257305,92 25 
5267308,47 254 
5267328,35 101 
5269340,82 100 
5269340,82 4
5269340,82 2132
5269340,82 10
5269340,82 25 
5279342,75 254 
5279363,27 101 
5281375,75 100 
5281375,75 4
5281375,75 2132
5281375,75 10
5281375,75 25 
5291376,17 254 
5291384,88 101 
5293384,11 100 
5293384,11 4
5293384,11 2132
5293384,11 10
5293384,11 25 
5303384,16 254 
5303393,19 101 
5305405,66 100 
5305405,66 4
5305405,66 2132
5305405,66 10
5305405,66 25 
5315405,79 254 
5315414,82 101 
5317427,26 100 
5317427,26 4
5317427,26 2132
5317427,26 10
5317427,26 25 
5327427,62 254 
5327436,33 101 
5329448,84 100 
5329448,84 4
5329448,84 2132
5329448,84 10
5329448,84 25 
5335764,83 67 
5336472,08 67 
5339218,46 75 
5340428,77 72 
5340738,32 70 
5342393,54 80 
5343656,77 83 
5344978,29 64 1322
5345144,63 74 143
5345144,63 62 143
5345652,41 150 
5345670,26 68 
5346185,3 249
5346579,97 92 
5346579,97 65 
5346601,66 103 
5346601,66 101 
5347130,43 100 
5347130,43 4
5347130,43 2132
5347130,43 10
5349108,08 25 
5355345,74 75 
5356554,17 72 
5356624,9 70 
5358151,26 80 
5359223,39 83 
5360188,02 64 965
5360373,33 74 164
5360373,33 62 164
5361881,31 152 
5361904,11 69 
5363913,61 93 
5363927,73 103 
5363927,73 101 
5365954,63 100 
5365954,63 4
5365954,63 2132
5365954,63 11
5367940,06 25 
5367967,52 75 
5369175,02 72 
5369246,26 70 
5370765,94 80 
5371138,38 83 
5372142,35 64 1004
5372332,16 74 168
5372332,16 62 168
5372842,99 151 
5372872,91 69 
5373665,91 249 
5374382,91 93 
5374403,28 103 
5374403,28 101 
5376431,76 100 
5376431,76 4
5376431,76 2132
5376431,76 10
5378415,65 25 
5388416,32 254 
5388424,18 101 
5390436,5 100 
5390436,5 4
5390436,5 2132
5390436,5 10
5390436,5 25 
5391757,07 75 
5392967,46 72 
5393036,27 70 
5394185,7 250 
5394194,93 101 
5396208,13 100 
5396208,13 4
5396208,13 2132
5396208,13 10
5396208,13 25 
5396954,91 75 
5398164,74 72 
5398179,9 70 
5399386,64 80 
5400218,75 250 
5400232,35 101 
5402245,64 100 
5402245,64 4
5402245,64 2132
5402245,64 10
5402245,64 25 
5405224,58 67 
5408336,77 75 
5409545,37 72 
5409615,96 70 
5411130,33 80 
5412373,05 250 
5412387,24 101 
5414400,51 100 
5414400,51 4
5414400,51 2132
5414400,51 10
5414400,51 25 
5415067,28 75 
5416275,54 72 
5416346,41 70 
5417866,41 80 
5419224,74 83 
5422692,05 64 3468
5422857,55 74 141
5422857,55 62 141
5423867,16 150 
5423890,58 68 
5424330,37 249
5424599,43 92 
5424599,43 65 
5424622,14 103 
5424622,14 101 
5425155,64 100 
5425155,64 4
5425155,64 2132
5425155,64 11
5427141,77 25 
5427835,22 75 
5428121,72 250 
5428140,19 101 
5430153,85 100 
5430153,85 4
5430153,85 2132
5430153,85 11
5430153,85 25 
5433481,93 67 
5433632 75 
5434838,55 72 
5434912,12 70 
5436430,04 80 
5437790,28 83 
5438382,01 64 592
5438576,2 74 173
5438576,2 62 173
5439587,42 151 
5439617,31 69 
5441124,49 93 
5441135,2 103 
5441135,2 101 
5443162,35 100 
5443162,35 4
5443162,35 2132
5443162,35 11
5445147,59 25 
5445188,11 75 
5446397,88 72 
5446706,95 70 
5448358,92 80 
5449638,71 83 
5451311,63 64 1674
5452960,96 74 1630
5452960,96 62 1630
5453470,43 151 
5453492,52 69 
5454401,42 93 
5454409,62 103 
5454409,62 101 
5456435,77 100 
5456435,77 4
5456435,77 2132
5456435,77 10
5458422,09 25 
5458449,33 75 
5459030,49 250 
5459047,2 101 
5461060,81 100 
5461060,81 4
5461060,81 2132
5461060,81 10
5461060,81 25 
5471061,9 254 
5471069,35 101 
5473081,66 100 
5473081,66 4
5473081,66 2132
5473081,66 10
5473081,66 25 
5483085,36 254 
5483104,1 101 
5485116,61 100 
5485116,61 4
5485116,61 2132
5485116,61 10
5485116,61 25 
5495119,93 254 
5495139,01 101 
5497138,26 100 
5497138,26 4
5497138,26 2132
5497138,26 10
5497138,26 25 
5507141,91 254 
5507160,63 101 
5509173,15 100 
5509173,15 4
5509173,15 2132
5509173,15 10
5509173,15 25 
5519175,7 254 
5519195,55 101 
5521208,03 100 
5521208,03 4
5521208,03 2132
5521208,03 10
5521208,03 25 
5531211,31 254 
5531230,47 101 
5533243,01 100 
5533243,01 4
5533243,01 2132
5533243,01 10
5533243,01 25 
5543245,57 254 
5543252,12 101 
5545264,61 100 
5545264,61 4
5545264,61 2132
5545264,61 10
5545264,61 25 
5555266,66 254 
5555273,8 101 
5557286,24 100 
5557286,24 4
5557286,24 2132
5557286,24 10
5557286,24 25 
5567287,1 254 
5567295,38 101 
5569307,86 100 
5569307,86 4
5569307,86 2132
5569307,86 10
5569307,86 25 
5579310,23 254 
5579330,22 101 
5581342,71 100 
5581342,71 4
5581342,71 2132
5581342,71 10
5581342,71 25 
5591345,57 254 
5591365,14 101 
5593377,64 100 
5593377,64 4
5593377,64 2132
5593377,64 10
5593377,64 25 
5603381,36 254 
5603400,1 101 
5605399,39 100 
5605399,39 4
5605399,39 2132
5605399,39 10
5605399,39 25 
5615400,26 254 
5615408,34 101 
5617420,88 100 
5617420,88 4
5617420,88 2132
5617420,88 10
5617420,88 25 
5627423,77 254 
5627443,3 101 
5629442,52 100 
5629442,52 4
5629442,52 2132
5629442,52 10
5629442,52 25 
5639445,58 254 
5639464,9 101 
5641477,4 100 
5641477,4 4
5641477,4 2132
5641477,4 10
5641477,4 25 
5651477,81 254 
5651486,5 101 
5653498,99 100 
5653498,99 4
5653498,99 2132
5653498,99 10
5653498,99 25 
5663502,26 254 
5663521,47 101 
5665533,9 100 
5665533,9 4
5665533,9 2132
5665533,9 10
5665533,9 25 
5675536,81 254 
5675556,33 101 
5677568,87 100 
5677568,87 4
5677568,87 2132
5677568,87 10
5677568,87 25 
5687569,35 254 
5687577,93 101 
5689590,51 100 
5689590,51 4
5689590,51 2132
5689590,51 10
5689590,51 25 
5699590,98 254 
5699599,57 101 
5701612,05 100 
5701612,05 4
5701612,05 2132
5701612,05 10
5701612,05 25 
5711613,03 254 
5711621,16 101 
5713633,65 100 
5713633,65 4
5713633,65 2132
5713633,65 10
5713633,65 25 
5723636,81 254 
5723656,08 101 
5725668,58 100 
5725668,58 4
5725668,58 2132
5725668,58 10
5725668,58 25 
5735669,11 254 
5735677,76 101 
5737690,19 100 
5737690,19 4
5737690,19 2132
5737690,19 10
5737690,19 25 
5747692,47 254 
5747699,39 101 
5749711,8 100 
5749711,8 4
5749711,8 2132
5749711,8 10
5749711,8 25 
5759712,62 254 
5759720,9 101 
5761733,39 100 
5761733,39 4
5761733,39 2132
5761733,39 10
5761733,39 25 
5771734,53 254 
5771742,61 101 
5773754,99 100 
5773754,99 4
5773754,99 2132
5773754,99 10
5773754,99 25 
5783758,24 254 
5783777,48 101 
5785789,9 100 
5785789,9 4
5785789,9 2132
5785789,9 10
5785789,9 25 
5795790,44 254 
5795799,05 101 
5797811,56 100 
5797811,56 4
5797811,56 2132
5797811,56 10
5797811,56 25 
5807812,98 254 
5807820,69 101 
5809833,12 100 
5809833,12 4
5809833,12 2132
5809833,12 10
5809833,12 25 
5819834,37 254 
5819842,47 101 
5821854,73 100 
5821854,73 4
5821854,73 2132
5821854,73 10
5821854,73 25 
5831857,54 254 
5831863,84 101 
5833876,5 100 
5833876,5 4
5833876,5 2132
5833876,5 10
5833876,5 25 
5843879,81 254 
5843898,76 101 
5845911,28 100 
5845911,28 4
5845911,28 2132
5845911,28 10
5845911,28 25 
5855912,91 254 
5855920,54 101 
5857932,84 100 
5857932,84 4
5857932,84 2132
5857932,84 10
5857932,84 25 
5867935,03 254 
5867942,11 101 
5869941,16 100 
5869941,16 4
5869941,16 2132
5869941,16 10
5869941,16 25 
5879944,64 254 
5879963,55 101 
5881962,76 100 
5881962,76 4
5881962,76 2132
5881962,76 10
5881962,76 25 
5891963,32 254 
5891971,91 101 
5893971,08 100 
5893971,08 4
5893971,08 2132
5893971,08 10
5893971,08 25 
5903973,26 254 
5903980,28 101 
5905979,38 100 
5905979,38 4
5905979,38 2132
5905979,38 10
5905979,38 25 
5915980,69 254 
5915988,58 101 
5918000,9 100 
5918000,9 4
5918000,9 2132
5918000,9 10
5918000,9 25 
5928003,68 254 
5928023,36 101 
5930035,8 100 
5930035,8 4
5930035,8 2132
5930035,8 10
5930035,8 25 
5940036,88 254 
5940045,82 101 
5942057,39 100 
5942057,39 4
5942057,39 2132
5942057,39 10
5942057,39 25 
5952057,82 254 
5952066,54 101 
5954079,01 100 
5954079,01 4
5954079,01 2132
5954079,01 10
5954079,01 25 
5964081,47 254 
5964101,48 101 
5966113,95 100 
5966113,95 4
5966113,95 2132
5966113,95 10
5966113,95 25 
5976116,95 254 
5976136,42 101 
5978148,94 100 
5978148,94 4
5978148,94 2132
5978148,94 10
5978148,94 25 
5988149,06 254 
5988158 101 
5990170,5 100 
5990170,5 4
5990170,5 2132
5990170,5 10
5990170,5 25 
6000173,02 254 
6000192,92 101 
6002192,3 100 
6002192,3 4
6002192,3 2132
6002192,3 10
6002192,3 25 
6012194,99 254 
6012214,55 101 
6014227,04 100 
6014227,04 4
6014227,04 2132
6014227,04 10
6014227,04 25 
6024227,73 254 
6024236,13 101 
6026248,63 100 
6026248,63 4
6026248,63 2132
6026248,63 10
6026248,63 25 
6036250,76 254 
6036257,83 101 
6038270,2 100 
6038270,2 4
6038270,2 2132
6038270,2 10
6038270,2 25 
6048272,85 254 
6048292,64 101 
6050291,88 100 
6050291,88 4
6050291,88 2132
6050291,88 10
6050291,88 25 
6060293,41 254 
6060301,2 101 
6062313,41 100 
6062313,41 4
6062313,41 2132
6062313,41 10
6062313,41 25 
6072317,22 254 
6072335,87 101 
6074348,36 100 
6074348,36 4
6074348,36 2132
6074348,36 10
6074348,36 25 
6084349,3 254 
6084357,47 101 
6086369,98 100 
6086369,98 4
6086369,98 2132
6086369,98 10
6086369,98 25 
6096371,39 254 
6096379,14 101 
6098391,55 100 
6098391,55 4
6098391,55 2132
6098391,55 10
6098391,55 25 
6108394,47 254 
6108413,99 101 
6110426,48 100 
6110426,48 4
6110426,48 2132
6110426,48 10
6110426,48 25 
6120427,99 254 
6120435,61 101 
6122448,08 100 
6122448,08 4
6122448,08 2132
6122448,08 10
6122448,08 25 
6132448,52 254 
6132457,2 101 
6134469,69 100 
6134469,69 4
6134469,69 2132
6134469,69 10
6134469,69 25 
6144473,07 254 
6144492,21 101 
6146504,62 100 
6146504,62 4
6146504,62 2132
6146504,62 10
6146504,62 25 
6156506,67 254 
6156513,73 101 
6158526,21 100 
6158526,21 4
6158526,21 2132
6158526,21 10
6158526,21 25 
6168529,64 254 
6168548,67 101 
6170561,17 100 
6170561,17 4
6170561,17 2132
6170561,17 10
6170561,17 25 
6180562,26 254 
6180570,26 101 
6182582,77 100 
6182582,77 4
6182582,77 2132
6182582,77 10
6182582,77 25 
6192583,9 254 
6192592,2 101 
6194604,36 100 
6194604,36 4
6194604,36 2132
6194604,36 10
6194604,36 25 
6204604,9 254 
6204613,47 101 
6206625,96 100 
6206625,96 4
6206625,96 2132
6206625,96 10
6206625,96 25 
6216629,37 254 
6216648,41 101 
6218647,59 100 
6218647,59 4
6218647,59 2132
6218647,59 10
6218647,59 25 
6228650,1 254 
6228669,98 101 
6230682,48 100 
6230682,48 4
6230682,48 2132
6230682,48 10
6230682,48 25 
6240686,09 254 
6240704,93 101 
6242717,46 100 
6242717,46 4
6242717,46 2132
6242717,46 10
6242717,46 25 
6252717,62 254 
6252726,53 101 
6254739,05 100 
6254739,05 4
6254739,05 2132
6254739,05 10
6254739,05 25 
6264740,11 254 
6264748,11 101 
6266760,61 100 
6266760,61 4
6266760,61 2132
6266760,61 10
6266760,61 25 
6276763,01 254 
6276783,09 101 
6278782,29 100 
6278782,29 4
6278782,29 2132
6278782,29 10
6278782,29 25 
6288784,86 254 
6288804,64 101 
6290817,16 100 
6290817,16 4
6290817,16 2132
6290817,16 10
6290817,16 25 
6300817,98 254 
6300826,27 101 
6302838,77 100 
6302838,77 4
6302838,77 2132
6302838,77 10
6302838,77 25 
6312839,73 254 
6312847,87 101 
6314860,37 100 
6314860,37 4
6314860,37 2132
6314860,37 10
6314860,37 25 
6324861,13 254 
6324869,45 101 
6326881,99 100 
6326881,99 4
6326881,99 2132
6326881,99 10
6326881,99 25 
6336882,16 254 
6336891,14 101 
6338903,58 100 
6338903,58 4
6338903,58 2132
6338903,58 10
6338903,58 25 
6348907,18 254 
6348926,02 101 
6350938,58 100 
6350938,58 4
6350938,58 2132
6350938,58 10
6350938,58 25 
6360940,04 254 
6360947,57 101 
6362960,1 100 
6362960,1 4
6362960,1 2132
6362960,1 10
6362960,1 25 
6372961,19 254 
6372969,32 101 
6374981,7 100 
6374981,7 4
6374981,7 2132
6374981,7 10
6374981,7 25 
6375501,83 75 
6376711,48 72 
6377021,72 70 
6378676,97 80 
6379246,99 83 
6385143,85 64 5897
6385371,68 256 
6385520,99 74 357
6385520,99 62 357
6387029,96 150 
6387058,14 68 
6389068,74 92 
6389068,74 65 
6389082,58 103 
6389082,58 101 
6389621,69 100 
6389621,69 4
6389621,69 2132
6389621,69 11
6391602,16 25 
6401603,87 254 
6401623,81 101 
6403636,28 100 
6403636,28 4
6403636,28 2132
6403636,28 11
6403636,28 25 
6413639,75 254 
6413658,69 101 
6415657,94 100 
6415657,94 4
6415657,94 2132
6415657,94 11
6415657,94 25 
6425658,94 254 
6425667 101 
6427679,49 100 
6427679,49 4
6427679,49 2132
6427679,49 11
6427679,49 25 
6437680,33 254 
6437688,58 101 
6439701,09 100 
6439701,09 4
6439701,09 2132
6439701,09 11
6439701,09 25 
6449701,67 254 
6449710,2 101 
6451722,74 100 
6451722,74 4
6451722,74 2132
6451722,74 11
6451722,74 25 
6461724,92 254 
6461731,83 101 
6463744,31 100 
6463744,31 4
6463744,31 2132
6463744,31 11
6463744,31 25 
6473744,5 254 
6473753,41 101 
6475765,99 100 
6475765,99 4
6475765,99 2132
6475765,99 11
6475765,99 25 
6475807,3 75 
6477016,28 72 
6477086,24 70 
6478604,52 80 
6479684,69 83 
6480812,01 64 1128
6480938,36 74 108
6480938,36 62 108
6481948,95 151 
6481978,22 69 
6483489,85 93 
6483509,38 103 
6483509,38 101 
6485536,53 100 
6485536,53 4
6485536,53 2132
6485536,53 11
6487521,72 25 
6487801,98 75 
6489010,09 72 
6489281,09 70 
6489741,39 250 
6489760,01 101 
6491759,99 100 
6491759,99 4
6491759,99 2132
6491759,99 11
6491759,99 25 
6501760,62 254 
6501768,27 101 
6503780,78 100 
6503780,78 4
6503780,78 2132
6503780,78 11
6503780,78 25 
6513781,44 254 
6513789,87 101 
6515802,38 100 
6515802,38 4
6515802,38 2132
6515802,38 11
6515802,38 25 
6516669,78 75 
6517877,92 72 
6517894,82 70 
6519102,4 80 
6519668,49 250 
6519680,75 101 
6521693,98 100 
6521693,98 4
6521693,98 2132
6521693,98 11
6521693,98 25 
6522160,82 75 
6522347,91 250 
6522359,23 101 
6524372,91 100 
6524372,91 4
6524372,91 2132
6524372,91 11
6524372,91 25 
6525185,43 75 
6526393,32 72 
6526465,4 70 
6527011,79 250 
6527024,3 101 
6529037,53 100 
6529037,53 4
6529037,53 2132
6529037,53 11
6529037,53 25 
6539039,73 254 
6539045,94 101 
6541058,42 100 
6541058,42 4
6541058,42 2132
6541058,42 11
6541058,42 25 
6551059,34 254 
6551067,51 101 
6553066,88 100 
6553066,88 4
6553066,88 2132
6553066,88 11
6553066,88 25 
6563067,99 254 
6563075,97 101 
6565088,26 100 
6565088,26 4
6565088,26 2132
6565088,26 11
6565088,26 25 
6575089,74 254 
6575097,42 101 
6577109,86 100 
6577109,86 4
6577109,86 2132
6577109,86 11
6577109,86 25 
6587113,36 254 
6587132,29 101 
6589144,79 100 
6589144,79 4
6589144,79 2132
6589144,79 11
6589144,79 25 
6599144,92 254 
6599153,9 101 
6601166,41 100 
6601166,41 4
6601166,41 2132
6601166,41 11
6601166,41 25 
6603979,7 75 
6605187,07 72 
6605204,72 70 
6606413,79 80 
6606884,29 250 
6606897,32 101 
6608910,54 100 
6608910,54 4
6608910,54 2132
6608910,54 11
6608910,54 25 
6618912,04 254 
6618918,9 101 
6620931,4 100 
6620931,4 4
6620931,4 2132
6620931,4 11
6620931,4 25 
6621425,7 75 
6622635,38 72 
6622944,75 70 
6623354,45 250 
6623371,97 101 
6625383,63 100 
6625383,63 4
6625383,63 2132
6625383,63 11
6625383,63 25 
6635384,28 254 
6635392,04 101 
6637404,47 100 
6637404,47 4
6637404,47 2132
6637404,47 11
6637404,47 25 
6638125,28 75 
6639332,41 72 
6639350,32 70 
6640558,18 80 
6641909,82 83 
6644156,99 64 2248
6644335,1 74 160
6644335,1 62 160
6644844,06 151 
6644869,5 69 
6645649,45 249 
6645780,33 93 
6645801,01 103 
6645801,01 101 
6647827,17 100 
6647827,17 4
6647827,17 2132
6647827,17 10
6649813,33 25 
6650746,63 75 
6651954,48 72 
6652025,85 70 
6653539,54 80 
6653917,93 83 
6654786,28 64 868
6654973,56 74 164
6654973,56 62 164
6656485,23 150 
6656504,63 68 
6657023,57 249
6657126,31 172 
6658511,95 92 
6658511,95 65 
6658528,98 103 
6658528,98 101 
6659059,44 100 
6659059,44 4
6659059,44 2132
6659059,44 10
6661036,33 25 
6662954,94 75 
6664161,57 72 
6664234,08 70 
6665415,66 250 
6665432,66 101 
6667445,9 100 
6667445,9 4
6667445,9 2132
6667445,9 10
6667445,9 25 
6668032,71 75 
6669240,79 72 
6669257,73 70 
6670467,18 80 
6670830,81 83 
6671980 64 1150
6672174,23 74 171
6672174,23 63 171
6673183,03 151 
6673204,29 69 
6673912,97 93 
6673922,49 103 
6673922,49 101 
6675950,11 100 
6675950,11 4
6675950,11 2132
6675950,11 11
6677934,82 25 
6677962,5 75 
6679168,17 72 
6679241,11 70 
6680769,17 80 
6681642,68 250 
6681652,49 101 
6683665,71 100 
6683665,71 4
6683665,71 2132
6683665,71 11
6683665,71 25 
6693195,54 75 
6694148,65 250 
6694166,84 101 
6696180,73 100 
6696180,73 4
6696180,73 2132
6696180,73 11
6696180,73 25 
6696206,88 75 
6696677,54 250 
6696686 101 
6698699,4 100 
6698699,4 4
6698699,4 2132
6698699,4 11
6698699,4 25 
6708700,88 254 
6708721,05 101 
6710733,57 100 
6710733,57 4
6710733,57 2132
6710733,57 11
6710733,57 25 
6720737,21 254 
6720756 101 
6722768,67 100 
6722768,67 4
6722768,67 2132
6722768,67 11
6722768,67 25 
6732770,55 254 
6732777,8 101 
6734790,09 100 
6734790,09 4
6734790,09 2132
6734790,09 11
6734790,09 25 
6741161,1 75 
6742370,18 72 
6742681,02 70 
6744294,7 80 
6745372,75 83 
6747306,78 64 1935
6747444,65 74 114
6747444,65 62 114
6748954,71 151 
6748985,64 69 
6749896,27 93 
6749917,13 103 
6749917,13 101 
6751945,58 100 
6751945,58 4
6751945,58 2132
6751945,58 10
6753929,51 25 
6754849,58 75 
6756057,34 72 
6756128,78 70 
6757649,45 80 
6759006,98 83 
6761396 64 2389
6762938,91 74 1520
6762938,91 62 1520
6763450,55 150 
6763473,61 68 
6763958,66 249
6764073,2 172 
6764986,7 92 
6764986,7 65 
6765004,1 103 
6765004,1 101 
6765535,41 100 
6765535,41 4
6765535,41 2132
6765535,41 10
6767510,41 25 
6769003,57 75 
6770151,95 250 
6770161,47 101 
6772175,1 100 
6772175,1 4
6772175,1 2132
6772175,1 10
6772175,1 25 
6772601,21 75 
6773808,39 72 
6773881,17 70 
6775399,34 80 
6776689,56 250 
6776705,75 101 
6778719,03 100 
6778719,03 4
6778719,03 2132
6778719,03 10
6778719,03 25 
6788718,72 254 
6788727,34 101 
6790739,86 100 
6790739,86 4
6790739,86 2132
6790739,86 10
6790739,86 25 
6800740,76 254 
6800749,01 101 
6802761,47 100 
6802761,47 4
6802761,47 2132
6802761,47 10
6802761,47 25 
6812764,53 254 
6812783,89 101 
6814796,42 100 
6814796,42 4
6814796,42 2132
6814796,42 10
6814796,42 25 
6824797,78 254 
6824805,57 101 
6826804,69 100 
6826804,69 4
6826804,69 2132
6826804,69 10
6826804,69 25 
6836808,03 254 
6836827,09 101 
6838826,3 100 
6838826,3 4
6838826,3 2132
6838826,3 10
6838826,3 25 
6848826,79 254 
6848835,37 101 
6850847,86 100 
6850847,86 4
6850847,86 2132
6850847,86 10
6850847,86 25 
6860850,78 254 
6860870,3 101 
6862882,82 100 
6862882,82 4
6862882,82 2132
6862882,82 10
6862882,82 25 
6872885,22 254 
6872892,02 101 
6874904,43 100 
6874904,43 4
6874904,43 2132
6874904,43 10
6874904,43 25 
6884907,14 254 
6884926,85 101 
6886939,36 100 
6886939,36 4
6886939,36 2132
6886939,36 10
6886939,36 25 
6896941,94 254 
6896961,74 101 
6898974,29 100 
6898974,29 4
6898974,29 2132
6898974,29 10
6898974,29 25 
6908975,64 254 
6908983,37 101 
6910995,89 100 
6910995,89 4
6910995,89 2132
6910995,89 10
6910995,89 25 
6920996,26 254 
6921004,99 101 
6923004,17 100 
6923004,17 4
6923004,17 2132
6923004,17 10
6923004,17 25 
6933005,71 254 
6933013,26 101 
6935025,74 100 
6935025,74 4
6935025,74 2132
6935025,74 10
6935025,74 25 
6940118,08 75 
6941326,58 72 
6941637,15 70 
6943302,76 80 
6944875,41 83 
6947138,92 64 2264
6947290,21 74 136
6947290,21 62 136
6948299,97 152 
6948329,06 69 
6950341,86 93 
6950352,69 103 
6950352,69 101 
6952379,03 100 
6952379,03 4
6952379,03 2132
6952379,03 11
6954365,01 25 
6955018,43 75 
6956096,34 250 
6956109,8 101 
6958123,45 100 
6958123,45 4
6958123,45 2132
6958123,45 11
6958123,45 25 
6959202,59 75 
6959796,39 250 
6959814,9 101 
6961828,56 100 
6961828,56 4
6961828,56 2132
6961828,56 11
6961828,56 25 
6961854,94 75 
6963062,23 72 
6963134,76 70 
6964653,52 80 
6965013,51 83 
6965672,01 64 659
6965848,29 74 155
6965848,29 62 155
6967357,9 151 
6967387,9 69 
6967941,29 249 
6968095,41 93 
6968105,21 103 
6968105,21 101 
6970134,31 100 
6970134,31 4
6970134,31 2132
6970134,31 11
6972117,61 25 
6982120,06 254 
6982139,19 101 
6984138,39 100 
6984138,39 4
6984138,39 2132
6984138,39 11
6984138,39 25 
6991029,99 75 
6992236,88 72 
6992309,13 70 
6992626,63 250 
6992641,45 101 
6994654,69 100 
6994654,69 4
6994654,69 2132
6994654,69 11
6994654,69 25 
7004654,78 254 
7004663,1 101 
7006675,61 100 
7006675,61 4
7006675,61 2132
7006675,61 11
7006675,61 25 
7013993,59 75 
7015203,22 72 
7015218,62 70 
7016426,24 80 
7017498,1 83 
7017994,53 64 497
7018192,5 74 176
7018192,5 61 176
7018701,59 150 
7018726,24 68 
7019228,69 249
7020735,24 92 
7020735,24 65 
7020763 103 
7020763 101 
7021294,23 100 
7021294,23 4
7021294,23 2132
7021294,23 10
7023269,39 25 
7024444,04 75 
7025654,67 72 
7025721,76 70 
7027241,85 80 
7027600,57 83 
7028036,55 64 437
7034385,44 74 6332
7034385,44 61 6332
7035892,47 151 
7035918,08 69 
7036826,29 93 
7036836,32 103 
7036836,32 101 
7038866,04 100 
7038866,04 4
7038866,04 2132
7038866,04 11
7040848,66 25 
7043501,38 75 
7044708,71 72 
7045020,41 70 
7046702,42 80 
7047275,2 250 
7047285,08 101 
7049298,41 100 
7049298,41 4
7049298,41 2132
7049298,41 11
7049298,41 25 
7057748,47 75 
7058950,42 250 
7058959,87 101 
7060973,41 100 
7060973,41 4
7060973,41 2132
7060973,41 11
7060973,41 25 
7070976,16 254 
7070995,1 101 
7073007,6 100 
7073007,6 4
7073007,6 2132
7073007,6 11
7073007,6 25 
7083007,76 254 
7083016,76 101 
7085029,2 100 
7085029,2 4
7085029,2 2132
7085029,2 11
7085029,2 25 
7095029,79 254 
7095038,33 101 
7097050,83 100 
7097050,83 4
7097050,83 2132
7097050,83 11
7097050,83 25 
7107053,84 254 
7107073,25 101 
7109085,76 100 
7109085,76 4
7109085,76 2132
7109085,76 11
7109085,76 25 
7119086,92 254 
7119095,18 101 
7121107,36 100 
7121107,36 4
7121107,36 2132
7121107,36 11
7121107,36 25 
7131109,45 254 
7131116,48 101 
7133115,63 100 
7133115,63 4
7133115,63 2132
7133115,63 11
7133115,63 25 
7143120,57 254 
7143138,02 101 
7145150,54 100 
7145150,54 4
7145150,54 2132
7145150,54 11
7145150,54 25 
7155154,16 254 
7155172,98 101 
7157185,49 100 
7157185,49 4
7157185,49 2132
7157185,49 11
7157185,49 25 
7167188,56 254 
7167207,89 101 
7169220,43 100 
7169220,43 4
7169220,43 2132
7169220,43 11
7169220,43 25 
7179223,95 254 
7179242,83 101 
7181255,32 100 
7181255,32 4
7181255,32 2132
7181255,32 11
7181255,32 25 
7191256,24 254 
7191264,43 101 
7193263,72 100 
7193263,72 4
7193263,72 2132
7193263,72 11
7193263,72 25 
7203264,17 254 
7203272,76 101 
7205285,21 100 
7205285,21 4
7205285,21 2132
7205285,21 11
7205285,21 25 
7215288,65 254 
7215307,65 101 
7217320,13 100 
7217320,13 4
7217320,13 2132
7217320,13 11
7217320,13 25 
7227322,17 254 
7227329,26 101 
7229341,76 100 
7229341,76 4
7229341,76 2132
7229341,76 11
7229341,76 25 
7229369,58 75 
7230575,97 72 
7230888,84 70 
7232505,64 80 
7233567,08 83 
7234366,67 64 800
7234592,05 74 212
7234592,05 61 212
7235103,34 150 
7235127,51 68 
7235838,16 92 
7235838,16 65 
7235859,06 103 
7235859,06 101 
7236385,19 100 
7236385,19 4
7236385,19 2132
7236385,19 10
7238365,47 25 
7239485,29 75 
7240692,91 72 
7240764,44 70 
7242281,11 80 
7243642,78 83 
7244247,66 64 606
7244455,09 74 186
7244455,09 61 186
7245466,47 151 
7245496,77 69 
7247006,56 93 
7247027,67 103 
7247027,67 101 
7249061,83 100 
7249061,83 4
7249061,83 2132
7249061,83 11
7251040,06 25 
7251067,28 75 
7252275,93 72 
7252346,24 70 
7253825,09 250 
7253838,07 101 
7255851,43 100 
7255851,43 4
7255851,43 2132
7255851,43 11
7255851,43 25 
7265850,8 254 
7265859,68 101 
