70,37 100 
70,37 6
70,37 2113
70,37 11
2030,49 25 
2255,19 75 
3462,34 72 
3707,65 70 
5283,01 80 
6799,88 250 
6813,34 101 
8826,27 100 
8826,27 6
8826,27 2113
8826,27 11
8826,27 25 
9493,11 75 
10701,23 72 
10892,15 70 
12544,01 80 
14023,54 83 
14453,83 64 431
14633,95 74 156
14633,95 61 156
15149,34 150 
15170,29 68 
17038,72 249
17182,55 92 
17182,55 65 
17210,43 103 
17210,43 101 
17734,91 100 
17734,91 6
17734,91 2113
17734,91 10
19714,86 25 
19875,4 75 
21084,18 72 
21154,37 70 
22676,77 80 
23752,77 83 
24608,97 64 857
24862,81 74 229
24862,81 63 229
25872,15 152 
25898,89 69 
26808,88 93 
26831,1 103 
26831,1 101 
28858,1 100 
28858,1 6
28858,1 2113
28858,1 11
30844,58 25 
30870,74 75 
32079,1 72 
32149,67 70 
33670,27 80 
34055,06 83 
36331,32 64 2276
36572,08 74 225
36572,08 63 225
38081,25 151 
38108,56 69 
38819,46 93 
38839,31 103 
38839,31 101 
40870,33 100 
40870,33 6
40870,33 2113
40870,33 11
42851,63 25 
42878,86 75 
44087,8 72 
44157,82 70 
45672 80 
46729,59 83 
47551,4 64 822
47766,9 74 198
47766,9 61 198
49275,55 150 
49302,98 68 
50810,93 92 
50810,93 65 
50834,19 103 
50834,19 101 
51360,37 100 
51360,37 6
51360,37 2113
51360,37 10
53340,46 25 
53367,75 75 
54576,43 72 
54646,66 70 
56171 80 
56538,74 83 
58153,16 64 1615
58423,76 74 246
58423,76 63 246
59438 150 
59459,46 68 
60366,55 92 
60366,55 65 
60390,07 103 
60390,07 101 
60921,08 100 
60921,08 6
60921,08 2113
60921,08 10
62896,37 25 
63069,96 75 
64279,04 72 
64349,14 70 
65863,8 80 
67227,65 83 
67608,23 64 381
67822,82 74 196
67822,82 63 196
68331,17 150 
68363,34 68 
68909,14 249
70347,62 173 
70371,57 92 
70371,57 65 
70385,77 103 
70385,77 101 
70919,84 100 
70919,84 6
70919,84 2113
70919,84 10
72892,1 25 
72921,33 75 
74131,2 72 
74198,27 70 
75717,57 80 
76783,37 83 
78399,25 64 1616
78676,4 74 254
78676,4 63 254
79688,49 150 
79717,32 68 
80328,65 249
81227,46 92 
81227,46 65 
81247,88 103 
81247,88 101 
81774,95 100 
81774,95 6
81774,95 2113
81774,95 11
83754,06 25 
84207,6 75 
85417,44 72 
85486,74 70 
87021,59 80 
88391,74 83 
88883,14 64 492
89046,79 74 147
89046,79 62 147
89559,84 151 
89579,93 69 
90291,97 93 
90310,56 103 
90310,56 101 
92339,45 100 
92339,45 6
92339,45 2113
92339,45 11
94322,97 25 
94350,18 75 
95557,66 72 
95629,2 70 
97146,53 80 
97521,13 83 
98923,94 64 1403
99102,75 74 156
99102,75 61 156
100611,3 150 
100627,7 68 
102139,57 92 
102139,57 65 
102158,8 103 
102158,8 101 
102690,72 100 
102690,72 6
102690,72 2113
102690,72 10
104665,14 25 
104945,38 75 
106155,13 72 
106224,51 70 
107756,16 80 
108809,69 83 
110040,49 64 1232
110322,27 74 260
110322,27 63 260
110829,74 150 
110850,65 68 
112861,69 92 
112861,69 65 
112887,55 103 
112887,55 101 
113418,52 100 
113418,52 6
113418,52 2113
113418,52 11
115393,82 25 
115514,14 75 
116720,51 72 
116953,29 70 
118527,95 80 
119071,92 83 
119994,54 64 923
120152,87 74 135
120152,87 61 135
121664,05 150 
121686,04 68 
122597,11 92 
122597,11 65 
122616,71 103 
122616,71 101 
123144,48 100 
123144,48 6
123144,48 2113
123144,48 11
125123,13 25 
125296,66 75 
126504,52 72 
126695,73 70 
128309,51 80 
129894,14 83 
130239,39 64 345
130468,58 74 216
130468,58 61 216
131477,48 150 
131495,18 68 
132204,29 92 
132204,29 65 
132225,92 103 
132225,92 101 
132758,64 100 
132758,64 6
132758,64 2113
132758,64 11
134732,34 25 
134865,89 75 
136072,86 72 
136145,08 70 
137672,3 80 
138743,46 83 
139961,78 64 1219
140191,73 74 209
140191,73 61 209
141201,33 150 
141223,96 68 
143233,34 92 
143233,34 65 
143247,96 103 
143247,96 101 
143776,78 100 
143776,78 6
143776,78 2113
143776,78 10
145754,24 25 
145887,77 75 
147094,97 72 
147166,97 70 
148698,55 80 
150058,64 83 
150844,06 64 786
151095,17 74 237
151095,17 63 237
151606,06 150 
151633,17 68 
152342,62 92 
152342,62 65 
152364,04 103 
152364,04 101 
152891,02 100 
152891,02 6
152891,02 2113
152891,02 10
154870,24 25 
154963,89 75 
154971,14 250 
154989,19 101 
157002,65 100 
157002,65 6
157002,65 2113
157002,65 10
157002,65 25 
157029,61 75 
158238,66 72 
158308,87 70 
159828,27 80 
160200,93 83 
161456,17 64 1255
161729,22 74 249
161729,22 63 249
163237,89 152 
163268,14 69 
164778,33 93 
164798,62 103 
164798,62 101 
166833,08 100 
166833,08 6
166833,08 2113
166833,08 10
168810,94 25 
168838,3 75 
170045,81 72 
170117,25 70 
171649,07 80 
173035,41 83 
173940,76 64 906
174198,78 74 244
174198,78 63 244
175709,51 150 
175729,56 68 
176638,63 92 
176638,63 65 
176660,18 103 
176660,18 101 
177187,48 100 
177187,48 6
177187,48 2113
177187,48 10
179166,57 25 
179460,16 75 
180669,22 72 
180739,26 70 
182262,08 80 
183337,69 83 
184052,62 64 716
184336,7 74 267
184336,7 63 267
184847,74 150 
184872,23 68 
185583,72 92 
185583,72 65 
185603,02 103 
185603,02 101 
186129,15 100 
186129,15 6
186129,15 2113
186129,15 11
188109,29 25 
188629,54 75 
189838,8 72 
189908,64 70 
191436,61 80 
191800,74 83 
192855,06 64 1055
193030,78 74 164
193030,78 61 164
194042,42 150 
194068,26 68 
194979,46 92 
194979,46 65 
194999 103 
194999 101 
195530,29 100 
195530,29 6
195530,29 2113
195530,29 10
197505,32 25 
198052,23 75 
199258,81 72 
199331,28 70 
200854,64 80 
201916,39 83 
202876,36 64 960
203130,94 74 242
203130,94 63 242
204142,06 150 
204169,83 68 
206177,91 92 
206177,91 65 
206194,26 103 
206194,26 101 
206722,84 100 
206722,84 6
206722,84 2113
206722,84 11
208700,48 25 
209034,03 75 
210241,45 72 
210313,21 70 
211830,82 80 
213191,6 83 
214040,68 64 850
214246,37 74 189
214246,37 61 189
214755,94 150 
214779,48 68 
215451,37 249
216288 92 
216288 65 
216309,9 103 
216309,9 101 
216843,81 100 
216843,81 6
216843,81 2113
216843,81 10
218816,27 25 
219483,04 75 
220690,64 72 
220762,06 70 
222282,55 80 
222654,17 83 
223804 64 1150
224073,72 74 247
224073,72 63 247
225583,17 150 
225600,72 68 
227608,52 92 
227608,52 65 
227624,97 103 
227624,97 101 
228153,79 100 
228153,79 6
228153,79 2113
228153,79 11
230131,3 25 
230158,56 75 
231368,56 72 
231610,76 70 
233282,6 80 
234529,05 83 
235143,13 64 614
235356,33 74 201
235356,33 61 201
236865,56 150 
236889,93 68 
237798,88 92 
237798,88 65 
237820,65 103 
237820,65 101 
238347,93 100 
238347,93 6
238347,93 2113
238347,93 10
240326,89 25 
240820,38 75 
242027,12 72 
242099,58 70 
243620,22 80 
243991,66 83 
246293,57 64 2303
246547,22 74 237
246547,22 63 237
247056,28 150 
247084,79 68 
247794,7 92 
247794,7 65 
247816,33 103 
247816,33 101 
248342,89 100 
248342,89 6
248342,89 2113
248342,89 11
250322,64 25 
250549,58 75 
251758,89 72 
251828,73 70 
253345,91 80 
254707,08 83 
255416,04 64 709
255650,75 74 211
255650,75 61 211
256658,83 150 
256681,42 68 
258190,59 92 
258190,59 65 
258211,89 103 
258211,89 101 
258747,73 100 
258747,73 6
258747,73 2113
258747,73 10
260731,53 25 
261264,96 75 
262472,76 72 
262544,19 70 
264064,63 80 
265129,27 83 
266854,88 64 1726
267146,16 74 271
267146,16 63 271
268154,75 150 
268182,47 68 
269093,92 92 
269093,92 65 
269113,92 103 
269113,92 101 
269642,11 100 
269642,11 6
269642,11 2113
269642,11 10
271620,22 25 
271687,14 75 
272896,88 72 
272966,31 70 
274477,55 80 
274831,74 83 
276572,4 64 1741
276826,75 74 236
276826,75 63 236
277336,93 152 
277366,04 69 
278076,58 93 
278096,7 103 
278096,7 101 
280125,44 100 
280125,44 6
280125,44 2113
280125,44 11
282109 25 
282136,87 75 
283346,2 72 
283415,21 70 
284934,69 80 
286306,85 83 
287260,71 64 955
287445,75 74 167
287445,75 61 167
288955,28 150 
288974,37 68 
290986,79 92 
290986,79 65 
291011,15 103 
291011,15 101 
291541,99 100 
291541,99 6
291541,99 2113
291541,99 11
293517,42 25 
293877,64 75 
295085,59 72 
295156,83 70 
296676,65 80 
297741,94 83 
298662,59 64 921
298856,9 74 169
298856,9 61 169
299364,55 150 
299383,39 68 
300892,88 92 
300892,88 65 
300913,58 103 
300913,58 101 
301441,38 100 
301441,38 6
301441,38 2113
301441,38 10
303419,88 25 
303953,31 75 
305163,28 72 
305232,47 70 
306743,53 80 
308110,89 83 
308838,35 64 727
309146,05 74 289
309146,05 63 289
310653,81 150 
310685,04 68 
311396,33 92 
311396,33 65 
311415,74 103 
311415,74 101 
311943,11 100 
311943,11 6
311943,11 2113
311943,11 11
313922,05 25 
314162,26 75 
315369,62 72 
315441,44 70 
316956,81 80 
317320,2 83 
320306,89 64 2987
320549,74 74 218
320549,74 61 218
321558,45 150 
321586,97 68 
323098,52 92 
323098,52 65 
323117,37 103 
323117,37 101 
323652,93 100 
323652,93 6
323652,93 2113
323652,93 11
325636,97 25 
326810,15 75 
328016,52 72 
328089,35 70 
329596,54 80 
330981,04 83 
331380,57 64 400
331600,97 74 207
331600,97 61 207
333113,31 150 
333142,01 68 
334050,85 92 
334050,85 65 
334072,68 103 
334072,68 101 
334599,13 100 
334599,13 6
334599,13 2113
334599,13 10
336578,95 25 
337112,46 75 
338320,22 72 
338578,21 70 
340145,93 80 
340670,25 83 
342507,93 64 1838
342749,44 74 228
342749,44 63 228
343257,85 150 
343284,27 68 
345295,22 92 
345295,22 65 
345321,18 103 
345321,18 101 
345849,03 100 
345849,03 6
345849,03 2113
345849,03 10
347827,44 25 
348200,97 75 
349408,59 72 
349600,2 70 
351271,47 80 
352478,47 83 
353326,45 64 848
353588,33 74 244
353588,33 63 244
354600,23 150 
354626,15 68 
355336,55 92 
355336,55 65 
355356,88 103 
355356,88 101 
355889,25 100 
355889,25 6
355889,25 2113
355889,25 11
357863,39 25 
358156,89 75 
359366,95 72 
359435,94 70 
360958,36 80 
362327,57 83 
362858,38 64 531
363074,83 74 201
363074,83 61 201
364583,81 150 
364608,62 68 
366116,77 92 
366116,77 65 
366138,89 103 
366138,89 101 
366665,21 100 
366665,21 6
366665,21 2113
366665,21 11
368645,23 25 
369178,64 75 
370385,76 72 
370457,86 70 
371988,94 80 
373056,29 83 
374628,82 64 1573
374862,8 74 221
374862,8 61 221
375872,11 152 
375897,01 69 
377904,68 93 
377920,55 103 
377920,55 101 
379947,45 100 
379947,45 6
379947,45 2113
379947,45 11
381932,83 25 
381960,72 75 
383166,59 72 
383239,04 70 
384756,15 80 
385117,83 83 
386436,43 64 1319
386670,34 74 220
386670,34 61 220
387177,91 150 
387198,78 68 
388109,99 92 
388109,99 65 
388129,47 103 
388129,47 101 
388663,28 100 
388663,28 6
388663,28 2113
388663,28 10
390649,15 25 
391102,61 75 
392311,4 72 
392381,79 70 
393901,37 80 
395273,43 83 
396028,25 64 755
396263,21 74 217
396263,21 63 217
396770,45 150 
396794,69 68 
398805,97 92 
398805,97 65 
398831,54 103 
398831,54 101 
399359,02 100 
399359,02 6
399359,02 2113
399359,02 10
401337,86 25 
401859,04 75 
403067,13 72 
403137,18 70 
404654,98 80 
405722,43 83 
406341,78 64 620
406618,04 74 256
406618,04 63 256
408129,93 150 
408149,92 68 
409058,08 92 
409058,08 65 
409080,48 103 
409080,48 101 
409610,71 100 
409610,71 6
409610,71 2113
409610,71 10
411586,82 25 
411933,69 75 
413143,97 72 
413212,91 70 
414736,35 80 
415105,02 83 
416602,93 64 1498
416859,92 74 236
416859,92 63 236
417870,28 150 
417892,27 68 
418601,48 92 
418601,48 65 
418623,08 103 
418623,08 101 
419154,93 100 
419154,93 6
419154,93 2113
419154,93 11
421129,39 25 
421489,57 75 
422697,87 72 
422768,76 70 
424293,95 80 
425673,76 83 
426352,76 64 680
426568,53 74 203
426568,53 61 203
428078,49 150 
428101,35 68 
429610,75 92 
429610,75 65 
429631,66 103 
429631,66 101 
430162,16 100 
430162,16 6
430162,16 2113
430162,16 10
432151,32 25 
432858,02 75 
434065,14 72 
434137,33 70 
435660,53 80 
436042,65 83 
438888,14 64 2846
439170,89 74 263
439170,89 63 263
439685 150 
439709,78 68 
440619,43 92 
440619,43 65 
440640,29 103 
440640,29 101 
441167,97 100 
441167,97 6
441167,97 2113
441167,97 11
443146,67 25 
443360,22 75 
444566,81 72 
444639,44 70 
446160,98 80 
447237,83 83 
448248,85 64 1012
448451,6 74 188
448451,6 61 188
449462,17 150 
449492,06 68 
451004,81 92 
451004,81 65 
451022,52 103 
451022,52 101 
451557,56 100 
451557,56 6
451557,56 2113
451557,56 10
453542,12 25 
454328,8 75 
455536,27 72 
455767,91 70 
457553,56 80 
458979,46 83 
459954,24 64 975
460285,63 74 307
460285,63 63 307
460794,07 150 
460820,61 68 
462830,01 92 
462830,01 65 
462844,37 103 
462844,37 101 
463371,62 100 
463371,62 6
463371,62 2113
463371,62 10
465350,4 25 
465710,64 75 
466920,3 72 
467163,07 70 
468744,38 80 
469321,69 83 
470675,22 64 1354
470949,29 74 255
470949,29 63 255
472461,35 150 
472482,25 68 
473190,69 92 
473190,69 65 
473212,97 103 
473212,97 101 
473740,53 100 
473740,53 6
473740,53 2113
473740,53 11
475719,29 25 
476066,27 75 
477273,76 72 
477345,34 70 
478872,14 80 
480236,98 83 
481165,68 64 929
481352,25 74 169
481352,25 61 169
482364,1 150 
482384,59 68 
484392,43 92 
484392,43 65 
484408,2 103 
484408,2 101 
484945,41 100 
484945,41 6
484945,41 2113
484945,41 11
486927,85 25 
487314,67 75 
488523,85 72 
488593,84 70 
490118,88 80 
490499,29 83 
492109,67 64 1611
492375,96 74 251
492375,96 61 251
493384,49 150 
493406,65 68 
494914,85 92 
494914,85 65 
494936,98 103 
494936,98 101 
495465,53 100 
495465,53 6
495465,53 2113
495465,53 11
497443,28 25 
498016,74 75 
499225,2 72 
499295,99 70 
500826,83 80 
502200,89 83 
502989,3 64 788
503217,7 74 204
503217,7 61 204
503729,1 150 
503748,88 68 
504457,93 92 
504457,93 65 
504479,59 103 
504479,59 101 
505005,95 100 
505005,95 6
505005,95 2113
505005,95 11
506985,9 25 
507839,24 75 
509047,09 72 
509118,49 70 
510646,91 80 
511716,9 83 
512492,91 64 777
512681,12 74 165
512681,12 61 165
514190,76 152 
514211,07 69 
515122,01 93 
515141,66 103 
515141,66 101 
517177,95 100 
517177,95 6
517177,95 2113
517177,95 10
519153,97 25 
519181,2 75 
520387,27 72 
520460,43 70 
521981,83 80 
523058,66 83 
524393,72 64 1336
524685,55 74 268
524685,55 63 268
525198,06 150 
525219,7 68 
526727,16 92 
526727,16 65 
526750,05 103 
526750,05 101 
527276,27 100 
527276,27 6
527276,27 2113
527276,27 10
529256,35 25 
529416,6 75 
530628,06 72 
530695,84 70 
532224,9 80 
532587,86 83 
534425,02 64 1837
534664,37 74 224
534664,37 63 224
536173,12 150 
536201,55 68 
537110,74 92 
537110,74 65 
537132,25 103 
537132,25 101 
537661,1 100 
537661,1 6
537661,1 2113
537661,1 10
539638,53 25 
540078,7 75 
541286,73 72 
541357,96 70 
542880,8 80 
544249,52 83 
545126,37 64 877
545422,68 74 281
545422,68 63 281
546430,78 150 
546450,49 68 
547161,36 92 
547161,36 65 
547181,25 103 
547181,25 101 
547712,09 100 
547712,09 6
547712,09 2113
547712,09 11
549687,52 25 
550127,72 75 
551336,3 72 
551406,98 70 
552932,17 80 
554298,6 83 
554743,29 64 445
554974,56 74 210
554974,56 61 210
555983,5 150 
556006,41 68 
558017,23 92 
558017,23 65 
558043,26 103 
558043,26 101 
558570,62 100 
558570,62 6
558570,62 2113
558570,62 10
560549,65 25 
561123,04 75 
562329,93 72 
562403,89 70 
563925,12 80 
564987,44 83 
565961,53 64 975
566233,79 74 247
566233,79 63 247
566744,17 150 
566761,92 68 
568272,09 92 
568272,09 65 
568292,21 103 
568292,21 101 
568818,58 100 
568818,58 6
568818,58 2113
568818,58 10
570811,86 25 
571198,74 75 
572405,65 72 
572651,12 70 
574274,02 80 
574636,51 83 
575897,39 64 1261
576135,04 74 219
576135,04 63 219
577646,17 150 
577677,18 68 
578588,22 92 
578588,22 65 
578607,79 103 
578607,79 101 
579139,86 100 
579139,86 6
579139,86 2113
579139,86 11
581127,37 25 
581381,03 75 
582590,22 72 
582660,18 70 
584187,06 80 
585258,66 83 
586585,38 64 1327
586777,41 74 173
586777,41 61 173
587787,99 150 
587806,27 68 
588515,56 92 
588515,56 65 
588536,87 103 
588536,87 101 
589064,3 100 
589064,3 6
589064,3 2113
589064,3 11
591043,17 25 
591296,72 75 
592503,17 72 
592575,92 70 
594105,27 80 
594467,99 83 
595499,5 64 1032
595690,5 74 170
595690,5 61 170
597197,52 150 
597215,77 68 
599224,44 92 
599224,44 65 
599238,92 103 
599238,92 101 
599766,4 100 
599766,4 6
599766,4 2113
599766,4 10
601745,23 25 
602598,59 75 
603806,08 72 
603877,73 70 
605398,54 80 
606769,38 83 
607414,33 64 645
607695,51 74 261
607695,51 63 261
608205,49 152 
608236,62 69 
608947,02 93 
608968,08 103 
608968,08 101 
610998,21 100 
610998,21 6
610998,21 2113
610998,21 11
612980,39 25 
613008,12 75 
614215,48 72 
614286,63 70 
615806,39 80 
617178,25 83 
618123,89 64 946
618320,39 74 183
618320,39 61 183
619828,09 150 
619859,02 68 
621370,4 92 
621370,4 65 
621389,44 103 
621389,44 101 
621917,06 100 
621917,06 6
621917,06 2113
621917,06 11
623895,75 25 
624602,48 75 
625809,05 72 
625881,65 70 
627411,3 80 
628466,77 83 
629460,42 64 994
629653,55 74 175
629653,55 61 175
630165,08 150 
630187,94 68 
632197,2 92 
632197,2 65 
632224,78 103 
632224,78 101 
632752,29 100 
632752,29 6
632752,29 2113
632752,29 10
634731,09 25 
635704,32 75 
636913,03 72 
636983,51 70 
638511,6 80 
638888,99 83 
640960,27 64 2071
641247,98 74 267
641247,98 63 267
642258,37 150 
642276,23 68 
643186,06 92 
643186,06 65 
643206,75 103 
643206,75 101 
643746,97 100 
643746,97 6
643746,97 2113
643746,97 10
645726,4 25 
646046,62 75 
647256,47 72 
647325,81 70 
648844,54 80 
649204,52 83 
650701,96 64 1498
650970,66 74 248
650970,66 63 248
651981,75 150 
652005,3 68 
652917,43 92 
652917,43 65 
652935,95 103 
652935,95 101 
653462,84 100 
653462,84 6
653462,84 2113
653462,84 10
655442,18 25 
655842,37 75 
657052,45 72 
657121,6 70 
658642,4 80 
659720,02 83 
660716,37 64 996
661008,47 74 276
661008,47 63 276
661519,82 150 
661547,85 68 
662259,15 92 
662259,15 65 
662278,53 103 
662278,53 101 
662806,73 100 
662806,73 6
662806,73 2113
662806,73 10
664784,89 25 
665358,33 75 
666568,32 72 
666637,55 70 
668164,41 80 
669529,14 83 
670617,79 64 1089
670829,24 74 194
670829,24 63 194
672337,79 150 
672356,58 68 
674364,96 92 
674364,96 65 
674380,09 103 
674380,09 101 
674910,7 100 
674910,7 6
674910,7 2113
674910,7 11
676886,4 25 
677166,61 75 
678376,01 72 
678445,82 70 
679978,08 80 
681031,05 83 
681801,49 64 771
682024,8 74 208
682024,8 61 208
683536,11 150 
683565,02 68 
684049,21 249
684499,34 171
685074,95 92 
685074,95 65 
685095,59 103 
685095,59 101 
685621,73 100 
685621,73 6
685621,73 2113
685621,73 11
687601,82 25 
688001,92 75 
689210,49 72 
689281,09 70 
690803,73 80 
692186,13 83 
692740,69 64 555
692956,86 74 198
692956,86 61 198
693965,6 150 
693987,32 68 
694695,85 92 
694695,85 65 
694717,97 103 
694717,97 101 
695247,39 100 
695247,39 6
695247,39 2113
695247,39 11
697224,85 25 
697544,54 75 
698754,88 72 
698823,76 70 
700351,15 80 
700729,13 83 
702791,23 64 2062
703002,69 74 195
703002,69 61 195
703515,88 152 
703543,19 69 
705052,77 93 
705073,53 103 
705073,53 101 
707105 100 
707105 6
707105 2113
707105 10
709085,9 25 
709113,92 75 
710322,83 72 
710392,04 70 
711913,16 80 
713283,67 83 
714669,84 64 1387
714984,29 74 288
714984,29 63 288
716494,53 150 
716524,24 68 
717434,77 92 
717434,77 65 
717454,87 103 
717454,87 101 
717981,17 100 
717981,17 6
717981,17 2113
717981,17 10
719961,15 25 
720161,44 75 
721367,78 72 
721440,66 70 
722959,77 80 
723319,51 83 
724225,56 64 907
724495,73 74 257
724495,73 63 257
725008,43 150 
725027,19 68 
727035,23 92 
727035,23 65 
727050,76 103 
727050,76 101 
727576,89 100 
727576,89 6
727576,89 2113
727576,89 11
729557,05 25 
730130,5 75 
731341,51 72 
731409,68 70 
732927,59 80 
733994,79 83 
734867,85 64 874
735073,58 74 187
735073,58 61 187
736084,48 150 
736115,87 68 
737025,72 92 
737025,72 65 
737046,48 103 
737046,48 101 
737576,82 100 
737576,82 6
737576,82 2113
737576,82 11
739552,8 25 
740312,87 75 
741521,07 72 
741592,01 70 
743116,68 80 
744190,52 83 
745184,62 64 995
745453,81 74 251
745453,81 61 251
746964,32 150 
746991,12 68 
747701,02 92 
747701,02 65 
747721,88 103 
747721,88 101 
748252,82 100 
748252,82 6
748252,82 2113
748252,82 10
750228,22 25 
750801,63 75 
752008,8 72 
752080,83 70 
753602,65 80 
753972,99 83 
756089,57 64 2117
756300,9 74 196
756300,9 63 196
756809,58 150 
756826,98 68 
758334,59 92 
758334,59 65 
758357,35 103 
758357,35 101 
758885,41 100 
758885,41 6
758885,41 2113
758885,41 10
760863,61 25 
760970,67 75 
762178,96 72 
762249,86 70 
763793,41 80 
765154,84 83 
765667,43 64 513
765935,72 74 248
765935,72 63 248
766947,68 150 
766969,19 68 
768980,05 92 
768980,05 65 
768993,07 103 
768993,07 101 
769528,16 100 
769528,16 6
769528,16 2113
769528,16 10
771512,46 25 
771805,98 75 
773013,91 72 
773085,15 70 
774613,77 80 
774977,26 83 
776849,37 64 1871
777112,56 74 244
777112,56 63 244
778119,43 150 
778151,09 68 
779061,05 92 
779061,05 65 
779081,79 103 
779081,79 101 
779609,05 100 
779609,05 6
779609,05 2113
779609,05 10
781588,09 25 
781788,56 75 
782997,66 72 
783067,51 70 
784585,59 80 
785959,18 83 
786474,99 64 516
786758,1 74 266
786758,1 63 266
787270,71 150 
787293,94 68 
788004,5 92 
788004,5 65 
788024,62 103 
788024,62 101 
788552,64 100 
788552,64 6
788552,64 2113
788552,64 11
790530,96 25 
790864,7 75 
792073,08 72 
792143,67 70 
793661,76 80 
794728,79 83 
795166,93 64 439
795368,35 74 186
795368,35 61 186
796882,01 152 
796903,1 69 
798412,54 93 
798433,5 103 
798433,5 101 
800469,92 100 
800469,92 6
800469,92 2113
800469,92 11
802445,77 25 
802473 75 
803682,29 72 
803751,99 70 
805273,29 80 
805657,45 83 
809313,17 64 3656
809572,36 74 237
809572,36 61 237
811083,42 150 
811110,33 68 
813120,1 92 
813120,1 65 
813133,97 103 
813133,97 101 
813662,17 100 
813662,17 6
813662,17 2113
813662,17 11
815640,18 25 
816080,37 75 
817289,48 72 
817359,46 70 
818884,85 80 
819957,93 83 
820538,82 64 581
820738,39 74 181
820738,39 61 181
821750,1 150 
821772,44 68 
822681,81 92 
822681,81 65 
822703,07 103 
822703,07 101 
823229,31 100 
823229,31 6
823229,31 2113
823229,31 11
825209,47 25 
825796,16 75 
827003,95 72 
827075,36 70 
828592,54 80 
829953,7 83 
830616,16 64 663
830872,89 74 240
830872,89 61 240
831382,79 150 
831408,7 68 
832917,7 92 
832917,7 65 
832938,67 103 
832938,67 101 
833468,92 100 
833468,92 6
833468,92 2113
833468,92 11
835444,97 25 
836565,86 75 
837775,28 72 
837844,05 70 
839362,73 80 
840735,7 83 
841688,23 64 953
841912,2 74 204
841912,2 61 204
842921,36 150 
842950,03 68 
843661,66 92 
843661,66 65 
843680,77 103 
843680,77 101 
844209,47 100 
844209,47 6
844209,47 2113
844209,47 10
846187,08 25 
846773,8 75 
847983,47 72 
848052,99 70 
849571,33 80 
850638,16 83 
852550,2 64 1912
852804,07 74 234
852804,07 63 234
853314,2 150 
853345,54 68 
855352,73 92 
855352,73 65 
855369,22 103 
855369,22 101 
855901,56 100 
855901,56 3
855901,56 2113
855901,56 11
855901,56 78 
855901,56 198 
857875,37 25 
857903,39 75 
859111,67 72 
859181,54 70 
860700,25 80 
861060,3 83 
862450,65 64 1391
862689,65 74 217
862689,65 61 217
864198,01 151 
864220,87 69 
865134,49 93 
865151,53 103 
865151,53 101 
867185,77 100 
867185,77 3
867185,77 2113
867185,77 11
869163,84 25 
869191,32 75 
870397,75 72 
870470,04 70 
871985,95 80 
872348,83 83 
873976,46 64 1628
874201,97 74 201
874201,97 61 201
874710,89 151 
874736,06 69 
875447,96 93 
875467,11 103 
875467,11 101 
877494,16 100 
877494,16 3
877494,16 2113
877494,16 10
879479,42 25 
879506,77 75 
880715,09 72 
880958,85 70 
882526,77 80 
883770,56 83 
885732,61 64 1963
886196,28 74 440
886196,28 63 440
887704,64 151 
887730,78 69 
888860,82 249 
889103,64 256 
890180,6 182 
895073,39 93 
895085,33 103 
895085,33 101 
897112,11 100 
897112,11 3
897112,11 2113
897112,11 10
899097,65 25 
899138,45 75 
900347,32 72 
900417,33 70 
901933,85 80 
903295,49 83 
904710,65 64 1416
904996,68 74 262
904996,68 63 262
906005,2 151 
906030,01 69 
907539,26 93 
907560 103 
907560 101 
909592,78 100 
909592,78 3
909592,78 2113
909592,78 11
911572,34 25 
911599,61 75 
912808,95 72 
912878,59 70 
914395,83 80 
915756,84 83 
916470,07 64 714
916699,41 74 210
916699,41 61 210
917210,76 151 
917238,17 69 
918150,42 93 
918168,8 103 
918168,8 101 
920196,81 100 
920196,81 3
920196,81 2113
920196,81 11
922181,13 25 
922208,35 75 
923415,89 72 
923487,28 70 
924999,05 80 
925352,76 83 
928212,64 64 2861
928402,28 74 171
928402,28 62 171
929910,12 153 
929939,3 68 
930649,41 92 
930649,41 65 
930670,15 103 
930670,15 101 
931196,75 100 
931196,75 3
931196,75 2113
931196,75 11
933176,38 25 
933336,66 75 
934545,38 72 
934615,83 70 
936141,52 80 
937214,33 83 
937706,18 64 492
937900,7 74 181
937900,7 62 181
938912,83 151 
938935,42 69 
940945,38 93 
940959,03 103 
940959,03 101 
942990,32 100 
942990,32 3
942990,32 2113
942990,32 10
944971,38 25 
944999,28 75 
946206,72 72 
946277,58 70 
947791,57 80 
948862,64 83 
950368,8 64 1507
950643,74 74 262
950643,74 63 262
951656,65 151 
951676,74 69 
953104,93 249 
953138,76 256 
953995,04 183 
955496,94 93 
955512,76 103 
955512,76 101 
957544,24 100 
957544,24 3
957544,24 2113
957544,24 10
959525,18 25 
959553,22 75 
960759,43 72 
960831,28 70 
962351,06 80 
963709,58 83 
964057,92 64 349
964285,39 74 203
964285,39 61 203
965794,72 151 
965817,28 69 
966525,06 93 
966535,02 103 
966535,02 101 
968563,84 100 
968563,84 3
968563,84 2113
968563,84 10
970547,04 25 
970575,36 75 
971785,05 72 
971853,28 70 
973365,33 80 
973718,67 83 
975657,7 64 1940
975852,62 74 176
975852,62 62 176
976362,9 150 
976386,08 68 
976714,3 249
976831,44 172 
977297,32 92 
977297,32 65 
977316,75 103 
977316,75 101 
977851,77 100 
977851,77 3
977851,77 2113
977851,77 11
979836,49 25 
980010,01 75 
981217,82 72 
981289,21 70 
982813,97 80 
983181,24 83 
984208,29 64 1027
984402,63 74 169
984402,63 61 169
985911,67 151 
985941,58 69 
987451,8 93 
987472,39 103 
987472,39 101 
989498,94 100 
989498,94 3
989498,94 2113
989498,94 10
991484,7 25 
991512,01 75 
992720,67 72 
992964,2 70 
994588,62 80 
995962,42 83 
996401,36 64 439
996689,56 74 275
996689,56 63 275
997699,88 151 
997723,19 69 
999735,15 93 
999747,13 103 
999747,13 101 
1001774,79 100 
1001774,79 3
1001774,79 2113
1001774,79 10
1003759,52 25 
1003788,89 75 
1004997,22 72 
1005065,65 70 
1006592,17 80 
1007664,1 83 
1013238,26 64 5574
1013447,41 74 186
1013447,41 62 186
1013957,12 150 
1013983,42 68 
1014364,48 249
1014566,77 172 
1015993,34 92 
1015993,34 65 
1016006,83 103 
1016006,83 101 
1016536,32 100 
1016536,32 3
1016536,32 2113
1016536,32 10
1018513,11 25 
1018873,28 75 
1020083,52 72 
1020152,49 70 
1021676,75 80 
1023044,14 83 
1023563,08 64 519
1023764,96 74 188
1023764,96 62 188
1024273,97 150 
1024298,92 68 
1025009,17 92 
1025009,17 65 
1025029,62 103 
1025029,62 101 
1025555,83 100 
1025555,83 3
1025555,83 2113
1025555,83 11
1027535,94 25 
1028309,26 75 
1029517,31 72 
1029588,44 70 
1031107,1 80 
1032173,57 83 
1032609,67 64 437
1032807,59 74 182
1032807,59 61 182
1034317,09 151 
1034347,84 69 
1035260,85 93 
1035278,57 103 
1035278,57 101 
1037309,78 100 
1037309,78 3
1037309,78 2113
1037309,78 11
1039290,91 25 
1039320,17 75 
1040529,16 72 
1040597,04 70 
1042124,25 80 
1042489,15 83 
1044233,98 64 1745
1044427,18 74 179
1044427,18 62 179
1045434,84 151 
1045462,69 69 
1046971,77 93 
1046993,53 103 
1046993,53 101 
1049028,26 100 
1049028,26 3
1049028,26 2113
1049028,26 11
1051005,99 25 
1051033,5 75 
1052241,24 72 
1052312,05 70 
1053833,34 80 
1054204,12 83 
1055521,67 64 1318
1055702,55 74 166
1055702,55 62 166
1057209,55 151 
1057231,37 69 
1059243,03 93 
1059268,35 103 
1059268,35 101 
1061297,2 100 
1061297,2 3
1061297,2 2113
1061297,2 11
1063280,58 25 
1063307,87 75 
1064515,66 72 
1064586,76 70 
1066123,09 80 
1067491,78 83 
1068010,73 64 520
1068265,62 74 242
1068265,62 63 242
1068776,06 150 
1068799,76 68 
1069711,74 92 
1069711,74 65 
1069730,49 103 
1069730,49 101 
1070258,46 100 
1070258,46 3
1070258,46 2113
1070258,46 10
1072236,73 25 
1072530,34 75 
1073737,89 72 
1073809,48 70 
1075332,17 80 
1076407,93 83 
1077362,11 64 954
1077586,55 74 207
1077586,55 62 207
1078599,83 150 
1078622,21 68 
1080134,15 92 
1080134,15 65 
1080152,64 103 
1080152,64 101 
1080686,86 100 
1080686,86 3
1080686,86 2113
1080686,86 10
1082658,96 25 
1083540 75 
1084747,85 72 
1084818,1 70 
1086333,77 80 
1086696,87 83 
1087959,43 64 1263
1088153,83 74 178
1088153,83 62 178
1089665,77 152 
1089697,49 69 
1090405,11 93 
1090428,24 103 
1090428,24 101 
1092459,79 100 
1092459,79 3
1092459,79 2113
1092459,79 11
1094440,64 25 
1094467,84 75 
1095677,52 72 
1095920,13 70 
1097545,32 80 
1098598,41 83 
1101444,77 64 2847
1101622,44 74 160
1101622,44 61 160
1102132,45 151 
1102158,41 69 
1103670,46 93 
1103689,21 103 
1103689,21 101 
1105716,61 100 
1105716,61 3
1105716,61 2113
1105716,61 10
1107701,52 25 
1117702,69 254 
1117723,12 101 
1119722,44 100 
1119722,44 3
1119722,44 2113
1119722,44 10
1119722,44 25 
1129724,65 254 
1129731,35 101 
1131743,79 100 
1131743,79 3
1131743,79 2113
1131743,79 10
1131743,79 25 
1141747,67 254 
1141766,13 101 
1143778,61 100 
1143778,61 3
1143778,61 2113
1143778,61 10
1143778,61 25 
1153779,72 254 
1153787,63 101 
1155786,91 100 
1155786,91 3
1155786,91 2113
1155786,91 10
1155786,91 25 
1165790,22 254 
1165809,14 101 
1167821,62 100 
1167821,62 3
1167821,62 2113
1167821,62 10
1167821,62 25 
1177823,63 254 
1177843,99 101 
1179856,52 100 
1179856,52 3
1179856,52 2113
1179856,52 10
1179856,52 25 
1189857,77 254 
1189865,63 101 
1191877,97 100 
1191877,97 3
1191877,97 2113
1191877,97 10
1191877,97 25 
1201879,47 254 
1201887,03 101 
1203899,48 100 
1203899,48 3
1203899,48 2113
1203899,48 10
1203899,48 25 
1213901,79 254 
1213921,82 101 
1215934,32 100 
1215934,32 3
1215934,32 2113
1215934,32 10
1215934,32 25 
1225934,65 254 
1225943,36 101 
1227955,83 100 
1227955,83 3
1227955,83 2113
1227955,83 10
1227955,83 25 
1237956,13 254 
1237964,87 101 
1239964,14 100 
1239964,14 3
1239964,14 2113
1239964,14 10
1239964,14 25 
1249964,78 254 
1249973,07 101 
1251985,52 100 
1251985,52 3
1251985,52 2113
1251985,52 10
1251985,52 25 
1261988,68 254 
1262007,98 101 
1264020,36 100 
1264020,36 3
1264020,36 2113
1264020,36 10
1264020,36 25 
1274023,76 254 
1274042,89 101 
1276055,19 100 
1276055,19 3
1276055,19 2113
1276055,19 10
1276055,19 25 
1286056,73 254 
1286064,27 101 
1288076,71 100 
1288076,71 3
1288076,71 2113
1288076,71 10
1288076,71 25 
1298077,31 254 
1298085,74 101 
1300085,13 100 
1300085,13 3
1300085,13 2113
1300085,13 10
1300085,13 25 
1302538,31 75 
1302544,53 250 
1302550,29 101 
1304563,74 100 
1304563,74 3
1304563,74 2113
1304563,74 10
1304563,74 25 
1304590 75 
1305798,06 72 
1306029,94 70 
1307639,18 80 
1309001,5 83 
1309597,76 64 597
1309821,22 74 207
1309821,22 61 207
1310828,67 151 
1310855,9 69 
1311563,54 93 
1311573,65 103 
1311573,65 101 
1313607,28 100 
1313607,28 3
1313607,28 2113
1313607,28 10
1315585,66 25 
1315612,98 75 
1316821,03 72 
1316891,98 70 
1318422,67 80 
1318784 83 
1319756,61 64 973
1319933,69 74 164
1319933,69 62 164
1320444,27 150 
1320465,18 68 
1320961,3 249
1321152,32 172 
1321374,92 92 
1321374,92 65 
1321395,82 103 
1321395,82 101 
1321922,28 100 
1321922,28 3
1321922,28 2113
1321922,28 11
1323902,13 25 
1323930,31 75 
1325138,83 72 
1325208,31 70 
1326741,34 80 
1327806,74 83 
1328463,01 64 657
1328681,27 74 195
1328681,27 61 195
1330190,3 151 
1330220,66 69 
1332231,1 93 
1332245,73 103 
1332245,73 101 
1334273,87 100 
1334273,87 3
1334273,87 2113
1334273,87 10
1336256,81 25 
1336283,94 75 
1337492,54 72 
1337563,02 70 
1339082,18 80 
1340468,01 83 
1340563,27 64 95
1340882,52 74 295
1340882,52 63 295
1341892,86 151 
1341922,56 69 
1342833,9 93 
1342853,26 103 
1342853,26 101 
1344885,75 100 
1344885,75 3
1344885,75 2113
1344885,75 11
1346865,69 25 
1346892,91 75 
1348104,5 72 
1348171,81 70 
1349698,88 80 
1350770,25 83 
1351382,49 64 613
1351559,46 74 164
1351559,46 62 164
1353070,73 151 
1353090,77 69 
1354856,81 249 
1355099,35 93 
1355114,66 103 
1355114,66 101 
1357140,77 100 
1357140,77 3
1357140,77 2113
1357140,77 11
1359127,04 25 
1359154,41 75 
1360363,09 72 
1360433,19 70 
1361956,75 80 
1363324,91 83 
1363681,36 64 357
1363942,91 74 245
1363942,91 63 245
1364954,31 150 
1364979,45 68 
1365691,06 92 
1365691,06 65 
1365710,23 103 
1365710,23 101 
1366239 100 
1366239 3
1366239 2113
1366239 10
1368216,44 25 
1368789,97 75 
1369997,71 72 
1370069,07 70 
1371590,55 80 
1371961,15 83 
1372683,53 64 723
1372899,17 74 192
1372899,17 62 192
1373408,32 152 
1373428,58 69 
1374486,3 249 
1374940,53 93 
1374959,49 103 
1374959,49 101 
1376993,28 100 
1376993,28 3
1376993,28 2113
1376993,28 10
1378971,83 25 
1379012,54 75 
1380221,84 72 
1380291,41 70 
1381824,19 80 
1382210,11 83 
1384526,46 64 2317
1384717,28 74 175
1384717,28 62 175
1385226,9 150 
1385250,7 68 
1386159,66 92 
1386159,66 65 
1386181,36 103 
1386181,36 101 
1386707,68 100 
1386707,68 3
1386707,68 2113
1386707,68 11
1388687,7 25 
1389620,94 75 
1390828,55 72 
1390900,12 70 
1392418,3 80 
1393778,53 83 
1394633,34 64 855
1394892,87 74 235
1394892,87 63 235
1396403,28 150 
1396432,55 68 
1397945,79 92 
1397945,79 65 
1397962,97 103 
1397962,97 101 
1398494,84 100 
1398494,84 3
1398494,84 2113
1398494,84 11
1400469,24 25 
1400762,92 75 
1401972,81 72 
1402042 70 
1403571,07 80 
1404640,45 83 
1405356,14 64 716
1405562,54 74 190
1405562,54 62 190
1406569,66 151 
1406587,8 69 
1407298,82 93 
1407318,95 103 
1407318,95 101 
1409350,87 100 
1409350,87 3
1409350,87 2113
1409350,87 11
1411331,35 25 
1411358,49 75 
1412567,22 72 
1412810,72 70 
1414484,49 80 
1414969,32 83 
1417086,37 64 2117
1417316,76 74 216
1417316,76 61 216
1417826,79 151 
1417850,08 69 
1419862,65 93 
1419873,59 103 
1419873,59 101 
1421902,9 100 
1421902,9 3
1421902,9 2113
1421902,9 10
1423885,89 25 
1423913,07 75 
1425120,16 72 
1425192,12 70 
1426711,08 80 
1428070,4 83 
1429443,77 64 1374
1429676,56 74 208
1429676,56 62 208
1430688 150 
1430711,23 68 
1432220,15 92 
1432220,15 65 
1432241,59 103 
1432241,59 101 
1432768,95 100 
1432768,95 3
1432768,95 2113
1432768,95 10
1434747,92 25 
1435534,85 75 
1436742,83 72 
1436813,78 70 
1438331,26 80 
1439398,88 83 
1439986,67 64 588
1440201,99 74 190
1440201,99 62 190
1441709,85 150 
1441732,39 68 
1443742,15 92 
1443742,15 65 
1443756,68 103 
1443756,68 101 
1444289,09 100 
1444289,09 3
1444289,09 2113
1444289,09 10
1446263,02 25 
1446583,36 75 
1447790,96 72 
1447862,39 70 
1449387,55 80 
1450740,83 83 
1451196,28 64 456
1451381,97 74 162
1451381,97 62 162
1452392,24 150 
1452421,16 68 
1453133,42 92 
1453133,42 65 
1453152,65 103 
1453152,65 101 
1453679,68 100 
1453679,68 3
1453679,68 2113
1453679,68 11
1455658,92 25 
1456125,8 75 
1457333,16 72 
1457404,98 70 
1458917,97 80 
1459270,43 83 
1460670,26 64 1400
1460881,87 74 199
1460881,87 61 199
1461391,68 151 
1461418,02 69 
1462330,84 93 
1462348,74 103 
1462348,74 101 
1464375,14 100 
1464375,14 3
1464375,14 2113
1464375,14 10
1466361,02 25 
1466388,26 75 
1467595,53 72 
1467667,21 70 
1469189,57 80 
1470252,35 83 
1470870,3 64 618
1471095,62 74 204
1471095,62 62 204
1472604,88 150 
1472626,68 68 
1473280,29 249
1474636,93 92 
1474636,93 65 
1474650,06 103 
1474650,06 101 
1475180,08 100 
1475180,08 3
1475180,08 2113
1475180,08 11
1477156,37 25 
1477516,69 75 
1478726,01 72 
1478795,8 70 
1480306,77 80 
1480674,53 83 
1482304,41 64 1630
1482576,99 74 250
1482576,99 63 250
1483586,13 150 
1483607,77 68 
1484314,51 92 
1484314,51 65 
1484339,25 103 
1484339,25 101 
1484865,73 100 
1484865,73 3
1484865,73 2113
1484865,73 10
1486845,73 25 
1487219,08 75 
1488428,57 72 
1488498,27 70 
1490027,84 80 
1491096,72 83 
1491521,82 64 426
1491732,23 74 196
1491732,23 62 196
1493239,77 152 
1493257,7 69 
1494170,23 93 
1494188,39 103 
1494188,39 101 
1496215,46 100 
1496215,46 3
1496215,46 2113
1496215,46 11
1498200,69 25 
1498228,62 75 
1499436,91 72 
1499506,9 70 
1501026,58 80 
1502385,18 83 
1503020,69 64 636
1503267,86 74 230
1503267,86 61 230
1503777,44 151 
1503799,45 69 
1505310,46 93 
1505330,26 103 
1505330,26 101 
1507369,66 100 
1507369,66 3
1507369,66 2113
1507369,66 10
1509343,03 25 
1509369,95 75 
1510576,69 72 
1510648,78 70 
1512162,76 80 
1513220,56 83 
1514501,11 64 1281
1514703,96 74 178
1514703,96 62 178
1515712,72 150 
1515741,35 68 
1516149,33 249
1516255,54 172 
1517752,84 92 
1517752,84 65 
1517765,06 103 
1517765,06 101 
1518291,93 100 
1518291,93 3
1518291,93 2113
1518291,93 10
1520271,25 25 
1520658,1 75 
1521867,51 72 
1522057,22 70 
1523582,61 80 
1524935,59 83 
1525313,49 64 379
1525515,88 74 181
1525515,88 62 181
1526027,22 150 
1526056,17 68 
1527567,03 92 
1527567,03 65 
1527587,38 103 
1527587,38 101 
1528114,22 100 
1528114,22 3
1528114,22 2113
1528114,22 10
1530093,73 25 
1530560,57 75 
1531770,69 72 
1531839,69 70 
1533361,47 80 
1533731,74 83 
1534737,83 64 1007
1534928,71 74 171
1534928,71 62 171
1536440,84 150 
1536465,77 68 
1537376,01 92 
1537376,01 65 
1537396,48 103 
1537396,48 101 
1537927,63 100 
1537927,63 3
1537927,63 2113
1537927,63 11
1539902,76 25 
1540329,66 75 
1541539,45 72 
1541608,83 70 
1543134,6 80 
1544500,45 83 
1544871,67 64 372
1545072,8 74 186
1545072,8 61 186
1546583,72 151 
1546608,22 69 
1547319,78 93 
1547338,96 103 
1547338,96 101 
1549365,21 100 
1549365,21 3
1549365,21 2113
1549365,21 11
1551351,22 25 
1551379,24 75 
1552585,76 72 
1552657,43 70 
1554169,03 80 
1554522,85 83 
1556820,01 64 2298
1557097,74 74 257
1557097,74 63 257
1557608,75 150 
1557630,04 68 
1559141,73 92 
1559141,73 65 
1559160,5 103 
1559160,5 101 
1559686,73 100 
1559686,73 3
1559686,73 2113
1559686,73 11
1561666,83 25 
1562133,62 75 
1563343,12 72 
1563412,79 70 
1564933,06 80 
1566011,24 83 
1566664,4 64 653
1566958,51 74 282
1566958,51 63 282
1567969,34 152 
1567998,62 69 
1568906,93 93 
1568929,75 103 
1568929,75 101 
1570961,34 100 
1570961,34 3
1570961,34 2113
1570961,34 11
1572941,95 25 
1572969,44 75 
1574177,88 72 
1574248,13 70 
1575764,87 80 
1576113,58 83 
1578464,25 64 2351
1578762,43 74 276
1578762,43 63 276
1579270,38 150 
1579301,65 68 
1580013,24 92 
1580013,24 65 
1580031,53 103 
1580031,53 101 
1580557,78 100 
1580557,78 3
1580557,78 2113
1580557,78 11
1582551,16 25 
1582778,14 75 
1583986,43 72 
1584057,3 70 
1585584,29 80 
1586642,39 83 
1587851,66 64 1210
1588138,02 74 270
1588138,02 63 270
1589648,27 150 
1589669,61 68 
1591679,34 92 
1591679,34 65 
1591693,21 103 
1591693,21 101 
1592220,37 100 
1592220,37 3
1592220,37 2113
1592220,37 10
1594199,51 25 
1594479,77 75 
1595689,93 72 
1595759 70 
1597279,17 80 
1598637,24 83 
1598920,53 64 284
1599100,41 74 157
1599100,41 62 157
1600107,68 150 
1600131,83 68 
1601040,54 92 
1601040,54 65 
1601062,56 103 
1601062,56 101 
1601592,16 100 
1601592,16 3
1601592,16 2113
1601592,16 10
1603568,91 25 
1604062,31 75 
1605270,06 72 
1605341,52 70 
1606857,27 80 
1607220,28 83 
1608223,47 64 1004
1608428,34 74 182
1608428,34 62 182
1608940,29 150 
1608968,07 68 
1610245,48 249
1610978,3 92 
1610978,3 65 
1611004,92 103 
1611004,92 101 
1611533,78 100 
1611533,78 3
1611533,78 2113
1611533,78 10
1613511,21 25 
1613831,41 75 
1615040,89 72 
1615110,63 70 
1616631,02 80 
1617695,79 83 
1618310,95 64 616
1618521,14 74 186
1618521,14 62 186
1620030,52 150 
1620055,88 68 
1620519,38 249
1620546,11 172 
1620768,1 92 
1620768,1 65 
1620787,42 103 
1620787,42 101 
1621313,57 100 
1621313,57 3
1621313,57 2113
1621313,57 11
1623293,68 25 
1623787,22 75 
1624995,01 72 
1625239,85 70 
1626818 80 
1628358,02 83 
1631034,84 64 2677
1631274,52 74 225
1631274,52 63 225
1632287,28 150 
1632317,32 68 
1633829,57 92 
1633829,57 65 
1633848,45 103 
1633848,45 101 
1634382,02 100 
1634382,02 3
1634382,02 2113
1634382,02 10
1636368,05 25 
1636648,36 75 
1637857,77 72 
1637927,5 70 
1639446,44 80 
1640806,71 83 
1641232,12 64 427
1641460,1 74 215
1641460,1 62 215
1642472,41 150 
1642500,58 68 
1643063,24 249
1643188,21 172 
1644010,21 92 
1644010,21 65 
1644030,74 103 
1644030,74 101 
1644556,95 100 
1644556,95 3
1644556,95 2113
1644556,95 11
1646537,2 25 
1647243,79 75 
1648451,04 72 
1648522,97 70 
1650049,97 80 
1650415,08 83 
1651316,07 64 901
1651597,34 74 263
1651597,34 63 263
1653108,49 150 
1653135,8 68 
1655145,78 92 
1655145,78 65 
1655159,47 103 
1655159,47 101 
1655685,64 100 
1655685,64 3
1655685,64 2113
1655685,64 11
1657665,61 25 
1658199,08 75 
1659406,28 72 
1659478,28 70 
1661000,56 80 
1662063,35 83 
1662678,5 64 616
1662954,94 74 252
1662954,94 63 252
1663464,36 150 
1663491,33 68 
1664203,96 92 
1664203,96 65 
1664222,08 103 
1664222,08 101 
1664758,77 100 
1664758,77 3
1664758,77 2113
1664758,77 11
1666741,73 25 
1667261,91 75 
1668471,76 72 
1668541,04 70 
1670065,58 80 
1670433,19 83 
1671433,39 64 1000
1671708,13 74 262
1671708,13 63 262
1672216,4 152 
1672247,61 69 
1673160,66 93 
1673178,24 103 
1673178,24 101 
1675207,55 100 
1675207,55 3
1675207,55 2113
1675207,55 11
1677190,56 25 
1677218,73 75 
1678428,5 72 
1678496,8 70 
1680022,94 80 
1681388,49 83 
1681998,57 64 611
1682271,66 74 258
1682271,66 63 258
1683780,81 150 
1683802,57 68 
1684710,55 92 
1684710,55 65 
1684733,28 103 
1684733,28 101 
1685259,55 100 
1685259,55 3
1685259,55 2113
1685259,55 10
1687239,66 25 
1687666,44 75 
1688875,26 72 
1688945,62 70 
1690467,07 80 
1691544,1 83 
1692063,44 64 519
1692265,79 74 189
1692265,79 62 189
1693273,57 150 
1693292,2 68 
1695302,64 92 
1695302,64 65 
1695328,74 103 
1695328,74 101 
1695857,09 100 
1695857,09 3
1695857,09 2113
1695857,09 10
1697835,07 25 
1698661,84 75 
1699868,21 72 
1699940,89 70 
1701458,29 80 
1702832,54 83 
1703181,21 64 349
1703369,2 74 164
1703369,2 62 164
1704378,22 150 
1704407,17 68 
1705115,01 92 
1705115,01 65 
1705137,86 103 
1705137,86 101 
1705664,44 100 
1705664,44 3
1705664,44 2113
1705664,44 10
1707644,17 25 
1708204,34 75 
1709414,33 72 
1709483,49 70 
1711002,49 80 
1711362,24 83 
1712340,82 64 979
1712574,54 74 214
1712574,54 62 214
1713084,99 150 
1713110,02 68 
1714619,66 92 
1714619,66 65 
1714640,47 103 
1714640,47 101 
1715172,37 100 
1715172,37 3
1715172,37 2113
1715172,37 11
1717146,8 25 
1717706,9 75 
1718913,86 72 
1718986,04 70 
1720509,73 80 
1721584,52 83 
1721993,13 64 409
1722266,45 74 256
1722266,45 63 256
1723774,26 150 
1723798,84 68 
1725808,57 92 
1725808,57 65 
1725822,43 103 
1725822,43 101 
1726352,35 100 
1726352,35 3
1726352,35 2113
1726352,35 10
1728328,63 25 
1728528,89 75 
1729736,17 72 
1729808,09 70 
1731325,03 80 
1731700,2 83 
1732662,24 64 962
1732862,46 74 176
1732862,46 62 176
1733373,47 150 
1733394,74 68 
1734905,51 92 
1734905,51 65 
1734925,26 103 
1734925,26 101 
1735453,22 100 
1735453,22 3
1735453,22 2113
1735453,22 11
1737431,42 25 
1738018,39 75 
1739225,92 72 
1739297,4 70 
1740813,81 80 
1741882,46 83 
1742431,1 64 549
1742683,54 74 229
1742683,54 63 229
1743690,89 150 
1743710,26 68 
1744420,09 92 
1744420,09 65 
1744441,03 103 
1744441,03 101 
1744969,13 100 
1744969,13 3
1744969,13 2113
1744969,13 11
1746947,31 25 
1747240,88 75 
1748448,52 72 
1748520,06 70 
1750045,21 80 
1751411,73 83 
1752194,41 64 783
1752447,93 74 237
1752447,93 63 237
1753955,75 150 
1753985,85 68 
1754895,04 92 
1754895,04 65 
1754916,54 103 
1754916,54 101 
1755452,19 100 
1755452,19 3
1755452,19 2113
1755452,19 11
1757436,15 25 
1757836,37 75 
1759044,44 72 
1759115,54 70 
1760639,2 80 
1762007,17 83 
1762898,04 64 891
1763141,3 74 228
1763141,3 63 228
1764653,42 150 
1764674,57 68 
1765384,16 92 
1765384,16 65 
1765405,35 103 
1765405,35 101 
1765933,97 100 
1765933,97 3
1765933,97 2113
1765933,97 10
1767911,65 25 
1768565,08 75 
1769773,98 72 
1769844,24 70 
1771377,48 80 
1772456,04 83 
1773119,03 64 663
1773319,51 74 185
1773319,51 62 185
1773828,77 150 
1773857,37 68 
1774251,53 249
1774384,17 172 
1775367,5 92 
1775367,5 65 
1775387,72 103 
1775387,72 101 
1775915,67 100 
1775915,67 3
1775915,67 2113
1775915,67 10
1777894,09 25 
1778600,81 75 
1779809,33 72 
1779879,94 70 
1781401,26 80 
1781772,05 83 
1782806,52 64 1035
1783000,4 74 175
1783000,4 62 175
1784010,4 150 
1784039,64 68 
1784550,22 249
1784652,37 172 
1786048,02 92 
1786048,02 65 
1786063,16 103 
1786063,16 101 
1786597,84 100 
1786597,84 3
1786597,84 2113
1786597,84 10
1788569,48 25 
1789369,52 75 
1790577,3 72 
1790648,66 70 
1792179,79 80 
1793233,79 83 
1793697,56 64 465
1793897,14 74 184
1793897,14 62 184
1794407,36 150 
1794435,35 68 
1795344,27 92 
1795344,27 65 
1795365,84 103 
1795365,84 101 
1795892,14 100 
1795892,14 3
1795892,14 2113
1795892,14 10
1797872,23 25 
1798552,2 75 
1799761,28 72 
1799831,44 70 
1801349,34 80 
1801723,5 83 
1802831,72 64 1109
1803025,86 74 170
1803025,86 62 170
1804034,52 152 
1804057,37 69 
1804767,63 93 
1804788,46 103 
1804788,46 101 
1806814,78 100 
1806814,78 3
1806814,78 2113
1806814,78 11
1808800,82 25 
1808828,01 75 
1810035,03 72 
1810106,96 70 
1811631,02 80 
1812998,65 83 
1813389,83 64 392
1813632,53 74 222
1813632,53 63 222
1815141,54 150 
1815159,7 68 
1816668,72 92 
1816668,72 65 
1816690,08 103 
1816690,08 101 
1817227,11 100 
1817227,11 3
1817227,11 2113
1817227,11 10
1819209,65 25 
1819609,97 75 
1820818,47 72 
1820889,2 70 
1822416,29 80 
1823487,45 83 
1823910,37 64 423
1824093,77 74 167
1824093,77 62 167
1825102,5 152 
1825128,71 69 
1826037 93 
1826059,34 103 
1826059,34 101 
1828086,96 100 
1828086,96 3
1828086,96 2113
1828086,96 11
1830071,64 25 
1830099,36 75 
1831306,17 72 
1831377,84 70 
1832898,81 80 
1833269,95 83 
1834287,82 64 1018
1834560,26 74 251
1834560,26 63 251
1836069,1 150 
1836097,38 68 
1838108,47 92 
1838108,47 65 
1838134,16 103 
1838134,16 101 
1838660,65 100 
1838660,65 3
1838660,65 2113
1838660,65 10
1840640,49 25 
1840947,4 75 
1842157,94 72 
1842226,56 70 
1843751,19 80 
1845131,5 83 
1845759,64 64 629
1845969,08 74 185
1845969,08 62 185
1846477,78 150 
1846506,18 68 
1847216,12 92 
1847216,12 65 
1847236,92 103 
1847236,92 101 
1847768,22 100 
1847768,22 3
1847768,22 2113
1847768,22 10
1849743,25 25 
1850516,6 75 
1851723,78 72 
1851795,77 70 
1853315,65 80 
1854700,73 83 
1855207,48 64 508
1855407,34 74 187
1855407,34 62 187
1856917,07 150 
1856941,67 68 
1858886,88 249
1858953,8 92 
1858953,8 65 
1858978,54 103 
1858978,54 101 
1859504,96 100 
1859504,96 3
1859504,96 2113
1859504,96 11
1861485,01 25 
1861791,76 75 
1863001,65 72 
1863070,95 70 
1864590,53 80 
1865669,37 83 
1866196,02 64 527
1866447,24 74 232
1866447,24 63 232
1867457,25 150 
1867483,11 68 
1868394,78 92 
1868394,78 65 
1868414,5 103 
1868414,5 101 
1868944,23 100 
1868944,23 3
1868944,23 2113
1868944,23 11
1870920,77 25 
1871334,42 75 
1872542,18 72 
1872613,53 70 
1874137,04 80 
1874505,57 83 
1875813,13 64 1307
1876087,4 74 249
1876087,4 63 249
1876597,58 150 
1876626,61 68 
1878134,71 92 
1878134,71 65 
1878157 103 
1878157 101 
1878692,1 100 
1878692,1 3
1878692,1 2113
1878692,1 11
1880676,66 25 
1880944,65 75 
1882153,59 72 
1882222,69 70 
1883745,53 80 
1884821,17 83 
1885386,69 64 566
1885648,23 74 241
1885648,23 63 241
1886160,31 150 
1886182,52 68 
1887090,48 92 
1887090,48 65 
1887113,18 103 
1887113,18 101 
1887640,67 100 
1887640,67 3
1887640,67 2113
1887640,67 11
1889619,46 25 
1890166,24 75 
1891373,29 72 
1891445,47 70 
1892975,06 80 
1894350,41 83 
1895112,97 64 763
1895373,57 74 238
1895373,57 63 238
1896883,47 150 
1896911,21 68 
1898418,23 92 
1898418,23 65 
1898441,7 103 
1898441,7 101 
1898968,15 100 
1898968,15 3
1898968,15 2113
1898968,15 10
1900947,93 25 
1900988,34 75 
1902194,92 72 
1902267,43 70 
1903783,84 80 
1904146,21 83 
1904992,27 64 846
1905206,15 74 194
1905206,15 62 194
1906215,47 150 
1906240,52 68 
1906951,9 92 
1906951,9 65 
1906971,3 103 
1906971,3 101 
1907503,71 100 
1907503,71 3
1907503,71 2113
1907503,71 10
1909490,92 25 
1910064,36 75 
1911274,36 72 
1911343,63 70 
1912868,61 80 
1913928,72 83 
1914526,42 64 598
1914761,87 74 221
1914761,87 62 221
1915271,68 150 
1915302,96 68 
1917149,72 249
1917315,6 92 
1917315,6 65 
1917340,2 103 
1917340,2 101 
1917871,67 100 
1917871,67 5
1917871,67 2113
1917871,67 11
1917871,67 78 
1917871,67 198 
1919846,45 25 
1920140,4 75 
1921347,59 72 
1921419,25 70 
1922938,33 80 
1924310,89 83 
1924637,03 64 326
1924930,93 74 274
1924930,93 63 274
1925942,31 151 
1925965,09 69 
1926677,1 93 
1926696,19 103 
1926696,19 101 
1928723,18 100 
1928723,18 5
1928723,18 2113
1928723,18 10
1930708,51 25 
1930735,84 75 
1931942,49 72 
1932014,71 70 
1933544,74 80 
1933906,74 83 
1936424,17 64 2518
1936638,79 74 200
1936638,79 62 200
1938147,52 151 
1938173,47 69 
1940181,2 93 
1940197,05 103 
1940197,05 101 
1942229,75 100 
1942229,75 5
1942229,75 2113
1942229,75 10
1944209,36 25 
1944236,62 75 
1945445,71 72 
1945675,5 70 
1947287,09 80 
1947647,59 83 
1948453,67 64 807
1948682,47 74 210
1948682,47 62 210
1950191,75 151 
1950221,27 69 
1951731,36 93 
1951752,08 103 
1951752,08 101 
1953778,53 100 
1953778,53 5
1953778,53 2113
1953778,53 11
1955764,43 25 
1957484,03 75 
1958690,62 72 
1958763,29 70 
1960282,23 80 
1961348,31 83 
1962746,98 64 1399
1963035,72 74 275
1963035,72 63 275
1963546,81 151 
1963575,97 69 
1964487,22 93 
1964506,64 103 
1964506,64 101 
1966535,19 100 
1966535,19 5
1966535,19 2113
1966535,19 10
1968518,98 25 
1968546,16 75 
1969754,85 72 
1969825,13 70 
1971346,83 80 
1972730,11 83 
1973085,67 64 356
1973291,12 74 188
1973291,12 62 188
1974299,28 153 
1974317,29 68 
1975027,09 92 
1975027,09 65 
1975048,78 103 
1975048,78 101 
1975582,97 100 
1975582,97 5
1975582,97 2113
1975582,97 11
1977568,37 25 
1978075,36 75 
1979283,68 72 
1979354,35 70 
1980888,97 80 
1981952,84 83 
1983002,26 64 1050
1983284,73 74 266
1983284,73 63 266
1983797,13 151 
1983820,23 69 
1985332,44 93 
1985351 103 
1985351 101 
1987377,65 100 
1987377,65 5
1987377,65 2113
1987377,65 11
1989363,32 25 
1989390,46 75 
1990596,98 72 
1990669,57 70 
1992191,52 80 
1993561,2 83 
1996311,18 64 2750
1996568,85 74 235
1996568,85 63 235
1997578,52 151 
1997601,16 69 
1998513,07 93 
1998532,03 103 
1998532,03 101 
2000558,63 100 
2000558,63 5
2000558,63 2113
2000558,63 11
2002544,31 25 
2002571,51 75 
2003778,29 72 
2003850,56 70 
2005375,61 80 
2005742,65 83 
2008943,7 64 3202
2009143,35 74 175
2009143,35 62 175
2010655,81 150 
2010675,88 68 
2011088,05 249
2011143 172 
2012683,68 92 
2012683,68 65 
2012699,29 103 
2012699,29 101 
2013232,02 100 
2013232,02 5
2013232,02 2113
2013232,02 10
2015218,88 25 
2015725,78 75 
2016933,52 72 
2017004,89 70 
2018524,75 80 
2019909,93 83 
2020312,54 64 403
2020514,18 74 178
2020514,18 62 178
2021522,41 151 
2021550,76 69 
2023327,26 249 
2023559,51 93 
2023574,68 103 
2023574,68 101 
2025604,9 100 
2025604,9 5
2025604,9 2113
2025604,9 10
2027586,96 25 
2027614,12 75 
2028823,09 72 
2028893,13 70 
2030420,45 80 
2030785,22 83 
2032169,97 64 1385
2032366,66 74 183
2032366,66 62 183
2032874,73 151 
2032892,21 69 
2033601,65 93 
2033623,65 103 
2033623,65 101 
2035650,98 100 
2035650,98 5
2035650,98 2113
2035650,98 11
2037635,97 25 
2037663,35 75 
2038870,78 72 
2038942,33 70 
2040456,6 80 
2041527,27 83 
2047568,85 64 6042
2047935 74 344
2047935 63 344
2049447,93 151 
2049472,42 69 
2050384,06 93 
2050403,1 103 
2050403,1 101 
2052433,35 100 
2052433,35 5
2052433,35 2113
2052433,35 10
2054415,43 25 
2054442,61 75 
2055650,14 72 
2055841,59 70 
2057379,45 80 
2057733,74 83 
2060501,95 64 2769
2060699,86 74 181
2060699,86 62 181
2062208,62 151 
2062226,78 69 
2063738,46 93 
2063757,37 103 
2063757,37 101 
2065787,8 100 
2065787,8 5
2065787,8 2113
2065787,8 10
2067769,77 25 
2067796,93 75 
2069006,22 72 
2069075,97 70 
2070591,79 80 
2071647,69 83 
2774218,12 64 702571
2774449,19 74 210
2774449,19 62 210
2774960,27 151 
2774987,52 69 
2775695,12 93 
2775718,66 103 
2775718,66 101 
2777746,58 100 
2777746,58 5
2777746,58 2113
2777746,58 11
2779730,99 25 
2779758,35 75 
2780967,77 72 
2781277,1 70 
2783024,93 80 
2784648,52 83 
2785770,25 64 1122
2786094,5 74 301
2786094,5 63 301
2787108,45 151 
2787128,92 69 
2788046,01 249 
2788212,43 256 
2791255,87 182 
2805476,31 93 
2805492,55 103 
2805492,55 101 
2807523,27 100 
2807523,27 5
2807523,27 2113
2807523,27 10
2809504,88 25 
2809532,03 75 
2810739,28 72 
2810811,09 70 
2812330,22 80 
2813396,26 83 
2814289,22 64 893
2814489,49 74 175
2814489,49 62 175
2814999,22 151 
2815024,43 69 
2817033,05 93 
2817047,67 103 
2817047,67 101 
2819076,41 100 
2819076,41 5
2819076,41 2113
2819076,41 10
2821059,96 25 
2821087,15 75 
2822294,67 72 
2822366,1 70 
2823886 80 
2824258,23 83 
2826500,72 64 2243
2826755,54 74 232
2826755,54 61 232
2827764,42 153 
2827791,93 68 
2828702,5 92 
2828702,5 65 
2828722,63 103 
2828722,63 101 
2829249,61 100 
2829249,61 5
2829249,61 2113
2829249,61 10
2831228,95 25 
2831829,05 75 
2833039,05 72 
2833108,29 70 
2834631,56 80 
2835999,87 83 
2836492,24 64 493
2836761,92 74 256
2836761,92 61 256
2838275,57 151 
2838294,19 69 
2839202,77 93 
2839224,76 103 
2839224,76 101 
2841256,18 100 
2841256,18 5
2841256,18 2113
2841256,18 11
2843237,11 25 
2843264,45 75 
2844475,42 72 
2844543,44 70 
2846071,66 80 
2847434,92 83 
2849530,29 64 2095
2849791,61 74 238
2849791,61 63 238
2850803,39 151 
2850835,36 69 
2852165,08 249 
2852265,4 256 
2857048,57 182 
2867269,66 93 
2867279,4 103 
2867279,4 101 
2869305,82 100 
2869305,82 5
2869305,82 2113
2869305,82 11
2871291,69 25 
2871318,95 75 
2872525,99 72 
2872598,18 70 
2874116,5 80 
2874489,99 83 
2875516,67 64 1027
2875699,4 74 170
2875699,4 62 170
2877209,78 150 
2877237,41 68 
2877654,57 249
2878745,87 92 
2878745,87 65 
2878767,83 103 
2878767,83 101 
2879296,78 100 
2879296,78 5
2879296,78 2113
2879296,78 11
2881274,25 25 
2882167,44 75 
2883375,4 72 
2883619,87 70 
2885239,12 80 
2886311,61 83 
2887265,51 64 955
2887424,18 74 140
2887424,18 62 140
2887934,97 150 
2887965,34 68 
2888673,69 92 
2888673,69 65 
2888696,88 103 
2888696,88 101 
2889238,83 100 
2889238,83 5
2889238,83 2113
2889238,83 10
2891216,48 25 
2891816,61 75 
2893025,82 72 
2893095,79 70 
2894622,15 80 
2895680,88 83 
2896310,04 64 629
2896590,85 74 257
2896590,85 63 257
2897103,57 150 
2897121,63 68 
2897832,98 92 
2897832,98 65 
2897852,95 103 
2897852,95 101 
2898380,2 100 
2898380,2 5
2898380,2 2113
2898380,2 10
2900359,25 25 
2900746,1 75 
2901954,56 72 
2902025,32 70 
2903549,21 80 
2904916,97 83 
2905276,26 64 359
2905533,14 74 243
2905533,14 63 243
2907044,67 150 
2907064,76 68 
2908574,58 92 
2908574,58 65 
2908594,99 103 
2908594,99 101 
2909121,26 100 
2909121,26 5
2909121,26 2113
2909121,26 10
2911101,36 25 
2911621,48 75 
2912830,16 72 
2912900,64 70 
2914432,01 80 
2914806,04 83 
2915950,99 64 1145
2916165,47 74 201
2916165,47 62 201
2917175,85 151 
2917207,23 69 
2919217,54 93 
2919230,44 103 
2919230,44 101 
2921259,34 100 
2921259,34 5
2921259,34 2113
2921259,34 11
2923242,79 25 
2923283,43 75 
2924490,97 72 
2924562,26 70 
2926087,6 80 
2927454,02 83 
2927970,68 64 517
2928159,73 74 173
2928159,73 62 173
2929169,03 150 
2929188,44 68 
2930096,28 92 
2930096,28 65 
2930119,1 103 
2930119,1 101 
2930650,89 100 
2930650,89 5
2930650,89 2113
2930650,89 10
2932625,47 25 
2932905,71 75 
2934115,2 72 
2934184,8 70 
2935713,61 80 
2936076,91 83 
2937064,23 64 987
2937332,47 74 256
2937332,47 63 256
2937841,55 150 
2937864,01 68 
2939870,56 92 
2939870,56 65 
2939888,3 103 
2939888,3 101 
2940417,86 100 
2940417,86 5
2940417,86 2113
2940417,86 11
2942394,58 25 
2943061,32 75 
2944267,57 72 
2944340,49 70 
2945866,16 80 
2946938,95 83 
2947545,65 64 607
2947731,79 74 167
2947731,79 62 167
2949241,27 150 
2949259,82 68 
2949828,99 249
2949968,22 92 
2949968,22 65 
2949990,6 103 
2949990,6 101 
2950523,53 100 
2950523,53 5
2950523,53 2113
2950523,53 10
2952510,18 25 
2953163,69 75 
2954373,5 72 
2954442,84 70 
2955963,06 80 
2957041,23 83 
2958045,48 64 1005
2958230,21 74 163
2958230,21 62 163
2958740,8 151 
2958762,5 69 
2960274,73 93 
2960292,82 103 
2960292,82 101 
2962319,27 100 
2962319,27 5
2962319,27 2113
2962319,27 11
2964305,13 25 
2964332,36 75 
2965540,53 72 
2965611,39 70 
2967136 80 
2968503,15 83 
2968974,54 64 472
2969154,61 74 159
2969154,61 62 159
2970666,37 150 
2970689,85 68 
2971598,09 92 
2971598,09 65 
2971621,29 103 
2971621,29 101 
2972147,77 100 
2972147,77 5
2972147,77 2113
2972147,77 11
2974127,61 25 
2974474,49 75 
2975683,28 72 
2975753,67 70 
2977282,54 80 
2977645,76 83 
2978783,33 64 1138
2979012,07 74 207
2979012,07 62 207
2980023,33 150 
2980046,61 68 
2980466,23 249
2980956,48 92 
2980956,48 65 
2980977,31 103 
2980977,31 101 
2981510,32 100 
2981510,32 5
2981510,32 2113
2981510,32 11
2983496,96 25 
2984030,49 75 
2985240,13 72 
2985482,89 70 
2987107,3 80 
2988467,82 83 
2988879,62 64 413
2989078,78 74 185
2989078,78 62 185
2989587,73 152 
2989615,83 69 
2991123,92 93 
2991146,28 103 
2991146,28 101 
2993173,46 100 
2993173,46 5
2993173,46 2113
2993173,46 11
2995158,56 25 
2995185,86 75 
2996395,35 72 
2996464,78 70 
2997989,25 80 
2998356,88 83 
2999192,93 64 837
2999367,75 74 159
2999367,75 62 159
3000379,5 150 
3000397,27 68 
3002189,43 249
3002405,78 92 
3002405,78 65 
3002421,44 103 
3002421,44 101 
3002947,67 100 
3002947,67 5
3002947,67 2113
3002947,67 11
3004927,71 25 
3005034,69 75 
3006242,18 72 
3006313,88 70 
3007843,6 80 
3008899,02 83 
3009534,74 64 636
3009745,83 74 194
3009745,83 62 194
3011255,23 150 
3011272,43 68 
3011718,43 249
3011983,6 92 
3011983,6 65 
3012004,01 103 
3012004,01 101 
3012542,64 100 
3012542,64 5
3012542,64 2113
3012542,64 11
3014523,6 25 
3014977,09 75 
3016184,04 72 
3016256,34 70 
3017785,38 80 
3018854,76 83 
3019769,03 64 915
3019954,58 74 168
3019954,58 62 168
3021463,77 150 
3021481,5 68 
3023491,31 92 
3023491,31 65 
3023505,72 103 
3023505,72 101 
3024032,45 100 
3024032,45 5
3024032,45 2113
3024032,45 11
3026012 25 
3026145,65 75 
3027353,64 72 
3027424,86 70 
3028948,86 80 
3030316,49 83 
3030739,9 64 424
3030929,97 74 174
3030929,97 62 174
3031942,93 150 
3031971,01 68 
3032786,2 249
3033478,53 92 
3033478,53 65 
3033501,42 103 
3033501,42 101 
3034029,04 100 
3034029,04 5
3034029,04 2113
3034029,04 10
3036007,74 25 
3036714,44 75 
3037922,81 72 
3037993,68 70 
3039514,26 80 
3039885,71 83 
3041129,13 64 1244
3041390,39 74 239
3041390,39 63 239
3041900,3 150 
3041925,98 68 
3042837,19 92 
3042837,19 65 
3042857,42 103 
3042857,42 101 
3043392,28 100 
3043392,28 5
3043392,28 2113
3043392,28 10
3045377,04 25 
3045737,34 75 
3046945,96 72 
3047016,54 70 
3048542,83 80 
3049614,88 83 
3050204,4 64 589
3050527,81 74 300
3050527,81 63 300
3052038,2 150 
3052069,05 68 
3052780,64 92 
3052780,64 65 
3052799,79 103 
3052799,79 101 
3053327,63 100 
3053327,63 5
3053327,63 2113
3053327,63 10
3055306,15 25 
3055786,31 75 
3056993,22 72 
3057065,44 70 
3058587,46 80 
3059957,1 83 
3060031,22 64 74
3060308,87 74 259
3060308,87 63 259
3061319,03 150 
3061345,03 68 
3063357 92 
3063357 65 
3063381,96 103 
3063381,96 101 
3063910,18 100 
3063910,18 5
3063910,18 2113
3063910,18 11
3065902,01 25 
3066208,45 75 
3067414,91 72 
3067487,69 70 
3069005,94 80 
3069366,47 83 
3071446,24 64 2080
3071638,89 74 167
3071638,89 62 167
3072148,26 150 
3072167,09 68 
3072874,99 92 
3072874,99 65 
3072897,89 103 
3072897,89 101 
3073427,23 100 
3073427,23 5
3073427,23 2113
3073427,23 10
3075404,17 25 
3075964,53 75 
3077173,97 72 
3077243,47 70 
3078770,73 80 
3079148,91 83 
3080424,78 64 1276
3080685,52 74 245
3080685,52 63 245
3082192,49 150 
3082216,12 68 
3083127,38 92 
3083127,38 65 
3083146,79 103 
3083146,79 101 
3083674,74 100 
3083674,74 5
3083674,74 2113
3083674,74 10
3085653,17 25 
3085853,35 75 
3087062,34 72 
3087305,82 70 
3088938,17 80 
3090010,86 83 
3090346,22 64 335
3090591,54 74 222
3090591,54 63 222
3091602,87 152 
3091625,36 69 
3093134,9 93 
3093155,92 103 
3093155,92 101 
3095186,33 100 
3095186,33 5
3095186,33 2113
3095186,33 10
3097168,3 25 
3097195,44 75 
3098403,35 72 
3098474,37 70 
3100006,95 80 
3101365,99 83 
3101672,42 64 306
3101853,49 74 168
3101853,49 62 168
3102363,33 151 
3102394,16 69 
3103104,08 93 
3103124,89 103 
3103124,89 101 
3105158,1 100 
3105158,1 5
3105158,1 2113
3105158,1 10
3107137,23 25 
3107164,34 75 
3108372,17 72 
3108443,4 70 
3109972,42 80 
3111335,1 83 
3111732,49 64 398
3111914,22 74 166
3111914,22 62 166
3113426,91 151 
3113456,13 69 
3114964,59 93 
3114986,48 103 
3114986,48 101 
3117013,35 100 
3117013,35 5
3117013,35 2113
3117013,35 11
3118998,81 25 
3119027,05 75 
3120236,4 72 
3120305,03 70 
3121821,63 80 
3122183,8 83 
3123031,6 64 849
3123239,81 74 190
3123239,81 62 190
3123749,41 150 
3123771,67 68 
3124680,16 92 
3124680,16 65 
3124702,3 103 
3124702,3 101 
3125228,46 100 
3125228,46 5
3125228,46 2113
3125228,46 11
3127208,59 25 
3127262,25 75 
3128470,65 72 
3128541,45 70 
3130058,8 80 
3131126,64 83 
3131881,77 64 756
3132077,11 74 178
3132077,11 62 178
3133086,08 150 
3133114,29 68 
3135122,94 92 
3135122,94 65 
3135137,84 103 
3135137,84 101 
3135672,03 100 
3135672,03 5
3135672,03 2113
3135672,03 10
3137657,54 25 
3138151,05 75 
3139359,76 72 
3139430,14 70 
3140955,17 80 
3142321,8 83 
3142540,06 64 219
3142840,27 74 279
3142840,27 63 279
3143351,9 150 
3143376,67 68 
3144885,03 92 
3144885,03 65 
3144907 103 
3144907 101 
3145435,27 100 
3145435,27 5
3145435,27 2113
3145435,27 10
3147413,3 25 
3148187,01 75 
3149395,14 72 
3149465,82 70 
3150986,06 80 
3151371,24 83 
3153043,1 64 1672
3153304,45 74 242
3153304,45 63 242
3154812,23 150 
3154838,38 68 
3155547,52 92 
3155547,52 65 
3155569,14 103 
3155569,14 101 
3156095,3 100 
3156095,3 5
3156095,3 2113
3156095,3 11
3158075,45 25 
3158675,53 75 
3159882,6 72 
3159954,67 70 
3161478,97 80 
3162539,77 83 
3163039,77 64 501
3163255,06 74 196
3163255,06 62 196
3164267,29 150 
3164287,91 68 
3165519,73 249
3165610,1 172 
3166303,04 92 
3166303,04 65 
3166324,47 103 
3166324,47 101 
3166855,6 100 
3166855,6 5
3166855,6 2113
3166855,6 10
3168830,83 25 
3169790,7 75 
3170999,72 72 
3171069,98 70 
3172587,72 80 
3173655,06 83 
3174536,59 64 882
3174791,21 74 230
3174791,21 63 230
3175304,05 150 
3175323,36 68 
3176235,13 92 
3176235,13 65 
3176253,58 103 
3176253,58 101 
3176780,16 100 
3176780,16 5
3176780,16 2113
3176780,16 11
3178759,84 25 
3179599,83 75 
3180809,14 72 
3180878,99 70 
3182404,15 80 
3182784,45 83 
3183517,16 64 733
3183691,74 74 162
3183691,74 62 162
3184702,42 152 
3184732,22 69 
3185641,54 93 
3185662,83 103 
3185662,83 101 
3187689,02 100 
3187689,02 5
3187689,02 2113
3187689,02 11
3189675,14 25 
3189702,43 75 
3190909,61 72 
3191101,37 70 
3192628,71 80 
3193992,94 83 
3194598,49 64 606
3194811,05 74 192
3194811,05 62 192
3196320,38 150 
3196340,5 68 
3197851,97 92 
3197851,97 65 
3197870,92 103 
3197870,92 101 
3198406,74 100 
3198406,74 5
3198406,74 2113
3198406,74 10
3200390,55 25 
3200590,8 75 
3201797,82 72 
3201870,01 70 
3203385,26 80 
3203748,77 83 
3204910,43 64 1162
3205169,88 74 235
3205169,88 63 235
3206178,95 150 
3206202,95 68 
3206913,73 92 
3206913,73 65 
3206933,73 103 
3206933,73 101 
3207460,18 100 
3207460,18 5
3207460,18 2113
3207460,18 10
3209440,05 25 
3209907,11 75 
3211115,68 72 
3211186,04 70 
3212704,54 80 
3214064,66 83 
3214751,93 64 688
3214987,35 74 217
3214987,35 63 217
3216496,28 150 
3216518,47 68 
3218527,22 92 
3218527,22 65 
3218542,07 103 
3218542,07 101 
3219070,8 100 
3219070,8 5
3219070,8 2113
3219070,8 11
3221048,37 25 
3221568,48 75 
3222777,34 72 
3222847,7 70 
3224355,27 80 
3225419,51 83 
3226552,88 64 1134
3226759,47 74 181
3226759,47 62 181
3227270,04 150 
3227300,57 68 
3228211,9 92 
3228211,9 65 
3228231,3 103 
3228231,3 101 
3228762,77 100 
3228762,77 5
3228762,77 2113
3228762,77 11
3230737,57 25 
3231670,85 75 
3232878,59 72 
3232950,05 70 
3234465,58 80 
3235841,65 83 
3236258,34 64 417
3236488,09 74 207
3236488,09 62 207
3237998,4 150 
3238028,53 68 
3239538,98 92 
3239538,98 65 
3239559,7 103 
3239559,7 101 
3240087,41 100 
3240087,41 5
3240087,41 2113
3240087,41 10
3242065,99 25 
3242572,9 75 
3243782,42 72 
3243852,03 70 
3245369,67 80 
3246437,12 83 
3246934,95 64 498
3247197,84 74 241
3247197,84 63 241
3247705,93 150 
3247731,89 68 
3249740,85 92 
3249740,85 65 
3249768,67 103 
3249768,67 101 
3250296,96 100 
3250296,96 5
3250296,96 2113
3250296,96 10
3252274,95 25 
3252461,93 75 
3253669,08 72 
3253742,81 70 
3255253,55 80 
3255619,83 83 
3256964,35 64 1345
3257249,72 74 271
3257249,72 63 271
3258258,8 150 
3258287,3 68 
3258997,5 92 
3258997,5 65 
3259018,18 103 
3259018,18 101 
3259551,2 100 
3259551,2 5
3259551,2 2113
3259551,2 11
3261537,66 25 
3262164,66 75 
3263371,76 72 
3263443,62 70 
3264961,51 80 
3266015,39 83 
3266683,68 64 669
3266880,08 74 172
3266880,08 62 172
3268388,28 150 
3268416,31 68 
3270426,85 92 
3270426,85 65 
3270453,11 103 
3270453,11 101 
3270981,42 100 
3270981,42 5
3270981,42 2113
3270981,42 11
3272959,44 25 
3273412,93 75 
3274623,23 72 
3274692,13 70 
3276215,93 80 
3276584,41 83 
3277530,81 64 947
3277750,64 74 194
3277750,64 62 194
3278260,11 150 
3278278,76 68 
3279790,9 92 
3279790,9 65 
3279809,1 103 
3279809,1 101 
3280335,42 100 
3280335,42 5
3280335,42 2113
3280335,42 10
3282315,44 25 
3282808,89 75 
3284016,36 72 
3284088,1 70 
3285609,38 80 
3286979,75 83 
3287218,7 64 240
3287455,91 74 223
3287455,91 63 223
3288463,98 150 
3288487,59 68 
3288885,81 249
3288961,69 173 
3289397,7 92 
3289397,7 65 
3289418,33 103 
3289418,33 101 
3289947,38 100 
3289947,38 5
3289947,38 2113
3289947,38 11
3291924,6 25 
3292498,07 75 
3293708,14 72 
3293950,72 70 
3295749,01 80 
3296988,8 83 
3297528,08 64 540
3297714,11 74 166
3297714,11 62 166
3299222,64 152 
3299242,65 69 
3299951,79 93 
3299973,83 103 
3299973,83 101 
3302004,85 100 
3302004,85 5
3302004,85 2113
3302004,85 11
3303986,13 25 
3304013,35 75 
3305222,07 72 
3305292,4 70 
3306821,65 80 
3308183,95 83 
3308566,7 64 383
3308746,02 74 149
3308746,02 62 149
3309260,06 150 
3309278,82 68 
3310190,44 92 
3310190,44 65 
3310209,41 103 
3310209,41 101 
3310735,86 100 
3310735,86 5
3310735,86 2113
3310735,86 10
3312715,72 25 
3313410,09 75 
3314618,28 72 
3314688,28 70 
3316202,59 80 
3316567,05 83 
3317485,01 64 918
3317707,55 74 208
3317707,55 63 208
3318716,71 150 
3318740,66 68 
3320250,11 92 
3320250,11 65 
3320271,77 103 
3320271,77 101 
3320803,43 100 
3320803,43 5
3320803,43 2113
3320803,43 10
3322778,37 25 
3323178,22 75 
3324386,27 72 
3324457,43 70 
3325977,76 80 
3327335,73 83 
3327682,99 64 348
3327954,63 74 246
3327954,63 63 246
3328465,16 150 
3328483,85 68 
3329194,8 92 
3329194,8 65 
3329214,6 103 
3329214,6 101 
3329742,17 100 
3329742,17 5
3329742,17 2113
3329742,17 11
3331720,84 25 
3332480,95 75 
3333688,45 72 
3333760,1 70 
3335276,41 80 
3336331,97 83 
3336935,53 64 604
3337167,23 74 209
3337167,23 62 209
3338177,4 150 
3338199,7 68 
3340208,06 92 
3340208,06 65 
3340223,19 103 
3340223,19 101 
3340749,64 100 
3340749,64 5
3340749,64 2113
3340749,64 10
3342729,52 25 
3343063,08 75 
3344272,18 72 
3344342,29 70 
3345867,92 80 
3346220,97 83 
3347592,41 64 1371
3347873,75 74 267
3347873,75 63 267
3349386,21 150 
3349408,16 68 
3350917,27 92 
3350917,27 65 
3350938,62 103 
3350938,62 101 
3351472,68 100 
3351472,68 5
3351472,68 2113
3351472,68 10
3353458,25 25 
3353991,67 75 
3355199,02 72 
3355270,94 70 
3356784,42 80 
3357149,64 83 
3358057,39 64 908
3358353,35 74 271
3358353,35 63 271
3359363,43 150 
3359390,17 68 
3360099,64 92 
3360099,64 65 
3360121,39 103 
3360121,39 101 
3360650,69 100 
3360650,69 5
3360650,69 2113
3360650,69 11
3362628,53 25 
3363361,09 75 
3364571,1 72 
3364640,21 70 
3366165,51 80 
3367518,5 83 
3367732,82 64 215
3367934,89 74 190
3367934,89 62 190
3369444,74 150 
3369466,25 68 
3371477,4 92 
3371477,4 65 
3371489,91 103 
3371489,91 101 
3372017,4 100 
3372017,4 5
3372017,4 2113
3372017,4 11
3373996,24 25 
3374476,28 75 
3375685,8 72 
3375755,42 70 
3377274,93 80 
3378340,57 83 
3379398,68 64 1059
3379562,66 74 143
3379562,66 62 143
3380072,23 150 
3380101,68 68 
3381012 92 
3381012 65 
3381032,44 103 
3381032,44 101 
3381570,05 100 
3381570,05 5
3381570,05 2113
3381570,05 10
3383551,97 25 
3384125,47 75 
3385333,57 72 
3385404,63 70 
3386921,97 80 
3387270,06 83 
3388605,48 64 1336
3388824,1 74 195
3388824,1 62 195
3389336,04 151 
3389363,97 69 
3390274,6 93 
3390295,03 103 
3390295,03 101 
3392321,76 100 
3392321,76 5
3392321,76 2113
3392321,76 11
3394307,43 25 
3394334,58 75 
3395540,49 72 
3395613,57 70 
3397138,38 80 
3398212,02 83 
3398809,13 64 597
3398999,12 74 174
3398999,12 62 174
3400510,96 152 
3400532,75 69 
3402043,68 93 
3402063,36 103 
3402063,36 101 
3404091,47 100 
3404091,47 5
3404091,47 2113
3404091,47 10
3406075,61 25 
3406103,86 75 
3407313,55 72 
3407581,81 70 
3409171,17 80 
3410686,64 83 
3411263,08 64 577
3411571,04 74 285
3411571,04 63 285
3412581,43 150 
3412608,86 68 
3413316,9 92 
3413316,9 65 
3413338,52 103 
3413338,52 101 
3413871,77 100 
3413871,77 5
3413871,77 2113
3413871,77 11
3415844,85 25 
3416258,4 75 
3417466,39 72 
3417537,49 70 
3419066,67 80 
3419429,6 83 
3420379,35 64 950
3420581,26 74 179
3420581,26 62 179
3421589,54 150 
3421617,19 68 
3421932,8 249
3422122,15 172 
3423624,83 92 
3423624,83 65 
3423640,76 103 
3423640,76 101 
3424168,85 100 
3424168,85 5
3424168,85 2113
3424168,85 11
3426147,04 25 
3426613,98 75 
3427824,47 72 
3427893,06 70 
3429429,41 80 
3430811,38 83 
3430881,11 64 70
3431114,52 74 211
3431114,52 62 211
3432626,23 150 
3432653,57 68 
3433561,39 92 
3433561,39 65 
3433584,38 103 
3433584,38 101 
3434110,71 100 
3434110,71 5
3434110,71 2113
3434110,71 10
3436089,54 25 
3436542,99 75 
3437752,26 72 
3437822,16 70 
3439343,52 80 
3440420,59 83 
3441251,85 64 832
3441479,06 74 206
3441479,06 63 206
3441989,86 150 
3442008,57 68 
3443518,91 92 
3443518,91 65 
3443538,87 103 
3443538,87 101 
3444069,21 100 
3444069,21 5
3444069,21 2113
3444069,21 10
3446045,19 25 
3446432,06 75 
3447639,76 72 
3447711,27 70 
3449228,66 80 
3449590,55 83 
3451165,63 64 1576
3451363,99 74 175
3451363,99 63 175
3451875,72 150 
3451897,57 68 
3452610,08 92 
3452610,08 65 
3452628,33 103 
3452628,33 101 
3455954,02 102 
