72,2 100 
72,2 4
72,2 2156
72,2 10
2035,69 25 
2646,85 75 
3854,72 72 
4165,94 70 
5791,11 80 
6152,13 83 
7850,92 64 1699
8038,91 74 166
8038,91 62 166
8548,83 150 
8578,09 68 
10590,21 92 
10590,21 65 
10618,77 103 
10618,77 101 
11143,41 100 
11143,41 4
11143,41 2156
11143,41 11
13122,83 25 
13709,68 75 
14918,65 72 
14988,82 70 
16510,71 80 
17587,27 83 
18169,21 64 583
18193,93 256 
18359,87 74 172
18359,87 61 172
19872,69 150 
19894,85 68 
20606,75 92 
20606,75 65 
20625,61 103 
20625,61 101 
21152,59 100 
21152,59 4
21152,59 2156
21152,59 10
23131,88 25 
23292,33 75 
24502,43 72 
24571,36 70 
26096,63 80 
27063,72 250 
27076,42 101 
29089,46 100 
29089,46 4
29089,46 2156
29089,46 10
29089,46 25 
29116,94 75 
30325,06 72 
30395,54 70 
31918,3 80 
33287,18 83 
33698,1 64 412
33912,63 74 199
33912,63 61 199
34923,66 151 
34953,55 69 
36464,9 93 
36485,47 103 
36485,47 101 
38520,44 100 
38520,44 4
38520,44 2156
38520,44 11
40497,78 25 
40525,14 75 
41734,42 72 
41804,11 70 
43326,8 80 
44402,48 83 
44990,38 64 588
45160,31 74 145
45160,31 61 145
45669,81 152 
45696,36 69 
46603,26 93 
46614,48 103 
46614,48 101 
48643,75 100 
48643,75 4
48643,75 2156
48643,75 10
50626,78 25 
50653,95 75 
51861,31 72 
51933 70 
53459,53 80 
53825,08 83 
54563,65 64 739
54799,55 74 214
54799,55 63 214
56312,48 151 
56331,82 69 
57842,43 93 
57862,97 103 
57862,97 101 
59891,05 100 
59891,05 4
59891,05 2156
59891,05 10
61875,26 25 
61903,95 75 
63113,23 72 
63181,46 70 
64705,08 80 
66073,21 83 
66689,7 64 617
66882,44 74 170
66882,44 61 170
67890,11 151 
67913,62 69 
68823,24 93 
68844,92 103 
68844,92 101 
70879,07 100 
70879,07 4
70879,07 2156
70879,07 11
72857,23 25 
72884,47 75 
74093,53 72 
74163,48 70 
75693,67 80 
76761,94 83 
77281,73 64 520
77477,79 74 169
77477,79 62 169
77989,39 151 
78015,79 69 
78725,86 93 
78747,43 103 
78747,43 101 
80774,92 100 
80774,92 4
80774,92 2156
80774,92 10
82759,76 25 
82787,44 75 
83992,94 72 
84065,88 70 
85585,37 80 
86957,52 83 
87352,41 64 395
87553,55 74 183
87553,55 62 183
89064,64 150 
89091,05 68 
89511,77 249
90956,35 172 
91102,59 92 
91102,59 65 
91128,72 103 
91128,72 101 
91656,77 100 
91656,77 4
91656,77 2156
91656,77 11
93635 25 
94075,17 75 
95285,82 72 
95354,36 70 
96883,2 80 
97246,43 83 
98265,22 64 1019
98428,8 74 143
98428,8 61 143
99439,92 150 
99460,85 68 
101471,27 92 
101471,27 65 
101484,4 103 
101484,4 101 
102020,13 100 
102020,13 4
102020,13 2156
102020,13 11
104003,89 25 
104537,35 75 
105744,46 72 
106056,43 70 
107672,07 80 
109041,44 83 
109373,23 64 332
109532,69 74 145
109532,69 61 145
110542,77 150 
110561,9 68 
112070,57 92 
112070,57 65 
112093,08 103 
112093,08 101 
112620,94 100 
112620,94 4
112620,94 2156
112620,94 10
114599,33 25 
114746,38 75 
115954 72 
116025,48 70 
117557,25 80 
118637,31 83 
119318,4 64 682
119490,44 74 147
119490,44 62 147
120001,15 150 
120024,49 68 
120932,01 92 
120932,01 65 
120955,93 103 
120955,93 101 
121484,1 100 
121484,1 4
121484,1 2156
121484,1 10
123462,21 25 
123649,23 75 
124860,81 72 
124928,42 70 
126457,75 80 
126820,42 83 
127907,14 64 1087
128102,39 74 176
128102,39 61 176
129612,87 151 
129634,54 69 
130347,38 93 
130366,21 103 
130366,21 101 
132403,98 100 
132403,98 4
132403,98 2156
132403,98 11
134390,87 25 
134418,75 75 
135625,84 72 
135697,05 70 
137224,93 80 
138602,04 83 
138898,09 64 297
139079,43 74 158
139079,43 61 158
140089,14 150 
140109,9 68 
140623,47 249
140821,73 92 
140821,73 65 
140840,75 103 
140840,75 101 
141368,53 100 
141368,53 4
141368,53 2156
141368,53 10
143346,99 25 
143853,83 75 
145064,35 72 
145133,03 70 
146661,03 80 
147025,06 83 
147839,68 64 815
148005,71 74 141
148005,71 62 141
149514,6 150 
149545,12 68 
151054,02 92 
151054,02 65 
151076,38 103 
151076,38 101 
151603,16 100 
151603,16 4
151603,16 2156
151603,16 10
153582,62 25 
154236,09 75 
155442,13 72 
155515,23 70 
157035,08 80 
158113,74 83 
158625,42 64 512
158793,45 74 147
158793,45 62 147
159304,8 152 
159327,69 69 
161335,27 93 
161351,94 103 
161351,94 101 
163387,44 100 
163387,44 4
163387,44 2156
163387,44 11
165364,28 25 
165392,21 75 
166599,74 72 
166670,47 70 
168189,14 80 
169255,62 83 
169776,82 64 521
170028,71 74 227
170028,71 61 227
171036,24 150 
171056,73 68 
171427,86 249
171965,86 92 
171965,86 65 
171987,54 103 
171987,54 101 
172514,78 100 
172514,78 4
172514,78 2156
172514,78 11
174493,69 25 
174854,09 75 
176063,78 72 
176133,05 70 
177658,11 80 
179024,81 83 
179371,23 64 347
179560,41 74 176
179560,41 61 176
180068,91 150 
180092,07 68 
181001,57 92 
181001,57 65 
181023,6 103 
181023,6 101 
181553,65 100 
181553,65 4
181553,65 2156
181553,65 11
183529,8 25 
183929,99 75 
185137,42 72 
185209,16 70 
186740,62 80 
187114,6 83 
188151,17 64 1037
188317,3 74 150
188317,3 61 150
189824,41 150 
189848,04 68 
190557,98 92 
190557,98 65 
190579,42 103 
190579,42 101 
191111,94 100 
191111,94 4
191111,94 2156
191111,94 11
193099,16 25 
193645,88 75 
194854,52 72 
194924,99 70 
196447,65 80 
197816,67 83 
198340,23 64 524
198522,58 74 160
198522,58 61 160
199032,93 150 
199057,24 68 
200806,74 249
201064,76 92 
201064,76 65 
201081,59 103 
201081,59 101 
201607,9 100 
201607,9 4
201607,9 2156
201607,9 10
203587,84 25 
203881,41 75 
205091,67 72 
205160,62 70 
206685,78 80 
208105,54 83 
208517,77 64 412
208694,93 74 164
208694,93 62 164
209705,13 150 
209732,64 68 
211242,91 92 
211242,91 65 
211263,98 103 
211263,98 101 
211792,05 100 
211792,05 4
211792,05 2156
211792,05 10
213770,22 25 
214157,17 75 
215365,31 72 
215436,18 70 
216964,81 80 
217328,3 83 
218381,34 64 1054
218555,19 74 161
218555,19 62 161
220063,8 150 
220088,95 68 
221600,59 92 
221600,59 65 
221619,43 103 
221619,43 101 
222154,77 100 
222154,77 4
222154,77 2156
222154,77 11
224139,05 25 
224645,82 75 
225853,19 72 
225925,01 70 
227452,25 80 
228816,7 83 
229604,92 64 789
229758,54 74 129
229758,54 61 129
230268,18 150 
230297,97 68 
231206,63 92 
231206,63 65 
231228,63 103 
231228,63 101 
231755,05 100 
231755,05 4
231755,05 2156
231755,05 10
233734,93 25 
234375 75 
235585,58 72 
235654,17 70 
237184,15 80 
238252,63 83 
238667,57 64 415
238874,07 74 182
238874,07 62 182
239883,72 150 
239906,48 68 
240615,26 92 
240615,26 65 
240637,95 103 
240637,95 101 
241166,4 100 
241166,4 4
241166,4 2156
241166,4 10
243144,19 25 
243731,04 75 
244939,03 72 
245010,17 70 
246537,57 80 
246902,25 83 
247816,01 64 915
248004,21 74 170
248004,21 62 170
249512,55 150 
249542,99 68 
251553,15 92 
251553,15 65 
251566,57 103 
251566,57 101 
252104,41 100 
252104,41 4
252104,41 2156
252104,41 11
254086,16 25 
254632,95 75 
255841,06 72 
255912,16 70 
257435,67 80 
258803,86 83 
259179,66 64 376
259388,58 74 185
259388,58 61 185
260898,58 152 
260924,37 69 
262935,08 93 
262948,39 103 
262948,39 101 
264974,76 100 
264974,76 4
264974,76 2156
264974,76 11
266960,64 25 
266988,09 75 
268195,22 72 
268266,87 70 
269787,62 80 
270865,3 83 
271367,63 64 502
271540,83 74 156
271540,83 61 156
272552,53 150 
272573,08 68 
273481,46 92 
273481,46 65 
273503,84 103 
273503,84 101 
274030,33 100 
274030,33 4
274030,33 2156
274030,33 11
276010,24 25 
276863,48 75 
278070,8 72 
278142,64 70 
279665,05 80 
280034,71 83 
280866,34 64 832
281054,45 74 167
281054,45 61 167
281563,12 150 
281581,82 68 
282293,11 92 
282293,11 65 
282313,48 103 
282313,48 101 
282846,06 100 
282846,06 4
282846,06 2156
282846,06 11
284833,01 25 
285433,08 75 
286641,43 72 
286712,35 70 
288234,17 80 
289297,62 83 
290120,42 64 823
290308,72 74 172
290308,72 61 172
290817,66 150 
290844,57 68 
291627,09 249
292353,74 92 
292353,74 65 
292375,76 103 
292375,76 101 
292904,13 100 
292904,13 4
292904,13 2156
292904,13 10
294882,01 25 
295029,2 75 
296238,98 72 
296308,22 70 
297837,51 80 
298213,64 83 
299098,51 64 885
299320,45 74 201
299320,45 62 201
300831,56 150 
300853,66 68 
301563,73 92 
301563,73 65 
301585,12 103 
301585,12 101 
302112,74 100 
302112,74 4
302112,74 2156
302112,74 10
304091,41 25 
304678,21 75 
305887,43 72 
305957,46 70 
307485,37 80 
309182,24 83 
309431,5 64 250
309626,26 74 178
309626,26 62 178
310633,06 150 
310650,29 68 
312159,33 92 
312159,33 65 
312180,68 103 
312180,68 101 
312716,86 100 
312716,86 4
312716,86 2156
312716,86 11
314700,2 25 
314967,12 75 
316176,3 72 
316246,34 70 
317775,11 80 
319138,05 83 
319451,24 64 314
319639,15 74 169
319639,15 61 169
320647,03 150 
320672,64 68 
321193 249
321583,27 92 
321583,27 65 
321603,26 103 
321603,26 101 
322131,13 100 
322131,13 4
322131,13 2156
322131,13 10
324109,51 25 
324802,92 75 
326010,98 72 
326082,1 70 
327602,6 80 
328680,53 83 
329138,01 64 458
329303,13 74 143
329303,13 62 143
330812,82 150 
330840,74 68 
332850,11 92 
332850,11 65 
332865,08 103 
332865,08 101 
333392,74 100 
333392,74 4
333392,74 2156
333392,74 10
335371,4 25 
335918,2 75 
337127,54 72 
337197,34 70 
338729,94 80 
339102,78 83 
340042,75 64 940
340222,85 74 160
340222,85 62 160
340735,03 150 
340757,35 68 
342768,49 92 
342768,49 65 
342794,13 103 
342794,13 101 
343326,41 100 
343326,41 4
343326,41 2156
343326,41 11
345313,76 25 
345753,96 75 
346961,02 72 
347033,11 70 
348557,47 80 
348925,23 83 
350149,84 64 1225
350312,58 74 148
350312,58 61 148
351820,41 150 
351845,82 68 
353357,91 92 
353357,91 65 
353376,28 103 
353376,28 101 
353903,82 100 
353903,82 4
353903,82 2156
353903,82 10
355882,54 25 
356509,32 75 
357717,16 72 
357788,49 70 
359307,89 80 
360373,63 83 
360847,96 64 475
361026,53 74 160
361026,53 62 160
362038,43 150 
362067,39 68 
362975,85 92 
362975,85 65 
362998,82 103 
362998,82 101 
363527,08 100 
363527,08 4
363527,08 2156
363527,08 10
365505,22 25 
366438,51 75 
367647,6 72 
367717,64 70 
369240,84 80 
370609,26 83 
370975,59 64 367
371158,46 74 163
371158,46 62 163
371670,84 150 
371690,7 68 
372402,64 92 
372402,64 65 
372421,49 103 
372421,49 101 
372958,92 100 
372958,92 4
372958,92 2156
372958,92 11
374941,12 25 
375234,71 75 
376444,23 72 
376513,82 70 
378039,94 80 
378406,02 83 
379754,61 64 1349
380027,24 74 249
380027,24 61 249
381538,82 150 
381566,52 68 
382476,17 92 
382476,17 65 
382497,11 103 
382497,11 101 
383023,73 100 
383023,73 4
383023,73 2156
383023,73 11
385003,41 25 
385630,23 75 
386839,72 72 
386909,36 70 
388434,69 80 
389801,11 83 
390574,54 64 774
390757,3 74 170
390757,3 61 170
391268,63 152 
391295,8 69 
392804,88 93 
392826,02 103 
392826,02 101 
394853,12 100 
394853,12 4
394853,12 2156
394853,12 10
396838,33 25 
396865,89 75 
398074,25 72 
398144,55 70 
399668,9 80 
400742,97 83 
401161,97 64 420
401334,62 74 152
401334,62 62 152
402343,76 150 
402370,1 68 
404381,32 92 
404381,32 65 
404394,39 103 
404394,39 101 
404930,86 100 
404930,86 4
404930,86 2156
404930,86 11
406914 25 
407500,78 75 
408707,5 72 
408780,03 70 
410310,51 80 
410672,07 83 
411678,22 64 1007
411936,81 74 239
411936,81 61 239
412945,82 150 
412966,27 68 
413509,42 249
413676,66 92 
413676,66 65 
413697,12 103 
413697,12 101 
414227,97 100 
414227,97 4
414227,97 2156
414227,97 10
416203,35 25 
416776,89 75 
417986,03 72 
418056,09 70 
419575,91 80 
420654,44 83 
421232 64 578
421418,81 74 165
421418,81 61 165
421929,38 153 
421948,34 68 
422658,13 92 
422658,13 65 
422679,89 103 
422679,89 101 
423206,54 100 
423206,54 4
423206,54 2156
423206,54 11
425186,2 25 
425839,66 75 
427049,06 72 
427118,77 70 
428642,94 80 
430010,5 83 
430373,28 64 363
430563,8 74 167
430563,8 61 167
432074,03 150 
432104,18 68 
433012,38 92 
433012,38 65 
433035,47 103 
433035,47 101 
433569,37 100 
433569,37 4
433569,37 2156
433569,37 11
435555,09 25 
436221,92 75 
437430,14 72 
437500,98 70 
439030,54 80 
440099,52 83 
441137,81 64 1038
441327,17 74 176
441327,17 61 176
441835,35 150 
441859,83 68 
443868,24 92 
443868,24 65 
443884,14 103 
443884,14 101 
444412,57 100 
444412,57 4
444412,57 2156
444412,57 11
446390,45 25 
447004 75 
448211,58 72 
448283,16 70 
449816,18 80 
451188,02 83 
451559,28 64 372
451762,29 74 188
451762,29 61 188
453271,11 150 
453294,92 68 
453690,42 249
454805,34 92 
454805,34 65 
454826,09 103 
454826,09 101 
455353,67 100 
455353,67 4
455353,67 2156
455353,67 10
457332,43 25 
457959,32 75 
459168,25 72 
459238,34 70 
460762,61 80 
461130,63 83 
462048,2 64 918
462227,31 74 164
462227,31 62 164
463236,81 150 
463263,99 68 
464173,05 92 
464173,05 65 
464195,41 103 
464195,41 101 
464729,74 100 
464729,74 4
464729,74 2156
464729,74 10
466715,02 25 
474098,95 75 
475307,82 72 
475378,13 70 
476909,7 80 
478296,38 83 
478741,49 64 445
478910,57 74 148
478910,57 62 148
480422,15 150 
480444,87 68 
482456,82 92 
482456,82 65 
482480,95 103 
482480,95 101 
483007,68 100 
483007,68 4
483007,68 2156
483007,68 11
484987,2 25 
485360,79 75 
486567,51 72 
486639,9 70 
488160,31 80 
489238,38 83 
489760,05 64 522
489945,75 74 161
489945,75 61 161
490953,04 150 
490973,76 68 
491684,04 92 
491684,04 65 
491703,65 103 
491703,65 101 
492231,74 100 
492231,74 4
492231,74 2156
492231,74 10
494209,96 25 
494823,35 75 
496030,43 72 
496102,55 70 
497624,44 80 
497994,73 83 
498602,19 64 608
498777,59 74 157
498777,59 62 157
499288,15 150 
499315,2 68 
500824 92 
500824 65 
500846,39 103 
500846,39 101 
501386,91 100 
501386,91 4
501386,91 2156
501386,91 11
503365,99 25 
503886,12 75 
505095,27 72 
505165,3 70 
506695,84 80 
508056,95 83 
508464 64 408
508666,49 74 183
508666,49 61 183
510177,29 150 
510204,67 68 
511715,48 92 
511715,48 65 
511735,04 103 
511735,04 101 
512265,07 100 
512265,07 4
512265,07 2156
512265,07 10
514241,44 25 
514761,52 75 
515969,53 72 
516280,54 70 
517906,27 80 
518985,62 83 
519456,36 64 471
519624,37 74 146
519624,37 62 146
520136,69 150 
520159,58 68 
520869,03 92 
520869,03 65 
520891,11 103 
520891,11 101 
521419,8 100 
521419,8 4
521419,8 2156
521419,8 11
523397,4 25 
524050,87 75 
525259,21 72 
525330 70 
526858,48 80 
527222,13 83 
528115,49 64 894
528390,86 74 262
528390,86 61 262
529400,75 150 
529423,1 68 
530334,07 92 
530334,07 65 
530353,8 103 
530353,8 101 
530888,78 100 
530888,78 4
530888,78 2156
530888,78 11
532873,34 25 
533500,09 75 
534709,88 72 
534779,3 70 
536301,35 80 
537670,98 83 
537965,44 64 295
538165,72 74 175
538165,72 61 175
539174,03 150 
539191,52 68 
539642,57 249
541199,59 92 
541199,59 65 
541215,74 103 
541215,74 101 
541742,76 100 
541742,76 4
541742,76 2156
541742,76 11
543722,01 25 
544375,66 75 
545583,74 72 
545654,66 70 
547176,02 80 
548240,57 83 
548865,09 64 626
549051,38 74 172
549051,38 61 172
550563,54 152 
550586,49 69 
551294,5 93 
551305,1 103 
551305,1 101 
553332,4 100 
553332,4 4
553332,4 2156
553332,4 11
555317,03 25 
555345,42 75 
556553,49 72 
556623,25 70 
558144,82 80 
558515,32 83 
559356,18 64 842
559564,42 74 183
559564,42 61 183
560074,49 150 
560102,45 68 
562110,76 92 
562110,76 65 
562126,76 103 
562126,76 101 
562662,89 100 
562662,89 4
562662,89 2156
562662,89 10
564646,52 25 
564913,35 75 
566122,6 72 
566192,48 70 
567719,68 80 
569084,1 83 
569170,26 64 87
569367,18 74 177
569367,18 62 177
570874,47 150 
570897,8 68 
572407,11 92 
572407,11 65 
572428,99 103 
572428,99 101 
572956,01 100 
572956,01 4
572956,01 2156
572956,01 10
574935,34 25 
575548,81 75 
576756,66 72 
576828 70 
578349,48 80 
579413,06 83 
579811,17 64 399
579966,89 74 142
579966,89 62 142
580477,85 150 
580507,79 68 
581417,93 92 
581417,93 65 
581438,48 103 
581438,48 101 
581968,72 100 
581968,72 4
581968,72 2156
581968,72 11
583944,79 25 
584571,59 75 
585779,83 72 
585850,79 70 
587370,3 80 
587742,87 83 
588948,07 64 1206
589136,46 74 168
589136,46 61 168
590144,29 150 
590170,32 68 
591680,83 92 
591680,83 65 
591700,83 103 
591700,83 101 
592234,7 100 
592234,7 4
592234,7 2156
592234,7 10
594220,41 25 
594780,52 75 
595988,85 72 
596059,73 70 
597585,2 80 
598951,37 83 
599223,18 64 273
599393,56 74 149
599393,56 62 149
600405,06 150 
600431,85 68 
600841,94 249
600955,06 172 
601344,12 92 
601344,12 65 
601363,25 103 
601363,25 101 
601891,24 100 
601891,24 4
601891,24 2156
601891,24 10
603869,61 25 
604429,75 75 
605637,72 72 
605708,87 70 
607234,26 80 
608307,33 83 
608618,91 64 313
608799,25 74 159
608799,25 62 159
609308,43 150 
609335,45 68 
611347,74 92 
611347,74 65 
611372,3 103 
611372,3 101 
611899,19 100 
611899,19 4
611899,19 2156
611899,19 10
613878,6 25 
614385,73 75 
615595,66 72 
615664,58 70 
617196,49 80 
617916,69 83 
618560,95 64 645
618740,43 74 158
618740,43 62 158
620251,01 150 
620277,4 68 
620984,64 92 
620984,64 65 
621008,19 103 
621008,19 101 
621548,28 100 
621548,28 4
621548,28 2156
621548,28 11
623527,87 25 
624101,38 75 
625309,7 72 
625380,42 70 
626900,99 80 
627966,63 83 
628387,77 64 422
628623,9 74 219
628623,9 61 219
629132,87 150 
629153,56 68 
631163,12 92 
631163,12 65 
631177,17 103 
631177,17 101 
631704,69 100 
631704,69 4
631704,69 2156
631704,69 11
633683,44 25 
634163,62 75 
635371,23 72 
635442,86 70 
636959,24 80 
638334,43 83 
638705 64 371
638914,67 74 194
638914,67 61 194
639924,59 150 
639949,22 68 
640661,86 92 
640661,86 65 
640679,72 103 
640679,72 101 
641206,33 100 
641206,33 4
641206,33 2156
641206,33 11
643186,04 25 
643919,42 75 
645128,68 72 
645198,61 70 
646728,27 80 
647090,79 83 
647918,55 64 828
648141,62 74 198
648141,62 61 198
649653,91 150 
649677,37 68 
651185,07 92 
651185,07 65 
651208,57 103 
651208,57 101 
651743,64 100 
651743,64 4
651743,64 2156
651743,64 11
653728,17 25 
654141,75 75 
655350,06 72 
655420,95 70 
656936,66 80 
657299,63 83 
658208,52 64 909
658428,48 74 196
658428,48 61 196
658939,59 150 
658966,71 68 
659876,79 92 
659876,79 65 
659898,17 103 
659898,17 101 
660427,03 100 
660427,03 4
660427,03 2156
660427,03 10
662404,46 25 
663084,59 75 
664293,27 72 
664363,72 70 
665893,33 80 
666948,8 83 
667383,45 64 435
667568,86 74 167
667568,86 62 167
668576,31 150 
668602,56 68 
669510,68 92 
669510,68 65 
669534,03 103 
669534,03 101 
670061,65 100 
670061,65 4
670061,65 2156
670061,65 10
672040,33 25 
672373,88 75 
673582,38 72 
673653,05 70 
675172,73 80 
676544,71 83 
676599,46 64 55
676774,24 74 150
676774,24 62 150
678282,8 150 
678306,74 68 
680313,97 92 
680313,97 65 
680329,4 103 
680329,4 101 
680865,9 100 
680865,9 4
680865,9 2156
680865,9 10
682849,02 25 
683382,57 75 
684591,55 72 
684661,71 70 
686181,9 80 
687553,35 83 
687863,61 64 311
688048,18 74 162
688048,18 62 162
689056,42 150 
689074,61 68 
690582,75 92 
690582,75 65 
690605 103 
690605 101 
691132,93 100 
691132,93 4
691132,93 2156
691132,93 10
693111,29 25 
693444,89 75 
694652,11 72 
694724,03 70 
696252,13 80 
696616,17 83 
697578,79 64 963
697785,01 74 183
697785,01 62 183
698297,18 152 
698323,31 69 
699033,51 93 
699054,77 103 
699054,77 101 
701084,05 100 
701084,05 4
701084,05 2156
701084,05 10
703067,02 25 
703094,26 75 
704301,22 72 
704373,23 70 
705894,92 80 
706971,66 83 
707462,59 64 491
707665,99 74 189
707665,99 62 189
709175,95 150 
709199,22 68 
710107,18 92 
710107,18 65 
710129,97 103 
710129,97 101 
710663,13 100 
710663,13 4
710663,13 2156
710663,13 11
712649,56 25 
713223,12 75 
714430,97 72 
714502,25 70 
716028,58 80 
716394,28 83 
717271,42 64 878
717503,97 74 218
717503,97 61 218
719013,25 150 
719035,09 68 
719744,55 92 
719744,55 65 
719765,81 103 
719765,81 101 
720294,57 100 
720294,57 4
720294,57 2156
720294,57 11
722272,15 25 
722898,88 75 
724106,88 72 
724404,68 70 
726025,86 80 
727083,05 83 
728766,08 64 1684
728966 74 178
728966 61 178
729477,27 150 
729496,53 68 
731505,95 92 
731505,95 65 
731534,11 103 
731534,11 101 
732061,98 100 
732061,98 4
732061,98 2156
732061,98 10
734040,4 25 
734707,35 75 
735918,07 72 
735986,58 70 
737522,27 80 
738904,66 83 
739624,18 64 720
739791,36 74 154
739791,36 62 154
740802,39 152 
740825,47 69 
742332,51 93 
742342,81 103 
742342,81 101 
744383,01 100 
744383,01 4
744383,01 2156
744383,01 11
746355,15 25 
746382,51 75 
747589,51 72 
747661,57 70 
749200,27 80 
750273,06 83 
751713,66 64 1441
751928,11 74 190
751928,11 61 190
752437,36 150 
752459,95 68 
753268,31 249
753366,91 92 
753366,91 65 
753391,42 103 
753391,42 101 
753918,58 100 
753918,58 4
753918,58 2156
753918,58 10
755897,73 25 
756457,95 75 
757666,84 72 
757736,98 70 
759265,66 80 
760628,65 83 
813223,57 64 52595
813451,56 74 206
813451,56 61 206
814461,85 151 
814487,4 69 
816497,18 93 
816510,99 103 
816510,99 101 
818537,55 100 
818537,55 4
818537,55 2156
818537,55 10
820523,32 25 
821150,1 75 
822359,21 72 
822429,27 70 
823958,63 80 
824334,71 83 
825371,87 64 1037
825552,25 74 165
825552,25 62 165
827061,13 150 
827081,78 68 
827791,81 92 
827791,81 65 
827812,81 103 
827812,81 101 
828348,29 100 
828348,29 4
828348,29 2156
828348,29 11
830332,58 25 
830492,81 75 
831701,69 72 
831772,04 70 
833315,24 80 
834703,57 83 
835171,88 64 468
835380,36 74 184
835380,36 61 184
836388,83 150 
836411,43 68 
837922,86 92 
837922,86 65 
837941,84 103 
837941,84 101 
838471,75 100 
838471,75 4
838471,75 2156
838471,75 10
840448,14 25 
841261,45 75 
842469,01 72 
842540,62 70 
844079,36 80 
845152,41 83 
845574,54 64 422
845747,1 74 156
845747,1 62 156
847254,05 150 
847273,41 68 
848182,89 92 
848182,89 65 
848204,1 103 
848204,1 101 
848732,07 100 
848732,07 4
848732,07 2156
848732,07 10
850710,37 25 
851217,25 75 
852426,3 72 
852496,43 70 
854019,05 80 
854388,45 83 
855153,47 64 765
855329,28 74 155
855329,28 62 155
855839,01 150 
855856,74 68 
857365,23 92 
857365,23 65 
857386,83 103 
857386,83 101 
857920,73 100 
857920,73 4
857920,73 2156
857920,73 11
859906,46 25 
860267,35 75 
861475,53 72 
861545,85 70 
863077,29 80 
864464,27 83 
865558,95 64 1096
865778,18 74 195
865778,18 61 195
866790,15 150 
866811,73 68 
867398,9 249
868822,03 92 
868822,03 65 
868848,58 103 
868848,58 101 
869378,71 100 
869378,71 4
869378,71 2156
869378,71 11
871354,91 25 
871408,7 75 
872617,82 72 
872687,76 70 
874218,66 80 
875299,47 83 
876050,71 64 751
876252,14 74 180
876252,14 61 180
877764,88 150 
877793,17 68 
878503,64 92 
878503,64 65 
878524,41 103 
878524,41 101 
879052,54 100 
879052,54 2
879052,54 2156
879052,54 10
879052,54 78 
879052,54 198 
881030,73 25 
881644,25 75 
882851,56 72 
882923,32 70 
884442,08 80 
884815,37 83 
885532,08 64 716
885741,35 74 193
885741,35 62 193
886252,83 151 
886283,31 69 
887794,11 93 
887813,78 103 
887813,78 101 
889850,16 100 
889850,16 2
889850,16 2156
889850,16 10
891826,18 25 
891853,18 75 
893062,95 72 
893132,29 70 
894671,35 80 
895037,76 83 
898292,76 64 3255
898488,14 74 173
898488,14 61 173
899996,75 152 
900024,06 69 
900733,43 93 
900754,89 103 
900754,89 101 
902782,94 100 
902782,94 2
902782,94 2156
902782,94 11
904767,39 25 
904794,67 75 
906003,36 72 
906073,39 70 
907598,8 80 
908671,91 83 
908897,41 64 226
909095,37 74 184
909095,37 61 184
910107,58 151 
910125,31 69 
911036,76 93 
911057,16 103 
911057,16 101 
913083,84 100 
913083,84 2
913083,84 2156
913083,84 10
915069,52 25 
915096,74 75 
916302,29 72 
916375,63 70 
917901,05 80 
919280,73 83 
920445,79 64 1165
920643,27 74 177
920643,27 62 177
921152,1 151 
921174,41 69 
922818,54 249 
923181,32 93 
923198,58 103 
923198,58 101 
925236,51 100 
925236,51 2
925236,51 2156
925236,51 11
927210,95 25 
927238,31 75 
928444,74 72 
928517,35 70 
930400,76 80 
931675,79 83 
932042,98 64 368
932209,3 74 148
932209,3 62 148
933720,7 151 
933742,32 69 
934652,36 93 
934673,75 103 
934673,75 101 
936701,41 100 
936701,41 2
936701,41 2156
936701,41 11
938685,97 25 
938714,36 75 
939923,49 72 
939992,32 70 
941522,59 80 
941884,38 83 
942701,05 64 818
942858,74 74 135
942858,74 62 135
943867,01 151 
943898,74 69 
945409,64 93 
945429,05 103 
945429,05 101 
947455,96 100 
947455,96 2
947455,96 2156
947455,96 11
949441,36 25 
949468,62 75 
950675,19 72 
950747,68 70 
952280,94 80 
953665,95 83 
953753,31 64 88
953951,13 74 179
953951,13 61 179
954460,35 151 
954480,77 69 
956085,84 249 
956487,24 93 
956504,51 103 
956504,51 101 
958539,93 100 
958539,93 2
958539,93 2156
958539,93 10
960516,65 25 
960544,53 75 
961752,79 72 
961822,82 70 
963351,96 80 
963728,27 83 
964622,4 64 895
964807,57 74 160
964807,57 62 160
965317,35 151 
965342,16 69 
966054,03 93 
966073,61 103 
966073,61 101 
968103,14 100 
968103,14 2
968103,14 2156
968103,14 10
970085,86 25 
970113,16 75 
971321,53 72 
971392,03 70 
972917,61 80 
973990,48 83 
974604,28 64 614
974849,84 74 233
974849,84 61 233
976361,23 150 
976378,19 68 
977086,16 92 
977086,16 65 
977108,81 103 
977108,81 101 
977636,62 100 
977636,62 2
977636,62 2156
977636,62 11
979615,19 25 
980241,96 75 
981450,66 72 
981521,06 70 
983055,6 80 
984425,99 83 
985114,4 64 689
985365 74 233
985365 61 233
986372,46 151 
986400,05 69 
988410,43 93 
988423,96 103 
988423,96 101 
990460,47 100 
990460,47 2
990460,47 2156
990460,47 11
992436,32 25 
992464,08 75 
993670,77 72 
993742,51 70 
995274,72 80 
996367,62 83 
998528,77 64 2161
998684,92 74 133
998684,92 62 133
999195,48 151 
999221,9 69 
1000132,13 93 
1000152,25 103 
1000152,25 101 
1002179,02 100 
1002179,02 2
1002179,02 2156
1002179,02 10
1004164,66 25 
1006817,32 75 
1006893,36 250 
1006908,97 101 
1008909,46 100 
1008909,46 2
1008909,46 2156
1008909,46 10
1008909,46 25 
1008936,06 75 
1010144,68 72 
1010215,41 70 
1011749,74 80 
1012730,49 250 
1012746,83 101 
1014760,06 100 
1014760,06 2
1014760,06 2156
1014760,06 10
1014760,06 25 
1014787,24 75 
1015994,13 72 
1016066,35 70 
1017599,78 80 
1018984,51 83 
1021817,44 64 2833
1022009,57 74 173
1022009,57 61 173
1023018,51 150 
1023038,85 68 
1024548,68 92 
1024548,68 65 
1024568,48 103 
1024568,48 101 
1025095,7 100 
1025095,7 2
1025095,7 2156
1025095,7 11
1027074,73 25 
1027381,65 75 
1028590,19 72 
1028660,93 70 
1030185,58 80 
1030581,36 83 
1031399,85 64 820
1031624,99 74 207
1031624,99 61 207
1033134,68 153 
1033153,64 68 
1033710,49 249
1033862,53 92 
1033862,53 65 
1033884,52 103 
1033884,52 101 
1034418,12 100 
1034418,12 2
1034418,12 2156
1034418,12 11
1036404,15 25 
1036897,58 75 
1038104,39 72 
1038403,3 70 
1040040,92 80 
1041428,22 83 
1041860,9 64 433
1042066,87 74 185
1042066,87 63 185
1043577,3 150 
1043601,82 68 
1045111,45 92 
1045111,45 65 
1045132,95 103 
1045132,95 101 
1045659,82 100 
1045659,82 2
1045659,82 2156
1045659,82 10
1047639,25 25 
1048012,88 75 
1049222,79 72 
1049292,31 70 
1050836,2 80 
1051917,06 83 
1052439,28 64 523
1052652,29 74 189
1052652,29 63 189
1053161,95 151 
1053185,05 69 
1055195,25 93 
1055208,64 103 
1055208,64 101 
1057236,33 100 
1057236,33 2
1057236,33 2156
1057236,33 11
1059220,93 25 
1059249,39 75 
1060458,05 72 
1060527,23 70 
1062059,98 80 
1062432,61 83 
1063134,91 64 702
1063357,91 74 206
1063357,91 61 206
1064370,54 151 
1064393,58 69 
1065301,61 93 
1065324,3 103 
1065324,3 101 
1067365,56 100 
1067365,56 2
1067365,56 2156
1067365,56 10
1069349,95 25 
1069378,09 75 
1070585,82 72 
1070656,16 70 
1072190,27 80 
1072574,91 83 
1074686,09 64 2112
1074873,02 74 167
1074873,02 62 167
1076383,5 151 
1076401,21 69 
1077110,91 93 
1077132,58 103 
1077132,58 101 
1079159,12 100 
1079159,12 2
1079159,12 2156
1079159,12 10
1081144,89 25 
1085663,53 75 
1086872,87 72 
1086942,51 70 
1088470,86 80 
1089260,66 250 
1089273,95 101 
1091287,17 100 
1091287,17 2
1091287,17 2156
1091287,17 10
1091287,17 25 
1094846,08 75 
1096056,86 72 
1096125,2 70 
1097652,92 80 
1099016,85 83 
1099372,84 64 356
1099551 74 162
1099551 62 162
1100561,09 151 
1100591,16 69 
1101875,11 249 
1102600,22 93 
1102615,03 103 
1102615,03 101 
1104641,72 100 
1104641,72 2
1104641,72 2156
1104641,72 10
1106627,29 25 
1106654,72 75 
1107865,63 72 
1107933,47 70 
1109455,32 80 
1110532,03 83 
1110921,42 64 390
1111112,11 74 168
1111112,11 61 168
1111621,37 150 
1111639,51 68 
1112056,45 249
1112201,04 171
1112549,11 92 
1112549,11 65 
1112570,69 103 
1112570,69 101 
1113104,12 100 
1113104,12 2
1113104,12 2156
1113104,12 11
1115090,31 25 
1115290,66 75 
1116500,78 72 
1116569,84 70 
1118088,59 80 
1119448,09 83 
1119693,58 64 246
1119944,41 74 230
1119944,41 63 230
1120953,2 150 
1120982,64 68 
1122210,64 249
1122492,08 92 
1122492,08 65 
1122513,11 103 
1122513,11 101 
1123042,47 100 
1123042,47 2
1123042,47 2156
1123042,47 11
1125019,43 25 
1125939,39 75 
1127148,54 72 
1127218,6 70 
1128739,24 80 
1129803,84 83 
1130235,08 64 432
1130423,77 74 167
1130423,77 63 167
1131933,02 150 
1131950,62 68 
1132449,02 249
1133945,71 173 
1133966,94 92 
1133966,94 65 
1133988,18 103 
1133988,18 101 
1134515,02 100 
1134515,02 2
1134515,02 2156
1134515,02 10
1136494,51 25 
1136947,98 75 
1138156,26 72 
1138227,37 70 
1140098,97 80 
1140665,65 83 
1142366,78 64 1701
1142512,88 74 128
1142512,88 62 128
1143022,45 151 
1143052,49 69 
1143963,2 93 
1143983,87 103 
1143983,87 101 
1146018,08 100 
1146018,08 2
1146018,08 2156
1146018,08 11
1147996,22 25 
1153794,06 75 
1155002,46 72 
1155073,28 70 
1156595,48 80 
1157671,71 83 
1158162,63 64 491
1158341,93 74 165
1158341,93 62 165
1159853,25 151 
1159872,33 69 
1160580,47 93 
1160590,14 103 
1160590,14 101 
1162618,42 100 
1162618,42 2
1162618,42 2156
1162618,42 10
1164602,46 25 
1164629,63 75 
1165838,86 72 
1165908,62 70 
1167434,09 80 
1168800,3 83 
1170088,62 64 1289
1170315,13 74 209
1170315,13 61 209
1170826,06 150 
1170854,64 68 
1171737,31 249
1172362,51 92 
1172362,51 65 
1172385,07 103 
1172385,07 101 
1172912,84 100 
1172912,84 2
1172912,84 2156
1172912,84 10
1174891,38 25 
1175478,13 75 
1176685 72 
1176757,3 70 
1178284,28 80 
1178649,44 83 
1179254,2 64 605
1179457,36 74 182
1179457,36 61 182
1180465,17 150 
1180489,71 68 
1180926,79 249
1180966,15 171
1181197,05 92 
1181197,05 65 
1181221,24 103 
1181221,24 101 
1181754,28 100 
1181754,28 2
1181754,28 2156
1181754,28 11
1183740,86 25 
1184287,67 75 
1185495,64 72 
1185566,93 70 
1187087,63 80 
1187459,01 83 
1188040,52 64 582
1188218,7 74 160
1188218,7 61 160
1188727,76 151 
1188753,81 69 
1190766,23 93 
1190777,18 103 
1190777,18 101 
1192803,89 100 
1192803,89 2
1192803,89 2156
1192803,89 10
1194789,45 25 
1194816,62 75 
1196025,49 72 
1196095,67 70 
1197623,1 80 
1198694,12 83 
1199470,45 64 777
1199614,65 74 121
1199614,65 62 121
1201126,67 151 
1201147,49 69 
1202511,78 249 
1202658,77 93 
1202678,76 103 
1202678,76 101 
1204705,49 100 
1204705,49 2
1204705,49 2156
1204705,49 10
1206691,09 25 
1206719,62 75 
1207929,83 72 
1207997,24 70 
1209524,28 80 
1210888,89 83 
1214347,25 64 3459
1214653,22 74 286
1214653,22 61 286
1215666,4 152 
1215687,92 69 
1216599,11 93 
1216619,43 103 
1216619,43 101 
1218658,82 100 
1218658,82 2
1218658,82 2156
1218658,82 11
1220645,06 25 
1220672,5 75 
1221881,8 72 
1221951,27 70 
1223484,31 80 
1224842,91 83 
1225149,26 64 307
1225386,46 74 224
1225386,46 61 224
1226394,67 151 
1226417,1 69 
1228426,96 93 
1228441,01 103 
1228441,01 101 
1230468,79 100 
1230468,79 2
1230468,79 2156
1230468,79 11
1232453,31 25 
1232481,91 75 
1233691,25 72 
1233759,52 70 
1235285,08 80 
1236357,98 83 
1238934,57 64 2577
1239111,35 74 155
1239111,35 62 155
1240619,29 151 
1240638,11 69 
1241348,32 93 
1241368,81 103 
1241368,81 101 
1243396,51 100 
1243396,51 2
1243396,51 2156
1243396,51 10
1245381,1 25 
1245408,37 75 
1246616,08 72 
1246687,33 70 
1248211,02 80 
1248579,51 83 
1249162,18 64 583
1249362,8 74 184
1249362,8 61 184
1249871,13 150 
1249900,02 68 
1250292 249
1250382,45 171
1250811,62 92 
1250811,62 65 
1250831,41 103 
1250831,41 101 
1251365,9 100 
1251365,9 2
1251365,9 2156
1251365,9 10
1253351,01 25 
1253964,51 75 
1255173,4 72 
1255243,64 70 
1256772,34 80 
1258135,32 83 
1258167,94 64 33
1258510,46 74 322
1258510,46 61 322
1259521,88 150 
1259549,94 68 
1260014,85 249
1261059,36 92 
1261059,36 65 
1261080,37 103 
1261080,37 101 
1261607,51 100 
1261607,51 2
1261607,51 2156
1261607,51 10
1263586,8 25 
1264106,81 75 
1265315,31 72 
1265385,96 70 
1266917,99 80 
1267291,38 83 
1268176,28 64 885
1268491,46 74 294
1268491,46 61 294
1270002,01 150 
1270024,69 68 
1271532,44 92 
1271532,44 65 
1271555,88 103 
1271555,88 101 
1272082,42 100 
1272082,42 2
1272082,42 2156
1272082,42 10
1274062,22 25 
1274462,35 75 
1275670,08 72 
1275741,52 70 
1277270,34 80 
1278326,62 83 
1279045,43 64 719
1279281,36 74 222
1279281,36 61 222
1279792,02 152 
1279820,86 69 
1280730,36 93 
1280751,92 103 
1280751,92 101 
1282787,16 100 
1282787,16 2
1282787,16 2156
1282787,16 11
1284764,22 25 
1284791,99 75 
1285998,35 72 
1286070,44 70 
1287595,23 80 
1288962,2 83 
1289408,65 64 447
1289602,26 74 174
1289602,26 61 174
1291112,46 151 
1291136,37 69 
1291848,26 93 
1291867,21 103 
1291867,21 101 
1293893,85 100 
1293893,85 2
1293893,85 2156
1293893,85 11
1295879,47 25 
1295906,81 75 
1297116,05 72 
1297185,69 70 
1298712,48 80 
1299077,72 83 
1299735,68 64 658
1299915,06 74 158
1299915,06 62 158
1300928,99 151 
1300958,9 69 
1302738 249 
1302965,99 93 
1302982,38 103 
1302982,38 101 
1305010,12 100 
1305010,12 2
1305010,12 2156
1305010,12 11
1306994,69 25 
1311659,76 75 
1312868,31 72 
1312938,93 70 
1314458,85 80 
1315537,39 83 
1317127,06 64 1590
1317331,84 74 182
1317331,84 61 182
1317840,6 151 
1317857,59 69 
1318767,89 93 
1318788,94 103 
1318788,94 101 
1320821,03 100 
1320821,03 2
1320821,03 2156
1320821,03 10
1322801,24 25 
1322828,76 75 
1324038,06 72 
1324107,44 70 
1325627,5 80 
1326999,07 83 
1327416,53 64 418
1327592,51 74 154
1327592,51 61 154
1329100,98 150 
1329120,06 68 
1329830,63 92 
1329830,63 65 
1329850,84 103 
1329850,84 101 
1330377,84 100 
1330377,84 2
1330377,84 2156
1330377,84 11
1332357,16 25 
1332850,94 75 
1334059,55 72 
1334129,9 70 
1335650,65 80 
1336715 83 
1336982,03 64 268
1337179,68 74 185
1337179,68 63 185
1338190,2 150 
1338209,6 68 
1338245,98 249
1338555,65 173 
1340217,51 92 
1340217,51 65 
1340233,05 103 
1340233,05 101 
1340760,1 100 
1340760,1 2
1340760,1 2156
1340760,1 11
1342739,38 25 
1343366,13 75 
1344574,6 72 
1344885,26 70 
1346504,39 80 
1346870,6 83 
1347644,25 64 774
1347847,5 74 191
1347847,5 63 191
1348356,54 150 
1348378,5 68 
1348895,98 249
1349887,23 92 
1349887,23 65 
1349908,93 103 
1349908,93 101 
1350448,05 100 
1350448,05 2
1350448,05 2156
1350448,05 11
1352428,61 25 
1353028,66 75 
1354238,6 72 
1354307,84 70 
1355828,1 80 
1356199,98 83 
1356951,24 64 752
1357167,67 74 195
1357167,67 63 195
1358176,14 150 
1358200,29 68 
1359111,29 92 
1359111,29 65 
1359131,65 103 
1359131,65 101 
1359658,84 100 
1359658,84 2
1359658,84 2156
1359658,84 10
1361637,92 25 
1362144,73 75 
1363352,85 72 
1363423,91 70 
1364946,7 80 
1366022,34 83 
1367336,03 64 1314
1367564,64 74 210
1367564,64 63 210
1368075,14 151 
1368103,37 69 
1369612,48 93 
1369633,86 103 
1369633,86 101 
1371660,35 100 
1371660,35 2
1371660,35 2156
1371660,35 11
1373646,1 25 
1373673,34 75 
1374883,68 72 
1374952,31 70 
1376474,27 80 
1377843,95 83 
1378266,19 64 423
1378458,3 74 175
1378458,3 62 175
1379969,08 151 
1379991,17 69 
1382002,08 93 
1382015,16 103 
1382015,16 101 
1384051,74 100 
1384051,74 2
1384051,74 2156
1384051,74 10
1386027,48 25 
1386055,81 75 
1387263,05 72 
1387333,71 70 
1388859,43 80 
1389225,75 83 
1393087,48 64 3862
1393258,89 74 155
1393258,89 62 155
1393769,73 151 
1393799 69 
1394507,25 93 
1394516,62 103 
1394516,62 101 
1396545,46 100 
1396545,46 2
1396545,46 2156
1396545,46 10
1398528,76 25 
1398569,76 75 
1399777,32 72 
1399848,4 70 
1401372,56 80 
1402446,89 83 
1543087,42 64 140641
1543278,95 74 173
1543278,95 62 173
1544791,02 151 
1544814,23 69 
1546322,96 93 
1546344,67 103 
1546344,67 101 
1548372,49 100 
1548372,49 2
1548372,49 2156
1548372,49 11
1550356,99 25 
1550384,43 75 
1551593,19 72 
1551663,2 70 
1553182,87 80 
1554554,89 83 
1699481,08 64 144927
1699671,59 74 166
1699671,59 62 166
1700682,72 151 
1700707,16 69 
1702715,98 93 
1702730,95 103 
1702730,95 101 
1704766,67 100 
1704766,67 2
1704766,67 2156
1704766,67 11
1706743,26 25 
1706771,58 75 
1707979,94 72 
1708276,04 70 
1709898,54 80 
1710954,5 83 
1711313,52 64 359
1711509,27 74 182
1711509,27 61 182
1713017,64 151 
1713034,88 69 
1713944,3 93 
1713952,87 103 
1713952,87 101 
1715979,99 100 
1715979,99 2
1715979,99 2156
1715979,99 10
1717965,13 25 
1717992,6 75 
1719200,55 72 
1719271,33 70 
1720795,59 80 
1721163,38 83 
1724672,73 64 3509
1724839,68 74 145
1724839,68 62 145
1725350,8 151 
1725376,65 69 
1726087,31 93 
1726107,57 103 
1726107,57 101 
1728135,58 100 
1728135,58 2
1728135,58 2156
1728135,58 11
1730119,92 25 
1730147,14 75 
1731353,77 72 
1731426,2 70 
1732958,65 80 
1734331,21 83 
1735652,11 64 1322
1735894,12 74 218
1735894,12 61 218
1736905,6 153 
1736931,85 68 
1737843,24 92 
1737843,24 65 
1737862,55 103 
1737862,55 101 
1738398,5 100 
1738398,5 2
1738398,5 2156
1738398,5 10
1740382,16 25 
1740995,76 75 
1742204,62 72 
1742274,79 70 
1743795,8 80 
1745166,43 83 
1745566,58 64 400
1745728,44 74 149
1745728,44 62 149
1746736,18 151 
1746766,92 69 
1748707,89 249 
1748777,32 93 
1748791,19 103 
1748791,19 101 
1750820,37 100 
1750820,37 2
1750820,37 2156
1750820,37 11
1752803,51 25 
1752830,89 75 
1754037,96 72 
1754109,7 70 
1755637,4 80 
1756708,15 83 
1757358,29 64 651
1757616,41 74 242
1757616,41 61 242
1759126,37 151 
1759148,36 69 
1759856,26 93 
1759866,58 103 
1759866,58 101 
1761893,05 100 
1761893,05 2
1761893,05 2156
1761893,05 11
1763878,76 25 
1763906,44 75 
1765114,83 72 
1765184,98 70 
1766705,83 80 
1767077,06 83 
1770143,82 64 3067
1770394,63 74 226
1770394,63 63 226
1770903,59 150 
1770930,62 68 
1772441,34 92 
1772441,34 65 
1772461,03 103 
1772461,03 101 
1772997,5 100 
1772997,5 2
1772997,5 2156
1772997,5 10
1774980,66 25 
1775328,52 75 
1776535,33 72 
1776606,82 70 
1778128,86 80 
1779205,17 83 
1780073,55 64 869
1780251,82 74 154
1780251,82 62 154
1781260,66 151 
1781285,8 69 
1781997,82 93 
1782016,94 103 
1782016,94 101 
1784044,37 100 
1784044,37 2
1784044,37 2156
1784044,37 11
1786029,3 25 
1786056,76 75 
1787266,01 72 
1787335,5 70 
1788856,71 80 
1789227,58 83 
1790751,27 64 1524
1790939,14 74 166
1790939,14 62 166
1792446,45 151 
1792466,92 69 
1793975,59 93 
1793985,35 103 
1793985,35 101 
1796012,23 100 
1796012,23 2
1796012,23 2156
1796012,23 11
1797997,47 25 
1798024,79 75 
1799232,5 72 
1799303,68 70 
1800825,29 80 
1802195,67 83 
1802728,3 64 533
1803004,36 74 263
1803004,36 61 263
1803515,71 151 
1803543,3 69 
1805110,91 249 
1806021,89 256 
1808858,4 181 
1810662,29 93 
1810684,65 103 
1810684,65 101 
1812717,76 100 
1812717,76 2
1812717,76 2156
1812717,76 10
1814697,02 25 
1814724,63 75 
1815933,9 72 
1816003,17 70 
1817522,83 80 
1817895,24 83 
1818814,38 64 920
1818982,01 74 155
1818982,01 62 155
1819494,64 151 
1819523,15 69 
1820431,84 93 
1820440,56 103 
1820440,56 101 
1822468,64 100 
1822468,64 2
1822468,64 2156
1822468,64 10
1824452,77 25 
1824480,27 75 
1825688,18 72 
1825759,04 70 
1827285,93 80 
1828357,44 83 
1828388,72 64 31
1828648,27 74 238
1828648,27 61 238
1830157,19 152 
1830184,55 69 
1832194,92 93 
1832208,76 103 
1832208,76 101 
1834236,36 100 
1834236,36 2
1834236,36 2156
1834236,36 10
1836221,11 25 
1836248,57 75 
1837455,17 72 
1837527,28 70 
1839062,23 80 
1840432,24 83 
1840601,89 64 170
1840865,58 74 247
1840865,58 63 247
1841875,12 151 
1841900,22 69 
1842810,83 93 
1842830,87 103 
1842830,87 101 
1844866,03 100 
1844866,03 2
1844866,03 2156
1844866,03 11
1846843,17 25 
1846871,26 75 
1848080,33 72 
1848149,44 70 
1849668,45 80 
1850028,17 83 
1851265,82 64 1238
1851435,93 74 156
1851435,93 62 156
1851948,87 151 
1851975,48 69 
1852618,2 249 
1852686,38 93 
1852706,63 103 
1852706,63 101 
1854733,31 100 
1854733,31 2
1854733,31 2156
1854733,31 10
1856718,98 25 
1856747,1 75 
1857956,27 72 
1858026,94 70 
1859551,56 80 
1860623,6 83 
1861204,75 64 581
1861372,04 74 149
1861372,04 62 149
1862383,85 151 
1862410,98 69 
1863921,04 93 
1863941,82 103 
1863941,82 101 
1865970,29 100 
1865970,29 5
1865970,29 2156
1865970,29 11
1865970,29 78 
1865970,29 198 
1867954,11 25 
1867981,9 75 
1869190,5 72 
1869260,4 70 
1870789,67 80 
1872152 83 
1872181,91 64 30
1872562,19 74 358
1872562,19 61 358
1874075,16 151 
1874099,77 69 
1874810,2 93 
1874830,47 103 
1874830,47 101 
1876866,8 100 
1876866,8 5
1876866,8 2156
1876866,8 11
1878842,83 25 
1887812,65 75 
1889021,11 72 
1889091,84 70 
1890616,97 80 
1890983,89 83 
1891585,02 64 602
1891816 74 207
1891816 61 207
1892327,51 151 
1892344,89 69 
1894352,73 93 
1894368,76 103 
1894368,76 101 
1896395,31 100 
1896395,31 5
1896395,31 2156
1896395,31 10
1898381,05 25 
1898954,53 75 
1900162,08 72 
1900233,8 70 
1901756,03 80 
1902832,14 83 
1905514,02 64 2683
1905724,39 74 187
1905724,39 61 187
1906734,73 151 
1906765,67 69 
1907569,15 249 
1907676,39 93 
1907696,41 103 
1907696,41 101 
1909723,88 100 
1909723,88 5
1909723,88 2156
1909723,88 11
1911708,75 25 
1911736,98 75 
1912944,52 72 
1913268,22 70 
1914895,96 80 
1916266,4 83 
1916736,32 64 470
1916971,53 74 212
1916971,53 63 212
1918480,42 153 
1918507,47 68 
1920016,84 92 
1920016,84 65 
1920037,75 103 
1920037,75 101 
1920574,26 100 
1920574,26 5
1920574,26 2156
1920574,26 10
1922557,39 25 
1923117,51 75 
1924325,89 72 
1924396,7 70 
1925927,99 80 
1926995,24 83 
1927360,59 64 366
1927506,12 74 125
1927506,12 62 125
1929015,53 151 
1929035,37 69 
1929746,86 93 
1929766,92 103 
1929766,92 101 
1931795,74 100 
1931795,74 5
1931795,74 2156
1931795,74 10
1933779,35 25 
1933806,44 75 
1935015,68 72 
1935085,41 70 
1936615,8 80 
1936977,5 83 
1938319,59 64 1342
1938600,48 74 264
1938600,48 61 264
1939611,77 151 
1939631,19 69 
1941447,42 249 
1941640,23 93 
1941655,15 103 
1941655,15 101 
1943682,71 100 
1943682,71 5
1943682,71 2156
1943682,71 10
1945667,48 25 
1945695,05 75 
1946901,64 72 
1946973,73 70 
1948501,75 80 
1949865,34 83 
1951176,91 64 1312
1951385,57 74 188
1951385,57 61 188
1951895,78 151 
1951918,88 69 
1953427,46 93 
1953450,12 103 
1953450,12 101 
1955486,51 100 
1955486,51 5
1955486,51 2156
1955486,51 11
1957462,44 25 
1957489,93 75 
1958698,59 72 
1958768,72 70 
1960292,47 80 
1961660,29 83 
1962107,28 64 448
1962317,54 74 191
1962317,54 62 191
1963825,4 150 
1963847,95 68 
1964244,15 249
1964288,1 172 
1964758,53 92 
1964758,53 65 
1964778,55 103 
1964778,55 101 
1965308,05 100 
1965308,05 5
1965308,05 2156
1965308,05 11
1967284,85 25 
1967698,4 75 
1968905,53 72 
1968977,56 70 
1970502,29 80 
1971576,04 83 
1972415,05 64 840
1972593,75 74 165
1972593,75 62 165
1973104,92 150 
1973124,25 68 
1974634,61 92 
1974634,61 65 
1974654,42 103 
1974654,42 101 
1975181,04 100 
1975181,04 5
1975181,04 2156
1975181,04 10
1977160,7 25 
1977667,55 75 
1978875,56 72 
1978946,63 70 
1980481,49 80 
1980852,1 83 
1981697,15 64 846
1981936,92 74 218
1981936,92 63 218
1982948,47 150 
1982972,7 68 
1983684,55 92 
1983684,55 65 
1983703,83 103 
1983703,83 101 
1984242,3 100 
1984242,3 5
1984242,3 2156
1984242,3 11
1986223,43 25 
1986890,17 75 
1988097,73 72 
1988169,34 70 
1989701,11 80 
1991061,03 83 
1991465,21 64 405
1991660,95 74 174
1991660,95 63 174
1993170,96 151 
1993195,28 69 
1995203,63 93 
1995219 103 
1995219 101 
1997246,86 100 
1997246,86 5
1997246,86 2156
1997246,86 11
1999231,18 25 
1999258,49 75 
2000467,59 72 
2000537,5 70 
2002059,14 80 
2002429,46 83 
2003025,46 64 596
2003270,27 74 228
2003270,27 62 228
2003782,36 150 
2003804,06 68 
2004715,88 92 
2004715,88 65 
2004734,79 103 
2004734,79 101 
2005262,11 100 
2005262,11 5
2005262,11 2156
2005262,11 11
2007241,11 25 
2008347,63 75 
2009556,75 72 
2009626,82 70 
2011152,58 80 
2011510,69 250 
2011518,47 101 
2013531,71 100 
2013531,71 5
2013531,71 2156
2013531,71 11
2013531,71 25 
2014558,34 75 
2015638,98 250 
2015649,65 101 
2017663,24 100 
2017663,24 5
2017663,24 2156
2017663,24 11
2017663,24 25 
2027663,82 254 
2027671,53 101 
2029670,77 100 
2029670,77 5
2029670,77 2156
2029670,77 11
2029670,77 25 
2030337,43 75 
2031545,41 72 
2031857,27 70 
2033481,82 80 
2034562,33 83 
2035063,38 64 501
2035266,82 74 185
2035266,82 61 185
2036277,47 151 
2036297,1 69 
2037434,21 249 
2057082,55 256 
2057088,05 183 
2067731,16 93 
2067747,77 103 
2067747,77 101 
2069782,17 100 
2069782,17 5
2069782,17 2156
2069782,17 10
2071760,04 25 
2071787,7 75 
2072996,75 72 
2073066,26 70 
2074586,15 80 
2075971,23 83 
2076244,85 64 274
2076424,38 74 160
2076424,38 61 160
2077434,41 151 
2077466,54 69 
2078377,29 93 
2078396,8 103 
2078396,8 101 
2080424,57 100 
2080424,57 5
2080424,57 2156
2080424,57 10
2082408,93 25 
2082436,15 75 
2083644,93 72 
2083715,05 70 
2085237,19 80 
2085607,18 83 
2086247,28 64 641
2086424,89 74 166
2086424,89 62 166
2087937,72 151 
2087967,95 69 
2089476,83 93 
2089498,44 103 
2089498,44 101 
2091525,41 100 
2091525,41 5
2091525,41 2156
2091525,41 10
2093510,74 25 
2093538,3 75 
2094746,5 72 
2094816,93 70 
2096340,95 80 
2097415,46 83 
2097546,34 64 131
2097771,55 74 210
2097771,55 63 210
2098282,63 150 
2098310,19 68 
2099019,64 92 
2099019,64 65 
2099041 103 
2099041 101 
2099578,69 100 
2099578,69 5
2099578,69 2156
2099578,69 11
2101560,63 25 
2102520,58 75 
2103726,37 72 
2103799,75 70 
2105326,37 80 
2105691,89 83 
2106266,69 64 575
2106506,25 74 215
2106506,25 61 215
2108014,56 151 
2108039,46 69 
2108750,46 93 
2108770,18 103 
2108770,18 101 
2110796,9 100 
2110796,9 5
2110796,9 2156
2110796,9 10
2112782,48 25 
2112810,56 75 
2114017,3 72 
2114088,68 70 
2115620,92 80 
2116124,59 250 
2116140,25 101 
2118140,39 100 
2118140,39 5
2118140,39 2156
2118140,39 10
2118140,39 25 
2118167,95 75 
2119375,27 72 
2119446,44 70 
2120974,07 80 
2121904 250 
2121924,44 101 
2123937,73 100 
2123937,73 5
2123937,73 2156
2123937,73 10
2123937,73 25 
2123964,82 75 
2125173,88 72 
2125243,89 70 
2126767,23 80 
2127842,37 83 
2128410,15 64 568
2128620,26 74 192
2128620,26 61 192
2129628,78 151 
2129656,81 69 
2131172,44 249 
2131664,89 93 
2131680,33 103 
2131680,33 101 
2133708,07 100 
2133708,07 5
2133708,07 2156
2133708,07 10
2135692,64 25 
2145694,71 254 
2145714,27 101 
2147726,7 100 
2147726,7 5
2147726,7 2156
2147726,7 10
2147726,7 25 
2147754,59 75 
2148961,82 72 
2149220,28 70 
2150900,03 80 
2152485,11 83 
2153088,55 64 604
2153262,3 74 151
2153262,3 61 151
2153770,86 151 
2153792,39 69 
2154700,38 93 
2154723,82 103 
2154723,82 101 
2156756,81 100 
2156756,81 5
2156756,81 2156
2156756,81 11
2158736,09 25 
2158763,56 75 
2159972,01 72 
2160042,34 70 
2161566,86 80 
2161934,43 83 
2162559,1 64 625
2162712,66 74 139
2162712,66 62 139
2163223,97 152 
2163242,48 69 
2164751,3 93 
2164772,82 103 
2164772,82 101 
2166804,05 100 
2166804,05 5
2166804,05 2156
2166804,05 11
2168786,02 25 
2168812,99 75 
2170021,92 72 
2170091,33 70 
2171612,49 80 
2172811,25 250 
2172823,52 101 
2174835,89 100 
2174835,89 5
2174835,89 2156
2174835,89 11
2174835,89 25 
2174863,49 75 
2176072,2 72 
2176142,08 70 
2177667,87 80 
2178026,63 250 
2178047,07 101 
2180060,4 100 
2180060,4 5
2180060,4 2156
2180060,4 11
2180060,4 25 
2182752,83 75 
2183961,65 72 
2184032 70 
2185554,58 80 
2186923,66 83 
2187362,31 64 439
2187557,33 74 181
2187557,33 62 181
2189064,34 150 
2189084,65 68 
2190592,36 92 
2190592,36 65 
2190615,05 103 
2190615,05 101 
2191142,28 100 
2191142,28 5
2191142,28 2156
2191142,28 11
2193121,35 25 
2194481,2 75 
2195689,23 72 
2195760,31 70 
2197284,69 80 
2198358,75 83 
2198911,25 64 553
2199078,66 74 147
2199078,66 62 147
2200087,22 150 
2200106,71 68 
2200518,16 249
2200575,66 172 
2201016,64 92 
2201016,64 65 
2201037,26 103 
2201037,26 101 
2201573,89 100 
2201573,89 5
2201573,89 2156
2201573,89 11
2203556,88 25 
2204237,01 75 
2205444,13 72 
2205516,17 70 
2207039,41 80 
2208407,78 83 
2208849,52 64 442
2209048,81 74 175
2209048,81 63 175
2209556,88 151 
2209582,48 69 
2210293,04 93 
2210313,45 103 
2210313,45 101 
2212339,96 100 
2212339,96 5
2212339,96 2156
2212339,96 11
2214325,6 25 
2214353,08 75 
2215559,95 72 
2215631,79 70 
2217163,12 80 
2217523,91 83 
2219318,98 64 1796
2219484,37 74 148
2219484,37 62 148
2220494,76 150 
2220524,55 68 
2222534,45 92 
2222534,45 65 
2222548,05 103 
2222548,05 101 
2223074,68 100 
2223074,68 5
2223074,68 2156
2223074,68 11
2225054,37 25 
2225468 75 
2226677,57 72 
2226747,06 70 
2228275,98 80 
2229345,68 83 
2229734,63 64 389
2229877,18 74 119
2229877,18 62 119
2231386,04 150 
2231413,13 68 
2231737,36 249
2231787,51 172 
2232121,09 92 
2232121,09 65 
2232143,93 103 
2232143,93 101 
2232680,22 100 
2232680,22 5
2232680,22 2156
2232680,22 10
2234663,56 25 
2235157,2 75 
2236365,65 72 
2236436,25 70 
2237966,75 80 
2238328,4 83 
2239512,81 64 1185
2239737,59 74 210
2239737,59 63 210
2241247,88 152 
2241274,83 69 
2242784,35 93 
2242806,04 103 
2242806,04 101 
2244833,84 100 
2244833,84 5
2244833,84 2156
2244833,84 10
2246818,33 25 
2246845,55 75 
2248052,52 72 
2248124,59 70 
2249649,35 80 
2250709,64 83 
2251135,95 64 427
2251284,6 74 135
2251284,6 62 135
2251797,17 151 
2251817,69 69 
2252863,09 249 
2253242,5 182 
2253829,71 93 
2253841,4 103 
2253841,4 101 
2255869,6 100 
2255869,6 5
2255869,6 2156
2255869,6 10
2257853,6 25 
2257883,06 75 
2259089,8 72 
2259386,42 70 
2261007,49 80 
2262371,3 83 
2262814,62 64 444
2262998,41 74 161
2262998,41 61 161
2264009,36 151 
2264039,31 69 
2264948,8 93 
2264970,94 103 
2264970,94 101 
2267007,65 100 
2267007,65 5
2267007,65 2156
2267007,65 10
2268982,19 25 
2269848,86 75 
2271057,34 72 
2271128,02 70 
2272650,41 80 
2274019,66 83 
2274276,6 64 257
2274445,18 74 146
2274445,18 62 146
2274957,71 151 
2274981,13 69 
2276495,3 249 
2276993,64 93 
2277004,72 103 
2277004,72 101 
2279032,12 100 
2279032,12 5
2279032,12 2156
2279032,12 10
2281016,99 25 
2281377,22 75 
2282585,92 72 
2282656,44 70 
2284176,62 80 
2285254,9 83 
2287221,44 64 1967
2287417,26 74 177
2287417,26 61 177
2288925,65 151 
2288947,71 69 
2289363,81 249 
2289642,59 181 
2289857,51 93 
2289879,18 103 
2289879,18 101 
2291906,67 100 
2291906,67 5
2291906,67 2156
2291906,67 11
2293891,47 25 
2296997,2 75 
2298206,72 72 
2298276,38 70 
2299795,14 80 
2300168,42 83 
2300841,51 64 673
2300987,42 74 126
2300987,42 62 126
2302000,87 150 
2302022,96 68 
2302733,08 92 
2302733,08 65 
2302753,64 103 
2302753,64 101 
2303287,61 100 
2303287,61 5
2303287,61 2156
2303287,61 11
2305273,33 25 
2305940,07 75 
2307147,59 72 
2307219,24 70 
2308741,16 80 
2309817,64 83 
2310179,16 64 362
2310398,84 74 195
2310398,84 63 195
2311406,26 153 
2311432,23 68 
2311845,94 249
2312941,13 92 
2312941,13 65 
2312962,6 103 
2312962,6 101 
2313490,17 100 
2313490,17 5
2313490,17 2156
2313490,17 10
2315468,92 25 
2316029,09 75 
2317235,59 72 
2317308,33 70 
2318834,52 80 
2319200,33 83 
2320200,52 64 1000
2320353,88 74 140
2320353,88 62 140
2321861,69 151 
2321880,99 69 
2322792,4 93 
2322811,75 103 
2322811,75 101 
2324839,51 100 
2324839,51 5
2324839,51 2156
2324839,51 11
2326824,06 25 
2326851,63 75 
2328058,61 72 
2328130,27 70 
2329654,92 80 
2331035,33 83 
2331322,16 64 288
2331499,43 74 158
2331499,43 62 158
2332009,72 150 
2332036,15 68 
2333546,43 92 
2333546,43 65 
2333567,17 103 
2333567,17 101 
2334102,16 100 
2334102,16 5
2334102,16 2156
2334102,16 11
2336086,7 25 
2336860,15 75 
2338067,95 72 
2338139,34 70 
2339666,02 80 
2341044,26 83 
2341412,21 64 369
2341583,22 74 153
2341583,22 62 153
2343092,55 150 
2343111,99 68 
2343821,14 92 
2343821,14 65 
2343842,75 103 
2343842,75 101 
2344372,27 100 
2344372,27 5
2344372,27 2156
2344372,27 10
2346349,01 25 
2346935,77 75 
2348145,56 72 
2348214,94 70 
2349747,03 80 
2350133,79 83 
2350752,11 64 619
2351023,36 74 250
2351023,36 63 250
2351533,56 150 
2351561,67 68 
2352418,28 249
2353570,51 92 
2353570,51 65 
2353585,17 103 
2353585,17 101 
2354114,19 100 
2354114,19 5
2354114,19 2156
2354114,19 10
2356091,51 25 
2356758,27 75 
2357966,83 72 
2358037,4 70 
2359560,87 80 
2360969,02 83 
2361185,97 64 218
2361408,64 74 200
2361408,64 63 200
2362420,03 150 
2362436,29 68 
2362924,77 249
2363144,44 92 
2363144,44 65 
2363167,75 103 
2363167,75 101 
2363703,89 100 
2363703,89 5
2363703,89 2156
2363703,89 11
2365687,4 25 
2366167,52 75 
2367375,15 72 
2367446,75 70 
2368973,17 80 
2370338,45 83 
2370874,45 64 536
2371109,87 74 212
2371109,87 61 212
2371618,05 151 
2371646,05 69 
2373155,49 93 
2373176,79 103 
2373176,79 101 
2375203,51 100 
2375203,51 5
2375203,51 2156
2375203,51 10
2377189,12 25 
2377829,25 75 
2379035,92 72 
2379108,37 70 
2380637,96 80 
2381693,63 83 
2382377,59 64 684
2382604,81 74 205
2382604,81 63 205
2384116 150 
2384133,64 68 
2384501,36 249
2386142,78 92 
2386142,78 65 
2386157,87 103 
2386157,87 101 
2386684,95 100 
2386684,95 5
2386684,95 2156
2386684,95 10
2388664,21 25 
2389304,31 75 
2390513,26 72 
2390583,49 70 
2392098,59 80 
2392462,18 83 
2393304,15 64 843
2393545,42 74 217
2393545,42 63 217
2394558,66 150 
2394582,46 68 
2395492,19 92 
2395492,19 65 
2395513,88 103 
2395513,88 101 
2396056,69 100 
2396056,69 5
2396056,69 2156
2396056,69 11
2398033,52 25 
2398526,99 75 
2399737,9 72 
2399806,21 70 
2401328,32 80 
2401698,3 83 
2402228,18 64 531
2402391,42 74 147
2402391,42 62 147
2403401,04 150 
2403420,29 68 
2404328,79 92 
2404328,79 65 
2404350,07 103 
2404350,07 101 
2404877,51 100 
2404877,51 5
2404877,51 2156
2404877,51 10
2406856,41 25 
2407483,19 75 
2408689,92 72 
2408762,38 70 
2410298,22 80 
2411374,12 83 
2411960,27 64 587
2412158,42 74 185
2412158,42 63 185
2413666,01 150 
2413694,99 68 
2413957,46 249
2414404,65 92 
2414404,65 65 
2414425,79 103 
2414425,79 101 
2414953,72 100 
2414953,72 5
2414953,72 2156
2414953,72 10
2416932,04 25 
2417665,45 75 
2418874,56 72 
2418944,61 70 
2420474,41 80 
2421836,26 83 
2422755,31 64 920
2422987,68 74 219
2422987,68 63 219
2423498,6 150 
2423530,01 68 
2425041,97 92 
2425041,97 65 
2425061,27 103 
2425061,27 101 
2425594,38 100 
2425594,38 5
2425594,38 2156
2425594,38 11
2427580,85 25 
2428140,96 75 
2429348 72 
2429420,12 70 
2430942,23 80 
2431325,56 83 
2431981,63 64 656
2432148,89 74 145
2432148,89 62 145
2432658,79 150 
2432686,86 68 
2433151 249
2433252,41 172 
2434698,25 92 
2434698,25 65 
2434723,74 103 
2434723,74 101 
2435251,23 100 
2435251,23 5
2435251,23 2156
2435251,23 10
2437230,02 25 
2437736,85 75 
2438944,08 72 
2439016,06 70 
2440583,24 80 
2441948 83 
2442501,9 64 554
2442648,27 74 128
2442648,27 62 128
2443657,22 151 
2443682,15 69 
2445693,38 93 
2445705,73 103 
2445705,73 101 
2447733,18 100 
2447733,18 5
2447733,18 2156
2447733,18 11
2449717,98 25 
2449746,24 75 
2450952,9 72 
2451024,27 70 
2452554,39 80 
2453635,95 83 
2454071,67 64 436
2454234,1 74 146
2454234,1 62 146
2455740,96 150 
2455770,35 68 
2457282,13 92 
2457282,13 65 
2457300,74 103 
2457300,74 101 
2457833,13 100 
2457833,13 5
2457833,13 2156
2457833,13 10
2459820,57 25 
2460287,19 75 
2461494,36 72 
2461792,9 70 
2463416,93 80 
2464777,87 83 
2465089,31 64 312
2465275,55 74 165
2465275,55 63 165
2466784,82 150 
2466805,55 68 
2467323,65 249
2467715,01 92 
2467715,01 65 
2467736,23 103 
2467736,23 101 
2468263,4 100 
2468263,4 5
2468263,4 2156
2468263,4 11
2470243,39 25 
2470776,06 75 
2471986,24 72 
2472055,17 70 
2473576,39 80 
2473947,3 83 
2476990,52 64 3044
2477149,06 74 137
2477149,06 62 137
2477659,66 152 
2477680,85 69 
2478391,11 93 
2478411,67 103 
2478411,67 101 
2480438,32 100 
2480438,32 5
2480438,32 2156
2480438,32 10
2482423,95 25 
2482465,45 75 
2483675,69 72 
2483743,52 70 
2485269,55 80 
2486328,71 83 
2488810,85 64 2482
2489008,67 74 175
2489008,67 63 175
2490017,5 150 
2490035,78 68 
2490746,5 92 
2490746,5 65 
2490766,47 103 
2490766,47 101 
2491301,27 100 
2491301,27 5
2491301,27 2156
2491301,27 11
2493285,97 25 
2493992,86 75 
2495199,89 72 
2495271,9 70 
2496794,19 80 
2498163,52 83 
2498623,1 64 460
2498779,91 74 137
2498779,91 62 137
2499787,25 150 
2499804,92 68 
2500194,93 249
2500238,19 172 
2500716,21 92 
2500716,21 65 
2500735,41 103 
2500735,41 101 
2501262,99 100 
2501262,99 5
2501262,99 2156
2501262,99 10
2503241,7 25 
2504041,92 75 
2505249,68 72 
2505320,92 70 
2506853,07 80 
2507226,4 83 
2509550,04 64 2325
2509713,64 74 142
2509713,64 62 142
2510223,99 151 
2510253,17 69 
2512266,48 93 
2512277,32 103 
2512277,32 101 
2514304,74 100 
2514304,74 5
2514304,74 2156
2514304,74 11
2516289,45 25 
2516316,94 75 
2517525,27 72 
2517595,8 70 
2519129,98 80 
2520207,46 83 
2520949,7 64 742
2521223,98 74 258
2521223,98 63 258
2522736,7 151 
2522754,99 69 
2524262,1 93 
2524285,34 103 
2524285,34 101 
2526323,17 100 
2526323,17 5
2526323,17 2156
2526323,17 10
2528297,62 25 
2528325,45 75 
2529533,28 72 
2529603,92 70 
2531129,79 80 
2532202,27 83 
2532586,22 64 385
2532781,85 74 180
2532781,85 61 180
2533793,47 151 
2533816,82 69 
2535052,03 249 
2535828,54 93 
2535840,4 103 
2535840,4 101 
2537867,1 100 
2537867,1 5
2537867,1 2156
2537867,1 11
2539852,68 25 
2539880,53 75 
2541089,71 72 
2541158,88 70 
2542684,6 80 
2543050,93 83 
2543872,22 64 822
2544068,26 74 178
2544068,26 62 178
2544580,63 150 
2544612,27 68 
2546120,24 92 
2546120,24 65 
2546142,6 103 
2546142,6 101 
2546669,95 100 
2546669,95 5
2546669,95 2156
2546669,95 11
2548648,89 25 
2549195,7 75 
2550404,12 72 
2550474,86 70 
2551999,16 80 
2553366,53 83 
2553666,06 64 300
2553824,34 74 138
2553824,34 62 138
2555334,79 152 
2555353,51 69 
2556064,12 93 
2556085,02 103 
2556085,02 101 
2558118,39 100 
2558118,39 5
2558118,39 2156
2558118,39 10
2560097,34 25 
2560125,59 75 
2561335,73 72 
2561403,52 70 
2563183,45 80 
2564894,91 83 
2565427,89 64 533
2565594,31 74 153
2565594,31 62 153
2567102,49 151 
2567122,56 69 
2568034,5 93 
2568053,21 103 
2568053,21 101 
2570084,26 100 
2570084,26 5
2570084,26 2156
2570084,26 11
2572065,54 25 
2572106,28 75 
2573316,84 72 
2573385,31 70 
2574911,02 80 
2575277,27 83 
2575923,76 64 647
2576078,09 74 135
2576078,09 62 135
2577089,16 150 
2577118,28 68 
2577454,56 249
2577541,81 172 
2578629,72 92 
2578629,72 65 
2578648,68 103 
2578648,68 101 
2579175,32 100 
2579175,32 5
2579175,32 2156
2579175,32 10
2581154,96 25 
2581648,48 75 
2582855,32 72 
2582927,73 70 
2584401,82 250 
2584419,46 101 
2586419,56 100 
2586419,56 5
2586419,56 2156
2586419,56 10
2586419,56 25 
2586446,45 75 
2587654,69 72 
2587671,42 70 
2588882,1 80 
2589950,87 83 
2590423,45 64 473
2590661,02 74 218
2590661,02 63 218
2591173,58 150 
2591192,21 68 
2591249,69 249
2591416,9 173 
2592099,79 92 
2592099,79 65 
2592122,98 103 
2592122,98 101 
2592657,62 100 
2592657,62 5
2592657,62 2156
2592657,62 10
2594642,54 25 
2595322,65 75 
2596529,62 72 
2596601,83 70 
2598129,55 80 
2599493,52 83 
2599947,19 64 454
2600128,45 74 169
2600128,45 63 169
2600636,34 150 
2600655,12 68 
2601178,89 249
2601366,63 92 
2601366,63 65 
2601385,6 103 
2601385,6 101 
2601912,07 100 
2601912,07 5
2601912,07 2156
2601912,07 11
2603891,93 25 
2604598,62 75 
2605805,54 72 
2605877,9 70 
2607406,43 80 
2607769,9 83 
2608593,37 64 824
2608753,48 74 144
2608753,48 62 144
2610265,7 150 
2610289,92 68 
2612297,72 92 
2612297,72 65 
2612314,24 103 
2612314,24 101 
2612845,19 100 
2612845,19 5
2612845,19 2156
2612845,19 10
2614820,6 25 
2615367,4 75 
2616574,59 72 
2616646,49 70 
2618173,57 80 
2619244,98 83 
2619695,87 64 451
2619850,09 74 139
2619850,09 62 139
2620861,4 151 
2620885,74 69 
2622132,63 249 
2622280,31 182 
2622399,74 93 
2622416,57 103 
2622416,57 101 
2624452,88 100 
2624452,88 5
2624452,88 2156
2624452,88 10
2626428,87 25 
2626456,57 75 
2627665,58 72 
2627735,08 70 
2629264,28 80 
2630640,11 83 
2632211,75 64 1572
2632388,86 74 163
2632388,86 62 163
2633900,57 151 
2633920,5 69 
2635929,24 93 
2635944,13 103 
2635944,13 101 
2637971,42 100 
2637971,42 5
2637971,42 2156
2637971,42 11
2639956,43 25 
2642409,12 75 
2643616,75 72 
2643688,36 70 
2645215,31 80 
2645580,28 83 
2647324,33 64 1745
2647472,07 74 133
2647472,07 62 133
2648479,98 150 
2648500,96 68 
2648861,33 249
2648902,85 172 
2649214,7 92 
2649214,7 65 
2649231,72 103 
2649231,72 101 
2649760,44 100 
2649760,44 5
2649760,44 2156
2649760,44 11
2651738,03 25 
2652164,88 75 
2653375,59 72 
2653444,14 70 
2654977,74 80 
2656055,87 83 
2656509,63 64 454
2656697 74 176
2656697 62 176
2657208,73 150 
2657230,66 68 
2657591,85 249
2657617,44 172 
2658142,74 92 
2658142,74 65 
2658161,26 103 
2658161,26 101 
2658698,75 100 
2658698,75 5
2658698,75 2156
2658698,75 10
2660680,86 25 
2661014,42 75 
2662223,2 72 
2662293,62 70 
2663823,19 80 
2665531,76 83 
2666064,44 64 533
2666302,1 74 225
2666302,1 63 225
2667809,98 150 
2667839,31 68 
2668549,59 92 
2668549,59 65 
2668570,1 103 
2668570,1 101 
2669096,68 100 
2669096,68 5
2669096,68 2156
2669096,68 10
2671076,42 25 
2671516,65 75 
2672725,85 72 
2672795,81 70 
2674324,25 80 
2674688,07 83 
2675628,64 64 941
2675824,87 74 177
2675824,87 63 177
2676332,93 150 
2676355,73 68 
2677864,87 92 
2677864,87 65 
2677886,13 103 
2677886,13 101 
2678414,17 100 
2678414,17 5
2678414,17 2156
2678414,17 11
2680392,39 25 
2681019,38 75 
2682229,95 72 
2682298,44 70 
2683825,3 80 
2684896,8 83 
2685795,79 64 899
2685974,47 74 158
2685974,47 62 158
2686986,61 150 
2687004,63 68 
2687912,55 92 
2687912,55 65 
2687935,15 103 
2687935,15 101 
2688470,07 100 
2688470,07 5
2688470,07 2156
2688470,07 10
2690454,76 25 
2690908,36 75 
2692115,37 72 
2692187,45 70 
2693708,09 80 
2694785,91 83 
2695182,3 64 397
2695425,06 74 227
2695425,06 63 227
2695933,9 150 
2695960,69 68 
2696340,51 249
2697544,08 173 
2697973,58 92 
2697973,58 65 
2697997,52 103 
2697997,52 101 
2698527,12 100 
2698527,12 5
2698527,12 2156
2698527,12 11
2700503,8 25 
2701050,62 75 
2702258,73 72 
2702329,84 70 
2703851,37 80 
2704221,87 83 
2705119,46 64 898
2705276,42 74 135
2705276,42 62 135
2706787,7 152 
2706809,36 69 
2707719,14 93 
2707740,14 103 
2707740,14 101 
2709770,41 100 
2709770,41 5
2709770,41 2156
2709770,41 11
2711752,31 25 
2711779,5 75 
2712987,28 72 
2713058,51 70 
2714583,79 80 
2715950,26 83 
2716307,7 64 358
2716496,93 74 174
2716496,93 62 174
2717508,45 150 
2717537,26 68 
2718248,08 92 
2718248,08 65 
2718268,78 103 
2718268,78 101 
2718803,56 100 
2718803,56 3
2718803,56 2156
2718803,56 11
2718803,56 78 
2718803,56 198 
2720788,42 25 
2721428,53 75 
2722638,15 72 
2722707,74 70 
2724231,72 80 
2725599,39 83 
2725966,93 64 368
2726106,61 74 121
2726106,61 62 121
2727617,49 151 
2727640,7 69 
2729150,59 93 
2729170,81 103 
2729170,81 101 
2731198,45 100 
2731198,45 3
2731198,45 2156
2731198,45 10
2733183,13 25 
2733211,06 75 
2734419,48 72 
2734489,41 70 
2736025,01 80 
2736394,73 83 
2737301,68 64 907
2737520,3 74 193
2737520,3 63 193
2738528,93 151 
2738555,66 69 
2740562,75 93 
2740579,27 103 
2740579,27 101 
2742607,71 100 
2742607,71 3
2742607,71 2156
2742607,71 10
2744591,55 25 
2744619,57 75 
2745826,6 72 
2745897,74 70 
2747427,44 80 
2748496,24 83 
2748889,56 64 394
2749042,33 74 133
2749042,33 62 133
2749550,43 150 
2749577,6 68 
2749928,68 249
2750037,61 172 
2750286,7 92 
2750286,7 65 
2750308,39 103 
2750308,39 101 
2750842,6 100 
2750842,6 3
2750842,6 2156
2750842,6 10
2752827,99 25 
2753241,65 75 
2754451,64 72 
2754520,85 70 
2756045,61 80 
2756412,82 83 
2757118,84 64 706
2757327,67 74 182
2757327,67 62 182
2758335,86 150 
2758360,65 68 
2758709,3 249
2758753,5 172 
2759269,96 92 
2759269,96 65 
2759291,23 103 
2759291,23 101 
2759818,62 100 
2759818,62 3
2759818,62 2156
2759818,62 11
2761797,51 25 
2762371,04 75 
2763580,47 72 
2763650,12 70 
2765177,13 80 
2766541,9 83 
2766938,41 64 397
2767133,83 74 179
2767133,83 63 179
2767645,94 150 
2767676,62 68 
2769186,43 92 
2769186,43 65 
2769206,99 103 
2769206,99 101 
2769734,88 100 
2769734,88 3
2769734,88 2156
2769734,88 11
2771713,25 25 
2772366,73 75 
2773575,52 72 
2773832,46 70 
2775502,87 80 
2776777,38 83 
2777153,08 64 376
2777321,69 74 145
2777321,69 62 145
2778831,28 151 
2778858,38 69 
2780568,38 249 
2780866,71 93 
2780881,95 103 
2780881,95 101 
2782921 100 
2782921 3
2782921 2156
2782921 11
2784894,5 25 
2784922,21 75 
2786129,61 72 
2786200,55 70 
2787735,11 80 
2788812,23 83 
2806215,73 64 17404
2806400,94 74 170
2806400,94 62 170
2806911,12 151 
2806938,92 69 
2808448,64 93 
2808470,12 103 
2808470,12 101 
2810496,75 100 
2810496,75 3
2810496,75 2156
2810496,75 10
2812482,48 25 
2818573,72 75 
2819780,78 72 
2819852,78 70 
2821381,35 80 
2822744,35 83 
2827312,32 64 4568
2827509,93 74 182
2827509,93 61 182
2828518,66 151 
2828542,99 69 
2830550,14 93 
2830567,3 103 
2830567,3 101 
2832595,02 100 
2832595,02 3
2832595,02 2156
2832595,02 11
2834579,6 25 
2834607,47 75 
2835815,09 72 
2835885,86 70 
2837420,74 80 
2837791,22 83 
2840204,06 64 2414
2840377,37 74 161
2840377,37 62 161
2841887,05 153 
2841912,41 68 
2842822,26 92 
2842822,26 65 
2842842,03 103 
2842842,03 101 
2843377,83 100 
2843377,83 3
2843377,83 2156
2843377,83 10
2845361,66 25 
2847361,23 75 
2848571,48 72 
2848640,37 70 
2850168,44 80 
2851238,82 83 
2851751,64 64 513
2851964,58 74 193
2851964,58 63 193
2852975,11 151 
2852999,91 69 
2853710,6 93 
2853730,73 103 
2853730,73 101 
2855758,19 100 
2855758,19 3
2855758,19 2156
2855758,19 11
2857743,04 25 
2857770,87 75 
2858978,03 72 
2859049,25 70 
2860569,95 80 
2861941,06 83 
2862349,03 64 409
2862504,27 74 137
2862504,27 62 137
2864013,37 151 
2864035,78 69 
2864818,44 249 
2865078,59 182 
2865546,7 93 
2865565,65 103 
2865565,65 101 
2867594,84 100 
2867594,84 3
2867594,84 2156
2867594,84 10
2869577,94 25 
2869605,96 75 
2870815,07 72 
2870884,22 70 
2872409,23 80 
2872776,23 83 
2873816,69 64 1041
2873986,01 74 144
2873986,01 62 144
2874495,96 150 
2874523,31 68 
2875430,77 92 
2875430,77 65 
2875454,79 103 
2875454,79 101 
2875989,55 100 
2875989,55 3
2875989,55 2156
2875989,55 11
2877974,34 25 
2878441,19 75 
2879650 72 
2879720,41 70 
2881244,28 80 
2881612,5 83 
2882297,97 64 686
2882460,39 74 142
2882460,39 62 142
2882969,56 151 
2883000,47 69 
2883710,08 93 
2883731,32 103 
2883731,32 101 
2885758,56 100 
2885758,56 3
2885758,56 2156
2885758,56 11
2887743,51 25 
2887770,8 75 
2888978,17 72 
2889049,79 70 
2890574,81 80 
2891648,17 83 
2896672,74 64 5025
2896845,16 74 147
2896845,16 62 147
2898353,1 151 
2898379,7 69 
2900388,25 93 
2900404,02 103 
2900404,02 101 
2902432,57 100 
2902432,57 3
2902432,57 2156
2902432,57 10
2904416,36 25 
2914416,49 254 
2914424,75 101 
2916437,1 100 
2916437,1 3
2916437,1 2156
2916437,1 10
2916437,1 25 
2917117,93 75 
2918326,06 72 
2918397,21 70 
2919925,7 80 
2921288,75 83 
3189601,41 64 268313
3189800,69 74 174
3189800,69 62 174
3190810,15 150 
3190841,87 68 
3192850,53 92 
3192850,53 65 
3192865,32 103 
3192865,32 101 
3193398,13 100 
3193398,13 3
3193398,13 2156
3193398,13 11
3195371,71 25 
3195718,63 75 
3196926,45 72 
3196997,65 70 
3198526,07 80 
3199889,29 83 
3200560,92 64 672
3200779,83 74 197
3200779,83 63 197
3202291,54 152 
3202316,89 69 
3203025,78 93 
3203047,62 103 
3203047,62 101 
3205075,32 100 
3205075,32 3
3205075,32 2156
3205075,32 10
3207059,97 25 
3207087,92 75 
3208295,43 72 
3208366,11 70 
3209890,21 80 
3210258,18 83 
3211710,03 64 1453
3211872,92 74 149
3211872,92 62 149
3212384,65 150 
3212405,2 68 
3212790,4 249
3213914,21 92 
3213914,21 65 
3213936,3 103 
3213936,3 101 
3214463,83 100 
3214463,83 3
3214463,83 2156
3214463,83 10
3216442,61 25 
3216976,07 75 
3218183,93 72 
3218255,22 70 
3219779,42 80 
3220853,66 83 
3221561,12 64 708
3221723,94 74 151
3221723,94 62 151
3222731,15 150 
3222760,62 68 
3223161,71 249
3223190,17 172 
3223672,62 92 
3223672,62 65 
3223692,08 103 
3223692,08 101 
3224228,86 100 
3224228,86 3
3224228,86 2156
3224228,86 10
3226211,7 25 
3226811,88 75 
3228018,96 72 
3228090,98 70 
3229621,12 80 
3230689,47 83 
3231430,3 64 741
3231597,63 74 149
3231597,63 62 149
3232605,6 150 
3232623,05 68 
3233333,28 92 
3233333,28 65 
3233354,62 103 
3233354,62 101 
3233881,64 100 
3233881,64 3
3233881,64 2156
3233881,64 11
3235860,95 25 
3236287,92 75 
3237495,24 72 
3237566,99 70 
3239089,44 80 
3239458,99 83 
3240204,81 64 746
3240454,26 74 236
3240454,26 63 236
3240965,24 150 
3240992,85 68 
3242503,62 92 
3242503,62 65 
3242524 103 
3242524 101 
3243051,54 100 
3243051,54 3
3243051,54 2156
3243051,54 10
3245030,28 25 
3245883,67 75 
3247093,83 72 
3247162,89 70 
3248689,35 80 
3250067,78 83 
3250219,72 64 152
3250476,71 74 236
3250476,71 63 236
3251984,31 151 
3252001,9 69 
3252910,58 93 
3252932,88 103 
3252932,88 101 
3254968 100 
3254968 3
3254968 2156
3254968 11
3256945,19 25 
3262063,38 75 
3263273,28 72 
3263342,58 70 
3264869,73 80 
3266234,22 83 
3266682,6 64 449
3266921,36 74 221
3266921,36 63 221
3267432,08 150 
3267462,23 68 
3269474,68 92 
3269474,68 65 
3269499,11 103 
3269499,11 101 
3270027,31 100 
3270027,31 3
3270027,31 2156
3270027,31 11
3272005,4 25 
3272565,58 75 
3273773,47 72 
3273844,76 70 
3275367,99 80 
3276429,82 83 
3276826,56 64 397
3277053,48 74 211
3277053,48 63 211
3278062,47 150 
3278084,34 68 
3278794,41 92 
3278794,41 65 
3278815,16 103 
3278815,16 101 
3279343,18 100 
3279343,18 3
3279343,18 2156
3279343,18 11
3281321,46 25 
3281974,81 75 
3283182,34 72 
3283254,01 70 
3284781,28 80 
3285146,11 83 
3287188,06 64 2043
3287371,66 74 160
3287371,66 62 160
3288883,53 151 
3288905,98 69 
3289815,34 93 
3289837,04 103 
3289837,04 101 
3291872,1 100 
3291872,1 3
3291872,1 2156
3291872,1 11
3293849,4 25 
3293876,71 75 
3295084,01 72 
3295395,47 70 
3297020,93 80 
3298100,6 83 
3302613,16 64 4513
3302872,95 74 241
3302872,95 61 241
3303884,43 151 
3303912,93 69 
3305921,54 93 
3305936,8 103 
3305936,8 101 
3307963,69 100 
3307963,69 3
3307963,69 2156
3307963,69 10
3309949,13 25 
3309976,6 75 
3311188,25 72 
3311255,34 70 
3312775,14 80 
3313147,4 83 
3314057,55 64 910
3314227,86 74 147
3314227,86 62 147
3315738,11 150 
3315761,48 68 
3317269,63 92 
3317269,63 65 
3317291,97 103 
3317291,97 101 
3317819,32 100 
3317819,32 3
3317819,32 2156
3317819,32 10
3319798,24 25 
3322144,32 75 
3323351,96 72 
3323423,52 70 
3324945,94 80 
3326315,26 83 
3326651,08 64 337
3326860,76 74 186
3326860,76 62 186
3327370,04 150 
3327395,76 68 
3329404,94 92 
3329404,94 65 
3329420,07 103 
3329420,07 101 
3329955,79 100 
3329955,79 3
3329955,79 2156
3329955,79 10
3331939,7 25 
3332686,46 75 
3333896,03 72 
3333965,58 70 
3335487,52 80 
3335857,79 83 
3336989,07 64 1132
3337105,42 74 102
3337105,42 62 102
3338114,94 150 
3338137,85 68 
3338515,26 249
3338598,09 172 
3338849,56 92 
3338849,56 65 
3338869,37 103 
3338869,37 101 
3339397,29 100 
3339397,29 3
3339397,29 2156
3339397,29 11
3341375,69 25 
3342082,37 75 
3343288,33 72 
3343349,98 70 
3344874,05 80 
3346253,22 83 
3346643,26 64 391
3346879,19 74 213
3346879,19 63 213
3348388,04 150 
3348414,23 68 
3349924,6 92 
3349924,6 65 
3349944,61 103 
3349944,61 101 
3350472,61 100 
3350472,61 3
3350472,61 2156
3350472,61 10
3352450,98 25 
3353130,97 75 
3354338,95 72 
3354410,22 70 
3355934,46 80 
3357008,67 83 
3358158,47 64 1150
3358340,17 74 159
3358340,17 62 159
3358851,62 152 
3358876,05 69 
3359788,22 93 
3359807,08 103 
3359807,08 101 
3361848,81 100 
3361848,81 3
3361848,81 2156
3361848,81 10
3363832,68 25 
3363860,6 75 
3365068,84 72 
3365138,91 70 
3366667,58 80 
3367031 83 
3369242,02 64 2212
3369410,33 74 154
3369410,33 62 154
3369919,05 150 
3369938,27 68 
3370344,53 249
3370369,48 172 
3370649,86 92 
3370649,86 65 
3370669,07 103 
3370669,07 101 
3371195,61 100 
3371195,61 3
3371195,61 2156
3371195,61 10
3373175,35 25 
3373748,89 75 
3374957,51 72 
3375028,07 70 
3376550,86 80 
3377613,98 83 
3378079,85 64 467
3378113,89 256 
3378123,83 74 18
3378123,83 62 18
3379131,94 150 
3379160,35 68 
3379771,77 249
3379819,12 172 
3380070,53 92 
3380070,53 65 
3380091,69 103 
3380091,69 101 
3380619,37 100 
3380619,37 3
3380619,37 2156
3380619,37 10
3382597,98 25 
3384250,97 75 
3385459,55 72 
3385530,13 70 
3387055,02 80 
3388435,15 83 
3390379,95 64 1946
3390574,17 74 181
3390574,17 62 181
3392086,22 150 
3392114,75 68 
3394125,88 92 
3394125,88 65 
3394138,98 103 
3394138,98 101 
3394673,24 100 
3394673,24 3
3394673,24 2156
3394673,24 10
3396658,62 25 
3397392,02 75 
3398599,51 72 
3398911,15 70 
3400586,5 80 
3401149,76 83 
3403559,93 64 2411
3403714,94 74 141
3403714,94 62 141
3404226,28 150 
3404256,21 68 
3405328,83 249
3405766,42 92 
3405766,42 65 
3405787,36 103 
3405787,36 101 
3406314,56 100 
3406314,56 3
3406314,56 2156
3406314,56 10
3408293,63 25 
3408987,01 75 
3410196,14 72 
3410266,19 70 
3411793,85 80 
3412864,63 83 
3413958,86 64 1094
3414178,74 74 195
3414178,74 61 195
3415690,52 151 
3415717,5 69 
3417223,92 93 
3417235,76 103 
3417235,76 101 
3419262,65 100 
3419262,65 3
3419262,65 2156
3419262,65 11
3421248,11 25 
3421701,57 75 
3422910,69 72 
3422980,76 70 
3424510,77 80 
3425872,41 83 
3426814,89 64 942
3426981,68 74 150
3426981,68 62 150
3427993,85 151 
3428020,07 69 
3428726,94 93 
3428737,59 103 
3428737,59 101 
3430773,71 100 
3430773,71 3
3430773,71 2156
3430773,71 11
3432749,81 25 
3436548,54 75 
3437757,67 72 
3437827,76 70 
3439348,57 80 
3440719,35 83 
3441093 64 374
3441295,43 74 190
3441295,43 62 190
3442302,23 153 
3442319,93 68 
3442656,13 249
3442835,05 172 
3443230,16 92 
3443230,16 65 
3443251,33 103 
3443251,33 101 
3443777,94 100 
3443777,94 3
3443777,94 2156
3443777,94 11
3445757,59 25 
3446291,18 75 
3447500,51 72 
3447570,2 70 
3449093,71 80 
3449462,45 83 
3450130,87 64 668
3450302,21 74 147
3450302,21 62 147
3451812,39 151 
3451835,51 69 
3453846,54 93 
3453860,07 103 
3453860,07 101 
3455887,23 100 
3455887,23 3
3455887,23 2156
3455887,23 11
3457872,36 25 
3457899,68 75 
3459108,62 72 
3459178,55 70 
3460707,03 80 
3461777 83 
3462325,01 64 549
3462471,63 74 122
3462471,63 62 122
3462983,86 151 
3463004,33 69 
3465015,57 93 
3465028,62 103 
3465028,62 101 
3467060,92 100 
3467060,92 3
3467060,92 2156
3467060,92 11
3469040,94 25 
3469068,79 75 
3470275,79 72 
3470347,15 70 
3471876,8 80 
3473238,74 83 
3473465,36 64 227
3473714,29 74 236
3473714,29 61 236
3474725,97 151 
3474746,65 69 
3476257,06 93 
3476277,15 103 
3476277,15 101 
3478305,62 100 
3478305,62 3
3478305,62 2156
3478305,62 10
3480289,41 25 
3488193,12 75 
3489400,93 72 
3489472,26 70 
3490988,07 80 
3491351,03 83 
3492187,17 64 837
3492378,76 74 175
3492378,76 62 175
3493889,5 150 
3493911,08 68 
3494198,14 249
3494401,05 172 
3494621,42 92 
3494621,42 65 
3494642,61 103 
3494642,61 101 
3495169,4 100 
3495169,4 3
3495169,4 2156
3495169,4 11
3497148,86 25 
3497722,32 75 
3498931,76 72 
3499001,55 70 
3500520,24 80 
3501613,29 83 
3501873,81 64 261
3502042,85 74 150
3502042,85 62 150
3502551,02 151 
3502574,81 69 
3503467,6 249 
3503483,11 93 
3503492,11 103 
3503492,11 101 
3505530,39 100 
3505530,39 3
3505530,39 2156
3505530,39 11
3507517,79 25 
3507545 75 
3508754,55 72 
3509010,62 70 
3510674,99 80 
3512262 83 
3513383,02 64 1122
3513588,71 74 181
3513588,71 63 181
3515097,74 150 
3515116,16 68 
3516025,7 92 
3516025,7 65 
3516046,72 103 
3516046,72 101 
3516573,63 100 
3516573,63 3
3516573,63 2156
3516573,63 10
3518553,02 25 
3519219,85 75 
3520426,85 72 
3520498,97 70 
3522028,62 80 
3522391,01 83 
3523247,6 64 857
3523439,68 74 169
3523439,68 61 169
3523948,07 151 
3523978,15 69 
3525490,8 93 
3525509,33 103 
3525509,33 101 
3527536,01 100 
3527536,01 3
3527536,01 2156
3527536,01 10
3529521,63 25 
3529548,86 75 
3530757,42 72 
3530827,86 70 
3532358,62 80 
3533426,34 83 
3533860,87 64 435
3534030,9 74 152
3534030,9 62 152
3535041,84 152 
3535067,42 69 
3536179,75 249 
3537077,7 93 
3537091,02 103 
3537091,02 101 
3539127,41 100 
3539127,41 3
3539127,41 2156
3539127,41 11
3541103,33 25 
3541131,12 75 
3542338,5 72 
3542409,52 70 
3543931,29 80 
3545301,19 83 
3545795,16 64 495
3545965,57 74 158
3545965,57 62 158
3547478,04 151 
3547501,39 69 
3548212,72 93 
3548232,99 103 
3548232,99 101 
3550261,44 100 
3550261,44 3
3550261,44 2156
3550261,44 11
3552245,23 25 
3552272,75 75 
3553479,91 72 
3553551,48 70 
3555073,31 80 
3556149,89 83 
3558584,01 64 2435
3558796,77 74 195
3558796,77 61 195
3559306,87 151 
3559336 69 
3561346,81 93 
3561360,61 103 
3561360,61 101 
3563387,3 100 
3563387,3 3
3563387,3 2156
3563387,3 11
3565372,96 25 
3565400,36 75 
3566608,67 72 
3566680,88 70 
3568202,94 80 
3568571,2 83 
3573097 64 4527
3573253,51 74 138
3573253,51 62 138
3574265,98 151 
3574290,72 69 
3575200,03 93 
3575221,33 103 
3575221,33 101 
3577256,58 100 
3577256,58 3
3577256,58 2156
3577256,58 10
3579233,66 25 
3579261,29 75 
3580467,11 72 
3580539,85 70 
3582064,46 80 
3583138,39 83 
4204989,16 64 621852
4205177,67 74 173
4205177,67 62 173
4206687,67 150 
4206712,9 68 
4207264,17 249
4208225,87 92 
4208225,87 65 
4208243,26 103 
4208243,26 101 
4208771,75 100 
4208771,75 3
4208771,75 2156
4208771,75 10
4210749,57 25 
4211216,44 75 
4212426,44 72 
4212735,45 70 
4214408,71 80 
4214974,08 83 
4215763,29 64 790
4215927,48 74 141
4215927,48 62 141
4216439,07 150 
4216467,97 68 
4217176,21 92 
4217176,21 65 
4217199,4 103 
4217199,4 101 
4217727,02 100 
4217727,02 3
4217727,02 2156
4217727,02 10
4219705,77 25 
4220225,94 75 
4221434,35 72 
4221505,21 70 
4223040,09 80 
4224423,38 83 
4224434,78 64 12
4224611,77 74 162
4224611,77 62 162
4225624,9 150 
4225650,64 68 
4227660,81 92 
4227660,81 65 
4227674,9 103 
4227674,9 101 
4228209,15 100 
4228209,15 3
4228209,15 2156
4228209,15 10
4230194,55 25 
4230808,04 75 
4232016,32 72 
4232087,19 70 
4233615,22 80 
4233979,2 83 
4235579,21 64 1601
4235763,83 74 172
4235763,83 62 172
4237275,58 150 
4237298,96 68 
4237747,86 249
4237811,89 172 
4238207,87 92 
4238207,87 65 
4238230,39 103 
4238230,39 101 
4238757,36 100 
4238757,36 3
4238757,36 2156
4238757,36 11
4240736,66 25 
4241350,3 75 
4242556,95 72 
4242629,49 70 
4244151,5 80 
4245227,72 83 
4246095,34 64 868
4246302,53 74 182
4246302,53 63 182
4247312,69 150 
4247335,37 68 
4248044,69 92 
4248044,69 65 
4248066,19 103 
4248066,19 101 
4248593,73 100 
4248593,73 3
4248593,73 2156
4248593,73 10
4250572,47 25 
4251319,21 75 
4252528,67 72 
4252598,35 70 
4254124,22 80 
4255490 83 
4255922,93 64 433
4256092,89 74 151
4256092,89 62 151
4256602,85 150 
4256624,76 68 
4258132,33 92 
4258132,33 65 
4258155,18 103 
4258155,18 101 
4258692,69 100 
4258692,69 3
4258692,69 2156
4258692,69 10
4260674,97 25 
4261248,25 75 
4262456,95 72 
4262527,47 70 
4264062,67 80 
4265432,45 83 
4265782,65 64 350
4265975,62 74 170
4265975,62 62 170
4266984,42 150 
4267006,18 68 
4267718,68 92 
4267718,68 65 
4267737,74 103 
4267737,74 101 
4268265,38 100 
4268265,38 3
4268265,38 2156
4268265,38 11
4270244,02 25 
4270750,84 75 
4271958,67 72 
4272030,02 70 
4273555,91 80 
4273922,14 83 
4275027,23 64 1106
4275326,22 74 285
4275326,22 63 285
4276835,34 150 
4276855,27 68 
4277766,65 92 
4277766,65 65 
4277786,76 103 
4277786,76 101 
4278313,25 100 
4278313,25 3
4278313,25 2156
4278313,25 10
4280293,02 25 
4281066,43 75 
4282275,62 72 
4282345,65 70 
4283870,48 80 
4284944,01 83 
4285271,08 64 328
4285428,13 74 138
4285428,13 62 138
4285940,26 150 
4285959,08 68 
4286954,61 249
4287469,07 92 
4287469,07 65 
4287489,25 103 
4287489,25 101 
4288022,4 100 
4288022,4 3
4288022,4 2156
4288022,4 11
4289995,56 25 
4290688,96 75 
4291896,81 72 
4291968,13 70 
4293494,35 80 
4293860,35 83 
4294761,37 64 902
4295011,39 74 232
4295011,39 63 232
4296518,87 150 
4296540,24 68 
4298550,3 92 
4298550,3 65 
4298564,51 103 
4298564,51 101 
4299092,4 100 
4299092,4 3
4299092,4 2156
4299092,4 11
4301070,79 25 
4301950,83 75 
4303157,76 72 
4303229,96 70 
4304753,51 80 
4305828,46 83 
4306698,13 64 870
4306952,97 74 232
4306952,97 63 232
4307962,46 150 
4307989,43 68 
4309501,57 92 
4309501,57 65 
4309519,85 103 
4309519,85 101 
4310046,96 100 
4310046,96 3
4310046,96 2156
4310046,96 11
4312026,08 25 
4312786,13 75 
4313997,03 72 
4314065,32 70 
4315589,99 80 
4317290,15 83 
4317738,31 64 449
4317974,32 74 218
4317974,32 63 218
4318484,66 152 
4318503,72 69 
4319412,31 93 
4319422,35 103 
4319422,35 101 
4321458,72 100 
4321458,72 3
4321458,72 2156
4321458,72 11
4323434,59 25 
4323461,89 75 
4324670,04 72 
4324740,77 70 
4326260,3 80 
4327339,19 83 
4328111,45 64 773
4328332,5 74 207
4328332,5 63 207
4328842,15 150 
4328873,76 68 
4329581,68 92 
4329581,68 65 
4329604,54 103 
4329604,54 101 
4330133,05 100 
4330133,05 3
4330133,05 2156
4330133,05 10
4332110,87 25 
4332857,67 75 
4334067,48 72 
4334136,73 70 
4335661,85 80 
4337028,45 83 
4337130,58 64 102
4337318,99 74 172
4337318,99 62 172
4338328,71 150 
4338349,77 68 
4340359,23 92 
4340359,23 65 
4340373,26 103 
4340373,26 101 
4340899,95 100 
4340899,95 3
4340899,95 2156
4340899,95 11
4342879,56 25 
4343666,32 75 
4344873,86 72 
4344945,42 70 
4346469,55 80 
4346837,55 83 
4348762,19 64 1925
4348998,77 74 215
4348998,77 63 215
4350509,25 150 
4350530,44 68 
4351242,72 92 
4351242,72 65 
4351261,94 103 
4351261,94 101 
4351796,82 100 
4351796,82 3
4351796,82 2156
4351796,82 11
4353781,52 25 
4354621,53 75 
4355829,06 72 
4355900,71 70 
4357425,01 80 
4358499,19 83 
4358869,15 64 371
4359111,11 74 226
4359111,11 63 226
4359620,09 150 
4359647,24 68 
4361659,06 92 
4361659,06 65 
4361684,11 103 
4361684,11 101 
4362210,86 100 
4362210,86 3
4362210,86 2156
4362210,86 10
4364190,4 25 
4364803,94 75 
4366010,99 72 
4366083,12 70 
4367610,85 80 
4368974,74 83 
4369178,85 64 204
4369317,95 74 118
4369317,95 62 118
4370328,83 150 
4370349,41 68 
4371261,26 92 
4371261,26 65 
4371280,02 103 
4371280,02 101 
4371806,72 100 
4371806,72 3
4371806,72 2156
4371806,72 10
4373786,31 25 
4374360,06 75 
4375567,9 72 
4375638,97 70 
4377172,94 80 
4377544,35 83 
4378304,65 64 760
4378476,02 74 159
4378476,02 62 159
4379983,15 150 
4380011,81 68 
4380649,68 249
4381523,16 92 
4381523,16 65 
4381542,34 103 
4381542,34 101 
4382083,57 100 
4382083,57 3
4382083,57 2156
4382083,57 11
4384061,86 25 
4384502,05 75 
4385708 72 
4385781,26 70 
4387084,91 250 
4387099,8 101 
4389099,85 100 
4389099,85 3
4389099,85 2156
4389099,85 11
4389099,85 25 
4389127,17 75 
4390333,75 72 
4390351,78 70 
4391559,18 80 
4391924,87 83 
4393011,73 64 1087
4393228,82 74 198
4393228,82 63 198
4394741,4 150 
4394764,87 68 
4396274,56 92 
4396274,56 65 
4396295,96 103 
4396295,96 101 
4396823,19 100 
4396823,19 3
4396823,19 2156
4396823,19 11
4398802,2 25 
4399269,07 75 
4400478,41 72 
4400548,23 70 
4402072,14 80 
4403439,93 83 
4404033,15 64 594
4404262,5 74 210
4404262,5 63 210
4404776,03 150 
4404801,26 68 
4406812,63 92 
4406812,63 65 
4406838,09 103 
4406838,09 101 
4407365,2 100 
4407365,2 3
4407365,2 2156
4407365,2 10
4409344,38 25 
4410450,96 75 
4411658,31 72 
4411730,2 70 
4413256,29 80 
4414328,55 83 
4414691,59 64 363
4414869,81 74 155
4414869,81 62 155
4415880,19 152 
4415902,72 69 
4416613,59 93 
4416633,91 103 
4416633,91 101 
4418668,2 100 
4418668,2 3
4418668,2 2156
4418668,2 10
4420646,25 25 
4420673,68 75 
4421883,66 72 
4422139,06 70 
4423811,66 80 
4425377,16 83 
4425450,84 64 74
4425629,14 74 159
4425629,14 62 159
4427141,4 150 
4427164,9 68 
4427899,91 249
4428075,78 92 
4428075,78 65 
4428095,65 103 
4428095,65 101 
4428624,04 100 
4428624,04 1
4428624,04 2156
4428624,04 10
4428624,04 78 
4428624,04 198 
4430601,93 25 
4431255,41 75 
4432464,23 72 
4432534,54 70 
4434059,71 80 
4434426,64 83 
4435256,73 64 830
4435387,17 74 108
4435387,17 62 108
4435899,09 151 
4435920,78 69 
4437927,95 93 
4437944,73 103 
4437944,73 101 
4439971,33 100 
4439971,33 1
4439971,33 2156
4439971,33 10
4441957,07 25 
4441984,41 75 
4443193,9 72 
4443263,47 70 
4444791,27 80 
4445861,71 83 
4446318,93 64 458
4446493,29 74 152
4446493,29 62 152
4447502,13 151 
4447529,51 69 
4448241,93 93 
4448260,38 103 
4448260,38 101 
4450295,28 100 
4450295,28 1
4450295,28 2156
4450295,28 10
4452272,65 25 
4452300,58 75 
4453505,96 72 
4453578,83 70 
4455108,91 80 
4456389,43 250 
4456403,43 101 
4458403,45 100 
4458403,45 1
4458403,45 2156
4458403,45 10
4458403,45 25 
4458430,33 75 
4459637,7 72 
4459709,53 70 
4461225,18 80 
4462587,87 83 
4463150,15 64 563
4463314,82 74 141
4463314,82 62 141
4463823,66 151 
4463841,48 69 
4464752,58 93 
4464773,24 103 
4464773,24 101 
4466800,55 100 
4466800,55 1
4466800,55 2156
4466800,55 10
4468785,54 25 
4468813,14 75 
4470020,29 72 
4470091,81 70 
4471619,86 80 
4471983,82 83 
4473608,21 64 1625
4473809,99 74 188
4473809,99 62 188
4475321,27 151 
4475344,25 69 
4476856,12 93 
4476874,76 103 
4476874,76 101 
4478901,73 100 
4478901,73 1
4478901,73 2156
4478901,73 10
4480887,09 25 
4480915,45 75 
4482124,59 72 
4482193,23 70 
4483715,72 80 
4484791,67 83 
4485479,35 64 688
4485649,86 74 152
4485649,86 62 152
4486657,9 151 
4486685,88 69 
4487596,8 93 
4487616,83 103 
4487616,83 101 
4489652,19 100 
4489652,19 1
4489652,19 2156
4489652,19 11
4491629,09 25 
4494255,16 75 
4495461,45 72 
4495534,2 70 
4497054,52 80 
4497426,28 83 
4498233,46 64 808
4498403,25 74 151
4498403,25 62 151
4499415,38 150 
4499440,04 68 
4500055,78 249
4501451,2 92 
4501451,2 65 
4501477,51 103 
4501477,51 101 
4502004,14 100 
4502004,14 1
4502004,14 2156
4502004,14 11
4503983,8 25 
4504637,23 75 
4505845,45 72 
4505916,41 70 
4507436,71 80 
4508501,49 83 
4511037,39 64 2536
4511199,87 74 139
4511199,87 62 139
4512712,44 152 
4512741,6 69 
4514251 93 
4514272,01 103 
4514272,01 101 
4516298,71 100 
4516298,71 1
4516298,71 2156
4516298,71 11
4518284,37 25 
4518311,63 75 
4519520,48 72 
4519592,08 70 
4521118,02 80 
4522482,17 83 
4522800,11 64 319
4523002,95 74 188
4523002,95 62 188
4523511,42 150 
4523536,21 68 
4524045,42 249
4524246,93 92 
4524246,93 65 
4524267,78 103 
4524267,78 101 
4524805,71 100 
4524805,71 1
4524805,71 2156
4524805,71 11
4526787,37 25 
4527227,54 75 
4528436,29 72 
4528733,35 70 
4530361,21 80 
4531731,59 83 
4532384,24 64 653
4532607,56 74 210
4532607,56 63 210
4534118,92 151 
4534145,8 69 
4534853,49 93 
4534863,27 103 
4534863,27 101 
4536890,92 100 
4536890,92 1
4536890,92 2156
4536890,92 11
4538875,51 25 
4538902,94 75 
4540111,08 72 
4540181,76 70 
4541704,58 80 
4542780,13 83 
4543249,92 64 471
4543422,11 74 150
4543422,11 62 150
4543929,44 150 
4543954,2 68 
4544332,87 249
4544397,5 172 
4545963,85 92 
4545963,85 65 
4545978,44 103 
4545978,44 101 
4546506,03 100 
4546506,03 1
4546506,03 2156
4546506,03 10
4548484,72 25 
4549404,69 75 
4550615,22 72 
4550683,87 70 
4552206,4 80 
4552575,97 83 
4554957,96 64 2383
4555270,45 74 296
4555270,45 61 296
4556279,93 150 
4556308,87 68 
4557217,41 92 
4557217,41 65 
4557240,27 103 
4557240,27 101 
4557774,46 100 
4557774,46 1
4557774,46 2156
4557774,46 11
4559759,87 25 
4560746,47 75 
4561954,13 72 
4562025,68 70 
4563551,56 80 
4563917,8 83 
4564612,96 64 696
4564777,91 74 141
4564777,91 62 141
4565287,92 150 
4565319,06 68 
4566830,32 92 
4566830,32 65 
4566849,47 103 
4566849,47 101 
4567376,56 100 
4567376,56 1
4567376,56 2156
4567376,56 11
4569355,82 25 
4569902,57 75 
4571112,3 72 
4571181,76 70 
4572710,14 80 
4573780,18 83 
4574399,42 64 620
4574578,56 74 159
4574578,56 62 159
4575585,1 150 
4575608,02 68 
4576299,33 249
4577615,06 92 
4577615,06 65 
4577631,49 103 
4577631,49 101 
4578158,12 100 
4578158,12 1
4578158,12 2156
4578158,12 10
4580137,81 25 
4580511,33 75 
4581718,36 72 
4581790,53 70 
4583311,4 80 
4584682,18 83 
4584846,69 64 165
4585068,3 74 200
4585068,3 63 200
4586576,52 153 
4586602,5 68 
4587312,26 92 
4587312,26 65 
4587334,06 103 
4587334,06 101 
4587867,11 100 
4587867,11 1
4587867,11 2156
4587867,11 10
4589853,73 25 
4590547,14 75 
4591756,4 72 
4591826,21 70 
4593355,73 80 
4594717,87 83 
4594924,98 64 208
4595150,13 74 206
4595150,13 63 206
4596160,33 151 
4596185,8 69 
4597692,93 93 
4597702,89 103 
4597702,89 101 
4599729,77 100 
4599729,77 1
4599729,77 2156
4599729,77 10
4601715,23 25 
4601743,01 75 
4602951,85 72 
4603021,44 70 
4604548,42 80 
4605620,04 83 
4606052,84 64 433
4606211,66 74 139
4606211,66 62 139
4606721,16 151 
4606740,91 69 
4607650,86 93 
4607672,01 103 
4607672,01 101 
4609699,89 100 
4609699,89 1
4609699,89 2156
4609699,89 11
4611684,34 25 
4615629,61 75 
4616837,36 72 
4616908,81 70 
4618435,8 80 
4618800,89 83 
4619710,67 64 910
4619890,45 74 157
4619890,45 62 157
4621402,28 150 
4621428,29 68 
4622237,66 249
4622937,47 92 
4622937,47 65 
4622958,76 103 
4622958,76 101 
4623493,52 100 
4623493,52 1
4623493,52 2156
4623493,52 11
4625478,37 25 
4626091,89 75 
4627300,01 72 
4627371,09 70 
4628893,21 80 
4630609,13 83 
4630717,51 64 109
4630923,19 74 181
4630923,19 62 181
4631932,06 150 
4631956,5 68 
4632869,99 92 
4632869,99 65 
4632887,83 103 
4632887,83 101 
4633414,46 100 
4633414,46 1
4633414,46 2156
4633414,46 11
4635394,1 25 
4636087,69 75 
4637297,31 72 
4637366,72 70 
4638890,01 80 
4639965,17 83 
4640353,74 64 389
4640542,82 74 165
4640542,82 62 165
4641051,33 150 
4641073,21 68 
4641526,05 249
4641610,26 172 
4641782,1 92 
4641782,1 65 
4641804,01 103 
4641804,01 101 
4642331,71 100 
4642331,71 1
4642331,71 2156
4642331,71 10
4644310,33 25 
4644897,15 75 
4646107,57 72 
4646176,32 70 
4647704,39 80 
4648068,32 83 
4648785,35 64 717
4649029,39 74 228
4649029,39 63 228
4650538,09 151 
4650561,74 69 
4651982,14 249 
4687280,09 256 
4687533,47 183 
4689531,85 93 
4689543,59 103 
4689543,59 101 
4691582,58 100 
4691582,58 1
4691582,58 2156
4691582,58 11
4693555,84 25 
4693583,22 75 
4694282,24 250 
4694301,03 101 
4696314,65 100 
4696314,65 1
4696314,65 2156
4696314,65 11
4696314,65 25 
4696341,55 75 
4697549,1 72 
4697620,91 70 
4699147,14 80 
4699512,98 83 
4700201,38 64 689
4700390,14 74 172
4700390,14 62 172
4701401,32 150 
4701420,75 68 
4702833,42 249
4702929,04 92 
4702929,04 65 
4702951,24 103 
4702951,24 101 
4703480,06 100 
4703480,06 1
4703480,06 2156
4703480,06 11
4705457,38 25 
4706204,18 75 
4707413,51 72 
4707483,29 70 
4709008,17 80 
4710081,73 83 
4710500,85 64 419
4710650,05 74 129
4710650,05 62 129
4712160,87 150 
4712188,63 68 
4713099,86 92 
4713099,86 65 
4713120,1 103 
4713120,1 101 
4713647,83 100 
4713647,83 1
4713647,83 2156
4713647,83 10
4715626,44 25 
4716240,76 75 
4717449,15 72 
4717518,98 70 
4719039,97 80 
4720410,81 83 
4720766,75 64 356
4720979,28 74 196
4720979,28 63 196
4721490,88 151 
4721518,71 69 
4722228,88 93 
4722249,5 103 
4722249,5 101 
4724284,94 100 
4724284,94 1
4724284,94 2156
4724284,94 11
4726261,93 25 
4735751,52 75 
4736960,34 72 
4737270,51 70 
4738893,47 80 
4740268,8 83 
4740583,28 64 315
4740879,48 74 278
4740879,48 61 278
4741888,4 151 
4741909,66 69 
4743919,37 93 
4743933,53 103 
4743933,53 101 
4745963,12 100 
4745963,12 1
4745963,12 2156
4745963,12 10
4747945,89 25 
4747973,09 75 
4749180,21 72 
4749252,12 70 
4750783,6 80 
4751144,12 83 
4751773,41 64 630
4751921,2 74 125
4751921,2 62 125
4753430,77 153 
4753451,79 68 
4754124,95 249
4754349,75 172 
4755459,38 92 
4755459,38 65 
4755475,27 103 
4755475,27 101 
4756004,13 100 
4756004,13 1
4756004,13 2156
4756004,13 10
4757981,54 25 
4758155,21 75 
4759363,04 72 
4759434,46 70 
4760969,91 80 
4762046,14 83 
4762952,54 64 907
4763134,54 74 169
4763134,54 62 169
4763644,91 151 
4763674,25 69 
4764582,65 93 
4764604,66 103 
4764604,66 101 
4766640,79 100 
4766640,79 1
4766640,79 2156
4766640,79 11
4768617,02 25 
4768644,05 75 
4769852,37 72 
4769923,18 70 
4771445,82 80 
4772814,9 83 
4773959,93 64 1146
4774102,19 74 128
4774102,19 62 128
4775613,03 150 
4775641,45 68 
4775940,87 249
4775975,86 172 
4776352,83 92 
4776352,83 65 
4776372,97 103 
4776372,97 101 
4778731,55 102 
