64,83 100 
64,83 6
64,83 2115
64,83 11
2031,95 25 
2150,19 75 
3356,62 72 
3682,62 70 
5286,72 80 
5642,13 83 
6342,99 64 701
6411,57 256 
6744,86 74 382
6744,86 62 382
7759,15 151 
7788,25 69 
9798,27 93 
9815,27 103 
9815,27 101 
11839,92 100 
11839,92 6
11839,92 2115
11839,92 11
13825,71 25 
13853,01 75 
15061,25 72 
15131,88 70 
16657,76 80 
18023,6 83 
18265,33 64 242
18437,73 74 146
18437,73 61 146
19948,68 150 
19969,68 68 
20417,62 249
20611,22 171
20882,26 92 
20882,26 65 
20901,97 103 
20901,97 101 
21428,5 100 
21428,5 6
21428,5 2115
21428,5 10
23408,28 25 
23875,11 75 
25082,98 72 
25154,25 70 
26678,22 80 
27739,4 83 
28191,16 64 453
28411,71 74 205
28411,71 63 205
28922,54 150 
28940,92 68 
29016,68 249
29287,92 173 
29652,93 92 
29652,93 65 
29671,54 103 
29671,54 101 
30201,29 100 
30201,29 6
30201,29 2115
30201,29 10
32177,91 25 
32244,91 75 
33456,15 72 
33524,09 70 
35040,52 80 
35402,79 83 
36384,77 64 982
36585,07 74 183
36585,07 63 183
37094,18 150 
37123,18 68 
38631,88 92 
38631,88 65 
38654,41 103 
38654,41 101 
39182,36 100 
39182,36 6
39182,36 2115
39182,36 10
41160,61 25 
41387,58 75 
42598,05 72 
42666,75 70 
44190,54 80 
45251,91 83 
46067,17 64 816
46098,28 256 
46313,07 74 222
46313,07 63 222
47324,57 150 
47346,25 68 
47817,39 249
48057,34 92 
48057,34 65 
48077,08 103 
48077,08 101 
48604,9 100 
48604,9 6
48604,9 2115
48604,9 10
50583,31 25 
50770,21 75 
51979,25 72 
52049,38 70 
53562,83 80 
54927,74 83 
55437,81 64 510
55651,66 74 191
55651,66 63 191
57162,77 150 
57181,26 68 
57670,28 249
59190,15 92 
59190,15 65 
59205,51 103 
59205,51 101 
59736,11 100 
59736,11 6
59736,11 2115
59736,11 11
61711,89 25 
61739,1 75 
62947,86 72 
63018,14 70 
64546,87 80 
65909,65 83 
66294,16 64 385
66455,15 74 147
66455,15 62 147
66965,19 151 
66991,17 69 
68500,53 93 
68521,54 103 
68521,54 101 
70550,03 100 
70550,03 6
70550,03 2115
70550,03 11
72533,83 25 
72561,52 75 
73769,47 72 
73840,03 70 
75356,31 80 
76425,24 83 
76792,42 64 368
76992,41 74 181
76992,41 61 181
78005,96 152 
78027,38 69 
78939,62 93 
78957,05 103 
78957,05 101 
80985,23 100 
80985,23 6
80985,23 2115
80985,23 10
82969,36 25 
82996,72 75 
84206,76 72 
84275,63 70 
85791,38 80 
86154,4 83 
87255,61 64 1102
87488,44 74 215
87488,44 63 215
88997,45 150 
89020,97 68 
89509,23 249
89730,37 92 
89730,37 65 
89752,47 103 
89752,47 101 
90285 100 
90285 6
90285 2115
90285 11
92258,7 25 
92445,73 75 
93652,46 72 
93725 70 
95245,23 80 
96616,54 83 
96833,72 64 218
97024,01 74 168
97024,01 62 168
98037 151 
98057,12 69 
98903,25 249 
98967,86 93 
98988,47 103 
98988,47 101 
101015,74 100 
101015,74 6
101015,74 2115
101015,74 10
103000,88 25 
103028,59 75 
104234,96 72 
104546,93 70 
106206,17 80 
107478,49 83 
107945,59 64 467
108105,13 74 148
108105,13 62 148
108616,17 151 
108639,31 69 
110151,12 93 
110170,35 103 
110170,35 101 
112197,57 100 
112197,57 6
112197,57 2115
112197,57 10
114182,66 25 
114210,14 75 
115417,28 72 
115488,9 70 
117015,7 80 
117380,9 83 
118273,1 64 892
118432,77 74 146
118432,77 62 146
119942,52 151 
119968,43 69 
121366,01 249 
121458,71 182 
121979,51 93 
121991,94 103 
121991,94 101 
124025,55 100 
124025,55 6
124025,55 2115
124025,55 10
126004,27 25 
126031,38 75 
127239,65 72 
127310,49 70 
128828,85 80 
129189,21 83 
130251,35 64 1063
130416,38 74 148
130416,38 62 148
130926,45 151 
130949,63 69 
131991,61 249 
132021,09 182 
132461,5 93 
132480,79 103 
132480,79 101 
134507,28 100 
134507,28 6
134507,28 2115
134507,28 11
136493,07 25 
136520,3 75 
137726,46 72 
137799,26 70 
139312,98 80 
140677,69 83 
141080,11 64 402
141326,71 74 223
141326,71 63 223
142835,54 151 
142865,18 69 
143774,01 93 
143795,95 103 
143795,95 101 
145823,76 100 
145823,76 6
145823,76 2115
145823,76 11
147808,28 25 
147835,69 75 
149044,13 72 
149114,46 70 
150632,52 80 
151699,66 83 
152318,23 64 619
152532,89 74 194
152532,89 61 194
153543,61 150 
153566,59 68 
154023,13 249
154278,24 92 
154278,24 65 
154298,12 103 
154298,12 101 
154832,42 100 
154832,42 6
154832,42 2115
154832,42 11
156817,67 25 
157177,96 75 
158385,76 72 
158457,15 70 
159972,19 80 
161335,41 83 
161715,42 64 381
161907,1 74 172
161907,1 61 172
162417,04 150 
162442,72 68 
162954,71 249
164450,64 92 
164450,64 65 
164467,1 103 
164467,1 101 
164996,62 100 
164996,62 6
164996,62 2115
164996,62 11
166973,41 25 
167426,9 75 
168636,14 72 
168706,03 70 
170223,78 80 
171291,17 83 
171641,84 64 351
171823,04 74 159
171823,04 61 159
173331,54 150 
173358,06 68 
173788,18 249
175368,96 92 
175368,96 65 
175382,46 103 
175382,46 101 
175908,69 100 
175908,69 6
175908,69 2115
175908,69 10
177889,56 25 
178316,33 75 
179526,61 72 
179594,73 70 
181110,3 80 
181473,45 83 
182395,4 64 923
182626,43 74 207
182626,43 63 207
183634,9 150 
183660,3 68 
184079,81 249
184369,52 92 
184369,52 65 
184391,87 103 
184391,87 101 
184921,76 100 
184921,76 6
184921,76 2115
184921,76 10
186898,23 25 
187205 75 
188412,95 72 
188484,22 70 
190008,49 80 
190376,4 83 
191139,88 64 764
191359,48 74 197
191359,48 63 197
191871,3 152 
191897,8 69 
193407,4 93 
193427,98 103 
193427,98 101 
195455,27 100 
195455,27 6
195455,27 2115
195455,27 11
197440,33 25 
197468,02 75 
198675,56 72 
198746,54 70 
200266,15 80 
201632,28 250 
201651,38 101 
203664,28 100 
203664,28 6
203664,28 2115
203664,28 11
203664,28 25 
203691,33 75 
204898,68 72 
204970,46 70 
206489,36 80 
208195,33 83 
208765,38 64 571
209051,36 74 270
209051,36 61 270
210060,11 150 
210089,01 68 
210575,74 249
211000,91 92 
211000,91 65 
211020,43 103 
211020,43 101 
211551,72 100 
211551,72 6
211551,72 2115
211551,72 10
213526,69 25 
213873,6 75 
215081,66 72 
215152,77 70 
216668,22 80 
217737,93 83 
218223,9 64 486
218468,94 74 225
218468,94 63 225
219978,63 152 
220006,37 69 
220714,95 93 
220736,26 103 
220736,26 101 
222766,79 100 
222766,79 6
222766,79 2115
222766,79 11
224748,6 25 
224775,96 75 
225983,7 72 
226054,76 70 
227574,07 80 
228946,48 83 
229298,61 64 353
229508,45 74 189
229508,45 61 189
230020,36 150 
230040,54 68 
231552,32 92 
231552,32 65 
231571,6 103 
231571,6 101 
232097,94 100 
232097,94 6
232097,94 2115
232097,94 11
234077,97 25 
234491,42 75 
235699,91 72 
235770,71 70 
237284,12 80 
238342,45 83 
239122,44 64 781
239339,98 74 198
239339,98 63 198
240349,56 151 
240370,31 69 
241989,72 249 
245301,05 182 
252181,26 93 
252202,77 103 
252202,77 101 
254229,61 100 
254229,61 6
254229,61 2115
254229,61 10
256215,06 25 
256242,36 75 
257448,93 72 
257521,26 70 
259039,87 80 
259400,06 83 
260067,91 64 668
260266,63 74 174
260266,63 61 174
261775,12 151 
261801,39 69 
262710,49 93 
262731,56 103 
262731,56 101 
264764,87 100 
264764,87 6
264764,87 2115
264764,87 11
266744,05 25 
266771,13 75 
267977,38 72 
268050,2 70 
269572,66 80 
270955,13 83 
271308,85 64 354
271499,05 74 171
271499,05 61 171
272507,66 150 
272528,91 68 
273236,63 92 
273236,63 65 
273260,48 103 
273260,48 101 
273787,84 100 
273787,84 6
273787,84 2115
273787,84 10
275766,75 25 
276273,51 75 
277482,4 72 
277552,73 70 
279073,69 80 
279444,82 83 
280410,32 64 966
280601,09 74 170
280601,09 62 170
282110,34 151 
282138,02 69 
284145,2 93 
284162,37 103 
284162,37 101 
286188,74 100 
286188,74 6
286188,74 2115
286188,74 11
288174,68 25 
288201,86 75 
289407,73 72 
289480,9 70 
291006,89 80 
292079,35 83 
292704,08 64 625
292898,61 74 180
292898,61 61 180
293406,77 150 
293426,61 68 
293547,9 249
293770,25 171
294334,26 92 
294334,26 65 
294358,01 103 
294358,01 101 
294888,6 100 
294888,6 6
294888,6 2115
294888,6 11
296864,37 25 
297277,88 75 
298485,19 72 
298557,11 70 
300077,93 80 
301142,1 83 
301669,6 64 528
301854,16 74 166
301854,16 61 166
302363,17 150 
302382,69 68 
303891,5 92 
303891,5 65 
303913,9 103 
303913,9 101 
304440,43 100 
304440,43 6
304440,43 2115
304440,43 10
306420,19 25 
306767,08 75 
307974,12 72 
308286,19 70 
309894,01 80 
310258,28 83 
311096,58 64 839
311357,82 74 247
311357,82 63 247
312870,54 150 
312898,2 68 
313429,87 249
313484,11 173 
313807,64 92 
313807,64 65 
313829,68 103 
313829,68 101 
314356,79 100 
314356,79 6
314356,79 2115
314356,79 10
316336,06 25 
316482,95 75 
317692,14 72 
317762,07 70 
319275,95 80 
320640,43 83 
321079,49 64 440
321267,25 74 174
321267,25 63 174
322274,28 150 
322294,91 68 
322745,28 249
323806,11 92 
323806,11 65 
323825,42 103 
323825,42 101 
324359,17 100 
324359,17 6
324359,17 2115
324359,17 10
326331,76 25 
326825,17 75 
328034,4 72 
328104,37 70 
329628,92 80 
330996 83 
331313,46 64 318
331527,15 74 199
331527,15 63 199
332035,2 150 
332063,38 68 
332253,89 249
332418,04 173 
332775,07 92 
332775,07 65 
332794,84 103 
332794,84 101 
333321,37 100 
333321,37 6
333321,37 2115
333321,37 11
335301,13 25 
335981,22 75 
337191,1 72 
337260,41 70 
338774,32 80 
339139,16 83 
340319,98 64 1181
340495,3 74 157
340495,3 61 157
341506,12 152 
341526,64 69 
343540,76 93 
343550,27 103 
343550,27 101 
345576,76 100 
345576,76 6
345576,76 2115
345576,76 10
347562,58 25 
347590,28 75 
348797,42 72 
348868,78 70 
350397,11 80 
351453,85 83 
351868,79 64 415
352092,61 74 199
352092,61 63 199
353603,25 150 
353627,54 68 
354086,88 249
354131,76 173 
354535,37 92 
354535,37 65 
354558,85 103 
354558,85 101 
355089,87 100 
355089,87 6
355089,87 2115
355089,87 11
357065,14 25 
357092,21 75 
358299,09 72 
358371,33 70 
359896,86 80 
360263,41 83 
361259,8 64 997
361449,07 74 173
361449,07 62 173
361956,67 151 
361984,57 69 
363495,65 93 
363515,02 103 
363515,02 101 
365541,48 100 
365541,48 6
365541,48 2115
365541,48 10
367527,38 25 
367554,55 75 
368763,6 72 
368833,52 70 
370352,96 80 
371418,66 83 
371923,1 64 504
372145,14 74 208
372145,14 63 208
373157,93 150 
373179,82 68 
373891,78 92 
373891,78 65 
373910,55 103 
373910,55 101 
374437,9 100 
374437,9 6
374437,9 2115
374437,9 11
376416,82 25 
376483,86 75 
377692,57 72 
377763,01 70 
379290,09 80 
380654,65 83 
380951,85 64 297
381177,58 74 203
381177,58 63 203
382686,6 151 
382709,07 69 
383885,57 256 
383973,09 249 
384478,42 183 
386478,77 93 
386491,89 103 
386491,89 101 
388526,95 100 
388526,95 6
388526,95 2115
388526,95 10
390504,19 25 
390531,37 75 
391739,05 72 
391810,32 70 
393327,44 80 
394382,1 83 
394674,6 64 293
394846,32 74 158
394846,32 62 158
396355,74 151 
396383,2 69 
397895,46 93 
397913,64 103 
397913,64 101 
399941,75 100 
399941,75 6
399941,75 2115
399941,75 11
401926,8 25 
401953,64 75 
403161,92 72 
403232,07 70 
404742,71 80 
405097,5 83 
405934,85 64 837
406131,12 74 182
406131,12 62 182
407143,23 151 
407165,28 69 
407876,59 93 
407895,98 103 
407895,98 101 
409922,57 100 
409922,57 6
409922,57 2115
409922,57 10
411908,27 25 
411935,66 75 
413143,96 72 
413414,44 70 
415078,69 80 
416652,55 83 
417022,09 64 369
417275,99 74 237
417275,99 61 237
417787,64 151 
417814,01 69 
419824,18 93 
419837,5 103 
419837,5 101 
421866,55 100 
421866,55 6
421866,55 2115
421866,55 11
423849,87 25 
423877,17 75 
425083,73 72 
425156,03 70 
426674,14 80 
427034,82 83 
428139,77 64 1105
428366,12 74 213
428366,12 63 213
428877,47 151 
428902,55 69 
429814,18 93 
429833,29 103 
429833,29 101 
431865,08 100 
431865,08 6
431865,08 2115
431865,08 11
433845,53 25 
433872,78 75 
435078,15 72 
435151,82 70 
436660,44 80 
437723,58 83 
438761,12 64 1038
438978,28 74 203
438978,28 63 203
439988,19 151 
440017,84 69 
441528,59 93 
441548,22 103 
441548,22 101 
443574,7 100 
443574,7 6
443574,7 2115
443574,7 11
445560,53 25 
445587,82 75 
446795,39 72 
446866,75 70 
448383,86 80 
449745,13 83 
450253,67 64 509
450460,98 74 183
450460,98 61 183
451969,94 150 
451999,33 68 
452711,9 92 
452711,9 65 
452730,09 103 
452730,09 101 
453261,42 100 
453261,42 6
453261,42 2115
453261,42 10
455236,4 25 
455383,35 75 
456591,58 72 
456662,68 70 
458178,73 80 
459527,6 83 
459963,23 64 436
460134,36 74 154
460134,36 62 154
461146,09 151 
461168,72 69 
462079,92 93 
462099,4 103 
462099,4 101 
464126,81 100 
464126,81 6
464126,81 2115
464126,81 11
466111,7 25 
466139,09 75 
467348,56 72 
467417,97 70 
468941,06 80 
470016,36 83 
470594,53 64 579
470805,06 74 189
470805,06 61 189
472316,62 150 
472337,38 68 
473227,59 249
474072,08 171
474346,02 92 
474346,02 65 
474360,89 103 
474360,89 101 
474888,93 100 
474888,93 6
474888,93 2115
474888,93 10
476867,17 25 
477001,91 75 
478208,99 72 
478279,93 70 
479801,28 80 
480172,21 83 
481238,55 64 1067
481495,25 74 244
481495,25 63 244
482006,29 152 
482026,49 69 
483536,14 93 
483556,85 103 
483556,85 101 
485592,55 100 
485592,55 6
485592,55 2115
485592,55 10
487569,21 25 
487597,16 75 
488804,84 72 
488875,49 70 
490395,22 80 
491767,04 83 
492248,76 64 482
492442,25 74 170
492442,25 62 170
493450,99 151 
493474,87 69 
494185,14 93 
494205,62 103 
494205,62 101 
496232,21 100 
496232,21 6
496232,21 2115
496232,21 10
498217,94 25 
498245,14 75 
499452,53 72 
499524,11 70 
501046,55 80 
502109,27 83 
504178,06 64 2069
504338,35 74 137
504338,35 62 137
505849,96 151 
505869,52 69 
506780,76 93 
506800,24 103 
506800,24 101 
508827,07 100 
508827,07 6
508827,07 2115
508827,07 11
510812,62 25 
510840,09 75 
512047,17 72 
512118,72 70 
513635,4 80 
513997,5 83 
514857,67 64 861
515059,78 74 183
515059,78 61 183
515571,8 150 
515597,91 68 
517607,43 92 
517607,43 65 
517622,3 103 
517622,3 101 
518155,54 100 
518155,54 6
518155,54 2115
518155,54 10
520141,87 25 
520168,94 75 
521376,48 72 
521449,7 70 
522970,5 80 
524339,77 83 
524670,06 64 330
524891,72 74 206
524891,72 63 206
525900,88 150 
525926,81 68 
526356,7 249
526732,22 173 
527938,9 92 
527938,9 65 
527964,47 103 
527964,47 101 
528490,9 100 
528490,9 6
528490,9 2115
528490,9 11
530470,77 25 
530591,12 75 
531802,05 72 
531870,32 70 
533384 80 
533749,02 83 
534626,46 64 878
534870,63 74 229
534870,63 63 229
535382,74 151 
535403,14 69 
536314,65 93 
536334,22 103 
536334,22 101 
538365,04 100 
538365,04 6
538365,04 2115
538365,04 10
540346,59 25 
540373,87 75 
541581,72 72 
541652,7 70 
543169,78 80 
544237,83 83 
544686,05 64 448
544883 74 179
544883 62 179
546392,65 151 
546412,12 69 
547122,84 93 
547142,9 103 
547142,9 101 
549174,33 100 
549174,33 6
549174,33 2115
549174,33 10
551155,23 25 
551182,66 75 
552390,86 72 
552461,44 70 
553973,25 80 
555046,51 83 
555454,67 64 408
555638,98 74 166
555638,98 61 166
556148,69 153 
556168,12 68 
556330,55 249
557677,23 92 
557677,23 65 
557698,37 103 
557698,37 101 
558225,15 100 
558225,15 6
558225,15 2115
558225,15 10
560218,02 25 
560444,92 75 
561652,52 72 
561724,11 70 
563238,28 80 
563589,63 83 
564538,78 64 949
564752,5 74 191
564752,5 61 191
565760,28 151 
565790,08 69 
566699,89 93 
566721,2 103 
566721,2 101 
568748,62 100 
568748,62 6
568748,62 2115
568748,62 10
570733,5 25 
570760,94 75 
571967,85 72 
572039,7 70 
573559,69 80 
574918,05 83 
575145,77 64 228
575348,3 74 178
575348,3 61 178
576857,92 151 
576878,26 69 
577586,15 93 
577596,52 103 
577596,52 101 
579628,62 100 
579628,62 6
579628,62 2115
579628,62 10
581608,95 25 
581635,95 75 
582844,71 72 
582915,01 70 
584432,06 80 
585500,12 83 
585900,82 64 401
586136,93 74 224
586136,93 63 224
587644,25 150 
587673,63 68 
588113,26 249
589185,32 92 
589185,32 65 
589204,92 103 
589204,92 101 
589731,56 100 
589731,56 6
589731,56 2115
589731,56 11
591711,14 25 
591871,5 75 
593078,68 72 
593150,63 70 
594672,71 80 
595042,71 83 
596027,5 64 985
596216,97 74 175
596216,97 61 175
596729,18 150 
596749,77 68 
596806,67 249
597071,92 171
598758,01 92 
598758,01 65 
598774,11 103 
598774,11 101 
599302,52 100 
599302,52 6
599302,52 2115
599302,52 11
601280,4 25 
601600,64 75 
602808,4 72 
602879,8 70 
604394 80 
605758,17 83 
606097,02 64 339
606285,5 74 168
606285,5 61 168
607297,22 150 
607318,63 68 
608827,77 92 
608827,77 65 
608849,78 103 
608849,78 101 
609381,96 100 
609381,96 6
609381,96 2115
609381,96 11
611356,03 25 
611489,77 75 
612699,57 72 
612768,87 70 
614293,63 80 
615661,41 83 
616000,75 64 340
616184,93 74 165
616184,93 61 165
617197,24 150 
617221,09 68 
617780,16 249
619232,35 92 
619232,35 65 
619245,33 103 
619245,33 101 
619771,94 100 
619771,94 6
619771,94 2115
619771,94 11
621751,62 25 
622031,92 75 
623240,9 72 
623537,81 70 
625161,17 80 
625523,03 83 
626571,71 64 1049
626760,77 74 172
626760,77 61 172
628268,52 150 
628296,22 68 
629004,26 92 
629004,26 65 
629027,79 103 
629027,79 101 
629556,21 100 
629556,21 6
629556,21 2115
629556,21 11
631534,12 25 
631747,71 75 
632955,2 72 
633026,97 70 
634553,88 80 
635625,31 83 
636105,88 64 481
636328,04 74 210
636328,04 61 210
636839,92 150 
636865,9 68 
637298,87 249
637775,79 92 
637775,79 65 
637797,42 103 
637797,42 101 
638337 100 
638337 6
638337 2115
638337 10
640317,02 25 
640930,5 75 
642139,35 72 
642209,59 70 
643726,52 80 
645088,03 83 
645535,87 64 448
645809,1 74 256
645809,1 63 256
646821,66 150 
646848,26 68 
647759,95 92 
647759,95 65 
647779,74 103 
647779,74 101 
648307,69 100 
648307,69 6
648307,69 2115
648307,69 11
650286,06 25 
650366,38 75 
651574,9 72 
651645,52 70 
653161,46 80 
653524,32 83 
654452,71 64 929
654665,39 74 195
654665,39 61 195
656176,19 150 
656205,12 68 
656769,15 249
658151,23 171
658213,64 92 
658213,64 65 
658228,61 103 
658228,61 101 
658756,22 100 
658756,22 6
658756,22 2115
658756,22 10
660734,9 25 
660975,28 75 
662183,88 72 
662254,33 70 
663780,51 80 
664839,49 83 
665377,42 64 539
665640,79 74 242
665640,79 63 242
666152,88 150 
666174,06 68 
667683,28 92 
667683,28 65 
667704,51 103 
667704,51 101 
668234,86 100 
668234,86 6
668234,86 2115
668234,86 11
670210,79 25 
670837,58 75 
672045,94 72 
672116,81 70 
673636,21 80 
675008,44 83 
675348,37 64 341
675532,81 74 165
675532,81 61 165
677040,9 152 
677062,08 69 
677769,55 93 
677780,21 103 
677780,21 101 
679806,54 100 
679806,54 6
679806,54 2115
679806,54 11
681792,51 25 
681819,88 75 
683026,44 72 
683098,73 70 
684615,8 80 
685670,48 83 
686240,27 64 571
686439,97 74 183
686439,97 61 183
686950,18 150 
686978,48 68 
687220,44 249
687341,72 171
687688,33 92 
687688,33 65 
687709,27 103 
687709,27 101 
688238,06 100 
688238,06 6
688238,06 2115
688238,06 10
690215,57 25 
690682,43 75 
691891,16 72 
691961,64 70 
693483,26 80 
693853,68 83 
694957,44 64 1104
695205,78 74 233
695205,78 63 233
696214,1 150 
696241,37 68 
697151,08 92 
697151,08 65 
697171,9 103 
697171,9 101 
697703,88 100 
697703,88 6
697703,88 2115
697703,88 10
699678,43 25 
700158,32 75 
701367,31 72 
701437,54 70 
702950,81 80 
703304,67 83 
704253,26 64 951
704475,75 74 200
704475,75 63 200
705986,62 150 
706010,38 68 
706441,54 249
707897,45 173 
708021,83 92 
708021,83 65 
708047,23 103 
708047,23 101 
708574,6 100 
708574,6 6
708574,6 2115
708574,6 10
710566,87 25 
710833,76 75 
712042,53 72 
712112,93 70 
713626,58 80 
714684,79 83 
715091,69 64 407
715312,7 74 202
715312,7 61 202
716323,48 151 
716351,76 69 
717862,46 93 
717883,04 103 
717883,04 101 
719910,73 100 
719910,73 6
719910,73 2115
719910,73 11
721895,33 25 
721922,77 75 
723131,15 72 
723201,51 70 
724992,06 80 
726572,96 83 
726994,39 64 422
727183,54 74 171
727183,54 61 171
727690,68 150 
727707,75 68 
727816,93 249
728034,39 171
729718,87 92 
729718,87 65 
729744,61 103 
729744,61 101 
730275,71 100 
730275,71 6
730275,71 2115
730275,71 11
732250,87 25 
732531,1 75 
733741,1 72 
733810,27 70 
735336,4 80 
736701,98 83 
736962,14 64 260
737164,61 74 183
737164,61 61 183
738172,42 150 
738195,79 68 
739707,5 92 
739707,5 65 
739726,97 103 
739726,97 101 
740256,6 100 
740256,6 6
740256,6 2115
740256,6 10
742233,29 25 
742620,1 75 
743828,42 72 
743899,3 70 
745414,02 80 
745764,99 83 
747622,94 64 1858
747869,72 74 226
747869,72 63 226
749382,75 150 
749404,43 68 
749906,75 249
750312,83 92 
750312,83 65 
750335,75 103 
750335,75 101 
750863,27 100 
750863,27 6
750863,27 2115
750863,27 11
752842,04 25 
752988,99 75 
754197,49 72 
754268,21 70 
755785,18 80 
756839,99 83 
757252,81 64 413
757445,28 74 180
757445,28 61 180
757954,26 150 
757974 68 
758485,58 249
758643,43 171
758681,19 92 
758681,19 65 
758705,5 103 
758705,5 101 
759239,43 100 
759239,43 6
759239,43 2115
759239,43 10
761225,1 25 
761745,3 75 
762952,74 72 
763024,48 70 
764548,42 80 
764916,55 83 
766058,72 64 1143
766309,78 74 234
766309,78 63 234
767319,1 150 
767344,09 68 
767765,96 249
768055,64 92 
768055,64 65 
768074,85 103 
768074,85 101 
768602,67 100 
768602,67 6
768602,67 2115
768602,67 11
770581,13 25 
770768,09 75 
771974,91 72 
772047,31 70 
773571,21 80 
774632,33 83 
775035,64 64 404
775266,5 74 208
775266,5 61 208
776774,56 150 
776792,55 68 
778300,97 92 
778300,97 65 
778323,76 103 
778323,76 101 
778850,67 100 
778850,67 6
778850,67 2115
778850,67 11
780830,03 25 
781270,23 75 
782476,82 72 
782549,42 70 
784070,51 80 
785441,04 83 
785816,36 64 376
786013,49 74 173
786013,49 61 173
786524,96 150 
786548,43 68 
786708,49 249
786965,14 171
787459,25 92 
787459,25 65 
787479,81 103 
787479,81 101 
788015,45 100 
788015,45 6
788015,45 2115
788015,45 10
789999,47 25 
790333,04 75 
791539,67 72 
791612,17 70 
793135,13 80 
794197,31 83 
794660,37 64 464
794906,13 74 230
794906,13 63 230
795916,69 150 
795945,27 68 
797952,65 92 
797952,65 65 
797968,66 103 
797968,66 101 
798496,07 100 
798496,07 6
798496,07 2115
798496,07 11
800475,04 25 
800728,64 75 
801936,7 72 
802007,69 70 
803522,5 80 
803899,91 83 
804844,18 64 945
805050,18 74 192
805050,18 61 192
806558,26 150 
806580,55 68 
807289,36 92 
807289,36 65 
807311,31 103 
807311,31 101 
807837,66 100 
807837,66 6
807837,66 2115
807837,66 10
809817,66 25 
810391,08 75 
811599,71 72 
811670,23 70 
813192,4 80 
814561,86 83 
815034,48 64 473
815289,69 74 235
815289,69 63 235
815797,96 150 
815816,54 68 
816313,47 249
817326,13 92 
817326,13 65 
817347,04 103 
817347,04 101 
817877,6 100 
817877,6 6
817877,6 2115
817877,6 11
819853,62 25 
820200,17 75 
821407,18 72 
821479,36 70 
822993,33 80 
824051,15 83 
824489,37 64 439
824722,13 74 219
824722,13 61 219
825730,21 150 
825758,23 68 
826666,6 92 
826666,6 65 
826689,68 103 
826689,68 101 
827218,13 100 
827218,13 6
827218,13 2115
827218,13 10
829195,96 25 
829636,26 75 
830845,32 72 
831141,89 70 
832682,47 80 
833047,27 83 
834338,24 64 1292
834582,18 74 230
834582,18 63 230
835090,22 152 
835115,09 69 
837123,28 93 
837138,53 103 
837138,53 101 
839169,14 100 
839169,14 6
839169,14 2115
839169,14 10
841150,95 25 
841178,06 75 
842385,8 72 
842457,08 70 
843970,39 80 
845335,32 83 
845622,52 64 288
845815,32 74 174
845815,32 61 174
847324,3 151 
847349,7 69 
849361,13 93 
849373,32 103 
849373,32 101 
851403,27 100 
851403,27 6
851403,27 2115
851403,27 11
853385,57 25 
853412,91 75 
854619,13 72 
854691,85 70 
856211,34 80 
857570,09 83 
857924,78 64 355
858130,09 74 188
858130,09 61 188
858641,67 150 
858664,82 68 
859373,19 92 
859373,19 65 
859395,65 103 
859395,65 101 
859924,48 100 
859924,48 6
859924,48 2115
859924,48 10
861901,99 25 
862035,87 75 
863243,89 72 
863314,77 70 
864834,64 80 
865206,85 83 
866217,13 64 1011
866476,59 74 244
866476,59 63 244
867988,52 150 
868007,47 68 
869271,04 249
869518,74 92 
869518,74 65 
869537,93 103 
869537,93 101 
870066,38 100 
870066,38 6
870066,38 2115
870066,38 10
872044,24 25 
872257,89 75 
873468,19 72 
873537,1 70 
875056,28 80 
876108,79 83 
876597,45 64 489
876866,96 74 252
876866,96 63 252
877876,25 150 
877895,89 68 
878005,18 249
878239,4 173 
878807,34 92 
878807,34 65 
878827,33 103 
878827,33 101 
879361,94 100 
879361,94 6
879361,94 2115
879361,94 11
881346,93 25 
881760,53 75 
882969,75 72 
883039,65 70 
884560,14 80 
884931,74 83 
885789,78 64 858
886008,87 74 198
886008,87 61 198
886521,28 150 
886546,28 68 
887011,77 249
887455,05 92 
887455,05 65 
887476,95 103 
887476,95 101 
888005,26 100 
888005,26 6
888005,26 2115
888005,26 11
889983,2 25 
890636,64 75 
891845,75 72 
891915,79 70 
893432,96 80 
894500,92 83 
894939,35 64 439
895140,64 74 187
895140,64 61 187
896149,35 150 
896168,23 68 
898177,83 92 
898177,83 65 
898192,34 103 
898192,34 101 
898719,81 100 
898719,81 6
898719,81 2115
898719,81 10
900698,59 25 
901032,15 75 
902238,82 72 
902311,39 70 
903825,95 80 
905189,69 83 
905464,95 64 275
905706,62 74 224
905706,62 63 224
907218,94 150 
907243,37 68 
908752,15 92 
908752,15 65 
908774,45 103 
908774,45 101 
909304,02 100 
909304,02 6
909304,02 2115
909304,02 11
911280,79 25 
911827,58 75 
913036,46 72 
913106,72 70 
914619,36 80 
914985,48 83 
916403,98 64 1419
916624,71 74 200
916624,71 61 200
917636,65 152 
917666,26 69 
918374 93 
918383,85 103 
918383,85 101 
920415,7 100 
920415,7 6
920415,7 2115
920415,7 10
922395,97 25 
922423,14 75 
923630,41 72 
923702,17 70 
925225,08 80 
926287,31 83 
927008,11 64 722
927238,22 74 219
927238,22 63 219
927749,96 150 
927768,55 68 
929777,6 92 
929777,6 65 
929792,11 103 
929792,11 101 
930319,83 100 
930319,83 6
930319,83 2115
930319,83 11
932298,43 25 
932325,6 75 
933533,11 72 
933844,53 70 
935464,3 80 
936829,47 83 
937121,71 64 293
937335,91 74 200
937335,91 61 200
938848,28 150 
938870,44 68 
939781 92 
939781 65 
939801,11 103 
939801,11 101 
940337,01 100 
940337,01 3
940337,01 2115
940337,01 11
940337,01 78 
940337,01 198 
942320,76 25 
942775,24 75 
943984,83 72 
944053,42 70 
945566,12 80 
946625,25 83 
947227,73 64 603
947446,63 74 195
947446,63 61 195
948958,8 151 
948985,45 69 
950496,57 93 
950516,56 103 
950516,56 101 
952545,65 100 
952545,65 3
952545,65 2115
952545,65 10
954528,86 25 
954556,52 75 
955765,83 72 
955835,11 70 
957356,04 80 
958726,69 83 
959363,72 64 637
959621,56 74 242
959621,56 63 242
960132 151 
960155 69 
960867,43 93 
960885,43 103 
960885,43 101 
962911,74 100 
962911,74 3
962911,74 2115
962911,74 10
964897,84 25 
964925,05 75 
966132,84 72 
966203,97 70 
967722,5 80 
968096,06 83 
969057,38 64 962
969238 74 156
969238 62 156
970247,05 150 
970269,77 68 
971782,61 92 
971782,61 65 
971800,81 103 
971800,81 101 
972332,16 100 
972332,16 3
972332,16 2115
972332,16 11
974320,35 25 
975013,76 75 
976221,72 72 
976292,92 70 
977810,64 80 
978878,07 83 
979511,15 64 633
979719,96 74 189
979719,96 61 189
980228,45 151 
980252,72 69 
981163,86 93 
981183,39 103 
981183,39 101 
983210,45 100 
983210,45 3
983210,45 2115
983210,45 10
985195,71 25 
985222,97 75 
986431,5 72 
986501,92 70 
988022,99 80 
988380,68 83 
989316,97 64 936
989504,75 74 165
989504,75 62 165
991013,58 152 
991033,96 69 
993043,09 93 
993058,43 103 
993058,43 101 
995085,53 100 
995085,53 3
995085,53 2115
995085,53 10
997070,6 25 
997097,93 75 
998306,5 72 
998376,77 70 
999894,94 80 
1001268,52 83 
1001935,7 64 668
1002181,66 74 234
1002181,66 63 234
1003192,88 151 
1003216,12 69 
1003927,77 93 
1003947 103 
1003947 101 
1005982,82 100 
1005982,82 3
1005982,82 2115
1005982,82 11
1007959,42 25 
1007986,46 75 
1009195,61 72 
1009265,46 70 
1010789,95 80 
1012157,2 83 
1012543,75 64 387
1012749,87 74 193
1012749,87 61 193
1013262,79 151 
1013290,74 69 
1013712,43 249 
1015297,13 93 
1015315,42 103 
1015315,42 101 
1017342,38 100 
1017342,38 3
1017342,38 2115
1017342,38 11
1019327,8 25 
1019355,12 75 
1020561,7 72 
1020633,94 70 
1022152,81 80 
1023205,77 83 
1023745,44 64 540
1023983,42 74 219
1023983,42 63 219
1025495,8 150 
1025526,63 68 
1027037,64 92 
1027037,64 65 
1027057,06 103 
1027057,06 101 
1027584,45 100 
1027584,45 3
1027584,45 2115
1027584,45 11
1029576,74 25 
1029816,92 75 
1031026,87 72 
1031096,1 70 
1032618,01 80 
1032988,25 83 
1034301,46 64 1314
1034491,41 74 171
1034491,41 62 171
1035502,85 151 
1035521,56 69 
1036429,56 93 
1036440,14 103 
1036440,14 101 
1038469 100 
1038469 3
1038469 2115
1038469 10
1040452,01 25 
1040479,3 75 
1041688 72 
1041758,23 70 
1043282 80 
1044356,62 83 
1045847,99 64 1491
1046130,59 74 268
1046130,59 61 268
1047639,31 151 
1047663,75 69 
1048373,72 93 
1048394,55 103 
1048394,55 101 
1050424,39 100 
1050424,39 3
1050424,39 2115
1050424,39 10
1052406,93 25 
1052434,28 75 
1053641,38 72 
1053713,06 70 
1055234,72 80 
1055591,81 83 
1056723,43 64 1132
1056893,7 74 156
1056893,7 62 156
1057403,72 150 
1057432,18 68 
1058140,63 92 
1058140,63 65 
1058163,7 103 
1058163,7 101 
1058690,68 100 
1058690,68 3
1058690,68 2115
1058690,68 11
1060670,01 25 
1061070,18 75 
1062280,15 72 
1062349,38 70 
1063873,63 80 
1065241,07 83 
1066175,03 64 933
1066354,21 74 154
1066354,21 62 154
1067368,21 151 
1067387,85 69 
1068905,81 249 
1071165,55 256 
1073756,97 183 
1125450,39 93 
1125468,18 103 
1125468,18 101 
1127499,32 100 
1127499,32 3
1127499,32 2115
1127499,32 10
1129480,49 25 
1129508,12 75 
1130715,53 72 
1130786,77 70 
1132302,02 80 
1133666,01 83 
1134253,73 64 589
1134453,64 74 176
1134453,64 61 176
1134964,54 151 
1134987,1 69 
1135458,62 249 
1135898,03 93 
1135917,19 103 
1135917,19 101 
1137944,74 100 
1137944,74 3
1137944,74 2115
1137944,74 10
1139929,38 25 
1139957,33 75 
1141165,43 72 
1141475,42 70 
1143086,07 80 
1143434,23 83 
1144687,67 64 1254
1144908,03 74 194
1144908,03 62 194
1145919,64 150 
1145941,72 68 
1147450,86 92 
1147450,86 65 
1147472,04 103 
1147472,04 101 
1147999,81 100 
1147999,81 3
1147999,81 2115
1147999,81 10
1149978,33 25 
1150485,19 75 
1151693,4 72 
1151764,33 70 
1153282,9 80 
1154336,13 83 
1154792,7 64 457
1154970,84 74 155
1154970,84 62 155
1156482,63 150 
1156510,45 68 
1158518,15 92 
1158518,15 65 
1158534 103 
1158534 101 
1159069,22 100 
1159069,22 3
1159069,22 2115
1159069,22 11
1161053,59 25 
1161467,26 75 
1162677,08 72 
1162746,34 70 
1164262,44 80 
1165318,05 83 
1165757,44 64 440
1165958,9 74 188
1165958,9 61 188
1166470,71 153 
1166492,79 68 
1167116,52 249
1168003,3 92 
1168003,3 65 
1168023,25 103 
1168023,25 101 
1168551,72 100 
1168551,72 3
1168551,72 2115
1168551,72 10
1170542,84 25 
1170769,87 75 
1171977,42 72 
1172048,94 70 
1173567,18 80 
1174927,26 83 
1175549,98 64 623
1175741,65 74 175
1175741,65 62 175
1177252,43 150 
1177274,1 68 
1177981,45 92 
1177981,45 65 
1178005,7 103 
1178005,7 101 
1178531,96 100 
1178531,96 3
1178531,96 2115
1178531,96 11
1180511,89 25 
1180698,83 75 
1181907,22 72 
1181978,03 70 
1183498,42 80 
1183870,13 83 
1184811,13 64 941
1185029,77 74 200
1185029,77 61 200
1186041,46 151 
1186070,37 69 
1186979,01 93 
1186988,5 103 
1186988,5 101 
1189023,05 100 
1189023,05 3
1189023,05 2115
1189023,05 11
1191000,74 25 
1191027,92 75 
1192236,04 72 
1192306,94 70 
1193824,52 80 
1195185,25 83 
1195904,62 64 720
1196116,22 74 199
1196116,22 61 199
1197127,93 151 
1197145,62 69 
1198058,98 93 
1198077 103 
1198077 101 
1200106,33 100 
1200106,33 3
1200106,33 2115
1200106,33 11
1202089,32 25 
1202117,1 75 
1203325,68 72 
1203395,56 70 
1204911,85 80 
1205967,27 83 
1206361,21 64 395
1206548,4 74 169
1206548,4 62 169
1208060,33 151 
1208087,54 69 
1209597,97 93 
1209618,71 103 
1209618,71 101 
1211646,92 100 
1211646,92 3
1211646,92 2115
1211646,92 11
1213631 25 
1213658,3 75 
1214866,09 72 
1214937,27 70 
1216456,17 80 
1216829,47 83 
1217592,32 64 764
1217792,25 74 177
1217792,25 62 177
1218303,05 153 
1218323,94 68 
1220333,53 92 
1220333,53 65 
1220347,53 103 
1220347,53 101 
1220878,28 100 
1220878,28 3
1220878,28 2115
1220878,28 11
1222853,8 25 
1223427,19 75 
1224636,16 72 
1224706,38 70 
1226219,76 80 
1227571,34 83 
1227900,32 64 330
1228067,78 74 150
1228067,78 62 150
1229076,75 151 
1229105,99 69 
1229812,84 93 
1229823,42 103 
1229823,42 101 
1231850,07 100 
1231850,07 3
1231850,07 2115
1231850,07 10
1233835,78 25 
1233863,13 75 
1235069,38 72 
1235141,9 70 
1236662,83 80 
1237727,03 83 
1244086,48 64 6360
1244275,78 74 165
1244275,78 62 165
1244788,33 150 
1244819,15 68 
1246828,42 92 
1246828,42 65 
1246842,81 103 
1246842,81 101 
1247370,18 100 
1247370,18 3
1247370,18 2115
1247370,18 11
1249349,06 25 
1249842,57 75 
1251050,92 72 
1251121,77 70 
1252652,07 80 
1253013,85 83 
1254071,51 64 1058
1254267,15 74 175
1254267,15 62 175
1255777,46 151 
1255801,17 69 
1256709,15 93 
1256731,83 103 
1256731,83 101 
1258765,9 100 
1258765,9 3
1258765,9 2115
1258765,9 10
1260744,18 25 
1260771,53 75 
1261977,6 72 
1262050,38 70 
1263568,55 80 
1264928,72 83 
1265858,71 64 930
1266054,65 74 180
1266054,65 61 180
1266564,57 151 
1266583,48 69 
1267043,23 249 
1267291,83 93 
1267313,97 103 
1267313,97 101 
1269342,17 100 
1269342,17 3
1269342,17 2115
1269342,17 11
1271326,31 25 
1271353,72 75 
1272561,2 72 
1272632,49 70 
1274156,38 80 
1275230,97 83 
1286204,94 64 10974
1286399,16 74 174
1286399,16 62 174
1287908,38 151 
1287933,26 69 
1289443,94 93 
1289464,45 103 
1289464,45 101 
1291492,53 100 
1291492,53 3
1291492,53 2115
1291492,53 11
1293476,76 25 
1303477,89 254 
1303498,43 101 
1305510,85 100 
1305510,85 3
1305510,85 2115
1305510,85 11
1305510,85 25 
1315513,34 254 
1315533,29 101 
1317545,74 100 
1317545,74 3
1317545,74 2115
1317545,74 11
1317545,74 25 
1323265,42 75 
1324473,87 72 
1324543,62 70 
1326061,3 80 
1326422,37 83 
1327483,18 64 1062
1327700,63 74 199
1327700,63 62 199
1328710,01 151 
1328729,82 69 
1329439,56 93 
1329460,71 103 
1329460,71 101 
1331492,07 100 
1331492,07 3
1331492,07 2115
1331492,07 10
1333472,95 25 
1333500,22 75 
1334709,93 72 
1334779,2 70 
1336302,89 80 
1337670,82 83 
1338081,56 64 411
1338108,77 256 
1338317,92 74 221
1338317,92 61 221
1338828,25 151 
1338858,88 69 
1340368,38 93 
1340389,28 103 
1340389,28 101 
1342416,32 100 
1342416,32 3
1342416,32 2115
1342416,32 10
1344401,59 25 
1344442,47 75 
1345652,26 72 
1345721,13 70 
1347236,82 80 
1347613,26 83 
1348537,23 64 925
1348767,95 74 209
1348767,95 63 209
1349776,54 151 
1349800,87 69 
1351808,12 93 
1351824,4 103 
1351824,4 101 
1353851,47 100 
1353851,47 3
1353851,47 2115
1353851,47 10
1355836,78 25 
1355864,33 75 
1357071,99 72 
1357382,8 70 
1358995,77 80 
1360061,31 83 
1360749,7 64 689
1360920,53 74 153
1360920,53 62 153
1362432,7 150 
1362462,09 68 
1363373,09 92 
1363373,09 65 
1363392,74 103 
1363392,74 101 
1363929,93 100 
1363929,93 3
1363929,93 2115
1363929,93 11
1365912,53 25 
1366232,65 75 
1367439,96 72 
1367511,86 70 
1369025,92 80 
1370390,14 83 
1370708,06 64 318
1370886,79 74 164
1370886,79 62 164
1371896,29 151 
1371924,74 69 
1372633,54 93 
1372655,46 103 
1372655,46 101 
1374682,27 100 
1374682,27 3
1374682,27 2115
1374682,27 11
1376667,75 25 
1377667,68 75 
1378876,03 72 
1378948,48 70 
1380460,74 80 
1380812,34 83 
1382129,59 64 1318
1382334,69 74 190
1382334,69 62 190
1382846,11 151 
1382866,66 69 
1384876,7 93 
1384890,26 103 
1384890,26 101 
1386916,66 100 
1386916,66 3
1386916,66 2115
1386916,66 10
1388902,49 25 
1388929,72 75 
1390135,72 72 
1390208,7 70 
1391727,14 80 
1392793,81 83 
1393392,92 64 599
1393624,45 74 218
1393624,45 61 218
1395135,09 151 
1395154,73 69 
1396064,69 93 
1396085,39 103 
1396085,39 101 
1398118,25 100 
1398118,25 3
1398118,25 2115
1398118,25 10
1400097,69 25 
1400125,13 75 
1401331,22 72 
1401403,96 70 
1402924,99 80 
1403989,08 83 
1404736,96 64 748
1405469,85 74 708
1405469,85 63 708
1405979,81 153 
1406003,46 68 
1407514,42 92 
1407514,42 65 
1407533,83 103 
1407533,83 101 
1408060,36 100 
1408060,36 3
1408060,36 2115
1408060,36 11
1410040,15 25 
1410067,34 75 
1411274,33 72 
1411346,29 70 
1412863,18 80 
1414224,62 83 
1414594,82 64 370
1414773,74 74 163
1414773,74 62 163
1416285,8 151 
1416304,87 69 
1417014,42 93 
1417036,39 103 
1417036,39 101 
1419066,05 100 
1419066,05 3
1419066,05 2115
1419066,05 10
1421048,72 25 
1421075,99 75 
1422282,99 72 
1422355,11 70 
1423886,57 80 
1424246,99 83 
1425620,28 64 1374
1425878,87 74 246
1425878,87 63 246
1426888,79 151 
1426914,06 69 
1428156,14 256 
1428194,76 249 
1431065,99 182 
1434725,44 93 
1434735,49 103 
1434735,49 101 
1436767,92 100 
1436767,92 3
1436767,92 2115
1436767,92 11
1438747,87 25 
1438775,14 75 
1439981,51 72 
1440053,99 70 
1441571,33 80 
1441932,76 83 
1442857,02 64 924
1443079,61 74 201
1443079,61 63 201
1444590,85 150 
1444613,44 68 
1445335,68 249
1445522,11 92 
1445522,11 65 
1445544,18 103 
1445544,18 101 
1446070,73 100 
1446070,73 3
1446070,73 2115
1446070,73 10
1448050,44 25 
1448197,55 75 
1449406,74 72 
1449476,68 70 
1450993,7 80 
1452354,92 83 
1452420,14 64 66
1452892,45 74 458
1452892,45 63 458
1453401,27 151 
1453423,37 69 
1454973,8 249 
1455430,2 93 
1455447,59 103 
1455447,59 101 
1457474,94 100 
1457474,94 3
1457474,94 2115
1457474,94 11
1459458,93 25 
1459486,28 75 
1460694,01 72 
1460765,1 70 
1462282,42 80 
1463350,2 83 
1463814,36 64 465
1464059,66 74 230
1464059,66 63 230
1465071,09 150 
1465097,37 68 
1465653,85 249
1465706,91 173 
1465807,39 92 
1465807,39 65 
1465828,89 103 
1465828,89 101 
1466360,92 100 
1466360,92 3
1466360,92 2115
1466360,92 10
1468335,11 25 
1468375,58 75 
1469583,9 72 
1469654,61 70 
1471174,68 80 
1471546,74 83 
1472862,29 64 1316
1473099,47 74 221
1473099,47 63 221
1473607,2 151 
1473626,9 69 
1475519,8 249 
1475635,98 93 
1475651,25 103 
1475651,25 101 
1477680,89 100 
1477680,89 3
1477680,89 2115
1477680,89 11
1479663,62 25 
1479690,75 75 
1480899,75 72 
1480969,85 70 
1482483,66 80 
1483541,56 83 
1484166,21 64 625
1484360,07 74 179
1484360,07 62 179
1485371,95 151 
1485395,3 69 
1486304,75 93 
1486326,77 103 
1486326,77 101 
1488353,2 100 
1488353,2 3
1488353,2 2115
1488353,2 10
1490339,03 25 
1490366,23 75 
1491574,96 72 
1491645,18 70 
1493166,11 80 
1494536,89 83 
1494781,56 64 245
1494968,05 74 165
1494968,05 62 165
1496479,49 150 
1496497,89 68 
1498006,91 92 
1498006,91 65 
1498028,35 103 
1498028,35 101 
1498560,5 100 
1498560,5 3
1498560,5 2115
1498560,5 10
1500547,97 25 
1500775,82 75 
1501984,98 72 
1502054,09 70 
1503582,07 80 
1504639,28 83 
1505232,22 64 594
1505437,95 74 186
1505437,95 62 186
1506946,53 150 
1506974,28 68 
1508485,11 92 
1508485,11 65 
1508503,82 103 
1508503,82 101 
1509030,14 100 
1509030,14 3
1509030,14 2115
1509030,14 11
1511010,17 25 
1511037,72 75 
1512247,64 72 
1512316,37 70 
1513837,53 80 
1514208,45 83 
1515012,77 64 805
1515280,58 74 246
1515280,58 63 246
1515790,81 150 
1515809,56 68 
1515897,79 249
1516164,13 173 
1516721,5 92 
1516721,5 65 
1516740,31 103 
1516740,31 101 
1517269,4 100 
1517269,4 3
1517269,4 2115
1517269,4 10
1519246,7 25 
1519274,2 75 
1520484,65 72 
1520552,85 70 
1522073,46 80 
1523444,51 83 
1523817,47 64 374
1524067,65 74 237
1524067,65 63 237
1525079,73 151 
1525099,18 69 
1527112,54 93 
1527122,79 103 
1527122,79 101 
1529157,62 100 
1529157,62 3
1529157,62 2115
1529157,62 10
1531135,01 25 
1531162,07 75 
1532369,32 72 
1532441,03 70 
1533963,73 80 
1535039,45 83 
1535382,43 64 344
1535573,17 74 174
1535573,17 62 174
1537081,45 152 
1537107,24 69 
1537817,1 93 
1537837,95 103 
1537837,95 101 
1539864,49 100 
1539864,49 3
1539864,49 2115
1539864,49 11
1541850,21 25 
1541891,72 75 
1543097,5 72 
1543169,76 70 
1544682,58 80 
1545048,5 83 
1546135,52 64 1088
1546366,53 74 212
1546366,53 63 212
1546878,31 150 
1546902,99 68 
1547334,51 249
1547639,02 173 
1548413,12 92 
1548413,12 65 
1548433,37 103 
1548433,37 101 
1548960,01 100 
1548960,01 3
1548960,01 2115
1548960,01 11
1550939,64 25 
1550993,5 75 
1552201,72 72 
1552272,52 70 
1553790,55 80 
1555164,16 83 
1555568,72 64 405
1555802,14 74 212
1555802,14 63 212
1556811,51 150 
1556832,09 68 
1558841,67 92 
1558841,67 65 
1558855,55 103 
1558855,55 101 
1559386,9 100 
1559386,9 3
1559386,9 2115
1559386,9 10
1561375,17 25 
1561642,11 75 
1562849,36 72 
1562921,34 70 
1564432,02 80 
1565799,61 83 
1566287,21 64 488
1566508,57 74 203
1566508,57 63 203
1568017,24 151 
1568040,14 69 
1568950,98 93 
1568971,25 103 
1568971,25 101 
1570999,87 100 
1570999,87 3
1570999,87 2115
1570999,87 11
1572983,52 25 
1573010,75 75 
1574220,3 72 
1574289,72 70 
1575806,74 80 
1576861,58 83 
1577185,71 64 324
1577363,53 74 156
1577363,53 62 156
1578371,81 151 
1578396,14 69 
1579108,09 93 
1579126,89 103 
1579126,89 101 
1581158,3 100 
1581158,3 3
1581158,3 2115
1581158,3 10
1583139,28 25 
1583166,56 75 
1584373,89 72 
1584445,41 70 
1585971,37 80 
1586337,47 83 
1587142,86 64 806
1587344,24 74 181
1587344,24 62 181
1587855,85 150 
1587885,43 68 
1589896,67 92 
1589896,67 65 
1589922,28 103 
1589922,28 101 
1590452,99 100 
1590452,99 3
1590452,99 2115
1590452,99 10
1592428,58 25 
1592802,1 75 
1594010,15 72 
1594081,25 70 
1595598,79 80 
1595960,04 83 
1596863,38 64 904
1597061,18 74 182
1597061,18 62 182
1598574,6 150 
1598600,9 68 
1599313,18 92 
1599313,18 65 
1599331,52 103 
1599331,52 101 
1599859,79 100 
1599859,79 3
1599859,79 2115
1599859,79 10
1601837,83 25 
1602357,94 75 
1603564,4 72 
1603637,16 70 
1605152,74 80 
1606515,5 83 
1606743,87 64 229
1606923,13 74 155
1606923,13 62 155
1607931,37 150 
1607956,78 68 
1608865,97 92 
1608865,97 65 
1608887,42 103 
1608887,42 101 
1609415,19 100 
1609415,19 3
1609415,19 2115
1609415,19 11
1611393,75 25 
1611860,59 75 
1613069,63 72 
1613139,81 70 
1614660,05 80 
1615738,19 83 
1616171,42 64 434
1616354,96 74 164
1616354,96 62 164
1616862,78 153 
1616887,1 68 
1618395,45 92 
1618395,45 65 
1618416,66 103 
1618416,66 101 
1618950,62 100 
1618950,62 3
1618950,62 2115
1618950,62 11
1620936,37 25 
1621456,43 75 
1622668,06 72 
1622735,66 70 
1624258,76 80 
1625320,73 83 
1625931,91 64 611
1626120,73 74 174
1626120,73 62 174
1626632,6 151 
1626655,53 69 
1627366,78 93 
1627386,19 103 
1627386,19 101 
1629413,68 100 
1629413,68 3
1629413,68 2115
1629413,68 11
1631398,46 25 
1631426,08 75 
1632634,03 72 
1632704,83 70 
1634218,59 80 
1634583,49 83 
1635346,63 64 764
1635562,53 74 193
1635562,53 62 193
1636572,23 151 
1636597,81 69 
1638609,78 93 
1638621,39 103 
1638621,39 101 
1640648,64 100 
1640648,64 3
1640648,64 2115
1640648,64 10
1642633,79 25 
1642660,88 75 
1643868,6 72 
1643939,83 70 
1645460,53 80 
1646831,5 83 
1647174,52 64 344
1647365,86 74 175
1647365,86 62 175
1648875,59 150 
1648899,14 68 
1650410,06 92 
1650410,06 65 
1650429,65 103 
1650429,65 101 
1650960,29 100 
1650960,29 3
1650960,29 2115
1650960,29 11
1652936,04 25 
1653349,47 75 
1654558,73 72 
1654628,6 70 
1656144,54 80 
1657200,37 83 
1657557,51 64 358
1657795,18 74 222
1657795,18 63 222
1658303,87 150 
1658335,21 68 
1658898,97 249
1659247,54 92 
1659247,54 65 
1659265,81 103 
1659265,81 101 
1659793,76 100 
1659793,76 3
1659793,76 2115
1659793,76 10
1661772,15 25 
1661932,45 75 
1663140,15 72 
1663211,58 70 
1664729,33 80 
1665090,38 83 
1665905,04 64 815
1666109,79 74 180
1666109,79 62 180
1667120,45 150 
1667144,03 68 
1667854,19 92 
1667854,19 65 
1667875,46 103 
1667875,46 101 
1668402,91 100 
1668402,91 3
1668402,91 2115
1668402,91 11
1670381,73 25 
1670555,52 75 
1671764,01 72 
1671834,66 70 
1673350,65 80 
1674712,89 83 
1674901,24 64 189
1675098,1 74 172
1675098,1 62 172
1676606,42 151 
1676635,12 69 
1678179,83 249 
1678221,05 182 
1678644,27 93 
1678657,51 103 
1678657,51 101 
1680693,78 100 
1680693,78 3
1680693,78 2115
1680693,78 11
1682669,79 25 
1682697,54 75 
1683904,79 72 
1683976,04 70 
1685491,22 80 
1685854,76 83 
1686584,55 64 730
1686607,74 256 
1686863,82 74 263
1686863,82 63 263
1687374,9 150 
1687402,67 68 
1687840,4 249
1687914,89 173 
1688313,88 92 
1688313,88 65 
1688333,38 103 
1688333,38 101 
1688862,16 100 
1688862,16 3
1688862,16 2115
1688862,16 10
1690839,68 25 
1690867,05 75 
1692076,22 72 
1692145,89 70 
1693667,83 80 
1695037,49 83 
1695398,86 64 362
1695587,81 74 164
1695587,81 62 164
1697097,04 150 
1697118,58 68 
1698628,82 92 
1698628,82 65 
1698648,92 103 
1698648,92 101 
1699175,92 100 
1699175,92 3
1699175,92 2115
1699175,92 11
1701155,26 25 
1701502,11 75 
1702710,52 72 
1702781,41 70 
1704306,28 80 
1705366,38 83 
1705617,81 64 252
1705870 74 237
1705870 63 237
1706882,1 150 
1706901,26 68 
1707356,53 249
1708474,39 173 
1708914,28 92 
1708914,28 65 
1708937,84 103 
1708937,84 101 
1709469,9 100 
1709469,9 3
1709469,9 2115
1709469,9 11
1711444,12 25 
1711471,32 75 
1712681 72 
1712750,46 70 
1714266,28 80 
1715335,51 83 
1715658,59 64 324
1715889,44 74 208
1715889,44 63 208
1716396,89 152 
1716416,16 69 
1717325,33 93 
1717347,59 103 
1717347,59 101 
1719375,62 100 
1719375,62 3
1719375,62 2115
1719375,62 10
1721359,88 25 
1721387,17 75 
1722593,99 72 
1722666,18 70 
1724187,29 80 
1725557,76 83 
1725897,96 64 340
1726088,42 74 171
1726088,42 62 171
1727099,7 150 
1727119,01 68 
1728632,09 92 
1728632,09 65 
1728649,43 103 
1728649,43 101 
1729176,55 100 
1729176,55 3
1729176,55 2115
1729176,55 10
1731155,65 25 
1731635,81 75 
1732845,22 72 
1732915,02 70 
1734429,52 80 
1734780,71 83 
1735683,25 64 903
1735875,89 74 176
1735875,89 62 176
1737387,75 150 
1737407,82 68 
1738115,86 92 
1738115,86 65 
1738138,65 103 
1738138,65 101 
1738673,97 100 
1738673,97 3
1738673,97 2115
1738673,97 11
1740658,31 25 
1741031,96 75 
1742241,17 72 
1742311,02 70 
1743831,57 80 
1745202,67 83 
1745291,65 64 89
1745784,33 74 476
1745784,33 63 476
1746792,44 150 
1746817,2 68 
1747238,87 249
1747775,72 173 
1748328,8 92 
1748328,8 65 
1748347,6 103 
1748347,6 101 
1748875,98 100 
1748875,98 3
1748875,98 2115
1748875,98 11
1750853,88 25 
1751307,36 75 
1752517,14 72 
1752586,59 70 
1754103,81 80 
1754465,48 83 
1755320,93 64 856
1755609,74 74 265
1755609,74 63 265
1757121,08 150 
1757146,04 68 
1757595,23 249
1757855,05 92 
1757855,05 65 
1757876,86 103 
1757876,86 101 
1758403,26 100 
1758403,26 3
1758403,26 2115
1758403,26 10
1760383,18 25 
1760810,04 75 
1762017,71 72 
1762329,08 70 
1763998,13 80 
1765274,04 83 
1765578,38 64 305
1765758,45 74 165
1765758,45 62 165
1766268,96 150 
1766288,04 68 
1767195,59 92 
1767195,59 65 
1767219,52 103 
1767219,52 101 
1767749,92 100 
1767749,92 3
1767749,92 2115
1767749,92 10
1769725,78 25 
1770192,66 75 
1771400,14 72 
1771473,44 70 
1772986,09 80 
1773350,62 83 
1774465,99 64 1115
1774643,33 74 161
1774643,33 62 161
1776155,92 150 
1776177,97 68 
1778188,99 92 
1778188,99 65 
1778201,58 103 
1778201,58 101 
1778734,71 100 
1778734,71 3
1778734,71 2115
1778734,71 11
1780707,75 25 
1781067,97 75 
1782278,99 72 
1782347,15 70 
1783864,45 80 
1785225,48 83 
1785339,03 64 114
1785683,59 74 325
1785683,59 63 325
1786694,89 150 
1786720,98 68 
1787154,38 249
1787431,42 92 
1787431,42 65 
1787450,84 103 
1787450,84 101 
1787977,43 100 
1787977,43 3
1787977,43 2115
1787977,43 11
1789957,1 25 
1790077,43 75 
1791284,21 72 
1791356,67 70 
1792876,12 80 
1793941,75 83 
1794592,83 64 651
1794824,88 74 217
1794824,88 63 217
1795333,29 150 
1795355,62 68 
1795591,15 249
1795673,52 173 
1797362,39 92 
1797362,39 65 
1797380,17 103 
1797380,17 101 
1797911,1 100 
1797911,1 3
1797911,1 2115
1797911,1 11
1799886,2 25 
1799953,3 75 
1801163,48 72 
1801232,37 70 
1802750,66 80 
1803804,22 83 
1804267,38 64 464
1804495,67 74 212
1804495,67 63 212
1806007,08 150 
1806031,86 68 
1806551,95 249
1806828,57 173 
1807542,42 92 
1807542,42 65 
1807562,22 103 
1807562,22 101 
1808089,61 100 
1808089,61 3
1808089,61 2115
1808089,61 10
1810068,48 25 
1810429,67 75 
1811636,24 72 
1811708,01 70 
1813229,08 80 
1814599,53 83 
1814619,1 64 19
1814844,09 74 205
1814844,09 62 205
1815351,49 150 
1815373,69 68 
1816287,15 92 
1816287,15 65 
1816305,21 103 
1816305,21 101 
1816834,8 100 
1816834,8 3
1816834,8 2115
1816834,8 10
1818811,47 25 
1819224,95 75 
1820433,55 72 
1820504,09 70 
1822021,12 80 
1822382,9 83 
1823206,13 64 824
1823449,02 74 227
1823449,02 62 227
1824457,33 150 
1824477,26 68 
1826489,8 92 
1826489,8 65 
1826514,1 103 
1826514,1 101 
1827047,61 100 
1827047,61 3
1827047,61 2115
1827047,61 10
1829033,67 25 
1829647,21 75 
1830857,2 72 
1830926,36 70 
1832448,26 80 
1833511,49 83 
1834100,66 64 590
1834285,16 74 162
1834285,16 62 162
1835295,69 150 
1835325,95 68 
1836235,87 92 
1836235,87 65 
1836256,56 103 
1836256,56 101 
1836783,83 100 
1836783,83 3
1836783,83 2115
1836783,83 10
1838762,89 25 
1839283,07 75 
1840492,79 72 
1840562,18 70 
1842075,93 80 
1843440,61 83 
1843776,08 64 336
1843979,8 74 180
1843979,8 62 180
1845487,54 150 
1845508,22 68 
1846218,76 92 
1846218,76 65 
1846239 103 
1846239 101 
1846765,44 100 
1846765,44 3
1846765,44 2115
1846765,44 11
1848745,24 25 
1849172,1 75 
1850380,21 72 
1850451,29 70 
1851970,63 80 
1852343,37 83 
1853136,47 64 794
1853368,06 74 212
1853368,06 63 212
1853876,65 150 
1853904,55 68 
1854320,42 249
1855418,46 92 
1855418,46 65 
1855434,98 103 
1855434,98 101 
1855966,52 100 
1855966,52 3
1855966,52 2115
1855966,52 10
1857954,59 25 
1858154,89 75 
1859362,43 72 
1859434,08 70 
1860955,55 80 
1862032,59 83 
1862457,25 64 425
1862693,08 74 222
1862693,08 63 222
1864203,29 153 
1864232,74 68 
1864675,34 249
1864862,74 173 
1866242,82 92 
1866242,82 65 
1866257,04 103 
1866257,04 101 
1866784,55 100 
1866784,55 3
1866784,55 2115
1866784,55 11
1868763,42 25 
1868977 75 
1870184,79 72 
1870456,02 70 
1872125,43 80 
1873707,48 83 
1874037,18 64 330
1874264,52 74 211
1874264,52 63 211
1874772,35 150 
1874802,31 68 
1875511,4 92 
1875511,4 65 
1875533,04 103 
1875533,04 101 
1876062,29 100 
1876062,29 3
1876062,29 2115
1876062,29 10
1878039,31 25 
1878279,89 75 
1879486,12 72 
1879558,88 70 
1881083,79 80 
1881437,74 83 
1882353,85 64 916
1882546,11 74 176
1882546,11 62 176
1883558,22 150 
1883585,14 68 
1884495,23 92 
1884495,23 65 
1884515,86 103 
1884515,86 101 
1885048,21 100 
1885048,21 3
1885048,21 2115
1885048,21 11
1887022,17 25 
1887529 75 
1888737,81 72 
1888808,25 70 
1890341,77 80 
1891406,57 83 
1891821,44 64 415
1892046,11 74 201
1892046,11 63 201
1892557,15 150 
1892581,31 68 
1894092,15 92 
1894092,15 65 
1894111,75 103 
1894111,75 101 
1894640,17 100 
1894640,17 3
1894640,17 2115
1894640,17 10
1896618,01 25 
1896951,62 75 
1898160,32 72 
1898230,77 70 
1899749,01 80 
1900109,54 83 
1901322,22 64 1213
1901511,3 74 176
1901511,3 62 176
1902520,58 150 
1902550,38 68 
1904060,79 92 
1904060,79 65 
1904080,87 103 
1904080,87 101 
1904607,86 100 
1904607,86 3
1904607,86 2115
1904607,86 10
1906587,2 25 
1908147,04 75 
1909355,45 72 
1909425,96 70 
1910948,04 80 
1912317,67 83 
1912661,41 64 344
1912855,93 74 179
1912855,93 62 179
1914363,9 150 
1914385,39 68 
1915095,08 92 
1915095,08 65 
1915116,06 103 
1915116,06 101 
1915648,69 100 
1915648,69 3
1915648,69 2115
1915648,69 11
1917622,47 25 
1918302,44 75 
1919512,52 72 
1919581,65 70 
1921104,34 80 
1922473,25 83 
1922835,05 64 362
1923069,48 74 210
1923069,48 63 210
1924078,52 150 
1924101,13 68 
1924506,44 249
1926109,76 92 
1926109,76 65 
1926124,69 103 
1926124,69 101 
1926650,83 100 
1926650,83 3
1926650,83 2115
1926650,83 11
1928630,95 25 
1928991,34 75 
1930201,79 72 
1930270,36 70 
1931791,95 80 
1932162,48 83 
1933272,06 64 1110
1933524,98 74 230
1933524,98 63 230
1935036,15 150 
1935056,63 68 
1935966,52 92 
1935966,52 65 
1935988,14 103 
1935988,14 101 
1936516,3 100 
1936516,3 3
1936516,3 2115
1936516,3 10
1938493,39 25 
1938733,64 75 
1939944,36 72 
1940012,87 70 
1941529,87 80 
1942584,66 83 
1943013,85 64 429
1943201,79 74 164
1943201,79 62 164
1943709,12 150 
1943732,66 68 
1944444,95 92 
1944444,95 65 
1944463,63 103 
1944463,63 101 
1944992,86 100 
1944992,86 3
1944992,86 2115
1944992,86 11
1946969,8 25 
1947329,94 75 
1948537,55 72 
1948609,13 70 
1950127,49 80 
1950503,06 83 
1951398,24 64 898
1951628,86 74 208
1951628,86 63 208
1953136,33 150 
1953155,33 68 
1955164,16 92 
1955164,16 65 
1955178,89 103 
1955178,89 101 
1955705,23 100 
1955705,23 3
1955705,23 2115
1955705,23 10
1957685,2 25 
1958205,34 75 
1959416,62 72 
1959484,48 70 
1961004,53 80 
1962376,12 83 
1962576,63 64 201
1962775,48 74 186
1962775,48 62 186
1963785,61 150 
1963804,13 68 
1965313,45 92 
1965313,45 65 
1965334,55 103 
1965334,55 101 
1965862,52 100 
1965862,52 3
1965862,52 2115
1965862,52 11
1967840,85 25 
1968547,58 75 
1969755,03 72 
1969826,82 70 
1971341,08 80 
1972398,49 83 
1972832,48 64 435
1973069,65 74 218
1973069,65 63 218
1973577,33 152 
1973599,86 69 
1974515,89 93 
1974530,58 103 
1974530,58 101 
1976568,53 100 
1976568,53 3
1976568,53 2115
1976568,53 10
1978542,86 25 
1978570,25 75 
1979778,2 72 
1979849,06 70 
1981373,47 80 
1981741,2 83 
1982653,7 64 913
1982840,6 74 167
1982840,6 62 167
1983348,68 150 
1983369,05 68 
1985379,69 92 
1985379,69 65 
1985405,94 103 
1985405,94 101 
1985935,13 100 
1985935,13 3
1985935,13 2115
1985935,13 10
1987912,18 25 
1988433,42 75 
1989641,73 72 
1989711,58 70 
1991228,71 80 
1992283,3 83 
1992609,44 64 327
1992781,31 74 152
1992781,31 62 152
1993790,06 150 
1993817,85 68 
1994727,84 92 
1994727,84 65 
1994748,55 103 
1994748,55 101 
1995275,57 100 
1995275,57 3
1995275,57 2115
1995275,57 10
1997254,88 25 
1997668,35 75 
1998878,04 72 
1998947,54 70 
2000464,65 80 
2001825,94 83 
2002091,47 64 266
2002271,48 74 166
2002271,48 62 166
2003783,27 150 
2003813,76 68 
2004524,96 92 
2004524,96 65 
2004544,38 103 
2004544,38 101 
2005074,43 100 
2005074,43 3
2005074,43 2115
2005074,43 11
2007050,66 25 
2007397,59 75 
2008606,69 72 
2008676,72 70 
2010196,13 80 
2011275,15 83 
2011999,03 64 724
2012243,28 74 223
2012243,28 63 223
2013252,22 150 
2013276,27 68 
2013708,02 249
2014228,27 173 
2014785,4 92 
2014785,4 65 
2014806,64 103 
2014806,64 101 
2015333,24 100 
2015333,24 3
2015333,24 2115
2015333,24 11
2017312,95 25 
2024283,76 75 
2025491,45 72 
2025562,89 70 
2027088,28 80 
2027454,92 83 
2028492,55 64 1038
2028723,46 74 216
2028723,46 63 216
2029232,23 150 
2029256,33 68 
2029810,68 249
2030163,68 92 
2030163,68 65 
2030186,68 103 
2030186,68 101 
2030713,46 100 
2030713,46 3
2030713,46 2115
2030713,46 11
2032692,97 25 
2033347,31 75 
2034557,87 72 
2034625,58 70 
2036147,5 80 
2037517,37 83 
2037836,86 64 320
2038083,12 74 234
2038083,12 63 234
2039592,69 150 
2039610,85 68 
2039994,56 249
2040068,4 173 
2040320,13 92 
2040320,13 65 
2040342,36 103 
2040342,36 101 
2040876,15 100 
2040876,15 3
2040876,15 2115
2040876,15 11
2042861,95 25 
2043102,23 75 
2044310,72 72 
2044381,38 70 
2045898,96 80 
2046273,64 83 
2047414,16 64 1142
2047637,57 74 205
2047637,57 63 205
2048145,42 150 
2048168,12 68 
2048665,94 249
2050179,74 92 
2050179,74 65 
2050204,86 103 
2050204,86 101 
2050732,53 100 
2050732,53 3
2050732,53 2115
2050732,53 10
2052711,11 25 
2052832,36 75 
2054040,96 72 
2054110,55 70 
2055628,91 80 
2056988,88 83 
2057261,09 64 272
2057469,92 74 188
2057469,92 62 188
2058979,3 150 
2059002,55 68 
2060511,67 92 
2060511,67 65 
2060533,69 103 
2060533,69 101 
2061060,26 100 
2061060,26 3
2061060,26 2115
2061060,26 10
2063039,98 25 
2063613,78 75 
2064821,19 72 
2064892,62 70 
2066406,34 80 
2067464,46 83 
2067783 64 319
2067970,04 74 172
2067970,04 62 172
2068981,6 150 
2069012,24 68 
2071023,51 92 
2071023,51 65 
2071049,18 103 
2071049,18 101 
2071578,66 100 
2071578,66 3
2071578,66 2115
2071578,66 11
2073555,53 25 
2073875,87 75 
2075083,65 72 
2075154,86 70 
2076670,65 80 
2078393,01 83 
2078659,13 64 267
2078950,96 74 278
2078950,96 63 278
2079962,77 152 
2079980,96 69 
2080888,48 93 
2080911,62 103 
2080911,62 101 
2082938,93 100 
2082938,93 5
2082938,93 2115
2082938,93 11
2082938,93 78 
2082938,93 198 
2084923,93 25 
2084951,33 75 
2086159,98 72 
2086430,05 70 
2088083,76 80 
2088655,39 83 
2089614,43 64 960
2089801,84 74 174
2089801,84 62 174
2091313,78 150 
2091336,04 68 
2092044,25 92 
2092044,25 65 
2092066,86 103 
2092066,86 101 
2092594,24 100 
2092594,24 5
2092594,24 2115
2092594,24 10
2094573,12 25 
2095146,55 75 
2096352,29 72 
2096425,78 70 
2097938,2 80 
2098997,5 83 
2099434,05 64 436
2099679,27 74 229
2099679,27 63 229
2100188,98 150 
2100212,19 68 
2101722,58 92 
2101722,58 65 
2101742,68 103 
2101742,68 101 
2102275,13 100 
2102275,13 5
2102275,13 2115
2102275,13 10
2104249 25 
2104462,62 75 
2105671,52 72 
2105741,76 70 
2107256,47 80 
2108620,06 83 
2108652,32 64 33
2108847,28 74 175
2108847,28 62 175
2109857,53 153 
2109888,05 68 
2111398,91 92 
2111398,91 65 
2111418,5 103 
2111418,5 101 
2111945,14 100 
2111945,14 5
2111945,14 2115
2111945,14 11
2113924,83 25 
2114431,71 75 
2115640,24 72 
2115710,88 70 
2117229,65 80 
2118282,59 83 
2118715,29 64 433
2118976,56 74 241
2118976,56 63 241
2120489,68 151 
2120510,15 69 
2121550,8 249 
2121596,1 256 
2129000,17 183 
2131000,75 93 
2131010,32 103 
2131010,32 101 
2133039,38 100 
2133039,38 5
2133039,38 2115
2133039,38 10
2135022,49 25 
2135050,41 75 
2136257,48 72 
2136328,63 70 
2137842,72 80 
2138207,4 83 
2138847,5 64 641
2139035,22 74 176
2139035,22 62 176
2139544,39 151 
2139569,19 69 
2140281,3 93 
2140299,45 103 
2140299,45 101 
2142332,8 100 
2142332,8 5
2142332,8 2115
2142332,8 11
2144311,83 25 
2144339,15 75 
2145545,48 72 
2145617,96 70 
2147134,62 80 
2148496,29 83 
2149027,81 64 532
2149305,45 74 263
2149305,45 63 263
2149815,64 151 
2149844,22 69 
2150757,81 93 
2150774,95 103 
2150774,95 101 
2152804,52 100 
2152804,52 5
2152804,52 2115
2152804,52 10
2154787,33 25 
2154814,8 75 
2156022,86 72 
2156093,57 70 
2157608,17 80 
2157958,88 83 
2158964,48 64 1006
2159148,67 74 164
2159148,67 62 164
2160159,28 151 
2160186,51 69 
2161696,18 93 
2161716,94 103 
2161716,94 101 
2163743,4 100 
2163743,4 5
2163743,4 2115
2163743,4 11
2165729,25 25 
2165756,64 75 
2166963,65 72 
2167035,43 70 
2168558,45 80 
2169620,66 83 
2173003,1 64 3382
2173211,65 74 193
2173211,65 62 193
2174720,17 150 
2174740,31 68 
2175452,69 92 
2175452,69 65 
2175471,05 103 
2175471,05 101 
2176007,07 100 
2176007,07 5
2176007,07 2115
2176007,07 11
2177990,64 25 
2178470,8 75 
2179680,74 72 
2179750 70 
2181264,31 80 
2182335,25 83 
2182744,69 64 410
2183020,57 74 259
2183020,57 63 259
2184530,73 151 
2184549,57 69 
2185459,04 93 
2185480,05 103 
2185480,05 101 
2187506,6 100 
2187506,6 5
2187506,6 2115
2187506,6 10
2189492,52 25 
2189519,79 75 
2190729,04 72 
2191038,5 70 
2192646,48 80 
2194010,18 83 
2197366,38 64 3357
2197554,7 74 173
2197554,7 62 173
2198564,91 151 
2198583,41 69 
2199729,06 249 
2200596,23 93 
2200606,91 103 
2200606,91 101 
2202637,38 100 
2202637,38 5
2202637,38 2115
2202637,38 11
2204619,26 25 
2204646,67 75 
2205855,69 72 
2205925,43 70 
2207450,03 80 
2207817,49 83 
2405119,57 64 197302
2405322,72 74 177
2405322,72 62 177
2405833,44 150 
2405854,38 68 
2406437,29 249
2407362,9 92 
2407362,9 65 
2407384,91 103 
2407384,91 101 
2407918,49 100 
2407918,49 5
2407918,49 2115
2407918,49 10
2409904,54 25 
2409971,49 75 
2411180,85 72 
2411250,66 70 
2412770,05 80 
2413129,56 83 
2414073,8 64 945
2414307,09 74 218
2414307,09 63 218
2415314,81 150 
2415342,94 68 
2417353,82 92 
2417353,82 65 
2417367,3 103 
2417367,3 101 
2417896,12 100 
2417896,12 5
2417896,12 2115
2417896,12 10
2419873,65 25 
2419927,36 75 
2421136,91 72 
2421206,42 70 
2422725,86 80 
2424084,78 83 
2424671,36 64 587
2424913,13 74 230
2424913,13 63 230
2426422,88 150 
2426445,72 68 
2427358,12 92 
2427358,12 65 
2427376,32 103 
2427376,32 101 
2427902,78 100 
2427902,78 5
2427902,78 2115
2427902,78 10
2429882,59 25 
2430123 75 
2431331,26 72 
2431403,55 70 
2432924,54 80 
2433987,22 83 
2434741,87 64 755
2434974,18 74 215
2434974,18 63 215
2435483,23 150 
2435508,4 68 
2436217,65 92 
2436217,65 65 
2436239,2 103 
2436239,2 101 
2436773,07 100 
2436773,07 5
2436773,07 2115
2436773,07 10
2438758,84 25 
2439012,38 75 
2440221,8 72 
2440291,6 70 
2441808,71 80 
2442170,31 83 
2443446,9 64 1277
2443707,06 74 244
2443707,06 63 244
2444714,72 150 
2444744,51 68 
2446757,45 92 
2446757,45 65 
2446781,31 103 
2446781,31 101 
2447310,3 100 
2447310,3 5
2447310,3 2115
2447310,3 11
2449287,66 25 
2449647,8 75 
2450855,87 72 
2450927,04 70 
2452443,92 80 
2453498,79 83 
2454038,96 64 540
2454227,12 74 169
2454227,12 62 169
2455734,42 150 
2455753,27 68 
2456461,82 92 
2456461,82 65 
2456483,81 103 
2456483,81 101 
2457010,77 100 
2457010,77 5
2457010,77 2115
2457010,77 11
2458990,11 25 
2459163,9 75 
2460372,18 72 
2460442,94 70 
2461967,03 80 
2463334,58 83 
2463674 64 339
2463848,16 74 155
2463848,16 62 155
2464357,52 150 
2464376,18 68 
2465885,55 92 
2465885,55 65 
2465906,47 103 
2465906,47 101 
2466437,69 100 
2466437,69 5
2466437,69 2115
2466437,69 11
2468412,76 25 
2468732,95 75 
2469941,41 72 
2470012,15 70 
2471544,97 80 
2472903,79 83 
2473272,19 64 369
2473463,96 74 174
2473463,96 62 174
2474974,08 150 
2474998,19 68 
2475909,84 92 
2475909,84 65 
2475928,8 103 
2475928,8 101 
2476456,17 100 
2476456,17 5
2476456,17 2115
2476456,17 10
2478435,1 25 
2479008,55 75 
2480217,27 72 
2480287,73 70 
2481800,6 80 
2482859,54 83 
2483696,89 64 837
2483862,31 74 151
2483862,31 62 151
2484872,06 153 
2484900,54 68 
2485611,22 92 
2485611,22 65 
2485631,32 103 
2485631,32 101 
2486157,74 100 
2486157,74 5
2486157,74 2115
2486157,74 11
2488137,6 25 
2488791,02 75 
2490000,81 72 
2490070,26 70 
2491588,37 80 
2491948,99 83 
2492626,89 64 678
2492843,04 74 201
2492843,04 62 201
2493352,77 150 
2493376,93 68 
2494288,29 92 
2494288,29 65 
2494307,61 103 
2494307,61 101 
2494844,84 100 
2494844,84 5
2494844,84 2115
2494844,84 11
2496827,21 25 
2498133,71 75 
2499341,69 72 
2499412,9 70 
2500934,83 80 
2502304,59 83 
2502553,37 64 249
2502757,79 74 187
2502757,79 62 187
2504268,93 150 
2504292,36 68 
2506304,42 92 
2506304,42 65 
2506329,1 103 
2506329,1 101 
2506857,11 100 
2506857,11 5
2506857,11 2115
2506857,11 11
2508835,42 25 
2509195,65 75 
2510403,56 72 
2510728,04 70 
2512336,22 80 
2513393,07 83 
2513974,85 64 582
2514176,8 74 184
2514176,8 62 184
2514686,17 150 
2514714,42 68 
2516224,95 92 
2516224,95 65 
2516244,85 103 
2516244,85 101 
2516772,83 100 
2516772,83 5
2516772,83 2115
2516772,83 10
2518751,21 25 
2519671,2 75 
2520878,42 72 
2520950,43 70 
2522467,65 80 
2522829,08 83 
2523711,57 64 883
2523995,28 74 261
2523995,28 63 261
2525004,69 150 
2525029,94 68 
2525447,02 249
2525515,49 173 
2525737,98 92 
2525737,98 65 
2525760,92 103 
2525760,92 101 
2526292,78 100 
2526292,78 5
2526292,78 2115
2526292,78 11
2528267,06 25 
2528347,49 75 
2529554,35 72 
2529626,55 70 
2531142,69 80 
2531492,11 83 
2532253,1 64 761
2532476,88 74 199
2532476,88 62 199
2533985,74 150 
2534013,02 68 
2534923,11 92 
2534923,11 65 
2534943,49 103 
2534943,49 101 
2535470,39 100 
2535470,39 5
2535470,39 2115
2535470,39 10
2537449,77 25 
2537903,3 75 
2539111,27 72 
2539182,55 70 
2540697,6 80 
2541767,57 83 
2542307,71 64 540
2542577,99 74 251
2542577,99 63 251
2543086,66 150 
2543115,62 68 
2545125,02 92 
2545125,02 65 
2545139,14 103 
2545139,14 101 
2545667,51 100 
2545667,51 5
2545667,51 2115
2545667,51 10
2547645,46 25 
2547819,09 75 
2549028,03 72 
2549098,25 70 
2550616,54 80 
2551989,88 83 
2552250,07 64 260
2552484,72 74 215
2552484,72 63 215
2553495,14 150 
2553524,58 68 
2554002,25 249
2554055,37 173 
2555035,75 92 
2555035,75 65 
2555054,93 103 
2555054,93 101 
2555589,82 100 
2555589,82 5
2555589,82 2115
2555589,82 11
2557574,49 25 
2557601,67 75 
2558808,35 72 
2558880,74 70 
2560394,06 80 
2561758,99 83 
2562143,79 64 385
2562335,51 74 177
2562335,51 62 177
2562846,12 150 
2562867,08 68 
2563775,32 92 
2563775,32 65 
2563797,81 103 
2563797,81 101 
2564326,37 100 
2564326,37 5
2564326,37 2115
2564326,37 10
2566304,09 25 
2566890,9 75 
2568098,8 72 
2568170,07 70 
2569697,18 80 
2570062,19 83 
2570997,15 64 936
2571238,44 74 217
2571238,44 63 217
2572247,1 150 
2572276,35 68 
2572988,38 92 
2572988,38 65 
2573007,15 103 
2573007,15 101 
2573533,54 100 
2573533,54 5
2573533,54 2115
2573533,54 10
2575513,46 25 
2575886,98 75 
2577096,79 72 
2577166,15 70 
2578684,87 80 
2579737,99 83 
2580068,62 64 331
2580349,17 74 266
2580349,17 63 266
2581860,56 150 
2581885,6 68 
2583394,29 92 
2583394,29 65 
2583416,11 103 
2583416,11 101 
2583948,44 100 
2583948,44 5
2583948,44 2115
2583948,44 11
2585922,36 25 
2586215,93 75 
2587425,5 72 
2587495,08 70 
2589013,25 80 
2589360,54 83 
2590145,23 64 786
2590342,9 74 183
2590342,9 62 183
2590852,59 152 
2590881,07 69 
2592156,07 249 
2592497,66 182 
2592889,48 93 
2592905,3 103 
2592905,3 101 
2594938,46 100 
2594938,46 5
2594938,46 2115
2594938,46 11
2596917,66 25 
2596944,77 75 
2598151,47 72 
2598223,78 70 
2599750,1 80 
2600808,95 83 
2601202,79 64 394
2601394,63 74 173
2601394,63 62 173
2602404,44 150 
2602423,51 68 
2604431,59 92 
2604431,59 65 
2604447,03 103 
2604447,03 101 
2604973,48 100 
2604973,48 5
2604973,48 2115
2604973,48 11
2606953,3 25 
2607594,33 75 
2608801,9 72 
2608872,6 70 
2610389,96 80 
2611777,56 83 
2612072,6 64 295
2612274,34 74 178
2612274,34 62 178
2613783,14 150 
2613805,28 68 
2615314,98 92 
2615314,98 65 
2615335,66 103 
2615335,66 101 
2615865,7 100 
2615865,7 5
2615865,7 2115
2615865,7 10
2617842 25 
2618148,87 75 
2619357,51 72 
2619428,08 70 
2620957,15 80 
2621320,16 83 
2622232,65 64 913
2622467,8 74 215
2622467,8 63 215
2623978,64 150 
2624000,94 68 
2624432,07 249
2624687,76 173 
2624910,62 92 
2624910,62 65 
2624931,59 103 
2624931,59 101 
2625457,91 100 
2625457,91 5
2625457,91 2115
2625457,91 10
2627437,83 25 
2627838,21 75 
2629047,07 72 
2629117,24 70 
2630632,29 80 
2631702,35 83 
2632094,41 64 393
2632358,43 74 244
2632358,43 63 244
2632872,08 150 
2632903,78 68 
2632956,22 249
2633338,37 173 
2633615,71 92 
2633615,71 65 
2633634,51 103 
2633634,51 101 
2634161,87 100 
2634161,87 5
2634161,87 2115
2634161,87 10
2636140,84 25 
2636540,97 75 
2637751,22 72 
2637820,15 70 
2639338,15 80 
2640698,52 83 
2640993,68 64 296
2641221,86 74 204
2641221,86 63 204
2642232,57 150 
2642258,98 68 
2642970,05 92 
2642970,05 65 
2642990,51 103 
2642990,51 101 
2643524,85 100 
2643524,85 5
2643524,85 2115
2643524,85 10
2645510,11 25 
2646070,27 75 
2647278,05 72 
2647349,39 70 
2648868,05 80 
2649921,17 83 
2650424,69 64 504
2650650,03 74 209
2650650,03 63 209
2652159,56 150 
2652188,83 68 
2652631,15 249
2652781,89 173 
2654198,44 92 
2654198,44 65 
2654212,33 103 
2654212,33 101 
2654738,8 100 
2654738,8 5
2654738,8 2115
2654738,8 10
2656718,6 25 
2656825,61 75 
2658034,95 72 
2658106,42 70 
2659622,39 80 
2659970,27 83 
2661140,36 64 1171
2661372,91 74 217
2661372,91 63 217
2662380,94 150 
2662411,07 68 
2662910,17 249
2663320,81 92 
2663320,81 65 
2663341,76 103 
2663341,76 101 
2663868,24 100 
2663868,24 5
2663868,24 2115
2663868,24 11
2665848,03 25 
2666221,65 75 
2667428,63 72 
2667500,75 70 
2669015,26 80 
2670379,15 83 
2670529,1 64 150
2670736,11 74 185
2670736,11 62 185
2671244,21 150 
2671273,22 68 
2672782,52 92 
2672782,52 65 
2672804,33 103 
2672804,33 101 
2673337,68 100 
2673337,68 5
2673337,68 2115
2673337,68 11
2675323,98 25 
2675870,76 75 
2677079,5 72 
2677149,95 70 
2678668,54 80 
2679015,39 83 
2679860,14 64 845
2680086,27 74 205
2680086,27 62 205
2681098,94 150 
2681123,01 68 
2682632,67 92 
2682632,67 65 
2682653,55 103 
2682653,55 101 
2683179,97 100 
2683179,97 5
2683179,97 2115
2683179,97 11
2685159,73 25 
2685533,3 75 
2686739,53 72 
2686812,49 70 
2688326,62 80 
2689384,28 83 
2689846,23 64 463
2690026,79 74 163
2690026,79 62 163
2691537,21 152 
2691558,57 69 
2692266,67 93 
2692289,4 103 
2692289,4 101 
2694317,78 100 
2694317,78 5
2694317,78 2115
2694317,78 10
2696301,68 25 
2696329,29 75 
2697538,02 72 
2697607,9 70 
2699135,94 80 
2700499,48 83 
2700912,49 64 414
2701143,58 74 218
2701143,58 63 218
2701653,94 150 
2701674,25 68 
2703686,44 92 
2703686,44 65 
2703711,12 103 
2703711,12 101 
2704239,91 100 
2704239,91 5
2704239,91 2115
2704239,91 10
2706217,43 25 
2706244,62 75 
2707451,26 72 
2707523,64 70 
2709037,54 80 
2710108,74 83 
2710621,19 64 513
2710795,87 74 154
2710795,87 62 154
2711805,74 151 
2711829,58 69 
2712740,7 93 
2712760,54 103 
2712760,54 101 
2714787,74 100 
2714787,74 5
2714787,74 2115
2714787,74 11
2716772,88 25 
2716800,61 75 
2718010,79 72 
2718318,96 70 
2719925,85 80 
2720291,04 83 
2721039,44 64 749
2721236,79 74 173
2721236,79 62 173
2721748,51 150 
2721772,3 68 
2722482,95 92 
2722482,95 65 
2722503,02 103 
2722503,02 101 
2723032,2 100 
2723032,2 5
2723032,2 2115
2723032,2 11
2725009,32 25 
2725502,91 75 
2726712,56 72 
2726781,99 70 
2728306,03 80 
2729673,71 83 
2730111,84 64 438
2730314,62 74 188
2730314,62 62 188
2731824,94 150 
2731847,93 68 
2733855,73 92 
2733855,73 65 
2733871,51 103 
2733871,51 101 
2734402,95 100 
2734402,95 5
2734402,95 2115
2734402,95 10
2736377,8 25 
2736818,05 75 
2738025,11 72 
2738097,19 70 
2739611,74 80 
2740668,95 83 
2741095,38 64 427
2741343,77 74 235
2741343,77 63 235
2741854,01 150 
2741883,58 68 
2742365,61 249
2743391,88 92 
2743391,88 65 
2743414,08 103 
2743414,08 101 
2743942,22 100 
2743942,22 5
2743942,22 2115
2743942,22 11
2745920,37 25 
2746133,97 75 
2747342,44 72 
2747413,19 70 
2748927,45 80 
2749292,1 83 
2750024,4 64 733
2750228,75 74 191
2750228,75 62 191
2751241,21 150 
2751265,53 68 
2752174,55 92 
2752174,55 65 
2752196,96 103 
2752196,96 101 
2752723,46 100 
2752723,46 5
2752723,46 2115
2752723,46 11
2754703,27 25 
2755076,79 75 
2756285,25 72 
2756356,02 70 
2757877,92 80 
2759247,63 83 
2759512,31 64 265
2759697,28 74 171
2759697,28 62 171
2761209,29 150 
2761235,32 68 
2761945,2 92 
2761945,2 65 
2761966,1 103 
2761966,1 101 
2762495,44 100 
2762495,44 5
2762495,44 2115
2762495,44 10
2764472,41 25 
2765019,27 75 
2766226,27 72 
2766298,37 70 
2767814,7 80 
2768177,14 83 
2768903,19 64 727
2769145,84 74 223
2769145,84 63 223
2769653,22 150 
2769671,67 68 
2770579,66 92 
2770579,66 65 
2770602,42 103 
2770602,42 101 
2771129,01 100 
2771129,01 5
2771129,01 2115
2771129,01 10
2773108,73 25 
2773642,22 75 
2774850,69 72 
2774921,39 70 
2776443,25 80 
2777813,09 83 
2778125,39 64 313
2778375,98 74 230
2778375,98 63 230
2779883,88 152 
2779907,3 69 
2781415,61 93 
2781437,8 103 
2781437,8 101 
2783464,24 100 
2783464,24 5
2783464,24 2115
2783464,24 11
2785450,11 25 
2785477,55 75 
2786685,62 72 
2786756,26 70 
2788274,82 80 
2789328,22 83 
2789780,98 64 453
2789946,32 74 152
2789946,32 62 152
2790956,62 150 
2790982,53 68 
2792993,28 92 
2792993,28 65 
2793006,12 103 
2793006,12 101 
2793548,87 100 
2793548,87 5
2793548,87 2115
2793548,87 11
2795525,72 25 
2795939,27 75 
2797147,81 72 
2797218,42 70 
2798731,08 80 
2800096,76 83 
2800449,55 64 353
2800687,67 74 218
2800687,67 63 218
2801695,23 151 
2801724,58 69 
2802436,37 93 
2802455,46 103 
2802455,46 101 
2804483,29 100 
2804483,29 5
2804483,29 2115
2804483,29 10
2806467,7 25 
2806494,98 75 
2807703,05 72 
2807773,9 70 
2809294,36 80 
2809666,04 83 
2810600,79 64 935
2810822,08 74 196
2810822,08 63 196
2812331,34 152 
2812359,36 69 
2813599,88 249 
2813716,86 256 
2816116,55 182 
2821926,39 93 
2821940,5 103 
2821940,5 101 
2823967,49 100 
2823967,49 5
2823967,49 2115
2823967,49 10
2825952,7 25 
2825979,92 75 
2827187,95 72 
2827445,53 70 
2829114,95 80 
2830390,55 83 
2830608,88 64 219
2830799,04 74 169
2830799,04 62 169
2831306,88 151 
2831325,81 69 
2832235,39 93 
2832255,96 103 
2832255,96 101 
2834285,64 100 
2834285,64 5
2834285,64 2115
2834285,64 10
2836268,27 25 
2836295,97 75 
2837502,2 72 
2837574,46 70 
2839092,64 80 
2840146,25 83 
2841023,92 64 878
2841208,28 74 170
2841208,28 62 170
2841719,29 151 
2841747,59 69 
2843255,88 93 
2843277,92 103 
2843277,92 101 
2845307,24 100 
2845307,24 5
2845307,24 2115
2845307,24 11
2847290,24 25 
2847318,16 75 
2848526,28 72 
2848596,49 70 
2850117,35 80 
2851475,63 83 
2851562,6 64 88
2851742,89 74 162
2851742,89 62 162
2852751,72 150 
2852769,36 68 
2854779,13 92 
2854779,13 65 
2854792,99 103 
2854792,99 101 
2855322,91 100 
2855322,91 5
2855322,91 2115
2855322,91 10
2857299,22 25 
2857606,23 75 
2858813,86 72 
2858885,45 70 
2860405,33 80 
2860764,15 83 
2861606,25 64 843
2861794,98 74 165
2861794,98 62 165
2863303,19 151 
2863324,83 69 
2864034,06 93 
2864055,68 103 
2864055,68 101 
2866087,55 100 
2866087,55 5
2866087,55 2115
2866087,55 10
2868067,93 25 
2868095,72 75 
2869302,77 72 
2869374,14 70 
2870888,72 80 
2871945,98 83 
2872167,42 64 222
2872355,76 74 170
2872355,76 62 170
2873866,14 151 
2873893,73 69 
2875403,52 93 
2875424,1 103 
2875424,1 101 
2877451,27 100 
2877451,27 5
2877451,27 2115
2877451,27 11
2879436,43 25 
2879463,7 75 
2880672,23 72 
2880742,68 70 
2882260,91 80 
2882621,37 83 
2883619,34 64 999
2883879,96 74 246
2883879,96 63 246
2884891,21 151 
2884915,71 69 
2885050,95 249 
2885810,98 183 
2885825,02 93 
2885846,32 103 
2885846,32 101 
2887872,52 100 
2887872,52 5
2887872,52 2115
2887872,52 11
2889859,45 25 
2889885,97 75 
2891093,26 72 
2891164,82 70 
2892679,42 80 
2894043,15 83 
2894398,31 64 356
2894589,98 74 174
2894589,98 61 174
2895099,3 151 
2895124,76 69 
2895470,92 249 
2895834,89 93 
2895855,34 103 
2895855,34 101 
2897887 100 
2897887 5
2897887 2115
2897887 11
2899867,65 25 
2899895,06 75 
2901101,8 72 
2901173,85 70 
2902698,75 80 
2904065,49 83 
2904429,51 64 365
2904609,03 74 157
2904609,03 62 157
2906118,77 150 
2906146,45 68 
2907055,99 92 
2907055,99 65 
2907077,19 103 
2907077,19 101 
2907606,45 100 
2907606,45 5
2907606,45 2115
2907606,45 11
2909583,48 25 
2909996,99 75 
2911203,68 72 
2911276,23 70 
2912797,05 80 
2913168,28 83 
2914162,77 64 995
2914382,13 74 202
2914382,13 62 202
2914892,9 150 
2914916,12 68 
2916925,67 92 
2916925,67 65 
2916939,7 103 
2916939,7 101 
2917467,5 100 
2917467,5 5
2917467,5 2115
2917467,5 10
2919445,91 25 
2919672,98 75 
2920879,59 72 
2920952,02 70 
2922462,77 80 
2923537,13 83 
2924179,07 64 642
2924448,35 74 245
2924448,35 61 245
2925461,11 151 
2925484,18 69 
2926994,75 93 
2927015,33 103 
2927015,33 101 
2929051,27 100 
2929051,27 5
2929051,27 2115
2929051,27 10
2931027,67 25 
2931055,66 75 
2932262,62 72 
2932573,88 70 
2934202,98 80 
2935265,47 83 
2935715,71 64 451
2935887,96 74 156
2935887,96 62 156
2937399,85 151 
2937425,63 69 
2938533,22 249 
2938590,6 182 
2938935,69 93 
2938956,89 103 
2938956,89 101 
2940983,53 100 
2940983,53 5
2940983,53 2115
2940983,53 11
2942969,2 25 
2944235,68 75 
2945441,4 72 
2945514,85 70 
2947037,95 80 
2947406,91 83 
2947955,5 64 549
2948163,68 74 184
2948163,68 62 184
2948671,79 150 
2948701,61 68 
2949413,8 92 
2949413,8 65 
2949432,35 103 
2949432,35 101 
2949959,77 100 
2949959,77 5
2949959,77 2115
2949959,77 11
2951938,64 25 
2952485,48 75 
2953693,26 72 
2953764,62 70 
2955285,18 80 
2956656,25 83 
2956662,65 64 7
2956877,46 74 195
2956877,46 62 195
2957886,24 150 
2957910,91 68 
2959918,18 92 
2959918,18 65 
2959934,63 103 
2959934,63 101 
2960467,61 100 
2960467,61 5
2960467,61 2115
2960467,61 10
2962440,99 25 
2962854,36 75 
2964063,4 72 
2964133,54 70 
2965657,2 80 
2967025,23 83 
2967453,66 64 429
2967692,03 74 214
2967692,03 63 214
2968200,33 152 
2968226,58 69 
2968634,69 249 
2969134,68 93 
2969157,23 103 
2969157,23 101 
2971188,14 100 
2971188,14 5
2971188,14 2115
2971188,14 11
2973169,52 25 
2973197,02 75 
2974404,22 72 
2974475,84 70 
2975990,06 80 
2977047,61 83 
2977497,49 64 450
2977677,68 74 164
2977677,68 62 164
2978689,83 150 
2978715,34 68 
2979626,88 92 
2979626,88 65 
2979646,15 103 
2979646,15 101 
2980173,61 100 
2980173,61 5
2980173,61 2115
2980173,61 10
2982152,46 25 
2982752,46 75 
2983958,16 72 
2984031,65 70 
2985553,99 80 
2985923,71 83 
2987117,11 64 1193
2987394,04 74 257
2987394,04 61 257
2988907 151 
2988936,93 69 
2989648,14 93 
2989668,44 103 
2989668,44 101 
2991699,38 100 
2991699,38 5
2991699,38 2115
2991699,38 11
2993680,73 25 
2993708,29 75 
2994915,33 72 
2994986,92 70 
2996510,67 80 
2997572,1 83 
2999519,31 64 1948
2999739,36 74 195
2999739,36 62 195
3000749,93 150 
3000772,53 68 
3002281,02 92 
3002281,02 65 
3002302,99 103 
3002302,99 101 
3002830,36 100 
3002830,36 5
3002830,36 2115
3002830,36 10
3004809,3 25 
3004942,99 75 
3006151,69 72 
3006222,33 70 
3007746,36 80 
3009113,78 83 
3010076,05 64 961
3010278,46 74 179
3010278,46 61 179
3011788,01 151 
3011807,1 69 
3013816,13 93 
3013831,42 103 
3013831,42 101 
3015862,7 100 
3015862,7 5
3015862,7 2115
3015862,7 11
3017843,71 25 
3017871,21 75 
3019077,78 72 
3019149,94 70 
3020672,07 80 
3021042,2 83 
3021766,84 64 725
3021952,26 74 165
3021952,26 62 165
3022460,08 150 
3022483,28 68 
3023394,08 92 
3023394,08 65 
3023413,96 103 
3023413,96 101 
3023944,41 100 
3023944,41 5
3023944,41 2115
3023944,41 10
3025920,31 25 
3026120,81 75 
3027331,7 72 
3027399,82 70 
3028917,98 80 
3029971,48 83 
3030364,78 64 394
3030731,32 74 347
3030731,32 63 347
3032242,99 150 
3032265,79 68 
3032584,55 249
3032735,67 173 
3033775,63 92 
3033775,63 65 
3033796,15 103 
3033796,15 101 
3034322,86 100 
3034322,86 5
3034322,86 2115
3034322,86 11
3036302,48 25 
3036436,07 75 
3037644,67 72 
3037715,32 70 
3039234,46 80 
3039607,38 83 
3040612,26 64 1006
3040839,32 74 206
3040839,32 62 206
3041348,23 150 
3041368,56 68 
3043380,55 92 
3043380,55 65 
3043405,36 103 
3043405,36 101 
3043932,52 100 
3043932,52 5
3043932,52 2115
3043932,52 11
3045911,64 25 
3046298,77 75 
3047505,66 72 
3047577,69 70 
3049092,8 80 
3050456,05 83 
3050854,43 64 399
3051047,29 74 179
3051047,29 62 179
3052056,78 152 
3052083,9 69 
3052794 93 
3052814,7 103 
3052814,7 101 
3054849,75 100 
3054849,75 5
3054849,75 2115
3054849,75 10
3056826,98 25 
3056854,3 75 
3058062,21 72 
3058133,19 70 
3059652,34 80 
3060704,99 83 
3061086,82 64 382
3061335,84 74 231
3061335,84 63 231
3061847,16 150 
3061866,32 68 
3062315,32 249
3063375,44 92 
3063375,44 65 
3063396,79 103 
3063396,79 101 
3063924,7 100 
3063924,7 5
3063924,7 2115
3063924,7 10
3065903,07 25 
3065943,42 75 
3067151,12 72 
3067222,62 70 
3068734,36 80 
3070100,92 83 
3070499,64 64 399
3070732,66 74 219
3070732,66 63 219
3071742,84 150 
3071768,08 68 
3072677,68 92 
3072677,68 65 
3072699,49 103 
3072699,49 101 
3073228,19 100 
3073228,19 5
3073228,19 2115
3073228,19 11
3075205,74 25 
3075446,04 75 
3076653,95 72 
3076725,19 70 
3078245,05 80 
3078617,3 83 
3079348,81 64 732
3079540,62 74 177
3079540,62 62 177
3081050,86 150 
3081070,69 68 
3081779,22 92 
3081779,22 65 
3081802,24 103 
3081802,24 101 
3082334,42 100 
3082334,42 5
3082334,42 2115
3082334,42 11
3084308,53 25 
3084868,64 75 
3086077,69 72 
3086147,9 70 
3087669,41 80 
3088039,96 83 
3089022,21 64 983
3089226,2 74 188
3089226,2 62 188
3090238,99 150 
3090267,62 68 
3092277,98 92 
3092277,98 65 
3092304,38 103 
3092304,38 101 
3092833,02 100 
3092833,02 5
3092833,02 2115
3092833,02 10
3094810,71 25 
3095384,14 75 
3096593,02 72 
3096663,34 70 
3098185,92 80 
3099261,76 83 
3099797,02 64 535
3100083,99 74 262
3100083,99 63 262
3100593,36 150 
3100623,04 68 
3101075,21 249
3102135,16 92 
3102135,16 65 
3102153,51 103 
3102153,51 101 
3102680,8 100 
3102680,8 5
3102680,8 2115
3102680,8 10
3104659,85 25 
3104833,46 75 
3106041,52 72 
3106112,58 70 
3107635,8 80 
3109004,28 83 
3109430,7 64 427
3109670,85 74 227
3109670,85 63 227
3111178,97 150 
3111204,45 68 
3111676,11 249
3111914,03 92 
3111914,03 65 
3111935,96 103 
3111935,96 101 
3112470,8 100 
3112470,8 2
3112470,8 2115
3112470,8 11
3112470,8 78 
3112470,8 198 
3114455,6 25 
3115215,62 75 
3116423,6 72 
3116494,85 70 
3118010,79 80 
3118373,57 83 
3119371,86 64 998
3119565,26 74 180
3119565,26 62 180
3120576,34 151 
3120600,91 69 
3121509,25 93 
3121518,55 103 
3121518,55 101 
3123545,54 100 
3123545,54 2
3123545,54 2115
3123545,54 10
3125530,9 25 
3125558,07 75 
3126766,05 72 
3126837,02 70 
3128356,05 80 
3129715,35 83 
3130401,32 64 687
3130631,51 74 210
3130631,51 63 210
3131142,94 151 
3131169,99 69 
3132279,44 249 
3134649,56 256 
3134910,25 183 
3136912,23 93 
3136925,26 103 
3136925,26 101 
3138953,34 100 
3138953,34 2
3138953,34 2115
3138953,34 10
3140937,57 25 
3140964,92 75 
3142173,35 72 
3142483,65 70 
3144097,92 80 
3145162,15 83 
3145973,6 64 812
3146192,37 74 205
3146192,37 61 205
3147704,73 150 
3147722,34 68 
3148361,77 249
3148631,65 92 
3148631,65 65 
3148653,53 103 
3148653,53 101 
3149185,79 100 
3149185,79 2
3149185,79 2115
3149185,79 11
3151159,85 25 
3151253,47 75 
3152461,86 72 
3152532,68 70 
3154049,08 80 
3155104,45 83 
3155622,19 64 519
3155874,2 74 237
3155874,2 63 237
3157386,03 150 
3157411,25 68 
3157949,87 249
3158641,45 173 
3158920,82 92 
3158920,82 65 
3158942,49 103 
3158942,49 101 
3159469,12 100 
3159469,12 2
3159469,12 2115
3159469,12 10
3161448,87 25 
3161622,4 75 
3162831,08 72 
3162901,56 70 
3164424,38 80 
3164793,67 83 
3165577,81 64 784
3165779,3 74 187
3165779,3 61 187
3166788,89 150 
3166820,55 68 
3168830,57 92 
3168830,57 65 
3168847,13 103 
3168847,13 101 
3169373,94 100 
3169373,94 2
3169373,94 2115
3169373,94 11
3171351,22 25 
3171738,06 75 
3172947 72 
3173017,21 70 
3174529,64 80 
3175882,3 83 
3176200 64 318
3176400,1 74 186
3176400,1 61 186
3176908,05 153 
3176936,31 68 
3177292,93 249
3177644,2 92 
3177644,2 65 
3177667,78 103 
3177667,78 101 
3178201,65 100 
3178201,65 2
3178201,65 2115
3178201,65 10
3180187,39 25 
3180707,6 75 
3181917,32 72 
3181986,73 70 
3183501,99 80 
3183852,15 83 
3185592,57 64 1741
3185815,35 74 205
3185815,35 61 205
3187323,17 150 
3187345,15 68 
3188025,01 249
3188117,02 171
3189357,05 92 
3189357,05 65 
3189382,77 103 
3189382,77 101 
3189909,99 100 
3189909,99 2
3189909,99 2115
3189909,99 11
3191889,05 25 
3192182,63 75 
3193392,94 72 
3193461,76 70 
3194982,76 80 
3196046,91 83 
3196647,48 64 601
3196871,5 74 212
3196871,5 61 212
3197381,93 151 
3197408,59 69 
3197707,84 249 
3198138,88 181 
3198318,53 93 
3198338,88 103 
3198338,88 101 
3200365,2 100 
3200365,2 2
3200365,2 2115
3200365,2 11
3202351,22 25 
3202378,73 75 
3203587,23 72 
3203657,43 70 
3205170,63 80 
3206535,73 83 
3206846,49 64 311
3207031,63 74 163
3207031,63 61 163
3208040,71 151 
3208070,4 69 
3208429,68 249 
3208778,95 93 
3208801,15 103 
3208801,15 101 
3210832,2 100 
3210832,2 2
3210832,2 2115
3210832,2 10
3212813,43 25 
3212840,6 75 
3214048,58 72 
3214119,59 70 
3215643,69 80 
3217011,22 83 
3217526,75 64 516
3217733,91 74 190
3217733,91 62 190
3218243,44 151 
3218265,14 69 
3219772,65 93 
3219783,05 103 
3219783,05 101 
3221814,98 100 
3221814,98 2
3221814,98 2115
3221814,98 10
3223795,33 25 
3223822,7 75 
3225029,87 72 
3225101,54 70 
3226617,56 80 
3227686,75 83 
3228018,72 64 332
3228263,83 74 231
3228263,83 63 231
3229272,21 151 
3229301,17 69 
3230012,77 93 
3230031,96 103 
3230031,96 101 
3232059,23 100 
3232059,23 2
3232059,23 2115
3232059,23 10
3234044,39 25 
3234071,86 75 
3235281,61 72 
3235350,71 70 
3236894,6 80 
3237269,2 83 
3238016,73 64 748
3238237,69 74 209
3238237,69 61 209
3239747,12 152 
3239775,53 69 
3240686,03 93 
3240707,4 103 
3240707,4 101 
3242737 100 
3242737 2
3242737 2115
3242737 10
3244719,72 25 
3244747,13 75 
3245954,79 72 
3246265,85 70 
3247881,35 80 
3249237,68 83 
3249423,16 64 186
3249623,19 74 187
3249623,19 62 187
3251132,44 151 
3251157,79 69 
3252426,52 249 
3252447,88 182 
3253168,8 93 
3253182,05 103 
3253182,05 101 
3255208,46 100 
3255208,46 2
3255208,46 2115
3255208,46 11
3257194,36 25 
3257221,78 75 
3258428,08 72 
3258500,55 70 
3260015,54 80 
3260379,35 83 
3261099,89 64 721
3261324,5 74 199
3261324,5 61 199
3262333,8 151 
3262352,97 69 
3262757,04 249 
3263862,81 93 
3263884,11 103 
3263884,11 101 
3265913,45 100 
3265913,45 2
3265913,45 2115
3265913,45 11
3267896,41 25 
3267923,84 75 
3269130,84 72 
3269202,64 70 
3270718,29 80 
3271774,46 83 
3272069,67 64 296
3272400,06 74 306
3272400,06 63 306
3272911,49 150 
3272936,07 68 
3273485,73 249
3273646,79 92 
3273646,79 65 
3273666,59 103 
3273666,59 101 
3278164,52 102 
