62,7 100 
62,7 2
62,7 2134
62,7 10
2031,28 25 
2056,48 75 
3264,36 72 
3588,57 70 
5328,26 80 
6654,32 83 
7409,3 64 755
7640,15 74 212
7640,15 61 212
8654,92 150 
8680,52 68 
10694,53 92 
10694,53 65 
10720,73 103 
10720,73 101 
11247,84 100 
11247,84 2
11247,84 2134
11247,84 11
13225,32 25 
13252,49 75 
14462,72 72 
14531,51 70 
16057,06 80 
17423,21 83 
17893,61 64 471
18113,25 74 196
18113,25 63 196
18623,15 150 
18651,2 68 
19564,34 92 
19564,34 65 
19581,99 103 
19581,99 101 
20109,3 100 
20109,3 2
20109,3 2134
20109,3 10
22088,33 25 
22648,4 75 
23857,93 72 
23927,62 70 
25446,92 80 
25806,41 83 
26898,35 64 1092
27105,29 74 193
27105,29 63 193
28615,22 151 
28645,53 69 
29959,27 249 
30155,31 93 
30177,61 103 
30177,61 101 
32209,07 100 
32209,07 2
32209,07 2134
32209,07 11
34190,07 25 
34217,18 75 
35423,44 72 
35496,18 70 
37028,85 80 
37401,64 83 
38524,41 64 1123
38716,86 74 170
38716,86 61 170
39727,2 151 
39749,65 69 
40458,65 93 
40480,01 103 
40480,01 101 
42506,28 100 
42506,28 2
42506,28 2134
42506,28 11
44492,33 25 
44519,6 75 
45547,61 250 
45557,75 101 
47557,86 100 
47557,86 2
47557,86 2134
47557,86 11
47557,86 25 
47584,19 75 
48793,59 72 
48863,96 70 
50391,61 80 
51755,69 83 
52173,74 64 419
52357,94 74 163
52357,94 63 163
52869,79 150 
52890,37 68 
53360,45 249
54400,74 92 
54400,74 65 
54420,91 103 
54420,91 101 
54947,11 100 
54947,11 2
54947,11 2134
54947,11 11
56927,23 25 
57407,5 75 
57413,65 250 
57432,54 101 
59446,19 100 
59446,19 2
59446,19 2134
59446,19 11
59446,19 25 
59486,3 75 
60694,92 72 
60765,73 70 
62291,46 80 
63364,27 83 
63795,48 64 432
63982,93 74 166
63982,93 63 166
65490,95 150 
65511,11 68 
66079,65 249
66422,05 92 
66422,05 65 
66442,6 103 
66442,6 101 
66973,81 100 
66973,81 2
66973,81 2134
66973,81 10
68948,89 25 
69642,45 75 
70850,42 72 
70921,5 70 
72444,27 80 
73506,72 83 
74405,87 64 900
74619,09 74 193
74619,09 63 193
76129,18 153 
76160,01 68 
76690,35 249
76867,94 92 
76867,94 65 
76891,61 103 
76891,61 101 
77417,69 100 
77417,69 2
77417,69 2134
77417,69 11
79397,98 25 
80011,31 75 
81218,82 72 
81290,56 70 
82812,57 80 
84182,26 83 
84593,36 64 411
84844,19 74 236
84844,19 63 236
85856,04 150 
85876,02 68 
86389,63 249
87861,8 173 
87886,35 92 
87886,35 65 
87900,48 103 
87900,48 101 
88427,83 100 
88427,83 2
88427,83 2134
88427,83 10
90406,66 25 
90886,82 75 
92095,74 72 
92166,08 70 
93690,33 80 
94058,14 83 
95046,12 64 988
95247,53 74 177
95247,53 63 177
95759,2 151 
95778,57 69 
96485,5 93 
96496,86 103 
96496,86 101 
98527,03 100 
98527,03 2
98527,03 2134
98527,03 10
100509,17 25 
100536,51 75 
101744,17 72 
101815,53 70 
103339,77 80 
104707,14 83 
105632,99 64 926
105841,98 74 189
105841,98 63 189
106351,15 151 
106374,29 69 
106411,05 249 
107882,88 93 
107905,42 103 
107905,42 101 
109935,44 100 
109935,44 2
109935,44 2134
109935,44 11
111917,77 25 
111945,83 75 
113153,07 72 
113224,05 70 
114754,05 80 
115822,48 83 
116275,69 64 454
116469,42 74 180
116469,42 63 180
117978,55 152 
118009,33 69 
118935,15 249 
119878,13 183 
120016,74 93 
120033,74 103 
120033,74 101 
122061,55 100 
122061,55 2
122061,55 2134
122061,55 10
124046,08 25 
124073,33 75 
125281,86 72 
125352,3 70 
126873,11 80 
127244,45 83 
128335,8 64 1092
128541,38 74 191
128541,38 61 191
129550,55 150 
129578,7 68 
130486,35 92 
130486,35 65 
130509,42 103 
130509,42 101 
131044,69 100 
131044,69 2
131044,69 2134
131044,69 11
133029,01 25 
133442,59 75 
134651,53 72 
134721,75 70 
136247,14 80 
137320,31 83 
137923,08 64 603
138109,64 74 164
138109,64 61 164
139621,4 151 
139654,44 69 
140564,65 93 
140585,24 103 
140585,24 101 
142614,67 100 
142614,67 2
142614,67 2134
142614,67 11
144597,68 25 
144624,81 75 
145830,82 72 
145905,59 70 
147429,11 80 
147796,02 83 
149418,68 64 1623
149598,96 74 163
149598,96 62 163
150112,08 151 
150142,75 69 
150850,04 93 
150860,98 103 
150860,98 101 
152890,16 100 
152890,16 2
152890,16 2134
152890,16 11
154873,32 25 
154900,67 75 
156108,09 72 
156179,57 70 
157708,87 80 
159071,31 83 
160157,29 64 1086
160329,03 74 152
160329,03 62 152
161340,67 151 
161365,46 69 
163374,11 93 
163389,13 103 
163389,13 101 
165422,55 100 
165422,55 2
165422,55 2134
165422,55 10
167401,52 25 
167428,75 75 
168637,59 72 
168707,7 70 
170236,32 80 
171292,86 83 
172069,39 64 776
172271,36 74 179
172271,36 61 179
173281,49 150 
173307,25 68 
174816,74 92 
174816,74 65 
174837,73 103 
174837,73 101 
175364,2 100 
175364,2 2
175364,2 2134
175364,2 10
177344,02 25 
177397,73 75 
178604,63 72 
178676,99 70 
180194,96 80 
180569,04 83 
181583,13 64 1014
181778,48 74 171
181778,48 61 171
182289,07 150 
182316,77 68 
183029,4 92 
183029,4 65 
183047,7 103 
183047,7 101 
183576,46 100 
183576,46 2
183576,46 2134
183576,46 10
185553,96 25 
185700,92 75 
186909,57 72 
186980,18 70 
188505,05 80 
189871,99 83 
190267,27 64 396
190485,55 74 201
190485,55 61 201
191995,04 150 
192018,32 68 
193526,75 92 
193526,75 65 
193549,98 103 
193549,98 101 
194082,71 100 
194082,71 2
194082,71 2134
194082,71 10
196056,38 25 
196509,9 75 
197716,51 72 
197788,99 70 
199328,29 80 
200400,84 83 
200835,88 64 436
201033,54 74 180
201033,54 61 180
202042,19 150 
202068,71 68 
202977,41 92 
202977,41 65 
202999,39 103 
202999,39 101 
203527,21 100 
203527,21 2
203527,21 2134
203527,21 11
205505,69 25 
206212,47 75 
207422,96 72 
207491,67 70 
209013,95 80 
209383,8 83 
211106,93 64 1724
211282,62 74 154
211282,62 62 154
212793,78 151 
212824,17 69 
214833,79 93 
214847,84 103 
214847,84 101 
216879,42 100 
216879,42 2
216879,42 2134
216879,42 10
218860,22 25 
218887,51 75 
220093,5 72 
220286,45 70 
221950,43 80 
223484,59 83 
223946,13 64 462
224130,91 74 167
224130,91 61 167
224642,37 150 
224671,86 68 
224756,91 249
225294,73 171
226181,13 92 
226181,13 65 
226203,14 103 
226203,14 101 
226736,31 100 
226736,31 2
226736,31 2134
226736,31 11
228722,77 25 
228843,08 75 
230050,41 72 
230322,21 70 
231857,74 80 
232934,03 83 
234020,79 64 1087
234233,92 74 194
234233,92 63 194
234742,41 150 
234761,86 68 
235671,71 92 
235671,71 65 
235692,55 103 
235692,55 101 
236218,95 100 
236218,95 2
236218,95 2134
236218,95 11
238198,84 25 
238492,41 75 
239701,01 72 
239771,67 70 
241289,17 80 
241650,45 83 
242490,78 64 841
242694,27 74 191
242694,27 61 191
244203,61 151 
244224,53 69 
246235,95 93 
246248,14 103 
246248,14 101 
248274,29 100 
248274,29 2
248274,29 2134
248274,29 11
250260,59 25 
250301,33 75 
251512,15 72 
251580,06 70 
253103,87 80 
254471,79 83 
255014,58 64 544
255225 74 194
255225 63 194
256237,01 150 
256259,66 68 
256969 92 
256969 65 
256990,4 103 
256990,4 101 
257524,8 100 
257524,8 2
257524,8 2134
257524,8 10
259510 25 
259870,2 75 
261078 72 
261149,44 70 
262669,55 80 
264027,83 83 
264427,69 64 401
264636,85 74 196
264636,85 61 196
265150,3 150 
265175,92 68 
265399,81 249
265533,44 171
265886,28 92 
265886,28 65 
265906,71 103 
265906,71 101 
266435,09 100 
266435,09 2
266435,09 2134
266435,09 11
268413,04 25 
268919,89 75 
270126,87 72 
270199,06 70 
271728,02 80 
272797,52 83 
273486,02 64 689
273705,48 74 202
273705,48 63 202
274717,74 150 
274744,45 68 
275655,5 92 
275655,5 65 
275675,97 103 
275675,97 101 
276202,43 100 
276202,43 2
276202,43 2134
276202,43 10
278182,29 25 
278475,89 75 
279682,86 72 
279755,07 70 
281276,27 80 
281647,22 83 
282803,39 64 1156
283000,74 74 181
283000,74 61 181
284512,26 150 
284541,15 68 
286552,3 92 
286552,3 65 
286564,96 103 
286564,96 101 
287095,04 100 
287095,04 2
287095,04 2134
287095,04 10
289071,12 25 
289364,8 75 
290573,61 72 
290643,93 70 
292164,81 80 
292536,07 83 
293758,96 64 1223
293989,29 74 214
293989,29 61 214
294995,48 150 
295016,15 68 
296525,75 92 
296525,75 65 
296547,34 103 
296547,34 101 
297078,56 100 
297078,56 2
297078,56 2134
297078,56 10
299053,64 25 
299693,8 75 
300901,97 72 
300973 70 
302497,43 80 
303558,3 83 
304004,33 64 446
304176,12 74 152
304176,12 61 152
304687,3 152 
304706,25 69 
305171,31 249 
305413,88 93 
305437 103 
305437 101 
307463,26 100 
307463,26 2
307463,26 2134
307463,26 11
309449,33 25 
309490,04 75 
310696,5 72 
310769 70 
312294,37 80 
313660,63 83 
314300,65 64 641
314493,24 74 180
314493,24 63 180
316001,66 150 
316021,5 68 
318030,42 92 
318030,42 65 
318045,12 103 
318045,12 101 
318581,26 100 
318581,26 2
318581,26 2134
318581,26 11
320564,73 25 
320765,06 75 
321975,45 72 
322044,2 70 
323563,12 80 
323936,41 83 
324789,58 64 854
324990,46 74 189
324990,46 63 189
326000,41 152 
326029,89 69 
326938,11 93 
326961,43 103 
326961,43 101 
328990,23 100 
328990,23 2
328990,23 2134
328990,23 11
330973,78 25 
331000,97 75 
332210,08 72 
332453,3 70 
334087,59 80 
335611,51 83 
335992,36 64 381
336178,79 74 168
336178,79 63 168
336690,47 150 
336719,64 68 
337178,15 249
338228,84 92 
338228,84 65 
338250,09 103 
338250,09 101 
338777,62 100 
338777,62 2
338777,62 2134
338777,62 11
340756,45 25 
341143,31 75 
342349,53 72 
342422,5 70 
343940,13 80 
344994,28 83 
345931,71 64 938
346126,61 74 173
346126,61 61 173
347636,01 151 
347660,93 69 
349172,88 93 
349192,21 103 
349192,21 101 
351224,74 100 
351224,74 2
351224,74 2134
351224,74 10
353204,55 25 
353231,72 75 
354438,96 72 
354510,81 70 
356028,69 80 
357402,51 83 
358327,1 64 925
358510,54 74 163
358510,54 61 163
359522,72 150 
359549,39 68 
360460,73 92 
360460,73 65 
360480,85 103 
360480,85 101 
361008,77 100 
361008,77 2
361008,77 2134
361008,77 11
362987,22 25 
363347,43 75 
364554,87 72 
364626,61 70 
366147,91 80 
367225,12 83 
367634,81 64 410
367840,62 74 190
367840,62 63 190
368348,13 150 
368374,2 68 
368911,58 249
369085,66 92 
369085,66 65 
369103,99 103 
369103,99 101 
369631,58 100 
369631,58 2
369631,58 2134
369631,58 10
371610,32 25 
372210,38 75 
373418,53 72 
373489,57 70 
375012,12 80 
375381,86 83 
376412,85 64 1032
376598,59 74 165
376598,59 61 165
378109,28 150 
378128,38 68 
378351,2 249
380136,55 92 
380136,55 65 
380152,71 103 
380152,71 101 
380688,08 100 
380688,08 2
380688,08 2134
380688,08 11
382672,41 25 
383912,25 75 
385119,67 72 
385191,4 70 
386710,65 80 
388069,81 83 
388489,74 64 421
388748,25 74 239
388748,25 63 239
389261,54 150 
389283,91 68 
390193,24 92 
390193,24 65 
390215,25 103 
390215,25 101 
390741,27 100 
390741,27 2
390741,27 2134
390741,27 10
392721,53 25 
393414,97 75 
394623,5 72 
394694,17 70 
396214,76 80 
397292,72 83 
397669,98 64 378
397841,08 74 149
397841,08 61 149
399350,41 150 
399373,62 68 
400081,61 92 
400081,61 65 
400104,47 103 
400104,47 101 
400630,7 100 
400630,7 2
400630,7 2134
400630,7 10
402610,77 25 
403051 75 
404257,88 72 
404330,15 70 
405853,1 80 
406222,35 83 
407446,78 64 1225
407623,25 74 162
407623,25 61 162
408632,65 150 
408662,01 68 
408728,72 249
409120,96 171
410171,83 92 
410171,83 65 
410193,68 103 
410193,68 101 
410726,15 100 
410726,15 2
410726,15 2134
410726,15 10
412713,25 25 
413526,72 75 
414734,28 72 
414805,96 70 
416327,65 80 
417697,54 83 
418119,27 64 422
418352,17 74 215
418352,17 61 215
418862,3 150 
418885,72 68 
420895,08 92 
420895,08 65 
420922,51 103 
420922,51 101 
421457,66 100 
421457,66 2
421457,66 2134
421457,66 11
423428,86 25 
424122,28 75 
425329,89 72 
425401,46 70 
426925,01 80 
427293,61 83 
428342,67 64 1050
428587,56 74 229
428587,56 63 229
429596,6 150 
429627,77 68 
430132,29 249
430538,37 92 
430538,37 65 
430558,54 103 
430558,54 101 
431085,04 100 
431085,04 2
431085,04 2134
431085,04 10
433064,87 25 
433758,25 75 
434967,6 72 
435210,71 70 
436833,73 80 
437902,59 83 
438436,1 64 534
438657,95 74 209
438657,95 61 209
440166,41 150 
440196,05 68 
442206,05 92 
442206,05 65 
442220,38 103 
442220,38 101 
442752,7 100 
442752,7 2
442752,7 2134
442752,7 10
444726,71 25 
445393,44 75 
446602,3 72 
446672,65 70 
448195,85 80 
448564,81 83 
449888,03 64 1324
450032,71 74 122
450032,71 61 122
450540,78 150 
450565,01 68 
452073,46 92 
452073,46 65 
452096,28 103 
452096,28 101 
452623,93 100 
452623,93 2
452623,93 2134
452623,93 10
454602,63 25 
455389,29 75 
456596,77 72 
456668,51 70 
458196,67 80 
459268,41 83 
460163,9 64 897
460355,37 74 169
460355,37 61 169
461868,41 150 
461894,4 68 
462604,55 92 
462604,55 65 
462625,28 103 
462625,28 101 
463155,39 100 
463155,39 2
463155,39 2134
463155,39 11
465131,65 25 
465651,71 75 
466861,71 72 
466930,9 70 
468451,33 80 
469809,28 83 
470213,06 64 404
470386,76 74 152
470386,76 63 152
471397,22 152 
471423,8 69 
472335,64 93 
472354,58 103 
472354,58 101 
474387,18 100 
474387,18 2
474387,18 2134
474387,18 10
476366,94 25 
476394,33 75 
477601,24 72 
477673,14 70 
479187,84 80 
479551,93 83 
480744,34 64 1192
481034,81 74 271
481034,81 61 271
482042,54 150 
482071,65 68 
482779,42 92 
482779,42 65 
482803,57 103 
482803,57 101 
483329,93 100 
483329,93 2
483329,93 2134
483329,93 11
485309,92 25 
485989,96 75 
487197,95 72 
487269,17 70 
488798,17 80 
490174,17 83 
490730,73 64 557
490758,18 256 
491025,99 74 279
491025,99 63 279
491535,24 150 
491561,46 68 
493073,06 92 
493073,06 65 
493092,65 103 
493092,65 101 
493619,47 100 
493619,47 2
493619,47 2134
493619,47 11
495598,98 25 
496105,75 75 
497313,98 72 
497384,99 70 
498908 80 
499970,16 83 
500426,25 64 456
500618,58 74 169
500618,58 63 169
502128,81 150 
502157,78 68 
503271,27 249
504165,84 92 
504165,84 65 
504181,41 103 
504181,41 101 
504716,37 100 
504716,37 2
504716,37 2134
504716,37 10
506701,02 25 
507447,79 75 
508654,54 72 
508726,99 70 
510251,48 80 
511325,47 83 
511700,37 64 375
511847,82 74 123
511847,82 61 123
512859,76 150 
512886,01 68 
514397,23 92 
514397,23 65 
514417,19 103 
514417,19 101 
514945,11 100 
514945,11 2
514945,11 2134
514945,11 11
516923,47 25 
517656,89 75 
518866,01 72 
518936,07 70 
520458,84 80 
521827,77 83 
522393,49 64 567
522573,25 74 159
522573,25 61 159
523084,87 151 
523109,06 69 
523818,5 93 
523839,93 103 
523839,93 101 
525869,83 100 
525869,83 2
525869,83 2134
525869,83 11
527852,29 25 
527879,52 75 
529085,8 72 
529158,49 70 
530686,28 80 
531050,68 83 
534816,25 64 3766
535038,26 74 203
535038,26 63 203
536549,11 152 
536570,23 69 
537198,36 249 
537480,75 93 
537500,92 103 
537500,92 101 
539531,43 100 
539531,43 2
539531,43 2134
539531,43 10
541513,43 25 
541540,69 75 
542746,6 72 
542992,75 70 
544561,77 80 
545071,5 83 
546109,12 64 1038
546330,15 74 206
546330,15 61 206
547838,53 150 
547858,07 68 
547942,33 249
548166,39 171
549868,12 92 
549868,12 65 
549882,47 103 
549882,47 101 
550408,64 100 
550408,64 2
550408,64 2134
550408,64 10
552388,77 25 
552802,33 75 
554010,68 72 
554081,51 70 
555593,78 80 
556959,91 83 
557412,32 64 452
557660,9 74 235
557660,9 61 235
558170,13 150 
558188,12 68 
559697,46 92 
559697,46 65 
559718,4 103 
559718,4 101 
560245,1 100 
560245,1 2
560245,1 2134
560245,1 10
562224,69 25 
562944,78 75 
564151,49 72 
564223,95 70 
565745,33 80 
566809,15 83 
567526,88 64 718
567743,11 74 201
567743,11 61 201
568753,12 150 
568783,53 68 
570014,12 249
570792,41 92 
570792,41 65 
570807,15 103 
570807,15 101 
571339,49 100 
571339,49 2
571339,49 2134
571339,49 11
573313,48 25 
574220,19 75 
575429 72 
575499,3 70 
577016,76 80 
578377,66 83 
635210,17 64 56833
635424,18 74 190
635424,18 61 190
636431,77 151 
636461,41 69 
637169,56 93 
637179,71 103 
637179,71 101 
639205,87 100 
639205,87 2
639205,87 2134
639205,87 11
641192,05 25 
641219,35 75 
642427,07 72 
642498,28 70 
644015,46 80 
644363,72 83 
645236,91 64 874
645428,34 74 172
645428,34 61 172
645936,49 151 
645964,65 69 
646874,09 93 
646895,71 103 
646895,71 101 
648922,87 100 
648922,87 2
648922,87 2134
648922,87 10
650907,99 25 
650935,5 75 
652144,28 72 
652427,56 70 
653959,33 80 
655159,22 83 
655843,04 64 684
656072,27 74 207
656072,27 63 207
657581,14 151 
657600,12 69 
658308,53 93 
658317,62 103 
658317,62 101 
660347,41 100 
660347,41 2
660347,41 2134
660347,41 10
662329,94 25 
662357,77 75 
663565,73 72 
663636,16 70 
665158,69 80 
666234,63 83 
667758,58 64 1525
667939,3 74 159
667939,3 62 159
669448,42 151 
669475,11 69 
671484,27 93 
671498,81 103 
671498,81 101 
673526,41 100 
673526,41 2
673526,41 2134
673526,41 11
675511,16 25 
675538,54 75 
676746,02 72 
676817,56 70 
678338,81 80 
678696,29 83 
679943,16 64 1247
680102,96 74 141
680102,96 62 141
681112,49 151 
681137,08 69 
682647,31 93 
682667,56 103 
682667,56 101 
684694,8 100 
684694,8 2
684694,8 2134
684694,8 11
686679,9 25 
686707,24 75 
687916,2 72 
687986,16 70 
689508,62 80 
690891,08 83 
691560,45 64 669
691761,67 74 178
691761,67 61 178
692271,67 151 
692292,39 69 
693202,37 93 
693223,15 103 
693223,15 101 
695261,02 100 
695261,02 2
695261,02 2134
695261,02 10
697235,48 25 
697262,66 75 
698470,49 72 
698541,8 70 
700064,37 80 
701433,39 83 
702301,3 64 868
702485,43 74 160
702485,43 62 160
703995,15 151 
704020,85 69 
704730,09 93 
704751,67 103 
704751,67 101 
706780,5 100 
706780,5 2
706780,5 2134
706780,5 11
708764,08 25 
708791,36 75 
710001,93 72 
710070,32 70 
711593,12 80 
711962,67 83 
713191,86 64 1230
713412,19 74 197
713412,19 61 197
713921,97 151 
713949,79 69 
714615,18 249 
715460,98 93 
715480,61 103 
715480,61 101 
717507,88 100 
717507,88 2
717507,88 2134
717507,88 11
719493,01 25 
719521,08 75 
720729,69 72 
720799,15 70 
722320,04 80 
723397,67 83 
724206,46 64 810
724400,74 74 177
724400,74 62 177
725412,09 151 
725437,92 69 
727444,9 93 
727462,31 103 
727462,31 101 
729492,27 100 
729492,27 2
729492,27 2134
729492,27 11
731474,65 25 
731501,81 75 
732711,1 72 
732780,92 70 
734303,47 80 
734686,37 83 
735570,22 64 884
735831,54 74 240
735831,54 61 240
737340,87 151 
737367,04 69 
738274,97 93 
738284,56 103 
738284,56 101 
740313,35 100 
740313,35 2
740313,35 2134
740313,35 10
742296,85 25 
742324,03 75 
743532,52 72 
743603,1 70 
745130,58 80 
746508,38 83 
747291,83 64 784
747314,41 256 
747563,65 74 257
747563,65 63 257
748573,1 153 
748601,79 68 
749516,44 92 
749516,44 65 
749533,22 103 
749533,22 101 
750062,87 100 
750062,87 2
750062,87 2134
750062,87 11
752039,53 25 
752239,75 75 
753449,61 72 
753518,96 70 
755047,15 80 
756384,02 83 
756749,69 64 366
756952,29 74 182
756952,29 63 182
757460,82 150 
757478,83 68 
758093,39 249
758988,39 92 
758988,39 65 
759009,21 103 
759009,21 101 
759541,59 100 
759541,59 2
759541,59 2134
759541,59 10
761515,57 25 
761889,17 75 
763095,98 72 
763168,27 70 
764687,21 80 
765060,63 83 
766072,4 64 1012
766303,12 74 217
766303,12 63 217
767809,55 151 
767834,43 69 
768545,95 93 
768565,27 103 
768565,27 101 
770592,33 100 
770592,33 2
770592,33 2134
770592,33 10
772577,61 25 
772604,82 75 
773814,12 72 
773883,87 70 
775410,62 80 
776775,56 83 
777350,69 64 576
777582,1 74 207
777582,1 63 207
778591 151 
778616,27 69 
780623,46 93 
780640,27 103 
780640,27 101 
782672,63 100 
782672,63 2
782672,63 2134
782672,63 11
784652,7 25 
784679,83 75 
785887,6 72 
785958,91 70 
787479,56 80 
788557,35 83 
789110,26 64 553
789327,99 74 198
789327,99 63 198
789836,4 150 
789864,56 68 
790773,06 92 
790773,06 65 
790796,13 103 
790796,13 101 
791327,35 100 
791327,35 2
791327,35 2134
791327,35 10
793302,56 25 
793382,7 75 
794591,11 72 
794661,89 70 
796187,82 80 
797553,63 83 
797890,45 64 337
798071,25 74 158
798071,25 62 158
799082,93 151 
799114,79 69 
800627,1 93 
800645,3 103 
800645,3 101 
802673,52 100 
802673,52 2
802673,52 2134
802673,52 10
804657,7 25 
804685,14 75 
805892,8 72 
805963,92 70 
807489,49 80 
807856,03 83 
808890,55 64 1035
809127,6 74 219
809127,6 63 219
810636,47 151 
810656,71 69 
812664,71 93 
812680,38 103 
812680,38 101 
814708,48 100 
814708,48 2
814708,48 2134
814708,48 10
816692,7 25 
816720,71 75 
817928,97 72 
817998,95 70 
819522,75 80 
820597,39 83 
821035,66 64 439
821232,26 74 182
821232,26 62 182
821741,36 151 
821758,86 69 
822466,87 93 
822489,62 103 
822489,62 101 
824522,3 100 
824522,3 2
824522,3 2134
824522,3 11
826502 25 
826529,28 75 
827734,61 72 
827808,19 70 
829328,95 80 
830699,89 83 
831106,28 64 406
831299,02 74 173
831299,02 63 173
832311,6 150 
832341,11 68 
833851,13 92 
833851,13 65 
833871,63 103 
833871,63 101 
834399,08 100 
834399,08 2
834399,08 2134
834399,08 10
836377,89 25 
836871,37 75 
838079,99 72 
838150,57 70 
839668,15 80 
840029,39 83 
841090,45 64 1062
841314,77 74 206
841314,77 63 206
841827,19 151 
841856,75 69 
843867,68 93 
843880,84 103 
843880,84 101 
845908,64 100 
845908,64 2
845908,64 2134
845908,64 11
847893,1 25 
847920,29 75 
849125,57 72 
849199,36 70 
850720,34 80 
851797,9 83 
852398,06 64 601
852587,88 74 177
852587,88 63 177
854097,97 150 
854118,77 68 
854831,98 92 
854831,98 65 
854849,57 103 
854849,57 101 
855382,75 100 
855382,75 2
855382,75 2134
855382,75 10
857369,18 25 
857689,46 75 
858896,61 72 
858968,65 70 
860489,6 80 
862140,23 83 
862425,41 64 285
862626,66 74 181
862626,66 63 181
863137,43 151 
863168,28 69 
864075,74 93 
864086,09 103 
864086,09 101 
866112,25 100 
866112,25 2
866112,25 2134
866112,25 11
868098,09 25 
868139,21 75 
869347,66 72 
869417,62 70 
870935,6 80 
871296,66 83 
872231,75 64 936
872438,72 74 183
872438,72 63 183
873449,78 150 
873470,67 68 
874978,71 92 
874978,71 65 
875001,25 103 
875001,25 101 
875528,72 100 
875528,72 2
875528,72 2134
875528,72 10
877507,53 25 
878161,09 75 
879371,14 72 
879440,12 70 
880970,22 80 
882038,66 83 
882520,85 64 483
882694,72 74 150
882694,72 62 150
884204,73 151 
884226,23 69 
885139,49 93 
885157 103 
885157 101 
887188,33 100 
887188,33 2
887188,33 2134
887188,33 11
889169,34 25 
889196,72 75 
890405,33 72 
890475,57 70 
892014,27 80 
892381,04 83 
893627,75 64 1247
893833,72 74 187
893833,72 63 187
894844,13 152 
894875,15 69 
895582,8 93 
895592,74 103 
895592,74 101 
897620,22 100 
897620,22 2
897620,22 2134
897620,22 11
899605,07 25 
901084,77 75 
902292,41 72 
902364,03 70 
903890,01 80 
904962,46 83 
905463,52 64 502
905657,81 74 176
905657,81 62 176
907168,88 151 
907190,21 69 
907845,26 249 
909201,26 93 
909213,77 103 
909213,77 101 
911247,52 100 
911247,52 5
911247,52 2134
911247,52 11
911247,52 78 
911247,52 198 
913226,05 25 
913253,82 75 
914461,96 72 
914532,37 70 
916056,58 80 
917424,01 83 
917746,51 64 323
917946,17 74 176
917946,17 62 176
918453,7 150 
918478,74 68 
920491,93 92 
920491,93 65 
920515,71 103 
920515,71 101 
921045,49 100 
921045,49 5
921045,49 2134
921045,49 10
923022,1 25 
923355,55 75 
924563,51 72 
924634,81 70 
926155,27 80 
926526,85 83 
927280,67 64 754
927481,94 74 182
927481,94 63 182
927991,37 150 
928021,44 68 
928097,74 249
928333,94 173 
928728,63 92 
928728,63 65 
928752,3 103 
928752,3 101 
929279,9 100 
929279,9 5
929279,9 2134
929279,9 11
931258,71 25 
931738,75 75 
932945,68 72 
933017,97 70 
934540,94 80 
935603,18 83 
936057,8 64 455
936214,79 74 132
936214,79 62 132
937224,87 150 
937243,55 68 
938752,45 92 
938752,45 65 
938774,82 103 
938774,82 101 
939301,35 100 
939301,35 5
939301,35 2134
939301,35 10
941281,13 25 
941788,14 75 
942996,81 72 
943067,16 70 
944595,09 80 
945958,9 83 
946344,59 64 387
946569,16 74 211
946569,16 63 211
948077,58 150 
948106,51 68 
949015,02 92 
949015,02 65 
949037,24 103 
949037,24 101 
949570,65 100 
949570,65 5
949570,65 2134
949570,65 10
951543,72 25 
951837,35 75 
953044,02 72 
953116,3 70 
954640,43 80 
956008,03 83 
956367,52 64 360
956546,03 74 165
956546,03 63 165
957056,91 152 
957075,33 69 
959011,58 249 
959084,81 93 
959099,78 103 
959099,78 101 
961127,12 100 
961127,12 5
961127,12 2134
961127,12 10
963112,05 25 
963139,29 75 
964348,01 72 
964591,63 70 
966160,7 80 
967403,33 83 
967938,43 64 535
968145,91 74 183
968145,91 63 183
969653,97 150 
969684,21 68 
970396,1 92 
970396,1 65 
970415,06 103 
970415,06 101 
970942,71 100 
970942,71 5
970942,71 2134
970942,71 11
972921,35 25 
973561,45 75 
974769,28 72 
974840,63 70 
976359,26 80 
976719,47 83 
977926,51 64 1208
978109,28 74 164
978109,28 62 164
979120,32 150 
979147,83 68 
980658,02 92 
980658,02 65 
980677,46 103 
980677,46 101 
981207,25 100 
981207,25 5
981207,25 2134
981207,25 11
983183,78 25 
983997,11 75 
985206,4 72 
985276,31 70 
986794,85 80 
987141,78 83 
988163,57 64 1023
988354,58 74 174
988354,58 62 174
988863,13 150 
988889,56 68 
989257,43 249
989395,86 172 
989799,2 92 
989799,2 65 
989820,42 103 
989820,42 101 
990346,7 100 
990346,7 5
990346,7 2134
990346,7 10
992326,65 25 
993033,4 75 
994240,24 72 
994312,58 70 
995834,98 80 
996897,83 83 
997484,84 64 588
997717,54 74 208
997717,54 63 208
998730,23 150 
998752,12 68 
999462,67 92 
999462,67 65 
999482,99 103 
999482,99 101 
1000009,07 100 
1000009,07 5
1000009,07 2134
1000009,07 11
1001989,39 25 
1002562,76 75 
1003771,47 72 
1003842 70 
1005360,21 80 
1006720,35 83 
1007128,75 64 409
1007297,33 74 151
1007297,33 62 151
1008806,24 150 
1008828,05 68 
1009739,01 92 
1009739,01 65 
1009758,75 103 
1009758,75 101 
1010294,45 100 
1010294,45 5
1010294,45 2134
1010294,45 11
1012278,39 25 
1013011,75 75 
1014218,59 72 
1014290,96 70 
1015805,59 80 
1016169,89 83 
1017208,12 64 1039
1017393,36 74 171
1017393,36 62 171
1018406,4 150 
1018437,39 68 
1020448,85 92 
1020448,85 65 
1020474,33 103 
1020474,33 101 
1021000,4 100 
1021000,4 5
1021000,4 2134
1021000,4 11
1022981,57 25 
1023687,37 75 
1024897,28 72 
1024966,55 70 
1026489,78 80 
1027551,88 83 
1027978,03 64 427
1028180,47 74 190
1028180,47 62 190
1029691,41 150 
1029712,73 68 
1030064,64 249
1030129,51 172 
1031223,35 92 
1031223,35 65 
1031243,26 103 
1031243,26 101 
1031771 100 
1031771 5
1031771 2134
1031771 11
1033749,47 25 
1034296,38 75 
1035503,44 72 
1035575,59 70 
1037093,01 80 
1038440,56 83 
1038864,45 64 424
1039032,03 74 152
1039032,03 62 152
1039542,59 150 
1039561,93 68 
1039913,16 249
1040624,99 172 
1041072,28 92 
1041072,28 65 
1041092,45 103 
1041092,45 101 
1041624,21 100 
1041624,21 5
1041624,21 2134
1041624,21 11
1043598,74 25 
1044238,82 75 
1045446,21 72 
1045518,04 70 
1047039,29 80 
1048103,25 83 
1048472,11 64 369
1048643,53 74 155
1048643,53 62 155
1049152,65 150 
1049171,43 68 
1049614,51 249
1049656,28 172 
1049882,93 92 
1049882,93 65 
1049902,16 103 
1049902,16 101 
1050431,35 100 
1050431,35 5
1050431,35 2134
1050431,35 11
1052408,54 25 
1052981,99 75 
1054190,73 72 
1054261,1 70 
1055775,28 80 
1057139,45 83 
1057515,74 64 377
1057682,88 74 144
1057682,88 62 144
1059194,1 152 
1059219,73 69 
1060126,85 93 
1060137,93 103 
1060137,93 101 
1062166,37 100 
1062166,37 5
1062166,37 2134
1062166,37 10
1064150,34 25 
1064777,02 75 
1065983,63 72 
1066056,2 70 
1067578,11 80 
1067948,41 83 
1068937,54 64 990
1069147,98 74 187
1069147,98 63 187
1070155,73 150 
1070175,87 68 
1072185,55 92 
1072185,55 65 
1072212,89 103 
1072212,89 101 
1072746,56 100 
1072746,56 5
1072746,56 2134
1072746,56 10
1074732,53 25 
1075266,04 75 
1076474,93 72 
1076798,47 70 
1078552,28 80 
1080063,55 250 
1080076,22 101 
1082089,47 100 
1082089,47 5
1082089,47 2134
1082089,47 10
1082089,47 25 
1082116,94 75 
1083324,08 72 
1083395,93 70 
1084914,18 80 
1086287,41 83 
1086866,01 64 579
1087107,71 74 221
1087107,71 63 221
1088618,3 150 
1088648,27 68 
1090656,93 92 
1090656,93 65 
1090671,92 103 
1090671,92 101 
1091197,91 100 
1091197,91 5
1091197,91 2134
1091197,91 10
1093178,22 25 
1093685,05 75 
1094891,61 72 
1094964,23 70 
1096493,5 80 
1096856,35 83 
1098083,24 64 1227
1098311,63 74 217
1098311,63 63 217
1099321,69 150 
1099350,46 68 
1100860,75 92 
1100860,75 65 
1100881,01 103 
1100881,01 101 
1101408,63 100 
1101408,63 5
1101408,63 2134
1101408,63 10
1103387,35 25 
1103627,78 75 
1104838,59 72 
1104906,84 70 
1106428,61 80 
1107505,32 83 
1108515,05 64 1010
1108721,08 74 190
1108721,08 63 190
1109229,74 150 
1109253,06 68 
1110162,16 92 
1110162,16 65 
1110183,85 103 
1110183,85 101 
1110715,53 100 
1110715,53 5
1110715,53 2134
1110715,53 10
1112690,15 25 
1113343,55 75 
1114550,93 72 
1114622,82 70 
1116146,52 80 
1117207,96 83 
1118030,22 64 822
1118246,46 74 200
1118246,46 63 200
1118754,6 150 
1118782,61 68 
1119196,99 249
1119492,23 92 
1119492,23 65 
1119513,38 103 
1119513,38 101 
1120043,8 100 
1120043,8 5
1120043,8 2134
1120043,8 11
1122020,48 25 
1122593,05 75 
1123801 72 
1123872,33 70 
1125393,43 80 
1126763,98 83 
1127351,93 64 588
1127540,98 74 164
1127540,98 62 164
1129050,1 150 
1129070,9 68 
1130581,3 92 
1130581,3 65 
1130602,04 103 
1130602,04 101 
1131129,31 100 
1131129,31 5
1131129,31 2134
1131129,31 10
1133108,47 25 
1133895,15 75 
1135105,24 72 
1135174,28 70 
1136699,33 80 
1137066,38 83 
1138170,42 64 1104
1138391,98 74 206
1138391,98 63 206
1139399,13 150 
1139427,19 68 
1141209,33 249
1141436,28 92 
1141436,28 65 
1141450,94 103 
1141450,94 101 
1141982,86 100 
1141982,86 5
1141982,86 2134
1141982,86 11
1143957,29 25 
1144557,32 75 
1145764,92 72 
1145836,52 70 
1147360,62 80 
1147728,75 83 
1148754,92 64 1027
1149013,3 74 245
1149013,3 62 245
1149524,33 150 
1149542,36 68 
1150254,81 92 
1150254,81 65 
1150273,9 103 
1150273,9 101 
1150801,17 100 
1150801,17 5
1150801,17 2134
1150801,17 11
1152780,21 25 
1153140,39 75 
1154349,25 72 
1154419,61 70 
1155939,48 80 
1157311,31 83 
1157967,8 64 657
1158141,63 74 151
1158141,63 62 151
1159151,33 150 
1159179,18 68 
1160091,02 92 
1160091,02 65 
1160109,82 103 
1160109,82 101 
1160637,85 100 
1160637,85 5
1160637,85 2134
1160637,85 10
1162616,18 25 
1163242,9 75 
1164450,77 72 
1164522,11 70 
1166053,08 80 
1167120,63 83 
1167562,01 64 442
1167783,74 74 197
1167783,74 63 197
1169291,46 150 
1169321,58 68 
1171330,15 92 
1171330,15 65 
1171345,21 103 
1171345,21 101 
1171880,17 100 
1171880,17 5
1171880,17 2134
1171880,17 11
1173864,82 25 
1174171,77 75 
1175381,04 72 
1175450,91 70 
1176971,31 80 
1178049,46 83 
1178644,67 64 596
1178842,35 74 180
1178842,35 62 180
1179350,24 152 
1179370,76 69 
1180083,21 93 
1180101,58 103 
1180101,58 101 
1182129,19 100 
1182129,19 5
1182129,19 2134
1182129,19 10
1184113,94 25 
1184141,45 75 
1185348,85 72 
1185420,12 70 
1186943,42 80 
1188311,84 83 
1188846,33 64 535
1189062,27 74 191
1189062,27 63 191
1190573,29 150 
1190592,95 68 
1192101,82 92 
1192101,82 65 
1192123,25 103 
1192123,25 101 
1192650,13 100 
1192650,13 5
1192650,13 2134
1192650,13 10
1194629,72 25 
1195389,57 75 
1196600,36 72 
1196668,85 70 
1198183,95 80 
1198547,67 83 
1200122,23 64 1575
1200333,67 74 187
1200333,67 63 187
1201345,22 150 
1201375 68 
1202134,43 249
1202289,02 92 
1202289,02 65 
1202305,7 103 
1202305,7 101 
1202841,32 100 
1202841,32 5
1202841,32 2134
1202841,32 10
1204825,41 25 
1206185,12 75 
1207393,96 72 
1207464,41 70 
1208988,91 80 
1210062,85 83 
1210564,33 64 502
1210822,13 74 240
1210822,13 63 240
1212330,21 150 
1212356,28 68 
1214365,4 92 
1214365,4 65 
1214380,72 103 
1214380,72 101 
1214906,93 100 
1214906,93 5
1214906,93 2134
1214906,93 11
1216887,01 25 
1217567,07 75 
1218775,02 72 
1218846,3 70 
1220365,97 80 
1221751,34 83 
1222133,6 64 383
1222290,64 74 140
1222290,64 62 140
1222798,81 150 
1222819,43 68 
1223529,72 92 
1223529,72 65 
1223550,24 103 
1223550,24 101 
1224080,14 100 
1224080,14 5
1224080,14 2134
1224080,14 10
1226056,6 25 
1226616,71 75 
1227825,85 72 
1227895,95 70 
1229421,1 80 
1229788 83 
1230709,58 64 922
1230917,96 74 184
1230917,96 63 184
1231925,68 150 
1231948,95 68 
1232861,08 92 
1232861,08 65 
1232879,7 103 
1232879,7 101 
1233411,64 100 
1233411,64 5
1233411,64 2134
1233411,64 11
1235399,35 25 
1236052,74 75 
1237260,27 72 
1237332 70 
1238853,94 80 
1239224,06 83 
1240359,06 64 1135
1240516,21 74 133
1240516,21 62 133
1241026,71 150 
1241051,85 68 
1242562,29 92 
1242562,29 65 
1242582,37 103 
1242582,37 101 
1243112,72 100 
1243112,72 5
1243112,72 2134
1243112,72 11
1245088,7 25 
1245768,76 75 
1246977,38 72 
1247047,96 70 
1248565,69 80 
1249633,12 83 
1250393,91 64 761
1250563,95 74 145
1250563,95 62 145
1251574,68 150 
1251594,2 68 
1252503,82 92 
1252503,82 65 
1252524,92 103 
1252524,92 101 
1253055,03 100 
1253055,03 5
1253055,03 2134
1253055,03 11
1255031,19 25 
1257084,17 75 
1258292,01 72 
1258363,26 70 
1259887,8 80 
1261255,06 83 
1262078,75 64 824
1262264,21 74 170
1262264,21 62 170
1263776,71 150 
1263802,39 68 
1264185,81 249
1264231,06 172 
1265810,61 92 
1265810,61 65 
1265827,88 103 
1265827,88 101 
1266358,86 100 
1266358,86 5
1266358,86 2134
1266358,86 10
1268332,52 25 
1269039,19 75 
1270248,95 72 
1270318,47 70 
1271840,06 80 
1272210,46 83 
1273165,88 64 956
1273398,89 74 216
1273398,89 63 216
1274907,9 150 
1274931,14 68 
1275350,93 249
1275480,89 173 
1275643,29 92 
1275643,29 65 
1275661,99 103 
1275661,99 101 
1276188,11 100 
1276188,11 5
1276188,11 2134
1276188,11 10
1278168,28 25 
1278915,13 75 
1280122,64 72 
1280194,22 70 
1281722,65 80 
1283085,93 83 
1283535,25 64 449
1283765,12 74 213
1283765,12 63 213
1284773,65 150 
1284793,74 68 
1285462,05 249
1286303,6 92 
1286303,6 65 
1286324,25 103 
1286324,25 101 
1286850,33 100 
1286850,33 5
1286850,33 2134
1286850,33 10
1288830,61 25 
1289523,97 75 
1290731,9 72 
1290976,44 70 
1292603,97 80 
1293681,56 83 
1294164,95 64 484
1294413,72 74 226
1294413,72 63 226
1294922,53 152 
1294949,15 69 
1295209,73 249 
1295897,04 183 
1296960,96 93 
1296973,18 103 
1296973,18 101 
1299005,59 100 
1299005,59 5
1299005,59 2134
1299005,59 10
1300985,5 25 
1301013,06 75 
1302220,22 72 
1302291,78 70 
1303814,87 80 
1304890,26 83 
1307537,01 64 2647
1307750,71 74 196
1307750,71 63 196
1308763,26 150 
1308783,03 68 
1309490,69 92 
1309490,69 65 
1309514,71 103 
1309514,71 101 
1310041,79 100 
1310041,79 5
1310041,79 2134
1310041,79 11
1312020,95 25 
1312381,2 75 
1313587,67 72 
1313660,37 70 
1315183,6 80 
1315552,52 83 
1316854,84 64 1303
1317031,48 74 159
1317031,48 62 159
1318542,77 150 
1318566,39 68 
1320077,08 92 
1320077,08 65 
1320096,97 103 
1320096,97 101 
1320624,71 100 
1320624,71 5
1320624,71 2134
1320624,71 11
1322603,23 25 
1323349,96 75 
1324559,3 72 
1324629,26 70 
1326152,09 80 
1327520,88 83 
1328059,1 64 538
1328236,91 74 157
1328236,91 62 157
1328747,83 150 
1328775,62 68 
1329683,48 92 
1329683,48 65 
1329706,31 103 
1329706,31 101 
1330244,9 100 
1330244,9 5
1330244,9 2134
1330244,9 11
1332225,9 25 
1333052,64 75 
1334260,07 72 
1334331,86 70 
1335854,7 80 
1336223,98 83 
1337274,14 64 1050
1337480,75 74 191
1337480,75 62 191
1338987,52 152 
1339012,48 69 
1339721,81 93 
1339742,14 103 
1339742,14 101 
1341769,76 100 
1341769,76 5
1341769,76 2134
1341769,76 10
1343754,55 25 
1343782,65 75 
1344991,19 72 
1345060,76 70 
1346585,91 80 
1347952,39 83 
1348416,87 64 465
1348606,73 74 175
1348606,73 63 175
1349117,82 150 
1349140,59 68 
1350650,43 92 
1350650,43 65 
1350670,97 103 
1350670,97 101 
1351198,19 100 
1351198,19 5
1351198,19 2134
1351198,19 10
1353177,27 25 
1353284,2 75 
1354492,55 72 
1354563,44 70 
1356089,27 80 
1357161,95 83 
1357870,46 64 709
1358104,56 74 210
1358104,56 63 210
1359111,8 150 
1359136,27 68 
1360046,53 92 
1360046,53 65 
1360067,07 103 
1360067,07 101 
1360597,9 100 
1360597,9 5
1360597,9 2134
1360597,9 10
1362573,51 25 
1362973,56 75 
1364180,53 72 
1364252,79 70 
1365780,5 80 
1367144,49 83 
1367733,72 64 590
1367937,2 74 180
1367937,2 63 180
1369447,5 150 
1369465,65 68 
1369922,37 249
1371476,94 92 
1371476,94 65 
1371489,13 103 
1371489,13 101 
1372016,73 100 
1372016,73 5
1372016,73 2134
1372016,73 11
1373995,29 25 
1374596,46 75 
1375802,52 72 
1375876,35 70 
1377394,6 80 
1378473,1 83 
1379335,85 64 863
1379533,66 74 182
1379533,66 62 182
1380045,17 150 
1380073,54 68 
1382084,56 92 
1382084,56 65 
1382098,22 103 
1382098,22 101 
1382624,55 100 
1382624,55 5
1382624,55 2134
1382624,55 11
1384604,28 25 
1385350,92 75 
1386561,24 72 
1386630,21 70 
1388147,74 80 
1388508,99 83 
1389807,79 64 1299
1389999,14 74 171
1389999,14 62 171
1391010,12 150 
1391029,83 68 
1391400,39 249
1391508,09 172 
1392540,96 92 
1392540,96 65 
1392560,24 103 
1392560,24 101 
1393092,79 100 
1393092,79 5
1393092,79 2134
1393092,79 11
1395079,89 25 
1395680,01 75 
1396886,82 72 
1397132,51 70 
1398922,01 80 
1400157,53 83 
1401013,01 64 856
1401172,68 74 136
1401172,68 62 136
1402684,33 150 
1402705,01 68 
1403068,37 249
1403187,97 172 
1403416,03 92 
1403416,03 65 
1403435,75 103 
1403435,75 101 
1403962,59 100 
1403962,59 5
1403962,59 2134
1403962,59 10
1405942,12 25 
1406662,18 75 
1407871,33 72 
1407941,33 70 
1409456,09 80 
1409820,14 83 
1410767,98 64 948
1411022,71 74 230
1411022,71 63 230
1412035,42 150 
1412061,04 68 
1412970,07 92 
1412970,07 65 
1412991,8 103 
1412991,8 101 
1413518 100 
1413518 5
1413518 2134
1413518 10
1415498,09 25 
1416191,55 75 
1417398,26 72 
1417470,75 70 
1418983,84 80 
1420335,79 83 
1421124,66 64 790
1421343,24 74 195
1421343,24 63 195
1421850,99 150 
1421870 68 
1423378,41 92 
1423378,41 65 
1423400,84 103 
1423400,84 101 
1423929,78 100 
1423929,78 5
1423929,78 2134
1423929,78 11
1425907,28 25 
1426427,29 75 
1427634,2 72 
1427706,52 70 
1429225,33 80 
1429572,05 83 
1430689,63 64 1118
1430942,85 74 239
1430942,85 62 239
1432454,64 150 
1432479,28 68 
1433389,26 92 
1433389,26 65 
1433410,01 103 
1433410,01 101 
1433939,57 100 
1433939,57 5
1433939,57 2134
1433939,57 11
1435916,33 25 
1436637,47 75 
1437844,98 72 
1437915,69 70 
1439428,36 80 
1440500,76 83 
1441135,78 64 636
1441307,53 74 155
1441307,53 62 155
1442320,75 150 
1442341,91 68 
1442751,01 249
1442772,37 172 
1443049,79 92 
1443049,79 65 
1443072,69 103 
1443072,69 101 
1443598,77 100 
1443598,77 5
1443598,77 2134
1443598,77 10
1445579 25 
1446392,39 75 
1447601,61 72 
1447671,54 70 
1449186,93 80 
1450549,96 83 
1450989,34 64 439
1451211,22 74 195
1451211,22 63 195
1451719,61 150 
1451738,02 68 
1453747,1 92 
1453747,1 65 
1453761,61 103 
1453761,61 101 
1454294,71 100 
1454294,71 5
1454294,71 2134
1454294,71 10
1456281,32 25 
1457041,29 75 
1458247,76 72 
1458320,52 70 
1459837,32 80 
1461198,85 83 
1462040 64 841
1462281,81 74 217
1462281,81 63 217
1462793,64 152 
1462813,02 69 
1464751,42 249 
1464822,11 93 
1464837 103 
1464837 101 
1466864,29 100 
1466864,29 5
1466864,29 2134
1466864,29 10
1468849,41 25 
1468877,25 75 
1470085,44 72 
1470155,56 70 
1471673,63 80 
1472727,46 83 
1474458,26 64 1731
1474699,11 74 226
1474699,11 63 226
1475708,17 150 
1475727,99 68 
1477209,94 249
1477236,82 92 
1477236,82 65 
1477258,54 103 
1477258,54 101 
1477784,88 100 
1477784,88 5
1477784,88 2134
1477784,88 11
1479764,88 25 
1480005,11 75 
1481213,33 72 
1481284,33 70 
1482799,34 80 
1483163,07 83 
1484629,91 64 1467
1484802,3 74 147
1484802,3 62 147
1486311,67 150 
1486336,26 68 
1486675 249
1487045,63 92 
1487045,63 65 
1487067,82 103 
1487067,82 101 
1487601,74 100 
1487601,74 5
1487601,74 2134
1487601,74 10
1489587,53 25 
1489974,49 75 
1491182,15 72 
1491253,51 70 
1492772,57 80 
1493118,99 83 
1494231,92 64 1113
1494463,61 74 213
1494463,61 63 213
1495471,55 150 
1495492,42 68 
1496402,13 92 
1496402,13 65 
1496423,95 103 
1496423,95 101 
1496951,36 100 
1496951,36 5
1496951,36 2134
1496951,36 11
1498930,24 25 
1499517,13 75 
1500723,82 72 
1500796,29 70 
1502311,41 80 
1504087,79 83 
1504456,86 64 370
1504640,78 74 167
1504640,78 62 167
1506150,31 150 
1506168,88 68 
1506878 92 
1506878 65 
1506899,63 103 
1506899,63 101 
1507426,67 100 
1507426,67 5
1507426,67 2134
1507426,67 10
1509406,1 25 
1510032,66 75 
1511242,88 72 
1511311,85 70 
1512831,56 80 
1513897,11 83 
1515638,39 64 1741
1515868,44 74 212
1515868,44 63 212
1516378,37 150 
1516404,76 68 
1517914,71 92 
1517914,71 65 
1517935,02 103 
1517935,02 101 
1518465,77 100 
1518465,77 5
1518465,77 2134
1518465,77 11
1520441,38 25 
1521334,64 75 
1522542,42 72 
1522613,87 70 
1524140,33 80 
1525199,1 83 
1525648,96 64 450
1525821,04 74 156
1525821,04 62 156
1527329,08 150 
1527346,86 68 
1528256,58 92 
1528256,58 65 
1528277,4 103 
1528277,4 101 
1528806,68 100 
1528806,68 5
1528806,68 2134
1528806,68 11
1530783,73 25 
1531450,47 75 
1532658,44 72 
1532729,67 70 
1534249,96 80 
1534621,8 83 
1535829,92 64 1209
1536020,45 74 173
1536020,45 62 173
1536531,5 150 
1536556,17 68 
1536897,76 249
1537037,85 172 
1538565,26 92 
1538565,26 65 
1538579,85 103 
1538579,85 101 
1539112,29 100 
1539112,29 5
1539112,29 2134
1539112,29 11
1541086,16 25 
1545204,81 75 
1546412,99 72 
1546484 70 
1548023,92 80 
1549402,35 83 
1549901,27 64 499
1550065,72 74 144
1550065,72 62 144
1551078,18 150 
1551097,2 68 
1553107,53 92 
1553107,53 65 
1553120,61 103 
1553120,61 101 
1553649,69 100 
1553649,69 5
1553649,69 2134
1553649,69 11
1555626,78 25 
1556374,6 75 
1557584,98 72 
1557652,73 70 
1559168,87 80 
1560531,09 83 
1561043,46 64 513
1561222,82 74 159
1561222,82 62 159
1562230,46 152 
1562251,5 69 
1562963,85 93 
1562983,06 103 
1562983,06 101 
1565009,71 100 
1565009,71 5
1565009,71 2134
1565009,71 10
1566995,38 25 
1567022,76 75 
1568228,94 72 
1568301,62 70 
1569825,44 80 
1570886,78 83 
1598461,41 64 27575
1598688,15 74 213
1598688,15 63 213
1599197,01 150 
1599223,57 68 
1600732,26 92 
1600732,26 65 
1600754,09 103 
1600754,09 101 
1601280,37 100 
1601280,37 5
1601280,37 2134
1601280,37 10
1603260,42 25 
1603447,34 75 
1604655,68 72 
1604726,52 70 
1606255,14 80 
1606618,65 83 
1608501,11 64 1883
1608702,02 74 178
1608702,02 63 178
1610214,21 150 
1610232,55 68 
1611140,92 92 
1611140,92 65 
1611163,18 103 
1611163,18 101 
1611695,98 100 
1611695,98 5
1611695,98 2134
1611695,98 10
1613682,78 25 
1614416,11 75 
1615626,3 72 
1615868,58 70 
1617543,94 80 
1618760,31 83 
1619214,74 64 455
1619435,69 74 196
1619435,69 63 196
1620442,84 150 
1620468,12 68 
1621980,03 92 
1621980,03 65 
1621998,6 103 
1621998,6 101 
1622529,45 100 
1622529,45 5
1622529,45 2134
1622529,45 11
1624505,16 25 
1625145,04 75 
1626354,5 72 
1626424,28 70 
1627944,58 80 
1629315,93 83 
1629904,64 64 589
1630083,7 74 155
1630083,7 62 155
1631592,55 150 
1631610,3 68 
1632013,37 249
1632111,23 172 
1632320,33 92 
1632320,33 65 
1632341,01 103 
1632341,01 101 
1632868,77 100 
1632868,77 5
1632868,77 2134
1632868,77 10
1634847,31 25 
1635594,09 75 
1636800,88 72 
1636873,27 70 
1638390,87 80 
1638752,03 83 
1640117,74 64 1366
1640351,91 74 214
1640351,91 63 214
1640863,56 150 
1640885,61 68 
1641088,09 249
1641257,54 173 
1642895,59 92 
1642895,59 65 
1642910,05 103 
1642910,05 101 
1643439,95 100 
1643439,95 5
1643439,95 2134
1643439,95 10
1645416,27 25 
1646056,4 75 
1647267,08 72 
1647335,55 70 
1648852,62 80 
1649214,39 83 
1650494,34 64 1280
1650713,32 74 206
1650713,32 63 206
1651725,02 150 
1651747,71 68 
1652657,96 92 
1652657,96 65 
1652679,33 103 
1652679,33 101 
1653207,37 100 
1653207,37 5
1653207,37 2134
1653207,37 11
1655185,72 25 
1655852,29 75 
1657059,02 72 
1657131,53 70 
1658650,98 80 
1660023,2 83 
2000778,23 64 340755
2001001,91 74 200
2001001,91 62 200
2002511,26 150 
2002536,6 68 
2003446,85 92 
2003446,85 65 
2003467,39 103 
2003467,39 101 
2003995,31 100 
2003995,31 5
2003995,31 2134
2003995,31 11
2005973,7 25 
2006547,32 75 
2007754,55 72 
2007986,29 70 
2009561,74 80 
2010797,96 83 
2011429,5 64 632
2011595,7 74 145
2011595,7 62 145
2012107,85 150 
2012131,89 68 
2012841,24 92 
2012841,24 65 
2012863,47 103 
2012863,47 101 
2013398,74 100 
2013398,74 5
2013398,74 2134
2013398,74 10
2015383,15 25 
2015610,05 75 
2016818,89 72 
2017009,18 70 
2018535,21 80 
2018901,29 83 
2020016,52 64 1116
2020238,81 74 205
2020238,81 63 205
2020747,58 150 
2020768,39 68 
2022276,79 92 
2022276,79 65 
2022299,56 103 
2022299,56 101 
2022825,8 100 
2022825,8 5
2022825,8 2134
2022825,8 10
2024805,86 25 
2025046,11 75 
2026256,52 72 
2026325,37 70 
2027840,8 80 
2029203,72 83 
2029606,49 64 404
2029822,81 74 193
2029822,81 63 193
2030832,51 152 
2030857,78 69 
2032866,55 93 
2032881,87 103 
2032881,87 101 
2034910,17 100 
2034910,17 5
2034910,17 2134
2034910,17 11
2036894,19 25 
2036921,67 75 
2038127,84 72 
2038200,42 70 
2039714,55 80 
2040772,25 83 
2041390,65 64 619
2041581,59 74 170
2041581,59 62 170
2043093,95 150 
2043119,82 68 
2045129,42 92 
2045129,42 65 
2045143,45 103 
2045143,45 101 
2045673,8 100 
2045673,8 5
2045673,8 2134
2045673,8 10
2047649,71 25 
2047956,67 75 
2049162,5 72 
2049235,83 70 
2050763,01 80 
2051128,02 83 
2052394,67 64 1267
2052608,4 74 201
2052608,4 63 201
2054118,71 150 
2054141,22 68 
2055654,93 92 
2055654,93 65 
2055673,33 103 
2055673,33 101 
2056199,54 100 
2056199,54 5
2056199,54 2134
2056199,54 11
2058178,77 25 
2058579,82 75 
2059789,15 72 
2059858,12 70 
2061372,76 80 
2062430,07 83 
2063034,4 64 604
2063234,12 74 178
2063234,12 62 178
2064244,21 150 
2064271,08 68 
2065182,22 92 
2065182,22 65 
2065201,77 103 
2065201,77 101 
2065730,19 100 
2065730,19 5
2065730,19 2134
2065730,19 11
2067708,13 25 
2068254,95 75 
2069464,03 72 
2069534,13 70 
2071048,08 80 
2072412,46 83 
2072898,46 64 487
2073074,65 74 156
2073074,65 62 156
2073582,88 150 
2073600,7 68 
2073990,83 249
2074149,24 172 
2074312,26 92 
2074312,26 65 
2074331,36 103 
2074331,36 101 
2074870,68 100 
2074870,68 5
2074870,68 2134
2074870,68 10
2076850,97 25 
2077531,05 75 
2078736,69 72 
2078810,26 70 
2080324,5 80 
2081395,56 83 
2082220,39 64 825
2082437,03 74 202
2082437,03 63 202
2083947,98 150 
2083969,5 68 
2085980,42 92 
2085980,42 65 
2086006,53 103 
2086006,53 101 
2086532,8 100 
2086532,8 5
2086532,8 2134
2086532,8 11
2088512,88 25 
2088979,94 75 
2090189,37 72 
2090258,86 70 
2091774,04 80 
2093137,24 83 
2093625,46 64 489
2093792,2 74 149
2093792,2 62 149
2094304,01 150 
2094325,22 68 
2095035,74 92 
2095035,74 65 
2095056,13 103 
2095056,13 101 
2095583,25 100 
2095583,25 5
2095583,25 2134
2095583,25 11
2097562,38 25 
2098242,52 75 
2099452,25 72 
2099521,76 70 
2101033,79 80 
2101413,86 83 
2102925 64 1512
2103115,29 74 169
2103115,29 62 169
2104124,47 150 
2104147,94 68 
2105057,12 92 
2105057,12 65 
2105078,61 103 
2105078,61 101 
2105607,93 100 
2105607,93 5
2105607,93 2134
2105607,93 10
2107584,99 25 
2107851,91 75 
2109061,59 72 
2109131,15 70 
2110646,36 80 
2111702,89 83 
2112442,81 64 740
2112670,28 74 208
2112670,28 63 208
2113681,65 150 
2113703,13 68 
2115213,79 92 
2115213,79 65 
2115234,41 103 
2115234,41 101 
2115769,24 100 
2115769,24 3
2115769,24 2134
2115769,24 11
2115769,24 78 
2115769,24 198 
2117754,16 25 
2118380,85 75 
2119589,14 72 
2119833,3 70 
2121410,11 80 
2123004,88 83 
2123450,76 64 446
2123664,86 74 194
2123664,86 62 194
2124175,65 151 
2124206,18 69 
2124917,6 93 
2124937,08 103 
2124937,08 101 
2126966,26 100 
2126966,26 3
2126966,26 2134
2126966,26 10
2128949,42 25 
2128989,97 75 
2130197,62 72 
2130269 70 
2131795,99 80 
2132161,08 83 
2133444,49 64 1284
2133658,88 74 192
2133658,88 63 192
2135169,49 151 
2135187,7 69 
2136352,58 249 
2136423,31 256 
2137746,43 183 
2139245,25 93 
2139264,43 103 
2139264,43 101 
2141296,51 100 
2141296,51 3
2141296,51 2134
2141296,51 11
2143276,87 25 
2143304 75 
2144514,2 72 
2144583,03 70 
2146105,86 80 
2147474,75 83 
2148057,99 64 584
2148230,25 74 156
2148230,25 62 156
2149743 151 
2149769,01 69 
2150675,89 93 
2150686,4 103 
2150686,4 101 
2152713,57 100 
2152713,57 3
2152713,57 2134
2152713,57 10
2154698,78 25 
2154726,12 75 
2155934,57 72 
2156004,98 70 
2157533 80 
2157897,08 83 
2159167,18 64 1270
2159205,59 256 
2159447,52 74 258
2159447,52 63 258
2159956,59 151 
2159976,94 69 
2161242,82 256 
2161269,27 249 
2165112,92 182 
2182261,37 93 
2182273,33 103 
2182273,33 101 
2184300,04 100 
2184300,04 3
2184300,04 2134
2184300,04 10
2186285,66 25 
2186313,13 75 
2187519,51 72 
2187591,9 70 
2189121,44 80 
2190190,44 83 
2191214,2 64 1024
2191427,93 74 198
2191427,93 61 198
2192438,03 151 
2192458,66 69 
2194465,49 93 
2194481,6 103 
2194481,6 101 
2196517,6 100 
2196517,6 3
2196517,6 2134
2196517,6 11
2198493,92 25 
2199000,8 75 
2200210,26 72 
2200279,98 70 
2201806,76 80 
2203171,68 83 
2204074,11 64 903
2204283,8 74 193
2204283,8 63 193
2205791,28 150 
2205812,46 68 
2206723,76 92 
2206723,76 65 
2206743,22 103 
2206743,22 101 
2207271,45 100 
2207271,45 3
2207271,45 2134
2207271,45 10
2209249,6 25 
2209449,75 75 
2210658,14 72 
2210729,02 70 
2212254,33 80 
2213327,46 83 
2214848,51 64 1522
2215094,18 74 221
2215094,18 63 221
2216107,08 151 
2216128,1 69 
2216836,31 93 
2216845,69 103 
2216845,69 101 
2218873,21 100 
2218873,21 3
2218873,21 2134
2218873,21 11
2220858,05 25 
2220885,31 75 
2222092,52 72 
2222337,52 70 
2223953,84 80 
2224322,89 83 
2225244,05 64 921
2225457,5 74 202
2225457,5 62 202
2225968,65 151 
2225990,41 69 
2227500,79 93 
2227521,25 103 
2227521,25 101 
2229557,22 100 
2229557,22 3
2229557,22 2134
2229557,22 10
2231533,66 25 
2231560,8 75 
2232770,39 72 
2232839,85 70 
2234380,38 80 
2235758,37 83 
2236219,42 64 461
2236413,49 74 176
2236413,49 62 176
2237921,19 152 
2237945,14 69 
2239956,07 93 
2239969,44 103 
2239969,44 101 
2241996,7 100 
2241996,7 3
2241996,7 2134
2241996,7 11
2243981,77 25 
2244008,96 75 
2245215,94 72 
2245288,04 70 
2246813,12 80 
2247886,51 83 
2248580,98 64 695
2248753,81 74 148
2248753,81 61 148
2249265,23 151 
2249287,76 69 
2250198,11 93 
2250218,51 103 
2250218,51 101 
2252250,13 100 
2252250,13 3
2252250,13 2134
2252250,13 10
2254230,91 25 
2254258,71 75 
2255467,09 72 
2255537,2 70 
2257064,43 80 
2257429,24 83 
2258731,48 64 1302
2258911,32 74 163
2258911,32 62 163
2259920,8 150 
2259949,99 68 
2260660,15 92 
2260660,15 65 
2260680,85 103 
2260680,85 101 
2261211,04 100 
2261211,04 3
2261211,04 2134
2261211,04 10
2263187,14 25 
2263813,96 75 
2265024,36 72 
2265093,15 70 
2266617,49 80 
2266985,23 83 
2268173,05 64 1188
2268367,84 74 170
2268367,84 62 170
2268876,2 150 
2268906,38 68 
2269458,83 249
2269683,22 172 
2270414,27 92 
2270414,27 65 
2270436,83 103 
2270436,83 101 
2270965,4 100 
2270965,4 3
2270965,4 2134
2270965,4 10
2272943,15 25 
2273583,24 75 
2274790,17 72 
2274862,42 70 
2276395,44 80 
2277767,46 83 
2278291,34 64 524
2278458,47 74 144
2278458,47 62 144
2279470,24 150 
2279488,64 68 
2281498,65 92 
2281498,65 65 
2281525,55 103 
2281525,55 101 
2282052,97 100 
2282052,97 3
2282052,97 2134
2282052,97 10
2284031,96 25 
2284698,64 75 
2285907,27 72 
2285977,83 70 
2287498,68 80 
2288576,3 83 
2289445,33 64 869
2289618,94 74 150
2289618,94 62 150
2291128,39 150 
2291150,4 68 
2291495,59 249
2291726,26 172 
2292061,34 92 
2292061,34 65 
2292081,17 103 
2292081,17 101 
2292612,88 100 
2292612,88 3
2292612,88 2134
2292612,88 11
2294587,65 25 
2295094,35 75 
2296301,38 72 
2296373,54 70 
2297894,02 80 
2298971,99 83 
2300165,18 64 1193
2300369,61 74 186
2300369,61 63 186
2301881,98 150 
2301906,02 68 
2303414,23 92 
2303414,23 65 
2303436,51 103 
2303436,51 101 
2303965,25 100 
2303965,25 3
2303965,25 2134
2303965,25 11
2305942,78 25 
2306636,22 75 
2307845,13 72 
2307915,45 70 
2309440,87 80 
2310807,19 83 
2311929,27 64 1122
2312175,96 74 223
2312175,96 61 223
2313186,51 153 
2313208,17 68 
2313918,05 92 
2313918,05 65 
2313938,79 103 
2313938,79 101 
2314465,5 100 
2314465,5 3
2314465,5 2134
2314465,5 11
2316445,1 25 
2317604,99 75 
2318813,88 72 
2318884,2 70 
2320405,99 80 
2320789,66 83 
2321893,17 64 1104
2322076,96 74 168
2322076,96 62 168
2322588,2 151 
2322617,38 69 
2324627,87 93 
2324641,06 103 
2324641,06 101 
2326672,15 100 
2326672,15 3
2326672,15 2134
2326672,15 11
2328653,42 25 
2329146,89 75 
2330354,94 72 
2330599,41 70 
2332277,3 80 
2332784,7 83 
2333977,17 64 1193
2334188,23 74 191
2334188,23 61 191
2335695,66 151 
2335717,97 69 
2337228,85 93 
2337249,16 103 
2337249,16 101 
2339276,93 100 
2339276,93 3
2339276,93 2134
2339276,93 10
2341261,52 25 
2341289,01 75 
2342497,64 72 
2342567,78 70 
2344087,81 80 
2345459,47 83 
2345793,91 64 335
2345992,15 74 186
2345992,15 62 186
2346500,16 150 
2346527,1 68 
2347235,76 92 
2347235,76 65 
2347258,42 103 
2347258,42 101 
2347785,6 100 
2347785,6 3
2347785,6 2134
2347785,6 11
2349764,65 25 
2349884,94 75 
2351092,33 72 
2351164,17 70 
2352683,24 80 
2353736,11 83 
2354384,6 64 649
2354615,13 74 213
2354615,13 61 213
2355625,8 151 
2355657,09 69 
2355927,86 249 
2356564,57 93 
2356574,54 103 
2356574,54 101 
2358616,6 100 
2358616,6 3
2358616,6 2134
2358616,6 11
2360587,27 25 
2360614 75 
2361822,35 72 
2361893,07 70 
2363420,1 80 
2364491,54 83 
2364901,89 64 411
2365112,9 74 195
2365112,9 63 195
2366620,9 150 
2366638,77 68 
2367549,51 92 
2367549,51 65 
2367569,93 103 
2367569,93 101 
2368096,06 100 
2368096,06 3
2368096,06 2134
2368096,06 10
2370076,23 25 
2370543,08 75 
2371749,75 72 
2371822,31 70 
2373344,55 80 
2374713,98 83 
2375159,25 64 445
2375362,26 74 182
2375362,26 62 182
2375870,85 150 
2375901,96 68 
2377910,95 92 
2377910,95 65 
2377925,68 103 
2377925,68 101 
2378452,79 100 
2378452,79 3
2378452,79 2134
2378452,79 10
2380431,99 25 
2380818,86 75 
2382029,41 72 
2382098,1 70 
2383618,76 80 
2384003,48 83 
2385133,18 64 1130
2385324,2 74 175
2385324,2 62 175
2386332,81 150 
2386350,37 68 
2387060,19 92 
2387060,19 65 
2387081,89 103 
2387081,89 101 
2387610,79 100 
2387610,79 3
2387610,79 2134
2387610,79 11
2389588,17 25 
2390201,58 75 
2391412 72 
2391480,9 70 
2393003,18 80 
2394079,32 83 
2394626,63 64 548
2394877,48 74 226
2394877,48 63 226
2396386,68 152 
2396412,78 69 
2397922,13 93 
2397944,03 103 
2397944,03 101 
2399974,3 100 
2399974,3 3
2399974,3 2134
2399974,3 10
2401956,5 25 
2401983,7 75 
2403190,04 72 
2403262,63 70 
2404786,2 80 
2406154,32 83 
2406358,04 64 204
2406578,34 74 197
2406578,34 62 197
2407090,21 150 
2407114,99 68 
2407474,17 249
2407523,73 172 
2408622,82 92 
2408622,82 65 
2408646,26 103 
2408646,26 101 
2409175,04 100 
2409175,04 3
2409175,04 2134
2409175,04 11
2411152,57 25 
2411672,69 75 
2412881,61 72 
2412951,92 70 
2414471,17 80 
2414844,05 83 
2417275,61 64 2432
2417482,96 74 187
2417482,96 62 187
2418492,28 151 
2418511,04 69 
2419218,26 93 
2419228,62 103 
2419228,62 101 
2421258,46 100 
2421258,46 3
2421258,46 2134
2421258,46 11
2423240,98 25 
2423268,11 75 
2424474,47 72 
2424547,12 70 
2426079,65 80 
2427145,67 83 
2427742,43 64 597
2427981,17 74 223
2427981,17 61 223
2429489,82 151 
2429519,42 69 
2430430,37 93 
2430450,61 103 
2430450,61 101 
2432478,05 100 
2432478,05 3
2432478,05 2134
2432478,05 11
2434462,96 25 
2435530,52 75 
2436737,9 72 
2436968,78 70 
2438640,27 80 
2440206,86 83 
2440833,43 64 626
2441076,24 74 230
2441076,24 62 230
2442088,11 151 
2442114,58 69 
2443306,19 249 
2443390,44 182 
2444123,16 93 
2444142,04 103 
2444142,04 101 
2446165,05 100 
2446165,05 3
2446165,05 2134
2446165,05 10
2448150,59 25 
2448737,35 75 
2449947,22 72 
2450016,55 70 
2451547,51 80 
2451908,7 83 
2452894,93 64 987
2453105,21 74 197
2453105,21 62 197
2453615,11 150 
2453643,29 68 
2454354,8 92 
2454354,8 65 
2454374,03 103 
2454374,03 101 
2454902,57 100 
2454902,57 3
2454902,57 2134
2454902,57 10
2456880,31 25 
2457280,48 75 
2458489,32 72 
2458559,82 70 
2460085,44 80 
2461451,58 83 
2462177,26 64 726
2462352,49 74 155
2462352,49 62 155
2462863,84 150 
2462891,54 68 
2463273,76 249
2463625,45 172 
2464404,77 92 
2464404,77 65 
2464423,28 103 
2464423,28 101 
2464952,34 100 
2464952,34 3
2464952,34 2134
2464952,34 11
2466929,67 25 
2467169,83 75 
2468378,4 72 
2468448,95 70 
2469965,85 80 
2471020,81 83 
2472402,37 64 1382
2472598,67 74 179
2472598,67 63 179
2473606 150 
2473634,85 68 
2474021,47 249
2474106,33 173 
2475643,02 92 
2475643,02 65 
2475671,83 103 
2475671,83 101 
2476198,77 100 
2476198,77 3
2476198,77 2134
2476198,77 10
2478178,14 25 
2478218,5 75 
2479427,68 72 
2479497,69 70 
2481007,11 80 
2481376,6 83 
2482434,43 64 1058
2482692,96 74 237
2482692,96 62 237
2484204,73 150 
2484230,54 68 
2484672,54 249
2484706,64 172 
2485139,47 92 
2485139,47 65 
2485161,26 103 
2485161,26 101 
2485696,19 100 
2485696,19 3
2485696,19 2134
2485696,19 10
2487680,89 25 
2487709,29 75 
2488919,12 72 
2488987,14 70 
2490503,93 80 
2490866,01 83 
2492069,83 64 1204
2492282,64 74 191
2492282,64 63 191
2492792,13 153 
2492813,7 68 
2494327,05 92 
2494327,05 65 
2494344,18 103 
2494344,18 101 
2494871,49 100 
2494871,49 3
2494871,49 2134
2494871,49 11
2496850,43 25 
2497930,49 75 
2499139,73 72 
2499209,57 70 
2500721,78 80 
2501794,69 83 
2502827,31 64 1033
2503071,31 74 224
2503071,31 63 224
2504082,07 150 
2504102,22 68 
2505638,37 249
2506111,72 92 
2506111,72 65 
2506126,03 103 
2506126,03 101 
2506653,45 100 
2506653,45 3
2506653,45 2134
2506653,45 10
2508632,2 25 
2509085,7 75 
2510295,05 72 
2510364,91 70 
2511879,34 80 
2513243,37 83 
2513765,44 64 522
2514041,5 74 253
2514041,5 63 253
2515551,27 151 
2515577,46 69 
2516288,64 93 
2516308,36 103 
2516308,36 101 
2518343,41 100 
2518343,41 3
2518343,41 2134
2518343,41 10
2520320,68 25 
2520934,14 75 
2522141,73 72 
2522213,36 70 
2523737,11 80 
2524798,56 83 
2525851,59 64 1054
2525877,9 256 
2526141,22 74 277
2526141,22 63 277
2527152,38 151 
2527172,38 69 
2528084,34 93 
2528103,48 103 
2528103,48 101 
2530129,72 100 
2530129,72 3
2530129,72 2134
2530129,72 11
2532115,87 25 
2532143,35 75 
2533350,98 72 
2533422,08 70 
2534934,66 80 
2536300,4 83 
2536750,17 64 450
2536950,77 74 184
2536950,77 62 184
2538461,29 151 
2538487,61 69 
2539195,61 93 
2539205,73 103 
2539205,73 101 
2541234,23 100 
2541234,23 3
2541234,23 2134
2541234,23 10
2543217,9 25 
2543245,13 75 
2544452,59 72 
2544524,09 70 
2546041,43 80 
2546403,04 83 
2547422,69 64 1020
2547596,04 74 154
2547596,04 62 154
2548106,44 150 
2548136,63 68 
2548523,96 249
2548644,28 172 
2549644,4 92 
2549644,4 65 
2549667,9 103 
2549667,9 101 
2550198,02 100 
2550198,02 3
2550198,02 2134
2550198,02 11
2552174,18 25 
2552427,77 75 
2553635,16 72 
2553866,95 70 
2555645,94 80 
2556385,44 83 
2557483,2 64 1098
2557722,72 74 218
2557722,72 63 218
2558231,34 150 
2558253,26 68 
2560264,24 92 
2560264,24 65 
2560290,14 103 
2560290,14 101 
2560816,36 100 
2560816,36 3
2560816,36 2134
2560816,36 11
2562796,55 25 
2563170,02 75 
2564378,8 72 
2564449,19 70 
2565979,14 80 
2567340,88 83 
2567762,27 64 421
2567976,31 74 196
2567976,31 63 196
2568988,11 150 
2569008,94 68 
2569919,85 92 
2569919,85 65 
2569939,51 103 
2569939,51 101 
2570472,18 100 
2570472,18 3
2570472,18 2134
2570472,18 10
2572445,83 25 
2573325,83 75 
2574533,47 72 
2574604,99 70 
2576125,15 80 
2577190,46 83 
2577713,47 64 524
2577906,17 74 170
2577906,17 62 170
2579416,6 150 
2579444,4 68 
2580353,23 92 
2580353,23 65 
2580375,17 103 
2580375,17 101 
2580907,83 100 
2580907,83 3
2580907,83 2134
2580907,83 10
2582881,8 25 
2583268,33 75 
2584476,59 72 
2584547,55 70 
2586064,66 80 
2586426,38 83 
2587914,85 64 1489
2588096,03 74 164
2588096,03 62 164
2589604,59 150 
2589626,16 68 
2590337,9 92 
2590337,9 65 
2590357,68 103 
2590357,68 101 
2590884,29 100 
2590884,29 3
2590884,29 2134
2590884,29 11
2592863,98 25 
2593544,11 75 
2594754,15 72 
2594823,36 70 
2596345,15 80 
2597715,13 83 
2598139,44 64 424
2598401,36 74 247
2598401,36 63 247
2599412,61 152 
2599436,14 69 
2601446,81 93 
2601459,78 103 
2601459,78 101 
2603486,09 100 
2603486,09 3
2603486,09 2134
2603486,09 11
2605472,16 25 
2605499,78 75 
2606709,13 72 
2606778,33 70 
2608305,87 80 
2609376,81 83 
2609938,81 64 563
2610172,05 74 209
2610172,05 63 209
2610682,9 150 
2610711,03 68 
2612220,56 92 
2612220,56 65 
2612241,99 103 
2612241,99 101 
2612774,74 100 
2612774,74 3
2612774,74 2134
2612774,74 10
2614761,8 25 
2615401,69 75 
2616611,44 72 
2616680,91 70 
2618206,92 80 
2618573,04 83 
2619656,21 64 1083
2619832,79 74 154
2619832,79 62 154
2620843,61 150 
2620867,35 68 
2621307,9 249
2621329,08 172 
2622377,44 92 
2622377,44 65 
2622397,75 103 
2622397,75 101 
2622925,68 100 
2622925,68 3
2622925,68 2134
2622925,68 11
2624904,11 25 
2625490,9 75 
2626697,58 72 
2626770,17 70 
2628293,08 80 
2629368,57 83 
2630730,5 64 1362
2630919,41 74 165
2630919,41 63 165
2631429,66 150 
2631449,65 68 
2632157,57 92 
2632157,57 65 
2632180,41 103 
2632180,41 101 
2632707,75 100 
2632707,75 3
2632707,75 2134
2632707,75 11
2634686,68 25 
2634900,27 75 
2636108,49 72 
2636179,54 70 
2637705,58 80 
2639071,19 83 
2641842,61 64 2772
2642108,98 74 252
2642108,98 63 252
2643620,82 150 
2643644,52 68 
2645652,93 92 
2645652,93 65 
2645668,14 103 
2645668,14 101 
2646197,05 100 
2646197,05 3
2646197,05 2134
2646197,05 11
2648174,47 25 
2648734,6 75 
2649943,34 72 
2650013,76 70 
2651535,6 80 
2651905,92 83 
2652955,61 64 1050
2653231,15 74 259
2653231,15 63 259
2653740,01 150 
2653760,3 68 
2654669,62 92 
2654669,62 65 
2654691,07 103 
2654691,07 101 
2655219,92 100 
2655219,92 3
2655219,92 2134
2655219,92 10
2657197,35 25 
2657410,98 75 
2658618,55 72 
2658690,38 70 
2660205,56 80 
2661568,58 83 
2662215,88 64 648
2662393,6 74 159
2662393,6 62 159
2663404,32 150 
2663423,12 68 
2663840,13 249
2665432,41 92 
2665432,41 65 
2665446,62 103 
2665446,62 101 
2665973,29 100 
2665973,29 3
2665973,29 2134
2665973,29 10
2667952,94 25 
2668779,57 75 
2669987,53 72 
2670218,76 70 
2671835,02 80 
2672910,53 83 
2673789,54 64 880
2674012,35 74 209
2674012,35 62 209
2675523,93 150 
2675550,63 68 
2675972,15 249
2676261,46 92 
2676261,46 65 
2676282,13 103 
2676282,13 101 
2676816,36 100 
2676816,36 3
2676816,36 2134
2676816,36 10
2678788,88 25 
2679388,68 75 
2680597,88 72 
2680667,73 70 
2682195,45 80 
2682559,89 83 
2683678,42 64 1118
2683907,61 74 216
2683907,61 62 216
2684416,83 150 
2684440,17 68 
2685352,48 92 
2685352,48 65 
2685371,73 103 
2685371,73 101 
2685898,24 100 
2685898,24 3
2685898,24 2134
2685898,24 10
2687877,98 25 
2688518,18 75 
2689726,99 72 
2689797,3 70 
2691322,92 80 
2692395,81 83 
2693037,78 64 643
2693182,03 74 120
2693182,03 62 120
2694690,58 150 
2694716,81 68 
2696225,31 92 
2696225,31 65 
2696247,28 103 
2696247,28 101 
2696774,12 100 
2696774,12 3
2696774,12 2134
2696774,12 11
2698753,49 25 
2699100,35 75 
2700308,56 72 
2700379,63 70 
2701896,63 80 
2703271,28 83 
2705741,7 64 2471
2705989,16 74 226
2705989,16 63 226
2707001,05 150 
2707032,56 68 
2707741,54 92 
2707741,54 65 
2707762,49 103 
2707762,49 101 
2708293,24 100 
2708293,24 3
2708293,24 2134
2708293,24 11
2710268,77 25 
2710908,84 75 
2712115,58 72 
2712188,14 70 
2713710,57 80 
2714080,14 83 
2715034,83 64 955
2715277,77 74 225
2715277,77 63 225
2716285,95 150 
2716307,78 68 
2717815,58 92 
2717815,58 65 
2717838,24 103 
2717838,24 101 
2718365,68 100 
2718365,68 3
2718365,68 2134
2718365,68 11
2720344,55 25 
2722370,75 75 
2723580,04 72 
2723649,99 70 
2725172,45 80 
2726235,24 83 
2726850,53 64 616
2727040,88 74 167
2727040,88 62 167
2727550,59 151 
2727568,71 69 
2729581,73 93 
2729593,4 103 
2729593,4 101 
2731619,92 100 
2731619,92 3
2731619,92 2134
2731619,92 10
2733606,87 25 
2733633,03 75 
2734839,68 72 
2734911,94 70 
2736430,79 80 
2737790,33 83 
2740847,29 64 3057
2741027,88 74 159
2741027,88 62 159
2742535,51 150 
2742563,58 68 
2743474,58 92 
2743474,58 65 
2743494,3 103 
2743494,3 101 
2744027,96 100 
2744027,96 3
2744027,96 2134
2744027,96 11
2746013,93 25 
2746347,53 75 
2747556,82 72 
2747626,68 70 
2749155,87 80 
2750225,34 83 
2751064,17 64 839
2751280,67 74 203
2751280,67 63 203
2752790,4 150 
2752812,6 68 
2753522,18 92 
2753522,18 65 
2753543,48 103 
2753543,48 101 
2754069,68 100 
2754069,68 3
2754069,68 2134
2754069,68 11
2756049,79 25 
2756756,56 75 
2757966,35 72 
2758035,79 70 
2759559,44 80 
2759927,87 83 
2761265,06 64 1338
2761491,15 74 204
2761491,15 63 204
2761997,42 150 
2762022,13 68 
2762495,01 249
2763532,9 92 
2763532,9 65 
2763552,67 103 
2763552,67 101 
2764080,16 100 
2764080,16 3
2764080,16 2134
2764080,16 10
2766059 25 
2766272,61 75 
2767481,64 72 
2767551,76 70 
2769077,07 80 
2770443,5 83 
2771068,15 64 625
2771239,05 74 156
2771239,05 62 156
2772249,03 152 
2772270,5 69 
2774281,28 93 
2774294,89 103 
2774294,89 101 
2776324,35 100 
2776324,35 3
2776324,35 2134
2776324,35 10
2778307,23 25 
2778335,06 75 
2779541,32 72 
2779613,44 70 
2781134,57 80 
2782198,9 83 
2782778,59 64 581
2783009,41 74 211
2783009,41 62 211
2784017,61 150 
2784038,93 68 
2784647,56 249
2784948,71 92 
2784948,71 65 
2784970,45 103 
2784970,45 101 
2785502,98 100 
2785502,98 3
2785502,98 2134
2785502,98 11
2787476,8 25 
2787743,71 75 
2788953,02 72 
2789022,89 70 
2790541,75 80 
2790915,07 83 
2792375,25 64 1460
2792587,99 74 194
2792587,99 63 194
2793099,53 150 
2793128,53 68 
2794036,27 92 
2794036,27 65 
2794060,02 103 
2794060,02 101 
2794587,42 100 
2794587,42 3
2794587,42 2134
2794587,42 11
2796566,32 25 
2797086,48 75 
2798294,11 72 
2798365,7 70 
2799883,33 80 
2801257,46 83 
2801689,74 64 433
2801958,41 74 248
2801958,41 63 248
2803467,04 150 
2803498,08 68 
2804209,78 92 
2804209,78 65 
2804229,15 103 
2804229,15 101 
2804758,14 100 
2804758,14 3
2804758,14 2134
2804758,14 11
2806735,49 25 
2807455,55 75 
2808663,69 72 
2808734,76 70 
2810258,57 80 
2811626,41 83 
2812149,06 64 523
2812433,51 74 261
2812433,51 63 261
2813940,7 150 
2813960,67 68 
2815324,7 249
2815470,69 92 
2815470,69 65 
2815491,16 103 
2815491,16 101 
2816017,5 100 
2816017,5 3
2816017,5 2134
2816017,5 10
2817997,5 25 
2818357,71 75 
2819568,46 72 
2819636,87 70 
2821155,96 80 
2821515,67 83 
2822507,88 64 993
2822712,42 74 185
2822712,42 62 185
2823221,41 150 
2823249,4 68 
2825258,52 92 
2825258,52 65 
2825273,75 103 
2825273,75 101 
2825800,79 100 
2825800,79 3
2825800,79 2134
2825800,79 10
2827780,11 25 
2828460,16 75 
2829668,47 72 
2829739,4 70 
2831256,09 80 
2832311,3 83 
2833230,14 64 919
2833404,05 74 160
2833404,05 62 160
2834412,18 150 
2834432,19 68 
2836441,66 92 
2836441,66 65 
2836455,82 103 
2836455,82 101 
2836989,41 100 
2836989,41 3
2836989,41 2134
2836989,41 10
2838975,44 25 
2839775,46 75 
2840983,95 72 
2841054,69 70 
2842571,28 80 
2842920,19 83 
2854279,7 64 11360
2854460,58 74 159
2854460,58 62 159
2855968,62 150 
2855995,89 68 
2856368,65 249
2856511,31 172 
2857507,2 92 
2857507,2 65 
2857527,08 103 
2857527,08 101 
2858054,39 100 
2858054,39 3
2858054,39 2134
2858054,39 10
2860033,37 25 
2860673,49 75 
2861882,03 72 
2861952,79 70 
2863477,36 80 
2864537,89 83 
2866369,5 64 1831
2866554,05 74 164
2866554,05 62 164
2867065,3 150 
2867085,35 68 
2867508,6 249
2867686,12 172 
2867795,23 92 
2867795,23 65 
2867816,15 103 
2867816,15 101 
2868342,43 100 
2868342,43 3
2868342,43 2134
2868342,43 11
2870322,5 25 
2870922,58 75 
2872131,53 72 
2872201,82 70 
2873715,2 80 
2875080,17 83 
2878935,84 64 3856
2879154,22 74 196
2879154,22 63 196
2880165,68 150 
2880186,6 68 
2881095,89 92 
2881095,89 65 
2881117,31 103 
2881117,31 101 
2881649,67 100 
2881649,67 3
2881649,67 2134
2881649,67 11
2883637 25 
2884090,49 75 
2885299,7 72 
2885542,94 70 
2887113,27 80 
2888621,32 83 
2889080,59 64 460
2889283,9 74 183
2889283,9 63 183
2890293,86 150 
2890315,65 68 
2891825,85 92 
2891825,85 65 
2891846,23 103 
2891846,23 101 
2892372,87 100 
2892372,87 3
2892372,87 2134
2892372,87 10
2894352,58 25 
2895125,99 75 
2896334,84 72 
2896405,09 70 
2897925,32 80 
2898990,37 83 
2899803,1 64 813
2900020,61 74 205
2900020,61 62 205
2901529,04 152 
2901551,1 69 
2903559,18 93 
2903574,71 103 
2903574,71 101 
2905604,1 100 
2905604,1 3
2905604,1 2134
2905604,1 11
2907587,08 25 
2909893,09 75 
2911101,2 72 
2911172,42 70 
2912698,97 80 
2913064,46 83 
2914206,2 64 1142
2914494,78 74 271
2914494,78 63 271
2915005,87 150 
2915025,4 68 
2915735,46 92 
2915735,46 65 
2915756,3 103 
2915756,3 101 
2916285,67 100 
2916285,67 3
2916285,67 2134
2916285,67 11
2918262,71 25 
2918291,13 75 
2919149,1 250 
2919167,86 101 
2921181,39 100 
2921181,39 3
2921181,39 2134
2921181,39 11
2921181,39 25 
2921527,54 75 
2922735,39 72 
2922807,51 70 
2924325,6 80 
2925685,89 83 
2926121,47 64 435
2926385,65 74 247
2926385,65 63 247
2926894,73 150 
2926913,98 68 
2927821,55 92 
2927821,55 65 
2927844,65 103 
2927844,65 101 
2928372,64 100 
2928372,64 3
2928372,64 2134
2928372,64 11
2930350,95 25 
2931124,34 75 
2932329,75 72 
2932403,56 70 
2933919,1 80 
2934988,75 83 
2935662,04 64 674
2935911,31 74 230
2935911,31 63 230
2936920,47 150 
2936949,37 68 
2938956,98 92 
2938956,98 65 
2938973,37 103 
2938973,37 101 
2939501,38 100 
2939501,38 3
2939501,38 2134
2939501,38 10
2941479,66 25 
2942439,78 75 
2943647,78 72 
2943718,84 70 
2945234,17 80 
2945597,66 83 
2946785,97 64 1189
2946986,35 74 176
2946986,35 62 176
2948497,47 150 
2948518,37 68 
2948930,69 249
2948949,35 172 
2949227,5 92 
2949227,5 65 
2949249,1 103 
2949249,1 101 
2949780,27 100 
2949780,27 3
2949780,27 2134
2949780,27 10
2951755,58 25 
2952435,53 75 
2953644,24 72 
2953714,69 70 
2955230,6 80 
2956593,09 83 
2958223,77 64 1631
2958411,23 74 166
2958411,23 62 166
2959921,66 150 
2959939,56 68 
2960437,49 249
2960499,74 172 
2961448,45 92 
2961448,45 65 
2961470,73 103 
2961470,73 101 
2961999,24 100 
2961999,24 3
2961999,24 2134
2961999,24 10
2963977,05 25 
2964190,76 75 
2965399,17 72 
2965469,84 70 
2966977,78 80 
2968041,75 83 
2968444,16 64 403
2968617,71 74 150
2968617,71 62 150
2969630,06 150 
2969656,16 68 
2970566,57 92 
2970566,57 65 
2970586,93 103 
2970586,93 101 
2971112,96 100 
2971112,96 3
2971112,96 2134
2971112,96 10
2973093,31 25 
2973813,35 75 
2975020,66 72 
2975092,52 70 
2976608,32 80 
2976957,99 83 
2978159,33 64 1201
2978396,18 74 212
2978396,18 62 212
2978905,52 150 
2978931,98 68 
2979641,99 92 
2979641,99 65 
2979663,23 103 
2979663,23 101 
2982477,79 102 
