70,45 100 
70,45 4
70,45 2116
70,45 11
2030,03 25 
2054,86 75 
3263,58 72 
3520,62 70 
5099,88 80 
6386,47 83 
6827,95 64 441
6996,38 74 142
6996,38 62 142
8009,55 151 
8039,6 69 
10049,68 93 
10066,84 103 
10066,84 101 
12095,22 100 
12095,22 4
12095,22 2116
12095,22 11
14077,15 25 
14104,21 75 
15314,76 72 
15516,47 70 
17043,37 80 
17408,72 83 
18540,35 64 1132
18755,93 74 200
18755,93 63 200
20266,13 153 
20287,69 68 
20660,41 249
20891,44 173 
21198,75 92 
21198,75 65 
21219,93 103 
21219,93 101 
21748,28 100 
21748,28 4
21748,28 2116
21748,28 11
23726,27 25 
24126,47 75 
25335,33 72 
25405,75 70 
26927,75 80 
28297,43 83 
28890,39 64 594
29133,04 74 224
29133,04 63 224
29646,53 151 
29671,74 69 
31185,68 93 
31202,39 103 
31202,39 101 
33233,12 100 
33233,12 4
33233,12 2116
33233,12 10
35214,87 25 
35242,36 75 
36451,74 72 
36521,09 70 
38040,92 80 
39119,5 83 
39551,33 64 432
39753,44 74 181
39753,44 62 181
40263,34 150 
40294,53 68 
41008,28 92 
41008,28 65 
41025,15 103 
41025,15 101 
41554 100 
41554 4
41554 2116
41554 11
43531,44 25 
44038,34 75 
45246,36 72 
45317,41 70 
46842,25 80 
47209,45 83 
48098,55 64 890
48132,9 256 
48322,55 74 206
48322,55 61 206
49837 150 
49863,62 68 
51873,05 92 
51873,05 65 
51887,26 103 
51887,26 101 
52416,09 100 
52416,09 4
52416,09 2116
52416,09 10
54393,49 25 
54860,34 75 
56068,22 72 
56139,53 70 
57660,61 80 
59031,24 83 
59646,13 64 616
59948,4 74 278
59948,4 61 278
60960,23 151 
60978,54 69 
61687,82 93 
61709,67 103 
61709,67 101 
63741,35 100 
63741,35 4
63741,35 2116
63741,35 10
65722,23 25 
65749,4 75 
66957,05 72 
67028,31 70 
68556,61 80 
69919,96 83 
70382,8 64 463
70627,32 74 228
70627,32 62 228
72138,79 150 
72160,43 68 
73071,34 92 
73071,34 65 
73091,6 103 
73091,6 101 
73618,74 100 
73618,74 4
73618,74 2116
73618,74 10
75597,98 25 
75958,38 75 
77167,02 72 
77237,41 70 
78755,19 80 
79835,97 83 
80329,6 64 494
80537,13 74 182
80537,13 61 182
81047,58 151 
81076,47 69 
82585,38 93 
82594,41 103 
82594,41 101 
84622,15 100 
84622,15 4
84622,15 2116
84622,15 10
86606,68 25 
86634,29 75 
87842,9 72 
87912,94 70 
89432,08 80 
89804,95 83 
90854,36 64 1050
91078,22 74 208
91078,22 61 208
92088,96 151 
92111,83 69 
93678,77 249 
93919,72 182 
118306,01 93 
118326,07 103 
118326,07 101 
120357,32 100 
120357,32 4
120357,32 2116
120357,32 11
122338,57 25 
122365,78 75 
123574,56 72 
123644,81 70 
125343,86 80 
126896,22 83 
127705,7 64 810
127925,53 74 203
127925,53 62 203
128936,17 151 
128964,7 69 
130372,33 249 
130474,4 93 
130494,28 103 
130494,28 101 
132523,03 100 
132523,03 4
132523,03 2116
132523,03 10
134506,74 25 
134533,91 75 
135742,05 72 
135932,87 70 
137551,46 80 
138104,77 83 
138858,38 64 754
139055,42 74 178
139055,42 61 178
139569,58 151 
139598,77 69 
140309,38 93 
140330,23 103 
140330,23 101 
142357,35 100 
142357,35 4
142357,35 2116
142357,35 10
144342,51 25 
144369,94 75 
145578,1 72 
145648,82 70 
147162,83 80 
148220,57 83 
148661,91 64 441
148859,87 74 173
148859,87 62 173
150369,53 150 
150394,93 68 
151306,42 92 
151306,42 65 
151325,68 103 
151325,68 101 
151860,08 100 
151860,08 4
151860,08 2116
151860,08 10
153845,37 25 
154205,56 75 
155415,7 72 
155484,71 70 
157013,44 80 
158389,76 83 
158897,81 64 508
159112,33 74 190
159112,33 62 190
160124,9 150 
160151,02 68 
161661,62 92 
161661,62 65 
161681,22 103 
161681,22 101 
162209,68 100 
162209,68 4
162209,68 2116
162209,68 11
164187,72 25 
164614,52 75 
165824,13 72 
165893,73 70 
167408,19 80 
168465,5 83 
168899,35 64 435
169129,12 74 211
169129,12 61 211
170639,61 150 
170666,53 68 
171575,27 92 
171575,27 65 
171597,22 103 
171597,22 101 
172124,79 100 
172124,79 4
172124,79 2116
172124,79 11
174103,54 25 
174756,87 75 
175965,16 72 
176036,27 70 
177562,5 80 
177928,25 83 
178979,11 64 1052
179190,91 74 197
179190,91 61 197
179702,17 152 
179728,51 69 
180439,15 93 
180460,06 103 
180460,06 101 
182496,01 100 
182496,01 4
182496,01 2116
182496,01 11
184472,73 25 
184500,36 75 
185708,53 72 
185778,77 70 
187309,47 80 
187670,77 83 
189103,23 64 1433
189301,09 74 178
189301,09 62 178
190812,63 151 
190843,9 69 
191757,28 256 
191769,12 249 
191795,87 182 
193795,02 93 
193814,62 103 
193814,62 101 
195843,23 100 
195843,23 4
195843,23 2116
195843,23 10
197826,89 25 
197854,28 75 
199062,81 72 
199133,15 70 
200654,96 80 
202024,82 83 
202566,49 64 542
202740,3 74 156
202740,3 62 156
203748,57 150 
203771,95 68 
204483,49 92 
204483,49 65 
204503,37 103 
204503,37 101 
205031,56 100 
205031,56 4
205031,56 2116
205031,56 10
207009,78 25 
207636,49 75 
208843,34 72 
208915,75 70 
210434,3 80 
211500,89 83 
212016,58 64 516
212214,8 74 181
212214,8 62 181
212724,67 150 
212742,4 68 
214753,85 92 
214753,85 65 
214779,13 103 
214779,13 101 
215310,34 100 
215310,34 4
215310,34 2116
215310,34 11
217285,52 25 
217819,02 75 
219026,1 72 
219099,81 70 
220615,54 80 
221683,2 83 
222316,7 64 634
222548,34 74 213
222548,34 63 213
223056,98 151 
223084,7 69 
224560,25 249 
229918,04 256 
229923,81 183 
231439,3 93 
231452,25 103 
231452,25 101 
233478,88 100 
233478,88 4
233478,88 2116
233478,88 11
235464,47 25 
235492,03 75 
236702,75 72 
236770,8 70 
238284,13 80 
238649,51 83 
240449,98 64 1801
240637,06 74 163
240637,06 62 163
241650,21 151 
241676,88 69 
242589,9 93 
242607,51 103 
242607,51 101 
244642,95 100 
244642,95 4
244642,95 2116
244642,95 10
246622,34 25 
246648,12 75 
247855,41 72 
247926,13 70 
249453,08 80 
250831,03 83 
251429,95 64 599
251616,66 74 173
251616,66 62 173
253128,75 150 
253152,15 68 
254663,29 92 
254663,29 65 
254682,44 103 
254682,44 101 
255213,99 100 
255213,99 4
255213,99 2116
255213,99 11
257188,9 25 
257709,05 75 
258918,59 72 
258988,18 70 
260516,79 80 
261586,67 83 
262157,57 64 571
262360,8 74 188
262360,8 61 188
263370,03 150 
263401,13 68 
264310,56 92 
264310,56 65 
264331,82 103 
264331,82 101 
264859,24 100 
264859,24 4
264859,24 2116
264859,24 11
266838,21 25 
267358,43 75 
268566,48 72 
268637,47 70 
270169,45 80 
271529,13 83 
271950,98 64 422
272145,95 74 177
272145,95 61 177
273657,72 152 
273677,05 69 
274384,13 93 
274394,24 103 
274394,24 101 
276421,5 100 
276421,5 4
276421,5 2116
276421,5 10
278406,52 25 
278433,9 75 
279642,06 72 
279712,83 70 
281232,55 80 
281604,99 83 
282730,22 64 1126
282962,83 74 212
282962,83 62 212
283474,03 150 
283498,6 68 
284039,58 256 
286087,24 92 
286087,24 65 
286109,32 103 
286109,32 101 
286642,14 100 
286642,14 4
286642,14 2116
286642,14 10
288628,96 25 
289109,15 75 
290317,08 72 
290388,41 70 
291910,98 80 
292986,76 83 
293697,71 64 711
293883,55 74 164
293883,55 62 164
294395,72 150 
294415,32 68 
295926,6 92 
295926,6 65 
295945,14 103 
295945,14 101 
296473,71 100 
296473,71 4
296473,71 2116
296473,71 11
298452,68 25 
298785,11 75 
299992,93 72 
300064,33 70 
301590,81 80 
302955,95 83 
303498,24 64 543
303689,5 74 174
303689,5 61 174
304697,68 150 
304717,35 68 
306726,69 92 
306726,69 65 
306740,66 103 
306740,66 101 
307267,41 100 
307267,41 4
307267,41 2116
307267,41 10
309246,99 25 
309900,46 75 
311107,11 72 
311179,61 70 
312708,68 80 
313085,21 83 
314253,02 64 1169
314470,91 74 200
314470,91 62 200
315982,7 150 
316004,98 68 
316914,03 92 
316914,03 65 
316936,38 103 
316936,38 101 
317466,36 100 
317466,36 4
317466,36 2116
317466,36 10
319442,77 25 
319949,63 75 
321158,61 72 
321228,77 70 
322754,59 80 
324120,42 83 
324650,94 64 531
324904,7 74 238
324904,7 62 238
325917,52 150 
325948,2 68 
326658,46 92 
326658,46 65 
326679,04 103 
326679,04 101 
327207,25 100 
327207,25 4
327207,25 2116
327207,25 11
329185,35 25 
329745,51 75 
330953,25 72 
331024,62 70 
332549,86 80 
333610,08 83 
334279,65 64 670
334496,67 74 194
334496,67 61 194
336006,81 150 
336037,54 68 
337545,65 92 
337545,65 65 
337567,85 103 
337567,85 101 
338095,52 100 
338095,52 4
338095,52 2116
338095,52 11
340074,14 25 
340554,45 75 
341761,32 72 
341833,58 70 
343360,87 80 
343725,74 83 
345024,75 64 1299
345231,76 74 187
345231,76 61 187
345739,47 150 
345766,03 68 
346479,44 92 
346479,44 65 
346497,39 103 
346497,39 101 
347031,5 100 
347031,5 4
347031,5 2116
347031,5 10
349017,03 25 
349790,53 75 
350999,5 72 
351069,62 70 
352592,94 80 
353668,12 83 
354233,84 64 566
354426,98 74 172
354426,98 62 172
355438,97 150 
355468,58 68 
357479,74 92 
357479,74 65 
357506,21 103 
357506,21 101 
358035,43 100 
358035,43 4
358035,43 2116
358035,43 11
360012,63 25 
360519,38 75 
361728,26 72 
361798,56 70 
363318,27 80 
363690,55 83 
365386,66 64 1696
365583,56 74 174
365583,56 61 174
367095,03 150 
367117,76 68 
368028,78 92 
368028,78 65 
368048,43 103 
368048,43 101 
368574,76 100 
368574,76 4
368574,76 2116
368574,76 11
370554,75 25 
371101,64 75 
372312,9 72 
372380,8 70 
373911,77 80 
375272,62 83 
375830,9 64 558
376034,06 74 189
376034,06 61 189
376544,65 150 
376565,91 68 
378575,11 92 
378575,11 65 
378590,63 103 
378590,63 101 
379120,61 100 
379120,61 4
379120,61 2116
379120,61 10
381097,84 25 
381737,17 75 
382946,4 72 
383016,44 70 
384534,41 80 
384908,56 83 
386078,36 64 1171
386326,46 74 232
386326,46 62 232
386834,96 150 
386855,5 68 
387763,65 92 
387763,65 65 
387786,93 103 
387786,93 101 
388314,78 100 
388314,78 4
388314,78 2116
388314,78 10
390293,2 25 
390760,14 75 
391971,16 72 
392039,35 70 
393561,47 80 
394624,42 83 
395573,96 64 950
395783,22 74 187
395783,22 62 187
396793,36 152 
396811,08 69 
397519,85 93 
397529,6 103 
397529,6 101 
399558,03 100 
399558,03 4
399558,03 2116
399558,03 10
401541,76 25 
401569,16 75 
402777,92 72 
402848,01 70 
404381,55 80 
405753,09 83 
406248,85 64 496
406425,5 74 153
406425,5 62 153
407936,07 150 
407967,45 68 
408440,65 256 
409976,28 92 
409976,28 65 
409990,9 103 
409990,9 101 
410525,44 100 
410525,44 4
410525,44 2116
410525,44 11
412510,67 25 
413030,93 75 
414239,1 72 
414309,97 70 
415829,36 80 
417201,54 83 
418294,54 64 1093
418494,55 74 187
418494,55 61 187
419507,11 150 
419535,98 68 
420260,89 249
421544,66 92 
421544,66 65 
421559,37 103 
421559,37 101 
422086,93 100 
422086,93 4
422086,93 2116
422086,93 11
424065,64 25 
424412,68 75 
425622,25 72 
425691,76 70 
427224,92 80 
428303,64 83 
429065,47 64 762
429276,58 74 187
429276,58 61 187
429787,36 150 
429810,85 68 
430521,12 92 
430521,12 65 
430542,33 103 
430542,33 101 
431070,06 100 
431070,06 4
431070,06 2116
431070,06 10
433048,68 25 
433755,3 75 
434967,08 72 
435034,56 70 
436556,74 80 
436926,68 83 
438280,36 64 1354
438465,05 74 166
438465,05 62 166
439974,31 150 
439993,27 68 
440905,66 92 
440905,66 65 
440924,61 103 
440924,61 101 
441455,82 100 
441455,82 4
441455,82 2116
441455,82 11
443431,16 25 
444004,54 75 
445214,67 72 
445283,76 70 
446810,23 80 
448175,47 83 
449501,59 64 1327
449767 74 247
449767 61 247
451274,63 150 
451296,23 68 
452808,15 92 
452808,15 65 
452826,31 103 
452826,31 101 
453359,35 100 
453359,35 4
453359,35 2116
453359,35 11
455332,8 25 
455959,49 75 
457172,32 72 
457371,94 70 
458992,29 80 
460237,07 83 
460829,45 64 593
460857,4 256 
461162,79 74 313
461162,79 61 313
462172,63 150 
462197,36 68 
463105,32 92 
463105,32 65 
463128,64 103 
463128,64 101 
463656,08 100 
463656,08 4
463656,08 2116
463656,08 10
465634,99 25 
466288,5 75 
467497,86 72 
467567,64 70 
469092,39 80 
469459,75 83 
470552,6 64 1093
470782,57 74 217
470782,57 62 217
471293,84 150 
471313,47 68 
473323,8 92 
473323,8 65 
473337,73 103 
473337,73 101 
473870,47 100 
473870,47 4
473870,47 2116
473870,47 11
475844,2 25 
476310,89 75 
477518,43 72 
477590,12 70 
479113,44 80 
480175,29 83 
480790,52 64 616
481084,71 74 270
481084,71 61 270
482097,01 150 
482123,08 68 
482832,92 92 
482832,92 65 
482853,79 103 
482853,79 101 
483381,61 100 
483381,61 4
483381,61 2116
483381,61 11
485360,19 25 
485987,04 75 
487193,18 72 
487266,12 70 
488779,23 80 
490144,49 83 
490719,21 64 576
490900,77 74 157
490900,77 61 157
491408,01 150 
491424,82 68 
492933,25 92 
492933,25 65 
492956,16 103 
492956,16 101 
493485,9 100 
493485,9 4
493485,9 2116
493485,9 10
495462,56 25 
496036,12 75 
497243,28 72 
497315,15 70 
498833,82 80 
499207,29 83 
500324,08 64 1118
500467,7 74 128
500467,7 62 128
501977,92 150 
502007,22 68 
502917,11 92 
502917,11 65 
502938,76 103 
502938,76 101 
503471,36 100 
503471,36 4
503471,36 2116
503471,36 10
505445,09 25 
506098,46 75 
507308,22 72 
507377,8 70 
508897,58 80 
509962,86 83 
510798,01 64 835
510998,42 74 183
510998,42 62 183
512006,63 150 
512030,61 68 
514042,14 92 
514042,14 65 
514067,44 103 
514067,44 101 
514594,96 100 
514594,96 4
514594,96 2116
514594,96 11
516573,86 25 
517000,73 75 
518208,89 72 
518279,88 70 
519798,54 80 
520158,68 83 
521788,27 64 1630
521971,05 74 160
521971,05 61 160
522481,21 152 
522505,78 69 
522658,86 249 
524014,96 93 
524036,66 103 
524036,66 101 
526063,38 100 
526063,38 4
526063,38 2116
526063,38 10
528049,11 25 
528489,21 75 
529697,97 72 
529768,32 70 
531287,12 80 
532660,06 83 
533132,43 64 473
533313,94 74 161
533313,94 62 161
534824,13 150 
534847,74 68 
535562,6 92 
535562,6 65 
535578,44 103 
535578,44 101 
536113,45 100 
536113,45 4
536113,45 2116
536113,45 11
538098,02 25 
538471,69 75 
539681,21 72 
539750,82 70 
541267,55 80 
542322,59 83 
543150,74 64 828
543386,41 74 211
543386,41 61 211
544400,08 150 
544430,36 68 
545941,18 92 
545941,18 65 
545960,81 103 
545960,81 101 
546489,61 100 
546489,61 4
546489,61 2116
546489,61 10
548467,22 25 
549093,81 75 
550303,59 72 
550373,1 70 
551889,92 80 
552251,8 83 
553443,66 64 1192
553637,43 74 173
553637,43 62 173
555148,46 150 
555171,75 68 
557183,33 92 
557183,33 65 
557209,4 103 
557209,4 101 
557742,52 100 
557742,52 4
557742,52 2116
557742,52 11
559715,66 25 
560289,37 75 
561497,34 72 
561741,72 70 
563326,17 80 
564873,22 83 
565265,62 64 393
565504,08 74 219
565504,08 61 219
566015,54 150 
566035,13 68 
566942,64 92 
566942,64 65 
566965,31 103 
566965,31 101 
567495,67 100 
567495,67 4
567495,67 2116
567495,67 10
569472,42 25 
570711,59 75 
571922,49 72 
571990,66 70 
573502,12 80 
574868,98 83 
575490,37 64 622
575698,52 74 190
575698,52 62 190
576206,77 152 
576229,78 69 
576939,07 93 
576961,11 103 
576961,11 101 
578989,91 100 
578989,91 4
578989,91 2116
578989,91 11
580973,56 25 
581000,85 75 
582208,52 72 
582279,8 70 
583800,82 80 
584171,8 83 
585410,71 64 1239
585601,59 74 177
585601,59 61 177
587112,53 150 
587131,71 68 
588044,7 92 
588044,7 65 
588063,12 103 
588063,12 101 
588590,26 100 
588590,26 4
588590,26 2116
588590,26 10
590569,64 25 
591236,42 75 
592445,32 72 
592515,42 70 
594036,42 80 
595113,98 83 
596137,77 64 1024
596330,28 74 178
596330,28 62 178
597343,93 150 
597368,28 68 
599377,11 92 
599377,11 65 
599391,73 103 
599391,73 101 
599923,13 100 
599923,13 4
599923,13 2116
599923,13 11
601911,54 25 
602525 75 
603733 72 
603805,77 70 
605318,7 80 
605682,86 83 
606765,1 64 1083
606978,76 74 190
606978,76 61 190
607989,16 150 
608016,99 68 
608727,71 92 
608727,71 65 
608747,91 103 
608747,91 101 
609276,07 100 
609276,07 4
609276,07 2116
609276,07 11
611254,2 25 
611920,95 75 
613128,87 72 
613200,21 70 
614716,43 80 
615772,12 83 
616354,3 64 583
616560,49 74 189
616560,49 61 189
617070,29 150 
617092,59 68 
618606,2 92 
618606,2 65 
618623,69 103 
618623,69 101 
619152,16 100 
619152,16 4
619152,16 2116
619152,16 10
621130,12 25 
622809,68 75 
624017,75 72 
624088,88 70 
625604,96 80 
626967,3 83 
627362,05 64 396
627542,07 74 163
627542,07 62 163
629051,82 150 
629074,23 68 
629784,38 92 
629784,38 65 
629805,73 103 
629805,73 101 
630335,17 100 
630335,17 4
630335,17 2116
630335,17 10
632312,06 25 
632565,85 75 
633773,89 72 
633844,82 70 
635371,4 80 
636736,46 83 
637276,82 64 540
637458,77 74 163
637458,77 62 163
637966,67 150 
637991,26 68 
639500,92 92 
639500,92 65 
639521,6 103 
639521,6 101 
640048,62 100 
640048,62 4
640048,62 2116
640048,62 10
642028,08 25 
642641,52 75 
643849,28 72 
643920,61 70 
645439,05 80 
646505,83 83 
647129,24 64 624
647312,33 74 168
647312,33 62 168
648323,4 150 
648346,96 68 
650357,08 92 
650357,08 65 
650370,44 103 
650370,44 101 
650898,66 100 
650898,66 4
650898,66 2116
650898,66 11
652876,83 25 
653383,69 75 
654591,05 72 
654662,84 70 
656176,37 80 
656541,58 83 
658252,45 64 1711
658440,71 74 167
658440,71 61 167
659950,25 150 
659968,79 68 
660881,22 92 
660881,22 65 
660899,5 103 
660899,5 101 
661437,75 100 
661437,75 4
661437,75 2116
661437,75 11
663419,07 25 
664139,24 75 
665346,59 72 
665418,36 70 
667144,06 80 
667896,88 83 
670041,27 64 2145
670265,44 74 210
670265,44 61 210
671772,92 150 
671789,89 68 
672699,01 92 
672699,01 65 
672721,08 103 
672721,08 101 
673248,3 100 
673248,3 4
673248,3 2116
673248,3 10
675227,51 25 
676027,62 75 
677234,64 72 
677306,78 70 
678828,05 80 
679891,96 83 
680746,62 64 855
680962,48 74 192
680962,48 62 192
681471,79 152 
681493,1 69 
682203,85 93 
682223,8 103 
682223,8 101 
684253,19 100 
684253,19 4
684253,19 2116
684253,19 10
686236,13 25 
686263,5 75 
687472,03 72 
687542,38 70 
689067,38 80 
690447,4 83 
691069,54 64 623
691260,55 74 174
691260,55 62 174
692268,05 150 
692287,94 68 
694295,1 92 
694295,1 65 
694312,07 103 
694312,07 101 
694844,3 100 
694844,3 4
694844,3 2116
694844,3 11
696818,65 25 
697352,09 75 
698561,1 72 
698631,11 70 
700159,11 80 
701536,09 83 
701828,36 64 293
702036,54 74 194
702036,54 61 194
702545,25 150 
702564,44 68 
702872,16 249
704072,6 92 
704072,6 65 
704094,78 103 
704094,78 101 
704624,09 100 
704624,09 4
704624,09 2116
704624,09 11
706601,04 25 
707241,07 75 
708449,59 72 
708520,41 70 
710046,4 80 
711105,58 83 
712115,22 64 1010
712328,26 74 197
712328,26 61 197
713337,8 150 
713358,98 68 
714270,26 92 
714270,26 65 
714290,42 103 
714290,42 101 
714819,88 100 
714819,88 4
714819,88 2116
714819,88 11
716796,76 25 
717530,15 75 
718737,47 72 
718809,4 70 
720335,78 80 
720701,45 83 
722170,78 64 1470
722421,79 74 228
722421,79 61 228
723932,76 150 
723954,62 68 
724508,95 249
725463,11 92 
725463,11 65 
725485,74 103 
725485,74 101 
726017,35 100 
726017,35 4
726017,35 2116
726017,35 11
727992,15 25 
728739,02 75 
729948,23 72 
730017,97 70 
731545,43 80 
732909,61 83 
733542,28 64 633
733576,03 256 
733791,19 74 229
733791,19 61 229
734800,83 150 
734830,03 68 
735542,48 92 
735542,48 65 
735561,71 103 
735561,71 101 
736089,48 100 
736089,48 4
736089,48 2116
736089,48 10
738067,88 25 
738734,71 75 
739942,66 72 
740013,9 70 
741544,03 80 
741906 83 
751094,69 64 9189
751281,49 74 167
751281,49 62 167
752790,23 150 
752809,25 68 
754820,65 92 
754820,65 65 
754846,78 103 
754846,78 101 
755374,73 100 
755374,73 4
755374,73 2116
755374,73 10
757353,12 25 
757913,34 75 
759121,18 72 
759192,62 70 
760720,46 80 
761804,29 83 
762379,54 64 576
762589,64 74 186
762589,64 62 186
763097,31 150 
763125,78 68 
764635,71 92 
764635,71 65 
764656,09 103 
764656,09 101 
765187,18 100 
765187,18 4
765187,18 2116
765187,18 10
767162,4 25 
767775,98 75 
768984,21 72 
769055,03 70 
770578,39 80 
771653,52 83 
772316,12 64 664
772575,13 74 243
772575,13 62 243
773583,59 150 
773614,83 68 
775624,24 92 
775624,24 65 
775638,21 103 
775638,21 101 
776166,3 100 
776166,3 5
776166,3 2116
776166,3 11
776166,3 78 
776166,3 198 
778144,45 25 
778612,51 75 
779820,5 72 
780010,59 70 
781631,46 80 
783181,99 83 
784031,86 64 850
784268,31 74 221
784268,31 61 221
784778,96 151 
784809,94 69 
785520,92 93 
785540,63 103 
785540,63 101 
787568,53 100 
787568,53 5
787568,53 2116
787568,53 10
789553,15 25 
794111,55 75 
795319,02 72 
795390,64 70 
796912,53 80 
797282,83 83 
798316,78 64 1034
798485,1 74 150
798485,1 62 150
799992,18 151 
800017,04 69 
800929,33 93 
800947,57 103 
800947,57 101 
802981,19 100 
802981,19 5
802981,19 2116
802981,19 11
804959,94 25 
804987,22 75 
806198,03 72 
806266,22 70 
807785,2 80 
808158,21 83 
809397,04 64 1240
809602,61 74 192
809602,61 61 192
811112,44 151 
811132,65 69 
813144,01 93 
813155,74 103 
813155,74 101 
815183,02 100 
815183,02 5
815183,02 2116
815183,02 11
817168,13 25 
817581,83 75 
818790,65 72 
818861,07 70 
820377,51 80 
821739,32 83 
822543,15 64 805
822768,48 74 203
822768,48 61 203
823778,99 151 
823807,2 69 
824518,84 93 
824537,73 103 
824537,73 101 
826564,11 100 
826564,11 5
826564,11 2116
826564,11 10
828550,04 25 
828577,93 75 
829786,96 72 
829856,25 70 
831379,72 80 
832441,49 83 
834423,93 64 1983
834616,6 74 176
834616,6 62 176
835125,76 151 
835148,91 69 
836058,82 93 
836079,53 103 
836079,53 101 
838114,73 100 
838114,73 5
838114,73 2116
838114,73 10
840091,91 25 
841051,95 75 
842261,24 72 
842331,18 70 
843857,56 80 
844209,89 83 
845329,2 64 1120
845524,16 74 182
845524,16 61 182
846533,77 151 
846557,5 69 
848069,28 93 
848087,82 103 
848087,82 101 
850116,27 100 
850116,27 5
850116,27 2116
850116,27 11
852100,21 25 
852127,68 75 
853337,55 72 
853406,49 70 
854922,91 80 
855991,57 83 
857290,25 64 1299
857501,46 74 191
857501,46 62 191
858010,32 152 
858031,93 69 
858740,91 93 
858763,37 103 
858763,37 101 
860793,38 100 
860793,38 5
860793,38 2116
860793,38 11
862775,84 25 
862804,18 75 
864012,27 72 
864082,06 70 
865609,59 80 
865969,52 250 
865987,24 101 
867987,05 100 
867987,05 5
867987,05 2116
867987,05 11
867987,05 25 
868014,28 75 
869224,88 72 
869293,14 70 
870807,78 80 
872171,51 83 
873189,13 64 1019
873441,69 74 231
873441,69 63 231
874952,95 151 
874985,61 69 
876494,54 93 
876516,03 103 
876516,03 101 
878549,89 100 
878549,89 5
878549,89 2116
878549,89 10
880528,34 25 
880555,75 75 
881762,86 72 
881834,62 70 
883293,16 250 
883313,03 101 
885326,35 100 
885326,35 5
885326,35 2116
885326,35 10
885326,35 25 
885420,11 75 
886628,37 72 
886645,02 70 
887856,12 80 
889111,04 83 
889547,47 64 437
889744,25 74 181
889744,25 61 181
891252,58 151 
891271,43 69 
892182,97 93 
892202,73 103 
892202,73 101 
894230,5 100 
894230,5 5
894230,5 2116
894230,5 10
896215,1 25 
896242,37 75 
897449,6 72 
897521,4 70 
899054,61 80 
900439,59 83 
901266,16 64 827
901513,02 74 234
901513,02 63 234
902521,04 150 
902547,78 68 
904557,34 92 
904557,34 65 
904584,2 103 
904584,2 101 
905116,31 100 
905116,31 5
905116,31 2116
905116,31 11
907090,64 25 
907597,44 75 
908807,21 72 
908876,63 70 
910399,97 80 
910768,73 83 
912460,51 64 1692
912688,36 74 214
912688,36 61 214
913198,73 151 
913222,21 69 
913974,65 249 
914731,83 93 
914753,3 103 
914753,3 101 
916783,88 100 
916783,88 5
916783,88 2116
916783,88 10
918765,71 25 
918793,19 75 
920000,19 72 
920073,66 70 
921589,01 80 
922670,43 83 
978724,36 67 
981996,86 64 59327
982030,32 256 
982288,64 74 270
982288,64 62 270
983800,27 153 
983820,14 68 
985829,92 92 
985829,92 65 
985843,79 103 
985843,79 101 
986372,36 100 
986372,36 5
986372,36 2116
986372,36 11
988349,94 25 
988763,51 75 
989972,77 72 
990295,94 70 
992064,58 80 
993707,48 83 
994291,77 64 585
994519,58 74 213
994519,58 61 213
995031,12 151 
995054,74 69 
995763,95 93 
995786,22 103 
995786,22 101 
997814,55 100 
997814,55 5
997814,55 2116
997814,55 10
999798,51 25 
999826,79 75 
1001034,12 72 
1001104,76 70 
1002634,4 80 
1003010,1 83 
1004186,47 64 1177
1004384,48 74 175
1004384,48 62 175
1005392,33 151 
1005424,34 69 
1006333,97 93 
1006355,1 103 
1006355,1 101 
1008388,88 100 
1008388,88 5
1008388,88 2116
1008388,88 11
1010367,4 25 
1010395,25 75 
1011602,79 72 
1011673,77 70 
1013191,79 80 
1014272,14 83 
1015383,67 64 1112
1015563,73 74 159
1015563,73 62 159
1016575,43 150 
1016606,5 68 
1017517,53 92 
1017517,53 65 
1017537,05 103 
1017537,05 101 
1018064,18 100 
1018064,18 5
1018064,18 2116
1018064,18 10
1020043,43 25 
1020470,24 75 
1021680,17 72 
1021749,59 70 
1023278,91 80 
1023641,49 83 
1025268,9 64 1627
1025475,09 74 182
1025475,09 62 182
1026986,76 151 
1027015,35 69 
1029026,61 93 
1029038,92 103 
1029038,92 101 
1031067,63 100 
1031067,63 5
1031067,63 2116
1031067,63 10
1033051,29 25 
1033078,5 75 
1034285,68 72 
1034357,69 70 
1035874,9 80 
1037235,8 83 
1038265,44 64 1030
1038295,74 256 
1038595,4 74 307
1038595,4 63 307
1039106,75 150 
1039130,39 68 
1040146,96 249
1040439,14 173 
1040640,2 92 
1040640,2 65 
1040660,76 103 
1040660,76 101 
1041191,37 100 
1041191,37 5
1041191,37 2116
1041191,37 11
1043167,05 25 
1043353,98 75 
1044563,44 72 
1044633,24 70 
1046162,39 80 
1046538,81 83 
1047917,22 64 1379
1048109,57 74 171
1048109,57 62 171
1049118,33 150 
1049139,68 68 
1049851,05 92 
1049851,05 65 
1049870,28 103 
1049870,28 101 
1050400,67 100 
1050400,67 5
1050400,67 2116
1050400,67 10
1052376,71 25 
1052670,15 75 
1053880,16 72 
1053949,4 70 
1055466,71 80 
1056840,92 83 
1057350,62 64 510
1057610,11 74 237
1057610,11 63 237
1059121,95 150 
1059148,68 68 
1060059,3 92 
1060059,3 65 
1060079,26 103 
1060079,26 101 
1060606,98 100 
1060606,98 5
1060606,98 2116
1060606,98 11
1062585,58 25 
1062665,97 75 
1063874,13 72 
1063945,38 70 
1065458,68 80 
1066516,98 83 
1067006,73 64 490
1067266,01 74 243
1067266,01 63 243
1067776,21 151 
1067798,32 69 
1068506,34 93 
1068515,81 103 
1068515,81 101 
1070551,34 100 
1070551,34 5
1070551,34 2116
1070551,34 10
1072528,26 25 
1072555,41 75 
1073764,02 72 
1073834,45 70 
1075360,97 80 
1076726,01 83 
1077446,37 64 721
1077686,01 74 228
1077686,01 63 228
1078694,38 150 
1078714,17 68 
1080223,66 92 
1080223,66 65 
1080244,24 103 
1080244,24 101 
1080770,6 100 
1080770,6 5
1080770,6 2116
1080770,6 11
1082750,53 25 
1083070,84 75 
1084279,13 72 
1084349,98 70 
1085871,16 80 
1086242,01 83 
1087515,22 64 1274
1087700,37 74 166
1087700,37 62 166
1089212,73 150 
1089242,67 68 
1091254,12 92 
1091254,12 65 
1091279,64 103 
1091279,64 101 
1091809,57 100 
1091809,57 5
1091809,57 2116
1091809,57 11
1093786,11 25 
1094172,79 75 
1095382,65 72 
1095451,93 70 
1096971,51 80 
1098037,15 83 
1098639,85 64 603
1098887,06 74 224
1098887,06 62 224
1099397,43 152 
1099424,46 69 
1101434,94 93 
1101448,61 103 
1101448,61 101 
1103481,37 100 
1103481,37 5
1103481,37 2116
1103481,37 11
1105461,08 25 
1105488,33 75 
1106697,3 72 
1106900,53 70 
1108525,14 80 
1109765,57 83 
1110609,63 64 844
1110845,32 74 214
1110845,32 63 214
1111353,18 151 
1111380,2 69 
1112289,32 93 
1112310,81 103 
1112310,81 101 
1114338,87 100 
1114338,87 5
1114338,87 2116
1114338,87 11
1116323,25 25 
1116350,61 75 
1117560,24 72 
1117762,64 70 
1119385,25 80 
1119934,6 83 
1121402,97 64 1468
1121588,89 74 162
1121588,89 62 162
1122597,26 150 
1122628,8 68 
1123339,31 92 
1123339,31 65 
1123359,62 103 
1123359,62 101 
1123887,25 100 
1123887,25 5
1123887,25 2116
1123887,25 10
1125865,88 25 
1126492,58 75 
1127702,32 72 
1127771,86 70 
1129290,06 80 
1130663,49 83 
1131132,89 64 470
1131371,54 74 215
1131371,54 63 215
1132880,97 150 
1132904,43 68 
1134415,11 92 
1134415,11 65 
1134434,96 103 
1134434,96 101 
1134971,58 100 
1134971,58 5
1134971,58 2116
1134971,58 10
1136954,49 25 
1137341,55 75 
1138552,09 72 
1138620,56 70 
1140141,58 80 
1141205,75 83 
1142196,35 64 991
1142433,54 74 215
1142433,54 63 215
1143442,85 150 
1143472,59 68 
1143969,08 249
1144383,5 92 
1144383,5 65 
1144404,04 103 
1144404,04 101 
1144931,46 100 
1144931,46 5
1144931,46 2116
1144931,46 10
1146910,36 25 
1147350,69 75 
1148559,83 72 
1148629,83 70 
1150159,67 80 
1151534,83 83 
1152000,8 64 466
1152251,12 74 237
1152251,12 63 237
1152764,31 150 
1152788,77 68 
1152980,64 249
1153243,54 173 
1154299,6 92 
1154299,6 65 
1154319,86 103 
1154319,86 101 
1154846,13 100 
1154846,13 5
1154846,13 2116
1154846,13 10
1156826,21 25 
1157346,6 75 
1158556,36 72 
1158625,68 70 
1160149,13 80 
1160517,63 83 
1161906,65 64 1389
1162172,27 74 243
1162172,27 63 243
1163682,98 150 
1163704,3 68 
1164317,56 249
1164412,59 92 
1164412,59 65 
1164435,65 103 
1164435,65 101 
1164967,3 100 
1164967,3 5
1164967,3 2116
1164967,3 11
1166941,96 25 
1167489,06 75 
1168697,75 72 
1168768,1 70 
1170290,14 80 
1170660,06 83 
1171801,04 64 1142
1172010,65 74 191
1172010,65 62 191
1172521,44 150 
1172540,61 68 
1174551,37 92 
1174551,37 65 
1174578,16 103 
1174578,16 101 
1175111,27 100 
1175111,27 5
1175111,27 2116
1175111,27 11
1177084,44 25 
1177631,45 75 
1178841,01 72 
1178910,39 70 
1180435,28 80 
1181495,52 83 
1182082,55 64 587
1182264,74 74 156
1182264,74 62 156
1183276,56 150 
1183296,83 68 
1184007,64 92 
1184007,64 65 
1184027,48 103 
1184027,48 101 
1184553,68 100 
1184553,68 5
1184553,68 2116
1184553,68 10
1186533,84 25 
1186907,35 75 
1188114,78 72 
1188186,65 70 
1189705,34 80 
1191064,88 83 
1191508,55 64 444
1191759,19 74 229
1191759,19 63 229
1193267,22 152 
1193291,88 69 
1194385,13 249 
1194700,37 183 
1195302,33 93 
1195316,14 103 
1195316,14 101 
1197347,55 100 
1197347,55 5
1197347,55 2116
1197347,55 11
1199328,54 25 
1199356,01 75 
1200564,64 72 
1200636,32 70 
1202150,36 80 
1202513,45 83 
1203548,31 64 1036
1203747,21 74 182
1203747,21 62 182
1205255,9 150 
1205287,63 68 
1206199,39 92 
1206199,39 65 
1206218,24 103 
1206218,24 101 
1206746,15 100 
1206746,15 5
1206746,15 2116
1206746,15 10
1208724,57 25 
1209284,8 75 
1210492,61 72 
1210563,9 70 
1212087,48 80 
1213455,57 83 
1213956,36 64 501
1214192,76 74 218
1214192,76 63 218
1214699,33 150 
1214723,69 68 
1214794,6 249
1215288,65 173 
1216233,94 92 
1216233,94 65 
1216254,05 103 
1216254,05 101 
1216784,94 100 
1216784,94 5
1216784,94 2116
1216784,94 11
1218760,45 25 
1219147,32 75 
1220354,22 72 
1220426,34 70 
1221942,68 80 
1222998,22 83 
1223648,68 64 651
1223860,05 74 196
1223860,05 62 196
1224870,17 150 
1224892,68 68 
1226905,4 92 
1226905,4 65 
1226929,53 103 
1226929,53 101 
1227464,99 100 
1227464,99 5
1227464,99 2116
1227464,99 10
1229449,23 25 
1229836,11 75 
1231044,87 72 
1231288,57 70 
1232924,02 80 
1233993,6 83 
1234673,96 64 680
1234941,33 74 255
1234941,33 63 255
1235952,35 150 
1235981,33 68 
1236283,64 249
1236419,83 173 
1237492 92 
1237492 65 
1237511,8 103 
1237511,8 101 
1238038,94 100 
1238038,94 5
1238038,94 2116
1238038,94 11
1240018,25 25 
1240418,44 75 
1241628,34 72 
1241697,6 70 
1243223,16 80 
1243589,7 83 
1244670,22 64 1081
1244843,08 74 161
1244843,08 62 161
1245352,89 150 
1245376,64 68 
1246085,31 92 
1246085,31 65 
1246108,2 103 
1246108,2 101 
1246636,16 100 
1246636,16 5
1246636,16 2116
1246636,16 10
1248614,47 25 
1249028,27 75 
1250236,08 72 
1250307,23 70 
1251831,09 80 
1253212,38 83 
1253612,43 64 401
1253846,53 74 208
1253846,53 63 208
1255355,73 150 
1255386,69 68 
1256294,51 92 
1256294,51 65 
1256317,21 103 
1256317,21 101 
1256852,59 100 
1256852,59 5
1256852,59 2116
1256852,59 11
1258837,87 25 
1259197,34 75 
1260407,58 72 
1260476,41 70 
1262001,31 80 
1263368,04 83 
1263847,67 64 480
1264040,98 74 180
1264040,98 62 180
1265552,77 150 
1265582,5 68 
1266295,48 92 
1266295,48 65 
1266313,18 103 
1266313,18 101 
1266840,73 100 
1266840,73 5
1266840,73 2116
1266840,73 10
1268819,42 25 
1269099,79 75 
1270309,21 72 
1270378,84 70 
1271896,66 80 
1272964,03 83 
1273705,36 64 742
1273944,49 74 221
1273944,49 63 221
1274455,45 150 
1274485,31 68 
1275127,85 249
1276493,54 92 
1276493,54 65 
1276508,83 103 
1276508,83 101 
1277040,34 100 
1277040,34 5
1277040,34 2116
1277040,34 11
1279015,12 25 
1279175,64 75 
1280383,42 72 
1280454,7 70 
1281978,82 80 
1282346,74 83 
1283134,39 64 788
1283341,49 74 182
1283341,49 62 182
1284351,82 150 
1284373,97 68 
1285284,31 92 
1285284,31 65 
1285305,16 103 
1285305,16 101 
1285837,25 100 
1285837,25 5
1285837,25 2116
1285837,25 10
1287811,61 25 
1288185,03 75 
1289391,71 72 
1289464,19 70 
1290983,36 80 
1291356,36 83 
1294012,71 64 2657
1294303,76 74 269
1294303,76 63 269
1294814,7 150 
1294836,72 68 
1295329,25 249
1295644,95 173 
1296344,06 92 
1296344,06 65 
1296367,26 103 
1296367,26 101 
1296894,61 100 
1296894,61 5
1296894,61 2116
1296894,61 10
1298873,63 25 
1299313,76 75 
1300520,65 72 
1300592,98 70 
1302117,22 80 
1303497,88 83 
1303872,15 64 375
1304107,53 74 210
1304107,53 63 210
1305615,81 150 
1305645,82 68 
1306358,34 92 
1306358,34 65 
1306376,41 103 
1306376,41 101 
1306904,96 100 
1306904,96 5
1306904,96 2116
1306904,96 10
1308882,7 25 
1309496,25 75 
1310706,31 72 
1310775,52 70 
1312295,58 80 
1313360,68 83 
1313971,93 64 611
1314219,36 74 233
1314219,36 63 233
1315229,46 150 
1315254,88 68 
1316765,72 92 
1316765,72 65 
1316785,32 103 
1316785,32 101 
1317316,1 100 
1317316,1 5
1317316,1 2116
1317316,1 11
1319291,69 25 
1320118,41 75 
1321327,14 72 
1321397,75 70 
1322916,42 80 
1324289,21 83 
1324789,35 64 501
1324980,77 74 172
1324980,77 62 172
1326493,32 150 
1326517,07 68 
1328526,91 92 
1328526,91 65 
1328540,46 103 
1328540,46 101 
1329067,23 100 
1329067,23 5
1329067,23 2116
1329067,23 10
1331046,73 25 
1331606,96 75 
1332815,36 72 
1333059,44 70 
1334741,72 80 
1335964,37 83 
1337164,6 64 1201
1337415,48 74 225
1337415,48 63 225
1337925,65 150 
1337952,12 68 
1338470,17 249
1338860,32 92 
1338860,32 65 
1338882,8 103 
1338882,8 101 
1339411,8 100 
1339411,8 5
1339411,8 2116
1339411,8 11
1341389,24 25 
1342016,05 75 
1343225,96 72 
1343295,12 70 
1344818,87 80 
1345187,36 83 
1346453,46 64 1267
1346639,66 74 173
1346639,66 62 173
1347647,03 150 
1347667,3 68 
1349677,67 92 
1349677,67 65 
1349704,96 103 
1349704,96 101 
1350237,67 100 
1350237,67 5
1350237,67 2116
1350237,67 11
1352224,67 25 
1352744,72 75 
1353951,39 72 
1354023,91 70 
1355554,98 80 
1356622,41 83 
1356919,26 64 298
1357146,87 74 205
1357146,87 62 205
1358657,66 150 
1358676,93 68 
1360185,52 92 
1360185,52 65 
1360207,22 103 
1360207,22 101 
1360733,43 100 
1360733,43 5
1360733,43 2116
1360733,43 11
1362713,51 25 
1363380,3 75 
1364588,73 72 
1364659,59 70 
1366189,38 80 
1367551,22 83 
1368064,59 64 514
1368251,7 74 168
1368251,7 62 168
1368762,65 150 
1368792,82 68 
1369703,67 92 
1369703,67 65 
1369723,18 103 
1369723,18 101 
1370250,34 100 
1370250,34 5
1370250,34 2116
1370250,34 10
1372229,58 25 
1372804,43 75 
1374012,84 72 
1374082,32 70 
1375611,26 80 
1375974,24 83 
1379369,83 64 3396
1379614,19 74 229
1379614,19 63 229
1380622,45 152 
1380654,41 69 
1381366,49 93 
1381384,99 103 
1381384,99 101 
1383426,84 100 
1383426,84 5
1383426,84 2116
1383426,84 11
1385410,77 25 
1385438,02 75 
1386644,36 72 
1386716,99 70 
1388242,28 80 
1389315,44 83 
1389991,18 64 677
1390192,3 74 185
1390192,3 62 185
1390702,42 150 
1390730,12 68 
1391641,15 92 
1391641,15 65 
1391660,73 103 
1391660,73 101 
1392188,53 100 
1392188,53 5
1392188,53 2116
1392188,53 11
1394167,05 25 
1394887,22 75 
1396095,62 72 
1396166,35 70 
1397693,23 80 
1398058,45 83 
1399208,28 64 1151
1399404,13 74 174
1399404,13 62 174
1400915,53 150 
1400939,25 68 
1401649,13 92 
1401649,13 65 
1401669,88 103 
1401669,88 101 
1402199,17 100 
1402199,17 5
1402199,17 2116
1402199,17 11
1404176,23 25 
1404856,34 75 
1406064,88 72 
1406135,47 70 
1407668,87 80 
1409040,54 83 
1409492,46 64 452
1409693,64 74 187
1409693,64 62 187
1410705,83 150 
1410735,08 68 
1412244,41 92 
1412244,41 65 
1412265,46 103 
1412265,46 101 
1412798,18 100 
1412798,18 5
1412798,18 2116
1412798,18 10
1414771,79 25 
1415558,57 75 
1416766,07 72 
1416837,75 70 
1418368,56 80 
1419449,52 83 
1420148,85 64 700
1420378,99 74 210
1420378,99 63 210
1420891,13 150 
1420917,5 68 
1422010,27 249
1422928,03 92 
1422928,03 65 
1422954,29 103 
1422954,29 101 
1423483,51 100 
1423483,51 5
1423483,51 2116
1423483,51 10
1425460,69 25 
1425927,52 75 
1427136,16 72 
1427206,68 70 
1428737,59 80 
1429098,82 83 
1430486,85 64 1388
1430731 74 219
1430731 63 219
1432241,6 150 
1432258,65 68 
1434271,26 92 
1434271,26 65 
1434296,2 103 
1434296,2 101 
1434826,23 100 
1434826,23 5
1434826,23 2116
1434826,23 10
1436802,6 25 
1437189,58 75 
1438397,28 72 
1438641,94 70 
1440447,41 80 
1442000,08 83 
1443036,56 64 1037
1443319,47 74 267
1443319,47 63 267
1444327,26 150 
1444347,99 68 
1444611,65 249
1444704,19 173 
1445257,23 92 
1445257,23 65 
1445278,3 103 
1445278,3 101 
1445809,62 100 
1445809,62 5
1445809,62 2116
1445809,62 10
1447784,61 25 
1448011,78 75 
1449219,64 72 
1449410,81 70 
1451041,16 80 
1452582,28 83 
1452977,66 64 396
1453206,09 74 212
1453206,09 63 212
1454714,54 150 
1454743,53 68 
1456256,14 92 
1456256,14 65 
1456273,71 103 
1456273,71 101 
1456802,6 100 
1456802,6 5
1456802,6 2116
1456802,6 11
1458780,05 25 
1459300,52 75 
1460509,11 72 
1460579,41 70 
1462104,01 80 
1463164,5 83 
1463867,24 64 703
1464049,32 74 166
1464049,32 62 166
1464561,34 152 
1464579,88 69 
1465288,63 93 
1465310 103 
1465310 101 
1467337,25 100 
1467337,25 5
1467337,25 2116
1467337,25 11
1469322,46 25 
1469363,3 75 
1470571,39 72 
1470641,8 70 
1472160,81 80 
1472533,9 83 
1473914,06 64 1381
1474142,15 74 210
1474142,15 62 210
1475153,36 150 
1475174,97 68 
1475885,8 92 
1475885,8 65 
1475905,52 103 
1475905,52 101 
1476435,96 100 
1476435,96 5
1476435,96 2116
1476435,96 10
1478411,89 25 
1478945,35 75 
1478980,34 250 
1478997,07 101 
1481010,87 100 
1481010,87 5
1481010,87 2116
1481010,87 10
1481010,87 25 
1481037,14 75 
1482245,68 72 
1482317,03 70 
1483833,99 80 
1485195,31 83 
1485774,44 64 580
1486023,87 74 229
1486023,87 63 229
1486535,12 150 
1486556,81 68 
1487088,74 249
1487239,03 173 
1487468,54 92 
1487468,54 65 
1487487,36 103 
1487487,36 101 
1488014,5 100 
1488014,5 5
1488014,5 2116
1488014,5 11
1489993,68 25 
1490513,99 75 
1491724,28 72 
1491793,14 70 
1493301,68 80 
1494378,21 83 
1494863,72 64 486
1495042,65 74 158
1495042,65 62 158
1496554,72 150 
1496579,23 68 
1498090,42 92 
1498090,42 65 
1498109,57 103 
1498109,57 101 
1498635,7 100 
1498635,7 5
1498635,7 2116
1498635,7 11
1500615,87 25 
1501123,02 75 
1502332 72 
1502401,96 70 
1503927,91 80 
1504280,67 83 
1505342,06 64 1062
1505487,88 74 128
1505487,88 62 128
1506495,39 150 
1506521,75 68 
1508529,73 92 
1508529,73 65 
1508545,26 103 
1508545,26 101 
1509080,85 100 
1509080,85 5
1509080,85 2116
1509080,85 10
1511064,92 25 
1512011,54 75 
1513219,85 72 
1513290,7 70 
1514817,28 80 
1515889,17 83 
1516668,18 64 780
1516956,31 74 268
1516956,31 63 268
1518463,34 150 
1518489,94 68 
1520001,37 92 
1520001,37 65 
1520020,4 103 
1520020,4 101 
1520546,62 100 
1520546,62 5
1520546,62 2116
1520546,62 10
1522526,89 25 
1522847,07 75 
1524057,05 72 
1524126,21 70 
1525646,47 80 
1526018,27 83 
1527196,67 64 1179
1527460,35 74 243
1527460,35 63 243
1527969,54 150 
1527992,73 68 
1528901,59 92 
1528901,59 65 
1528923,32 103 
1528923,32 101 
1529450,17 100 
1529450,17 5
1529450,17 2116
1529450,17 11
1531429,8 25 
1532096,49 75 
1533304,85 72 
1533375,62 70 
1534894,55 80 
1536254,03 83 
1536771,94 64 518
1536960,91 74 174
1536960,91 62 174
1537973,18 150 
1538001,87 68 
1538713,78 92 
1538713,78 65 
1538732,7 103 
1538732,7 101 
1539267,54 100 
1539267,54 5
1539267,54 2116
1539267,54 11
1541252,24 25 
1541932,43 75 
1543142,81 72 
1543211,63 70 
1544735,51 80 
1546103,21 83 
1546423,82 64 321
1546616,6 74 167
1546616,6 62 167
1548126,59 152 
1548157,58 69 
1550169,21 93 
1550181,23 103 
1550181,23 101 
1552210,52 100 
1552210,52 5
1552210,52 2116
1552210,52 10
1554193,49 25 
1554220,81 75 
1555429,65 72 
1555673,07 70 
1557261,6 80 
1558551,31 83 
1619996,48 64 61446
1620267,87 74 249
1620267,87 63 249
1620777,88 150 
1620807,54 68 
1622815,62 92 
1622815,62 65 
1622831,77 103 
1622831,77 101 
1623359,25 100 
1623359,25 5
1623359,25 2116
1623359,25 10
1625337,29 25 
1625737,27 75 
1626945,54 72 
1627016,53 70 
1628544,89 80 
1628908,67 83 
1629904,9 64 996
1630193,49 74 272
1630193,49 63 272
1631206,92 150 
1631229,68 68 
1631702,42 249
1631783,43 173 
1632741,61 92 
1632741,61 65 
1632759,97 103 
1632759,97 101 
1633290,69 100 
1633290,69 5
1633290,69 2116
1633290,69 10
1635266,36 25 
1635559,97 75 
1636768,04 72 
1636839,08 70 
1638362,22 80 
1638731,25 83 
1640254,33 64 1524
1640506,98 74 230
1640506,98 63 230
1641515,9 150 
1641545,27 68 
1642257,87 92 
1642257,87 65 
1642276 103 
1642276 101 
1642803,69 100 
1642803,69 5
1642803,69 2116
1642803,69 11
1644782,33 25 
1645275,92 75 
1646486,12 72 
1646555,05 70 
1648082,97 80 
1649446,67 83 
1649914,25 64 468
1650100,19 74 174
1650100,19 62 174
1651608,07 150 
1651634,46 68 
1652544,7 92 
1652544,7 65 
1652565,12 103 
1652565,12 101 
1653095,7 100 
1653095,7 5
1653095,7 2116
1653095,7 10
1655071,48 25 
1655524,9 75 
1656734,94 72 
1656804,05 70 
1658331,3 80 
1659402,57 83 
1660357,98 64 955
1660617,48 74 243
1660617,48 63 243
1661125,91 150 
1661150,45 68 
1663161,2 92 
1663161,2 65 
1663187,37 103 
1663187,37 101 
1663719,07 100 
1663719,07 5
1663719,07 2116
1663719,07 10
1665693,6 25 
1666240,49 75 
1667449,16 72 
1667519,64 70 
1669058,73 80 
1670424,62 83 
1670958,34 64 534
1671177,76 74 207
1671177,76 63 207
1671689,7 152 
1671719,32 69 
1672627,36 93 
1672649,96 103 
1672649,96 101 
1674676,02 100 
1674676,02 5
1674676,02 2116
1674676,02 11
1676662,41 25 
1676689,79 75 
1677898,41 72 
1677968,8 70 
1679502,51 80 
1679887,39 83 
1691316,17 64 11430
1691498,34 74 163
1691498,34 62 163
1692507,05 150 
1692537,43 68 
1693248,11 92 
1693248,11 65 
1693268,07 103 
1693268,07 101 
1693794,25 100 
1693794,25 5
1693794,25 2116
1693794,25 10
1695774,49 25 
1696454,52 75 
1697665,25 72 
1697733,66 70 
1699261,07 80 
1700332,13 83 
1700930,15 64 599
1701181,57 74 237
1701181,57 63 237
1702690,82 150 
1702719,74 68 
1703289,5 249
1703315,99 173 
1704231,73 92 
1704231,73 65 
1704250,14 103 
1704250,14 101 
1704784,86 100 
1704784,86 5
1704784,86 2116
1704784,86 11
1706769,78 25 
1707210,02 75 
1708418,42 72 
1708489,23 70 
1710027,28 80 
1711100,92 83 
1711557,97 64 457
1711729,7 74 149
1711729,7 62 149
1712241,7 150 
1712262,46 68 
1713772,58 92 
1713772,58 65 
1713792,8 103 
1713792,8 101 
1714321,03 100 
1714321,03 5
1714321,03 2116
1714321,03 10
1716299,1 25 
1716832,75 75 
1718042,22 72 
1718111,84 70 
1719634,22 80 
1721016,77 83 
1721477,77 64 461
1721718,36 74 222
1721718,36 63 222
1723228,15 150 
1723257,87 68 
1724169,28 92 
1724169,28 65 
1724188,46 103 
1724188,46 101 
1724715,78 100 
1724715,78 5
1724715,78 2116
1724715,78 10
1726694,83 25 
1727614,79 75 
1728824,28 72 
1729027,24 70 
1730647,85 80 
1731199,25 83 
1733241,36 64 2043
1733511,75 74 247
1733511,75 63 247
1734522,19 150 
1734546,37 68 
1734982,79 249
1735344,23 173 
1736556,47 92 
1736556,47 65 
1736583,33 103 
1736583,33 101 
1737117,26 100 
1737117,26 5
1737117,26 2116
1737117,26 11
1739102,88 25 
1739796,39 75 
1741003,79 72 
1741195,58 70 
1742825,49 80 
1743367,61 83 
1744210,12 64 844
1744413,31 74 180
1744413,31 62 180
1744922,92 150 
1744942,56 68 
1745651,5 92 
1745651,5 65 
1745672,79 103 
1745672,79 101 
1746200,66 100 
1746200,66 5
1746200,66 2116
1746200,66 11
1748179,2 25 
1748752,83 75 
1749963,35 72 
1750165 70 
1751710,78 80 
1752790,24 83 
1753195,18 64 406
1753387,37 74 171
1753387,37 62 171
1754899,84 150 
1754924,69 68 
1756436,35 92 
1756436,35 65 
1756455,1 103 
1756455,1 101 
1756983,85 100 
1756983,85 5
1756983,85 2116
1756983,85 11
1758961,27 25 
1759574,93 75 
1760783,68 72 
1760854,08 70 
1762379,25 80 
1763745,69 83 
1764207,48 64 462
1764410,31 74 186
1764410,31 62 186
1765420,3 150 
1765440,33 68 
1767451,41 92 
1767451,41 65 
1767476,97 103 
1767476,97 101 
1768013,05 100 
1768013,05 5
1768013,05 2116
1768013,05 10
1769996,67 25 
1770423,61 75 
1771633,32 72 
1771702,77 70 
1773224,88 80 
1774594,46 83 
1775525,29 64 932
1775786,79 74 246
1775786,79 63 246
1777295,11 150 
1777315,28 68 
1778023,53 92 
1778023,53 65 
1778045,93 103 
1778045,93 101 
1778574,03 100 
1778574,03 5
1778574,03 2116
1778574,03 11
1780552,29 25 
1781179,15 75 
1782388,47 72 
1782458,32 70 
1783988,8 80 
1785070,08 83 
1785843,44 64 774
1786046,46 74 191
1786046,46 62 191
1787057,65 150 
1787084,45 68 
1787992,94 92 
1787992,94 65 
1788015,26 103 
1788015,26 101 
1788543,76 100 
1788543,76 5
1788543,76 2116
1788543,76 10
1790521,5 25 
1791094,97 75 
1792302,19 72 
1792374,08 70 
1793903,1 80 
1794266,23 83 
1797432,31 64 3167
1797693,31 74 242
1797693,31 63 242
1798203,28 150 
1798226,45 68 
1798745,76 249
1798805,23 173 
1799738,13 92 
1799738,13 65 
1799756,91 103 
1799756,91 101 
1800288,52 100 
1800288,52 5
1800288,52 2116
1800288,52 11
1802263,33 25 
1802703,54 75 
1803912,28 72 
1803982,61 70 
1805502,37 80 
1806874,33 83 
1807511,6 64 638
1807693,39 74 167
1807693,39 62 167
1808702,18 150 
1808728,78 68 
1809438,35 92 
1809438,35 65 
1809459,52 103 
1809459,52 101 
1809988,51 100 
1809988,51 5
1809988,51 2116
1809988,51 10
1811965,77 25 
1812672,63 75 
1813880,04 72 
1813951,83 70 
1815476,57 80 
1815843,82 83 
1817144,81 64 1301
1817420,86 74 258
1817420,86 63 258
1818929,03 150 
1818951,32 68 
1820963,1 92 
1820963,1 65 
1820988,03 103 
1820988,03 101 
1821514,28 100 
1821514,28 5
1821514,28 2116
1821514,28 11
1823494,36 25 
1823881,18 75 
1825089,65 72 
1825160,48 70 
1826683,31 80 
1827745,63 83 
1828231,53 64 486
1828464,48 74 213
1828464,48 62 213
1828973,79 150 
1829000,39 68 
1829911,41 92 
1829911,41 65 
1829930,93 103 
1829930,93 101 
1830465,19 100 
1830465,19 5
1830465,19 2116
1830465,19 10
1832450,66 25 
1833090,67 75 
1834297,64 72 
1834369,88 70 
1835895,43 80 
1837261,63 83 
1837798,47 64 537
1838052,18 74 232
1838052,18 63 232
1839560,44 150 
1839582,68 68 
1840072,23 249
1840159,51 173 
1841096,11 92 
1841096,11 65 
1841112,97 103 
1841112,97 101 
1841640,4 100 
1841640,4 5
1841640,4 2116
1841640,4 11
1843619,34 25 
1844126,18 75 
1845333,43 72 
1845405,25 70 
1846938,3 80 
1847310,7 83 
1848251,52 64 941
1848458,84 74 189
1848458,84 62 189
1849470,18 150 
1849498,43 68 
1851506,38 92 
1851506,38 65 
1851535,29 103 
1851535,29 101 
1852067,93 100 
1852067,93 5
1852067,93 2116
1852067,93 11
1854041,61 25 
1854562,74 75 
1855770,48 72 
1856014,31 70 
1857644,7 80 
1858719,24 83 
1859150,11 64 432
1859320,5 74 149
1859320,5 62 149
1859832,98 150 
1859854,34 68 
1860562,95 92 
1860562,95 65 
1860584,76 103 
1860584,76 101 
1861115,21 100 
1861115,21 5
1861115,21 2116
1861115,21 10
1863091,19 25 
1863731,25 75 
1864940,78 72 
1865010,45 70 
1866534,38 80 
1866902,59 83 
1868282,64 64 1380
1868518,4 74 217
1868518,4 63 217
1869527,78 152 
1869556,94 69 
1870467,44 93 
1870487,3 103 
1870487,3 101 
1872518,89 100 
1872518,89 2
1872518,89 2116
1872518,89 11
1872518,89 78 
1872518,89 198 
1874499,74 25 
1874526,86 75 
1875734,72 72 
1875805,98 70 
1877331,09 80 
1878404,44 83 
1879301,23 64 898
1879493,63 74 170
1879493,63 62 170
1880003,15 151 
1880031,64 69 
1880940,77 93 
1880962,93 103 
1880962,93 101 
1882990,52 100 
1882990,52 2
1882990,52 2116
1882990,52 11
1884975,28 25 
1885002,86 75 
1886210,42 72 
1886281,48 70 
1887806,07 80 
1889173,18 83 
1891266,91 64 2094
1891453,94 74 162
1891453,94 62 162
1892965,6 151 
1892987,08 69 
1893696,8 93 
1893717,66 103 
1893717,66 101 
1895747,24 100 
1895747,24 2
1895747,24 2116
1895747,24 11
1897729,95 25 
1897757,39 75 
1898967,72 72 
1899036,31 70 
1900563,11 80 
1900928,53 83 
1918653,28 64 17726
1918673,91 256 
1918885,3 74 218
1918885,3 62 218
1919394,37 153 
1919415,92 68 
1920839,19 249
1920927,73 92 
1920927,73 65 
1920946,26 103 
1920946,26 101 
1921472,36 100 
1921472,36 2
1921472,36 2116
1921472,36 10
1923452,56 25 
1923892,74 75 
1925101,16 72 
1925171,98 70 
1926696,8 80 
1927770,45 83 
1928449,92 64 680
1928678,54 74 215
1928678,54 63 215
1930188,26 151 
1930211,59 69 
1931296,35 249 
1931381,97 256 
1933320,12 183 
1935318,21 93 
1935340,21 103 
1935340,21 101 
1937370,26 100 
1937370,26 2
1937370,26 2116
1937370,26 11
1939352,54 25 
1939380,28 75 
1940589,46 72 
1940658,83 70 
1942191,32 80 
1943577,36 83 
1943911,92 64 335
1944086,48 74 150
1944086,48 62 150
1945098,64 151 
1945125,35 69 
1946037,92 93 
1946055,77 103 
1946055,77 101 
1948092,43 100 
1948092,43 2
1948092,43 2116
1948092,43 10
1950068,14 25 
1950095,48 75 
1951304,98 72 
1951374,32 70 
1952905,82 80 
1954265,98 83 
1954684,36 64 419
1954867,57 74 162
1954867,57 62 162
1956378,74 151 
1956400,16 69 
1958412,5 93 
1958423,89 103 
1958423,89 101 
1960452,59 100 
1960452,59 2
1960452,59 2116
1960452,59 10
1962436,32 25 
1964089,37 75 
1965296,59 72 
1965541,73 70 
1967131,68 80 
1967687,16 83 
1968930,33 64 1244
1968965,75 256 
1969221,85 74 269
1969221,85 61 269
1969731,92 150 
1969754,49 68 
1970462,64 92 
1970462,64 65 
1970485,62 103 
1970485,62 101 
1971012,77 100 
1971012,77 2
1971012,77 2116
1971012,77 10
1972991,9 25 
1973472,07 75 
1974680,87 72 
1974871,11 70 
1976500,2 80 
1977749,49 83 
1978173,64 64 424
1978409,33 74 221
1978409,33 61 221
1979421,93 150 
1979444,17 68 
1980951,21 92 
1980951,21 65 
1980974,52 103 
1980974,52 101 
1981509,5 100 
1981509,5 2
1981509,5 2116
1981509,5 10
1983494,12 25 
1983801,13 75 
1985008,14 72 
1985080,39 70 
1986600,03 80 
1987665,35 83 
1988028,83 64 364
1988245,53 74 194
1988245,53 61 194
1988758,06 150 
1988786,91 68 
1989169,44 249
1989214,54 171
1989697,66 92 
1989697,66 65 
1989717,51 103 
1989717,51 101 
1990244,63 100 
1990244,63 2
1990244,63 2116
1990244,63 11
1992223,85 25 
1992797,33 75 
1994004,03 72 
1994076,43 70 
1995593,97 80 
1996954,87 83 
1997345,17 64 391
1997509,78 74 142
1997509,78 62 142
1999019,23 151 
1999049,19 69 
2001056,14 93 
2001072,78 103 
2001072,78 101 
2003101,3 100 
2003101,3 2
2003101,3 2116
2003101,3 11
2005085,25 25 
2005112,37 75 
2006320,17 72 
2006391,4 70 
2007902,61 80 
2008256,83 83 
2010427,81 64 2171
2010685,15 74 243
2010685,15 63 243
2011694,31 150 
2011723,23 68 
2013236,02 92 
2013236,02 65 
2013267,69 103 
2013267,69 101 
2013798,88 100 
2013798,88 2
2013798,88 2116
2013798,88 10
2015773,98 25 
2016454,12 75 
2017662,75 72 
2017733,35 70 
2019250,92 80 
2019612,08 83 
2020435,25 64 824
2020621,18 74 170
2020621,18 61 170
2022133,06 150 
2022159,64 68 
2022871,53 92 
2022871,53 65 
2022890,32 103 
2022890,32 101 
2023416,61 100 
2023416,61 2
2023416,61 2116
2023416,61 11
2025397,5 25 
2026130,08 75 
2027339,77 72 
2027409,34 70 
2028928,44 80 
2029981,03 83 
2030870,69 64 890
2031132,03 74 245
2031132,03 61 245
2031641,26 153 
2031661,11 68 
2032570,62 92 
2032570,62 65 
2032592,87 103 
2032592,87 101 
2033121,51 100 
2033121,51 2
2033121,51 2116
2033121,51 10
2035099,21 25 
2035619,37 75 
2036827,5 72 
2036898,79 70 
2038417,36 80 
2039790,32 83 
2040216,33 64 427
2040441,8 74 212
2040441,8 61 212
2041449,18 150 
2041471,41 68 
2041787,87 249
2042039,57 171
2042982,23 92 
2042982,23 65 
2043002,01 103 
2043002,01 101 
2043535,32 100 
2043535,32 2
2043535,32 2116
2043535,32 10
2045508,28 25 
2046255,06 75 
2047463,68 72 
2047534,27 70 
2049054,69 80 
2050119,25 83 
2050586,63 64 468
2050852,87 74 241
2050852,87 61 241
2052364,2 150 
2052387,1 68 
2054396,14 92 
2054396,14 65 
2054410,51 103 
2054410,51 101 
2054939,46 100 
2054939,46 2
2054939,46 2116
2054939,46 11
2056916,84 25 
2057583,71 75 
2058793,29 72 
2058862,86 70 
2060383,28 80 
2061754,45 83 
2062756,71 64 1003
2062985,21 74 205
2062985,21 61 205
2063997,58 151 
2064022,12 69 
2064731,2 93 
2064753,05 103 
2064753,05 101 
2066781,04 100 
2066781,04 2
2066781,04 2116
2066781,04 11
2068765,25 25 
2068792,52 75 
2069999,98 72 
2070071,42 70 
2071593,37 80 
2071963,53 83 
2156207,17 64 84244
2156444,5 74 223
2156444,5 61 223
2156952,81 151 
2156982,03 69 
2157891,42 93 
2157900,67 103 
2157900,67 101 
2159935,01 100 
2159935,01 2
2159935,01 2116
2159935,01 10
2161915,34 25 
2162926,34 75 
2164135,32 72 
2164205,46 70 
2165731,44 80 
2167097,27 83 
2167824,56 64 728
2168038,23 74 196
2168038,23 62 196
2169548,3 151 
2169578,26 69 
2170290,62 93 
2170308,76 103 
2170308,76 101 
2172336,16 100 
2172336,16 2
2172336,16 2116
2172336,16 10
2174321,02 25 
2174348,57 75 
2175556,2 72 
2175627,31 70 
2177158,27 80 
2178225,73 83 
2179530,36 64 1305
2179809,98 74 265
2179809,98 63 265
2180820,49 151 
2180840,14 69 
2181670,07 249 
2181970,78 183 
2182353,06 93 
2182370,4 103 
2182370,4 101 
2184398,06 100 
2184398,06 2
2184398,06 2116
2184398,06 11
2186382,72 25 
2186409,89 75 
2187617,65 72 
2187688,87 70 
2189212,15 80 
2189581,12 83 
2190483,88 64 903
2190721,35 74 221
2190721,35 61 221
2191233,42 151 
2191262,33 69 
2193271,77 93 
2193285,98 103 
2193285,98 101 
2195325,22 100 
2195325,22 2
2195325,22 2116
2195325,22 10
2197311,5 25 
2197338,57 75 
2198549,14 72 
2198617,71 70 
2200137,96 80 
2201216,21 83 
2201791,37 64 576
2201978,43 74 163
2201978,43 62 163
2202489,89 151 
2202511,92 69 
2204524,45 93 
2204534,41 103 
2204534,41 101 
2206562,12 100 
2206562,12 2
2206562,12 2116
2206562,12 11
2208546,96 25 
2208573,98 75 
2209784,46 72 
2209852,99 70 
2211387,16 80 
2212758,07 83 
2213251,48 64 494
2213575,5 74 298
2213575,5 63 298
2214586,93 150 
2214611,28 68 
2216123,66 92 
2216123,66 65 
2216142,91 103 
2216142,91 101 
2216671,07 100 
2216671,07 2
2216671,07 2116
2216671,07 10
2218649,25 25 
2218836,46 75 
2220045,83 72 
2220115,5 70 
2221638,26 80 
2222007,61 83 
2223230,88 64 1223
2223462,85 74 216
2223462,85 63 216
2224972,01 151 
2224994,86 69 
2225904,75 93 
2225925,53 103 
2225925,53 101 
2227957,84 100 
2227957,84 2
2227957,84 2116
2227957,84 10
2229937,97 25 
2229965,08 75 
2231172,95 72 
2231244,09 70 
2232770,34 80 
2233842,56 83 
2234813,88 64 971
2235035,52 74 207
2235035,52 62 207
2236048,11 151 
2236070,35 69 
2236780,57 93 
2236801 103 
2236801 101 
2238827,75 100 
2238827,75 2
2238827,75 2116
2238827,75 11
2240813,26 25 
2242213,27 75 
2243420,14 72 
2243492,29 70 
2245017,82 80 
2246383,95 83 
2247071,89 64 688
2247363,29 74 274
2247363,29 62 274
2247873,37 153 
2247891,92 68 
2249405,45 92 
2249405,45 65 
2249422,35 103 
2249422,35 101 
2249951,21 100 
2249951,21 2
2249951,21 2116
2249951,21 10
2251928,62 25 
2252382,42 75 
2253591,37 72 
2253661,42 70 
2255189,53 80 
2255553,55 83 
2256504,86 64 952
2256792,32 74 267
2256792,32 63 267
2258302,04 151 
2258327,44 69 
2260335,3 93 
2260351,04 103 
2260351,04 101 
2262381,55 100 
2262381,55 2
2262381,55 2116
2262381,55 11
2264363,55 25 
2264390,88 75 
2265601,98 72 
2265669,75 70 
2267194,73 80 
2267561,81 83 
2268777,21 64 1216
2268976,91 74 175
2268976,91 62 175
2269988,04 151 
2270016,09 69 
2270925,12 93 
2270946,78 103 
2270946,78 101 
2272973,81 100 
2272973,81 2
2272973,81 2116
2272973,81 11
2274959,22 25 
2274986,25 75 
2276194,67 72 
2276265,3 70 
2277801,81 80 
2279170,22 83 
2279582,69 64 413
2279799,28 74 203
2279799,28 61 203
2280311,71 151 
2280331,72 69 
2281045,89 93 
2281062,38 103 
2281062,38 101 
2283089,13 100 
2283089,13 2
2283089,13 2116
2283089,13 10
2285074,84 25 
2285102,12 75 
2286310,4 72 
2286381,13 70 
2287911,08 80 
2288979,52 83 
2289904,37 64 925
2290116,38 74 191
2290116,38 62 191
2291629,22 151 
2291660,28 69 
2293171,97 93 
2293190,66 103 
2293190,66 101 
2295222,92 100 
2295222,92 2
2295222,92 2116
2295222,92 11
2297203,09 25 
2297230,6 75 
2298439,27 72 
2298509,41 70 
2300037,92 80 
2301400,97 83 
2302072,59 64 672
2302326,87 74 233
2302326,87 63 233
2303835,93 150 
2303855,63 68 
2304560,01 249
2304739,53 173 
2305867,69 92 
2305867,69 65 
2305892,04 103 
2305892,04 101 
2306422,56 100 
2306422,56 2
2306422,56 2116
2306422,56 11
2308398,48 25 
2308625,34 75 
2309833,79 72 
2309904,57 70 
2311426,36 80 
2312503,07 83 
2312959,07 64 456
2313199,5 74 217
2313199,5 63 217
2313710,29 150 
2313731,28 68 
2314387,16 249
2314639,8 92 
2314639,8 65 
2314661,75 103 
2314661,75 101 
2315188,48 100 
2315188,48 2
2315188,48 2116
2315188,48 11
2317168,23 25 
2317701,56 75 
2318911 72 
2318980,76 70 
2320510,32 80 
2320873,07 83 
2321910,16 64 1038
2322176,72 74 251
2322176,72 63 251
2323185,61 150 
2323206,45 68 
2323917,44 92 
2323917,44 65 
2323937,89 103 
2323937,89 101 
2324474,92 100 
2324474,92 2
2324474,92 2116
2324474,92 11
2326457,59 25 
2327004,4 75 
2328214,06 72 
2328283,5 70 
2329811,29 80 
2330189,01 83 
2331115,51 64 927
2331396,1 74 261
2331396,1 63 261
2331903,2 152 
2331923,17 69 
2332833,1 93 
2332854,16 103 
2332854,16 101 
2334881,91 100 
2334881,91 2
2334881,91 2116
2334881,91 10
2336866,62 25 
2336893,91 75 
2338104,44 72 
2338172,65 70 
2339697,48 80 
2341064,57 83 
2341800,47 64 737
2341995,71 74 172
2341995,71 62 172
2343507,7 151 
2343532,14 69 
2345544,3 93 
2345555,53 103 
2345555,53 101 
2347583,01 100 
2347583,01 2
2347583,01 2116
2347583,01 11
2349567,93 25 
2349595,14 75 
2350803,71 72 
2350874,12 70 
2352404,35 80 
2353472,52 83 
2359072,04 64 5599
2359359,78 74 263
2359359,78 63 263
2360369,44 150 
2360391,71 68 
2361903,83 92 
2361903,83 65 
2361921,94 103 
2361921,94 101 
2362456,09 100 
2362456,09 2
2362456,09 2116
2362456,09 11
2364441,65 25 
2364828,51 75 
2366037,33 72 
2366281,09 70 
2367962,16 80 
2368506,25 83 
2369771,46 64 1266
2370011,44 74 226
2370011,44 63 226
2371020,52 150 
2371040,63 68 
2371174,2 249
2371452,05 173 
2371752,51 92 
2371752,51 65 
2371771,2 103 
2371771,2 101 
2372300,35 100 
2372300,35 2
2372300,35 2116
2372300,35 10
2374277,64 25 
2374824,47 75 
2376033,3 72 
2376103,57 70 
2377621,17 80 
2378701,96 83 
2379223,83 64 522
2379413,29 74 166
2379413,29 62 166
2379926,13 151 
2379956,73 69 
2381465,68 93 
2381487,12 103 
2381487,12 101 
2383515,22 100 
2383515,22 2
2383515,22 2116
2383515,22 10
2385499,58 25 
2385526,76 75 
2386734,5 72 
2386805,68 70 
2388332,72 80 
2389684,19 83 
2390241,3 64 558
2390468,14 74 212
2390468,14 61 212
2391976,86 150 
2392004,3 68 
2392914,6 92 
2392914,6 65 
2392935,77 103 
2392935,77 101 
2393467,37 100 
2393467,37 2
2393467,37 2116
2393467,37 10
2395442,07 25 
2396015,49 75 
2397222,03 72 
2397294,77 70 
2398821,33 80 
2399186,77 83 
2400425,73 64 1239
2400676,18 74 237
2400676,18 61 237
2402185,64 150 
2402214,2 68 
2402922,83 92 
2402922,83 65 
2402944,85 103 
2402944,85 101 
2403472,65 100 
2403472,65 2
2403472,65 2116
2403472,65 10
2405451,27 25 
2406024,85 75 
2407232,34 72 
2407303,76 70 
2408818,71 80 
2409889,02 83 
2410582,65 64 694
2410791,11 74 183
2410791,11 61 183
2411300,47 150 
2411329,8 68 
2413341,7 92 
2413341,7 65 
2413367,22 103 
2413367,22 101 
2413898,82 100 
2413898,82 2
2413898,82 2116
2413898,82 10
2415873,62 25 
2416380,39 75 
2417587,14 72 
2417659,61 70 
2419181,27 80 
2420551,19 83 
2421186,21 64 636
2421433,83 74 230
2421433,83 61 230
2422442,56 150 
2422472,44 68 
2423985,69 92 
2423985,69 65 
2424002,7 103 
2424002,7 101 
2424534,31 100 
2424534,31 2
2424534,31 2116
2424534,31 11
2426509,19 25 
2426962,54 75 
2428171,59 72 
2428241,76 70 
2429757,31 80 
2431106,79 83 
2431467,13 64 361
2431734,41 74 255
2431734,41 63 255
2432245,44 150 
2432268,29 68 
2433177,55 92 
2433177,55 65 
2433198,9 103 
2433198,9 101 
2433725,31 100 
2433725,31 2
2433725,31 2116
2433725,31 11
2435705,24 25 
2436212,02 75 
2437421,64 72 
2437491,19 70 
2439011,27 80 
2440063,08 83 
2440640,78 64 578
2440896,58 74 234
2440896,58 63 234
2441904,8 150 
2441930,95 68 
2443942,54 92 
2443942,54 65 
2443967,71 103 
2443967,71 101 
2444495,15 100 
2444495,15 2
2444495,15 2116
2444495,15 11
2446474,13 25 
2446501,29 75 
2447711,25 72 
2447780,2 70 
2449304,53 80 
2449672,37 83 
2451735,36 64 2064
2451991,13 74 241
2451991,13 63 241
2453499,35 150 
2453526,08 68 
2454237,3 92 
2454237,3 65 
2454256,8 103 
2454256,8 101 
2454791,27 100 
2454791,27 2
2454791,27 2116
2454791,27 10
2456776,43 25 
2457376,46 75 
2458586,3 72 
2458655,67 70 
2460179,54 80 
2461254,21 83 
2462259,36 64 1006
2462737 74 457
2462737 62 457
2463246,97 151 
2463268,39 69 
2464777,22 93 
2464799,01 103 
2464799,01 101 
2466827,25 100 
2466827,25 2
2466827,25 2116
2466827,25 11
2468811,39 25 
2468839,37 75 
2470046,22 72 
2470117,63 70 
2471636,13 80 
2472009,63 83 
2474662,54 64 2653
2474931,71 74 257
2474931,71 63 257
2476440,82 150 
2476463,3 68 
2478472,81 92 
2478472,81 65 
2478486,77 103 
2478486,77 101 
2479013,45 100 
2479013,45 2
2479013,45 2116
2479013,45 11
2480992,96 25 
2481499,87 75 
2482707,84 72 
2482778,92 70 
2484491,14 80 
2486017,15 83 
2486308,59 64 292
2486522,61 74 199
2486522,61 61 199
2487532,67 153 
2487551,97 68 
2488463,91 92 
2488463,91 65 
2488482,55 103 
2488482,55 101 
2489012,16 100 
2489012,16 2
2489012,16 2116
2489012,16 10
2490988,85 25 
2491322,45 75 
2492531,11 72 
2492601,5 70 
2494125,26 80 
2495186,81 83 
2495788,98 64 602
2495993,68 74 181
2495993,68 62 181
2496502,43 151 
2496535,94 69 
2497246,11 93 
2497265,47 103 
2497265,47 101 
2499295,27 100 
2499295,27 2
2499295,27 2116
2499295,27 10
2501278,1 25 
2501305,04 75 
2502513,11 72 
2502584,2 70 
2504119,26 80 
2504502,82 83 
2506412,09 64 1910
2506650,93 74 216
2506650,93 63 216
2508162,14 151 
2508183,32 69 
2509090,19 93 
2509100,6 103 
2509100,6 101 
2511128,06 100 
2511128,06 2
2511128,06 2116
2511128,06 10
2513112,97 25 
2513140,04 75 
2514346,47 72 
2514419,13 70 
2515942,5 80 
2517310,83 83 
2517991,08 64 681
2518197,88 74 181
2518197,88 61 181
2519206,4 150 
2519233,2 68 
2520742,61 92 
2520742,61 65 
2520762,39 103 
2520762,39 101 
2521298,07 100 
2521298,07 2
2521298,07 2116
2521298,07 10
2523282,01 25 
2523922,1 75 
2525128,15 72 
2525201,27 70 
2526731,28 80 
2528119,66 83 
2529278,14 64 1159
2529489,1 74 198
2529489,1 61 198
2530500,83 150 
2530520,09 68 
2532532,7 92 
2532532,7 65 
2532557,47 103 
2532557,47 101 
2533084,7 100 
2533084,7 2
2533084,7 2116
2533084,7 11
2535063,8 25 
2535690,45 75 
2536898,3 72 
2536969,65 70 
2538494,98 80 
2538861,81 83 
2540828,9 64 1967
2541115,42 74 268
2541115,42 61 268
2541623,92 151 
2541649,22 69 
2541860,33 249 
2542357,94 93 
2542379,9 103 
2542379,9 101 
2544408,07 100 
2544408,07 2
2544408,07 2116
2544408,07 11
2546392,32 25 
2546419,74 75 
2547627,7 72 
2547698,45 70 
2549223,14 80 
2550283,6 83 
2550876,29 64 593
2551069,84 74 173
2551069,84 62 173
2552579,8 151 
2552603,84 69 
2554115,31 93 
2554134,99 103 
2554134,99 101 
2556167,48 100 
2556167,48 2
2556167,48 2116
2556167,48 10
2558147,4 25 
2558174,7 75 
2559381,82 72 
2559453,63 70 
2560974,83 80 
2561345,78 83 
2562187,59 64 842
2562409,46 74 198
2562409,46 61 198
2563418,29 150 
2563440,24 68 
2563843,15 249
2564008,25 171
2564350,31 92 
2564350,31 65 
2564370,67 103 
2564370,67 101 
2564898,01 100 
2564898,01 2
2564898,01 2116
2564898,01 11
2566877,16 25 
2567437,31 75 
2568645,63 72 
2568716,38 70 
2570241,74 80 
2571314,87 83 
2572274,62 64 960
2572303,8 256 
2572855,84 74 568
2572855,84 63 568
2574364,01 150 
2574395,4 68 
2575104,31 92 
2575104,31 65 
2575126,19 103 
2575126,19 101 
2575656,23 100 
2575656,23 2
2575656,23 2116
2575656,23 11
2577632,62 25 
2578166,07 75 
2579374,75 72 
2579445,25 70 
2580970,47 80 
2582337,03 83 
2582779,05 64 443
2583015,88 74 213
2583015,88 63 213
2583527,06 150 
2583552 68 
2583971,88 249
2584000,95 173 
2585560,9 92 
2585560,9 65 
2585575,25 103 
2585575,25 101 
2586110,35 100 
2586110,35 2
2586110,35 2116
2586110,35 10
2588094,86 25 
2588428,52 75 
2589638,19 72 
2589707,59 70 
2591238,31 80 
2592319,46 83 
2593080,33 64 762
2593280,47 74 189
2593280,47 61 189
2593788,31 150 
2593814,16 68 
2594523,97 92 
2594523,97 65 
2594544,9 103 
2594544,9 101 
2595071,93 100 
2595071,93 2
2595071,93 2116
2595071,93 10
2597051,11 25 
2597744,7 75 
2598954,19 72 
2599023,84 70 
2600544,75 80 
2601915,45 83 
2602205,32 64 291
2602389,37 74 168
2602389,37 61 168
2603900,6 150 
2603929,72 68 
2605440,98 92 
2605440,98 65 
2605460,38 103 
2605460,38 101 
2605987,65 100 
2605987,65 2
2605987,65 2116
2605987,65 10
2607966,52 25 
2608713,41 75 
2609921,2 72 
2609992,61 70 
2611520,34 80 
2611884,67 83 
2612929,29 64 1045
2613161,34 74 211
2613161,34 61 211
2614169,27 150 
2614192,23 68 
2615102,54 92 
2615102,54 65 
2615122,89 103 
2615122,89 101 
2615654,45 100 
2615654,45 2
2615654,45 2116
2615654,45 11
2617629,29 25 
2618229,4 75 
2619438,49 72 
2619508,53 70 
2621032,27 80 
2622400,19 83 
2622797,36 64 398
2623057,78 74 244
2623057,78 63 244
2624566,74 152 
2624587,89 69 
2626072,53 249 
2626107,71 183 
2626598,31 93 
2626611,39 103 
2626611,39 101 
2628642,91 100 
2628642,91 6
2628642,91 2116
2628642,91 10
2628642,91 78 
2628642,91 198 
2630623,72 25 
2630651,01 75 
2631859,37 72 
2631929,96 70 
2633454,68 80 
2634528,53 83 
2635160,68 64 633
2635379,32 74 198
2635379,32 61 198
2636390,57 151 
2636409,77 69 
2636932 249 
2637918,99 93 
2637939,94 103 
2637939,94 101 
2639967,16 100 
2639967,16 6
2639967,16 2116
2639967,16 11
2641952,43 25 
2641979,67 75 
2643188,01 72 
2643258,68 70 
2644779,37 80 
2645153,73 83 
2646302,81 64 1152
2646603,41 74 280
2646603,41 63 280
2647114,02 151 
2647137,7 69 
2647847,13 93 
2647869,16 103 
2647869,16 101 
2649898,69 100 
2649898,69 6
2649898,69 2116
2649898,69 10
2651881,5 25 
2651908,8 75 
2653115,31 72 
2653187,72 70 
2654711,95 80 
2656079,42 83 
2656459,43 64 381
2656740,91 74 262
2656740,91 61 262
2658252,89 151 
2658280,34 69 
2658724,9 249 
2659191,63 93 
2659211,11 103 
2659211,11 101 
2661239,79 100 
2661239,79 6
2661239,79 2116
2661239,79 10
2663223,41 25 
2663251,32 75 
2664461,32 72 
2664529,76 70 
2666048,83 80 
2666421,85 83 
2670881 64 4459
2670911,17 256 
2671349,84 74 449
2671349,84 63 449
2671858,42 150 
2671887,81 68 
2673900,12 92 
2673900,12 65 
2673924,96 103 
2673924,96 101 
2674452,71 100 
2674452,71 6
2674452,71 2116
2674452,71 11
2676431,35 25 
2676951,55 75 
2678158,35 72 
2678230,68 70 
2679759,25 80 
2680829,15 83 
2681380,48 64 552
2681615,85 74 214
2681615,85 61 214
2682626,51 150 
2682656,96 68 
2682690,88 249
2683365,69 92 
2683365,69 65 
2683387,66 103 
2683387,66 101 
2683923,74 100 
2683923,74 6
2683923,74 2116
2683923,74 11
2685907,32 25 
2686387,61 75 
2687596,21 72 
2687853,28 70 
2689481,07 80 
2689852,1 83 
2691195,77 64 1344
2691405,04 74 195
2691405,04 61 195
2691913,11 150 
2691932,38 68 
2692839,33 92 
2692839,33 65 
2692865,44 103 
2692865,44 101 
2693389,89 100 
2693389,89 6
2693389,89 2116
2693389,89 10
2695370,16 25 
2695956,98 75 
2697164,2 72 
2697236,06 70 
2698764,38 80 
2700127,84 83 
2700715,61 64 588
2700969,32 74 229
2700969,32 63 229
2701978,65 150 
2702008,88 68 
2704020,76 92 
2704020,76 65 
2704045,74 103 
2704045,74 101 
2704575 100 
2704575 6
2704575 2116
2704575 11
2706552,07 25 
2706925,6 75 
2708136,49 72 
2708204,8 70 
2709727,19 80 
2710790,11 83 
2711983,86 64 1194
2712244,7 74 242
2712244,7 63 242
2713753,57 153 
2713777,32 68 
2714261,49 249
2714332,65 173 
2715287,3 92 
2715287,3 65 
2715307,73 103 
2715307,73 101 
2715842,1 100 
2715842,1 6
2715842,1 2116
2715842,1 10
2717827,26 25 
2718134,26 75 
2719342,68 72 
2719413,44 70 
2720937,96 80 
2722012,04 83 
2722426,83 64 415
2722651,25 74 200
2722651,25 61 200
2723659,41 151 
2723679,48 69 
2723935,18 249 
2724875,15 181 
2725688,43 93 
2725703,45 103 
2725703,45 101 
2727729,64 100 
2727729,64 6
2727729,64 2116
2727729,64 11
2729715,81 25 
2729743,1 75 
2730950,82 72 
2731021,99 70 
2732550,53 80 
2733913,71 83 
2734330,82 64 417
2734594,92 74 242
2734594,92 63 242
2736104,41 151 
2736128,03 69 
2737369,7 249 
2742698,46 183 
2744195,43 93 
2744215,56 103 
2744215,56 101 
2746243,07 100 
2746243,07 6
2746243,07 2116
2746243,07 10
2748227,97 25 
2748255,75 75 
2749463 72 
2749534,36 70 
2751063,79 80 
2751439,88 83 
2752320,82 64 881
2752579,5 74 234
2752579,5 61 234
2753091,25 151 
2753121,23 69 
2753871,22 249 
2754030,99 93 
2754051,58 103 
2754051,58 101 
2756084,3 100 
2756084,3 6
2756084,3 2116
2756084,3 10
2758063,9 25 
2758091,13 75 
2759300,05 72 
2759370,1 70 
2760894,25 80 
2762261,75 83 
2762756,79 64 495
2763007,5 74 226
2763007,5 63 226
2764516,89 152 
2764542,07 69 
2765253,63 93 
2765273,48 103 
2765273,48 101 
2767302,01 100 
2767302,01 6
2767302,01 2116
2767302,01 10
2769286,05 25 
2769313,1 75 
2770522,41 72 
2770592,11 70 
2772114,5 80 
2772484,16 83 
2773892,4 64 1409
2774078,94 74 169
2774078,94 62 169
2775087,71 151 
2775111,75 69 
2776621,13 93 
2776642,1 103 
2776642,1 101 
2778669,57 100 
2778669,57 6
2778669,57 2116
2778669,57 10
2780654,4 25 
2780681,79 75 
2781889,58 72 
2781960,63 70 
2783491,88 80 
2784572,43 83 
2841593,64 67 
2843823,23 64 59252
2844070,51 74 230
2844070,51 61 230
2844579,78 151 
2844602,73 69 
2845513,45 93 
2845533,22 103 
2845533,22 101 
2847565,36 100 
2847565,36 6
2847565,36 2116
2847565,36 11
2849545,72 25 
2850292,71 75 
2851499,5 72 
2851744,99 70 
2853414,29 80 
2853930,13 83 
2855003,99 64 1074
2855201,68 74 179
2855201,68 62 179
2855711,12 151 
2855731,56 69 
2857740,31 93 
2857754,76 103 
2857754,76 101 
2859781,16 100 
2859781,16 6
2859781,16 2116
2859781,16 10
2861767,21 25 
2861794,72 75 
2863004,76 72 
2863073,39 70 
2864590,97 80 
2865965,04 83 
2867081,78 64 1117
2867349,77 74 252
2867349,77 61 252
2868362,18 151 
2868392,64 69 
2869102,06 93 
2869123,35 103 
2869123,35 101 
2871151,04 100 
2871151,04 6
2871151,04 2116
2871151,04 11
2873135,88 25 
2873163,07 75 
2874372,37 72 
2874442,15 70 
2875958,3 80 
2877013,98 83 
2877403,72 64 390
2877683,48 74 257
2877683,48 63 257
2879194,96 151 
2879214,63 69 
2879924,14 93 
2879945,59 103 
2879945,59 101 
2881974,57 100 
2881974,57 6
2881974,57 2116
2881974,57 11
2883958,06 25 
2883985,01 75 
2885192,87 72 
2885264,27 70 
2886779,2 80 
2887142,93 83 
2888134,76 64 992
2888302,38 74 147
2888302,38 62 147
2889313,08 151 
2889343,97 69 
2890851,11 93 
2890861,27 103 
2890861,27 101 
2892887,27 100 
2892887,27 6
2892887,27 2116
2892887,27 11
2894873,37 25 
2894900,66 75 
2896109,23 72 
2896179,56 70 
2897703,7 80 
2899071,29 83 
2899323,29 64 253
2899509,36 74 172
2899509,36 62 172
2900019,72 151 
2900045,66 69 
2902056,29 93 
2902069,61 103 
2902069,61 101 
2904098,5 100 
2904098,5 6
2904098,5 2116
2904098,5 11
2906082,04 25 
2906109,63 75 
2907317,24 72 
2907388,34 70 
2908916,81 80 
2909986,61 83 
2910784,7 64 798
2910950,5 74 151
2910950,5 61 151
2912462,35 150 
2912494,31 68 
2913402,37 92 
2913402,37 65 
2913424,89 103 
2913424,89 101 
2913967,03 100 
2913967,03 6
2913967,03 2116
2913967,03 11
2915944,6 25 
2916451,48 75 
2917659,49 72 
2917730,5 70 
2919261,14 80 
2920622,24 83 
2921147,11 64 526
2921415,34 74 247
2921415,34 61 247
2922427,59 150 
2922450,04 68 
2923510,45 249
2924458,42 92 
2924458,42 65 
2924473,63 103 
2924473,63 101 
2925001,44 100 
2925001,44 6
2925001,44 2116
2925001,44 10
2926979,94 25 
2928233,22 75 
2929442,74 72 
2929512,56 70 
2931042,1 80 
2932110,82 83 
2932976,82 64 866
2933221,23 74 232
2933221,23 61 232
2933735,24 151 
2933765,47 69 
2934618,95 249 
2935276,13 93 
2935295,81 103 
2935295,81 101 
2937323,62 100 
2937323,62 6
2937323,62 2116
2937323,62 11
2939308,08 25 
2939335,63 75 
2940544,51 72 
2940614,29 70 
2942131,85 80 
2942506,52 83 
2943960,63 64 1455
2944222,25 74 237
2944222,25 63 237
2945731,55 151 
2945759,56 69 
2946467,36 93 
2946477,7 103 
2946477,7 101 
2948508,23 100 
2948508,23 6
2948508,23 2116
2948508,23 10
2950490,17 25 
2950517,36 75 
2951724,47 72 
2951796,5 70 
2953317,99 80 
2953715,13 83 
2955603,68 64 1889
2955783,43 74 162
2955783,43 62 162
2956294,89 153 
2956315,26 68 
2957228,02 92 
2957228,02 65 
2957246,66 103 
2957246,66 101 
2957774,6 100 
2957774,6 6
2957774,6 2116
2957774,6 10
2959753,1 25 
2960033,2 75 
2961241,26 72 
2961432,37 70 
2962967,2 80 
2964337,39 83 
2965208,95 64 872
2965430,06 74 200
2965430,06 62 200
2966940,63 151 
2966964,94 69 
2968973,57 93 
2968988,42 103 
2968988,42 101 
2971015,44 100 
2971015,44 6
2971015,44 2116
2971015,44 10
2973000,77 25 
2973028,13 75 
2974237,17 72 
2974306,9 70 
2975839,2 80 
2976905,4 83 
2980313,4 64 3409
2980513,35 74 183
2980513,35 62 183
2981525,37 151 
2981545,41 69 
2982257,3 93 
2982276,18 103 
2982276,18 101 
2984309,2 100 
2984309,2 6
2984309,2 2116
2984309,2 10
2986288,57 25 
2986315,99 75 
2987524,65 72 
2987594,7 70 
2989110,87 80 
2989473,41 83 
2994381,58 64 4909
2994612,74 74 208
2994612,74 61 208
2995624,5 151 
2995646,3 69 
2996420,86 249 
2997158,28 93 
2997176,58 103 
2997176,58 101 
2999204,28 100 
2999204,28 6
2999204,28 2116
2999204,28 11
3001188,93 25 
3001217,12 75 
3002426,29 72 
3002495,25 70 
3004012,34 80 
3005066,94 83 
3005630,78 64 564
3005897,97 74 245
3005897,97 63 245
3007406,35 151 
3007427,08 69 
3008335,42 93 
3008345,35 103 
3008345,35 101 
3010373,31 100 
3010373,31 6
3010373,31 2116
3010373,31 11
3012357,55 25 
3012385 75 
3013593,35 72 
3013663,78 70 
3015184,29 80 
3016555,56 83 
3017137,82 64 582
3017315,82 74 161
3017315,82 62 161
3017825,21 151 
3017850,35 69 
3018763,67 93 
3018780,93 103 
3018780,93 101 
3020815,19 100 
3020815,19 6
3020815,19 2116
3020815,19 11
3022793,26 25 
3022820,68 75 
3024029,33 72 
3024099,5 70 
3025619,19 80 
3025978,36 83 
3027638,54 64 1661
3027885,32 74 228
3027885,32 61 228
3029398,54 150 
3029418,79 68 
3029582,05 249
3031431,48 92 
3031431,48 65 
3031455,57 103 
3031455,57 101 
3031982,62 100 
3031982,62 6
3031982,62 2116
3031982,62 10
3033962,02 25 
3034482,07 75 
3035690,97 72 
3035761,38 70 
3037278,31 80 
3038639,62 83 
3039221,15 64 582
3039476,97 74 238
3039476,97 61 238
3039990,56 151 
3040013,85 69 
3040780,64 249 
3041175,81 181 
3041524,39 93 
3041544,72 103 
3041544,72 101 
3043571,79 100 
3043571,79 6
3043571,79 2116
3043571,79 10
3045557,01 25 
3045584,57 75 
3046791,91 72 
3046863,3 70 
3048388,31 80 
3049461,87 83 
3050258,89 64 797
3050723,32 74 449
3050723,32 63 449
3051731,15 150 
3051755,27 68 
3052464,75 92 
3052464,75 65 
3052486,81 103 
3052486,81 101 
3053021,26 100 
3053021,26 6
3053021,26 2116
3053021,26 10
3055006,48 25 
3055233,55 75 
3056442,65 72 
3056512,52 70 
3058033,14 80 
3058391,47 83 
3059704,43 64 1314
3060124,65 74 401
3060124,65 63 401
3060635,4 150 
3060659,06 68 
3062138,95 249
3062169,63 92 
3062169,63 65 
3062189,49 103 
3062189,49 101 
3062717,12 100 
3062717,12 6
3062717,12 2116
3062717,12 11
3064695,92 25 
3065162,94 75 
3066370,51 72 
3066561,97 70 
3068094,06 80 
3069480,15 83 
3070193,3 64 714
3070389,52 74 176
3070389,52 62 176
3071897,8 151 
3071920,22 69 
3072631,38 93 
3072651,67 103 
3072651,67 101 
3074678,65 100 
3074678,65 6
3074678,65 2116
3074678,65 10
3076664,08 25 
3076705,19 75 
3077914,18 72 
3077983,62 70 
3079500,82 80 
3080568,78 83 
3082329,42 64 1761
3082812,89 74 472
3082812,89 63 472
3083825,87 150 
3083848,79 68 
3084396,57 249
3084566,88 173 
3085857,21 92 
3085857,21 65 
3085872,88 103 
3085872,88 101 
3086409,75 100 
3086409,75 6
3086409,75 2116
3086409,75 11
3088392,52 25 
3088859,36 75 
3090066,89 72 
3090138,73 70 
3091665,33 80 
3093030,21 83 
3093323,43 64 294
3093626,48 74 289
3093626,48 63 289
3095137,11 151 
3095164,79 69 
3096075,53 93 
3096095,21 103 
3096095,21 101 
3098123,12 100 
3098123,12 6
3098123,12 2116
3098123,12 11
3100107,58 25 
3100134,97 75 
3101342,34 72 
3101413,86 70 
3102932,18 80 
3103999,06 83 
3104453,09 64 455
3104772,77 74 294
3104772,77 63 294
3105284,85 151 
3105306,36 69 
3106016,79 93 
3106037,76 103 
3106037,76 101 
3108064,51 100 
3108064,51 6
3108064,51 2116
3108064,51 11
3110050,08 25 
3110077,32 75 
3111284,46 72 
3111356,47 70 
3112874,31 80 
3113248,52 83 
3114339,05 64 1091
3114585,32 74 231
3114585,32 61 231
3115595,01 150 
3115621,99 68 
3117133,09 92 
3117133,09 65 
3117153,08 103 
3117153,08 101 
3117685,73 100 
3117685,73 6
3117685,73 2116
3117685,73 10
3119659,53 25 
3120326,3 75 
3121536,51 72 
3121605,44 70 
3123122,16 80 
3124177,2 83 
3125451,87 64 1275
3125876,61 74 407
3125876,61 63 407
3126386,86 150 
3126405,15 68 
3127316,49 92 
3127316,49 65 
3127335,56 103 
3127335,56 101 
3127862,28 100 
3127862,28 6
3127862,28 2116
3127862,28 11
3129841,83 25 
3130428,66 75 
3131639,01 72 
3131707,82 70 
3133227,95 80 
3134586,17 83 
3135082,17 64 497
3135377,7 74 272
3135377,7 63 272
3136388,25 153 
3136414,06 68 
3136873,36 249
3137240,49 173 
3138421,83 92 
3138421,83 65 
3138437,54 103 
3138437,54 101 
3138972,47 100 
3138972,47 6
3138972,47 2116
3138972,47 10
3140957,32 25 
3141344,19 75 
3142552,87 72 
3142623,25 70 
3144151,86 80 
3144515,38 83 
3145618,44 64 1104
3145851,31 74 217
3145851,31 63 217
3147361,91 150 
3147382,1 68 
3148050,93 249
3148291,61 92 
3148291,61 65 
3148313,4 103 
3148313,4 101 
3148844,74 100 
3148844,74 6
3148844,74 2116
3148844,74 11
3150819,7 25 
3151286,66 75 
3152494,9 72 
3152565,79 70 
3154084,46 80 
3154457,97 83 
3155602,1 64 1145
3155865,86 74 249
3155865,86 63 249
3156876,35 151 
3156898,86 69 
3157611 93 
3157629,54 103 
3157629,54 101 
3159656,92 100 
3159656,92 6
3159656,92 2116
3159656,92 10
3161642 25 
3161669,64 75 
3162880,57 72 
3162948,1 70 
3164468,2 80 
3165533,26 83 
3166052,04 64 519
3166311,19 74 246
3166311,19 63 246
3166819,34 150 
3166840,55 68 
3167422,59 249
3167589,85 173 
3168852,72 92 
3168852,72 65 
3168878,24 103 
3168878,24 101 
3169404,93 100 
3169404,93 6
3169404,93 2116
3169404,93 11
3171384,57 25 
3171998,05 75 
3173207,39 72 
3173450,45 70 
3175084,83 80 
3176448,67 83 
3176789,44 64 341
3177023,15 74 215
3177023,15 63 215
3178531,16 153 
3178556,52 68 
3180066,43 92 
3180066,43 65 
3180086,8 103 
3180086,8 101 
3180619,81 100 
3180619,81 6
3180619,81 2116
3180619,81 11
3182606,64 25 
3183180,05 75 
3184387,89 72 
3184459,17 70 
3185991,86 80 
3186364,6 83 
3187623,99 64 1259
3187888,93 74 245
3187888,93 63 245
3188397,1 151 
3188418,98 69 
3189928,01 93 
3189949,35 103 
3189949,35 101 
3191976,77 100 
3191976,77 6
3191976,77 2116
3191976,77 10
3193961,7 25 
3193989,02 75 
3195197,61 72 
3195268,05 70 
3196796,72 80 
3198172,93 83 
3198448,21 64 276
3198631,11 74 166
3198631,11 62 166
3199639,76 151 
3199667,67 69 
3200379,24 93 
3200398,32 103 
3200398,32 101 
3202425,24 100 
3202425,24 6
3202425,24 2116
3202425,24 11
3204410,67 25 
3204438,09 75 
3205645,13 72 
3205716,95 70 
3207245,29 80 
3208315,41 83 
3213413,55 64 5099
3213601 74 168
3213601 62 168
3215113,68 151 
3215141,35 69 
3217153,25 93 
3217164,65 103 
3217164,65 101 
3219196,09 100 
3219196,09 6
3219196,09 2116
3219196,09 11
3221177,15 25 
3221204,44 75 
3222411,79 72 
3222483,28 70 
3224006,07 80 
3224375,54 83 
3225419,32 64 1045
3225627,44 74 186
3225627,44 62 186
3226638,82 151 
3226669,76 69 
3227578,73 93 
3227600,34 103 
3227600,34 101 
3229628,13 100 
3229628,13 6
3229628,13 2116
3229628,13 10
3231612,63 25 
3231639,83 75 
3232849,12 72 
3232919,08 70 
3234433,32 80 
3235797,3 83 
3236356,45 64 560
3236597,52 74 214
3236597,52 63 214
3238108,35 150 
3238131,75 68 
3238844,37 92 
3238844,37 65 
3238862,26 103 
3238862,26 101 
3239391,08 100 
3239391,08 6
3239391,08 2116
3239391,08 10
3241368,66 25 
3241835,43 75 
3243044,99 72 
3243114,77 70 
3244639,78 80 
3245713,15 83 
3246210,55 64 498
3246476,84 74 244
3246476,84 63 244
3246985,1 150 
3247007,86 68 
3247490,15 249
3247525,83 173 
3249019 92 
3249019 65 
3249044,67 103 
3249044,67 101 
3249581,97 100 
3249581,97 6
3249581,97 2116
3249581,97 10
3251565,63 25 
3251951,19 75 
3253160,42 72 
3253230,37 70 
3254747,22 80 
3256122,04 83 
3256610,38 64 489
3256899,25 74 271
3256899,25 63 271
3257410,47 150 
3257429,65 68 
3258939,79 92 
3258939,79 65 
3258960,55 103 
3258960,55 101 
3259488,98 100 
3259488,98 6
3259488,98 2116
3259488,98 11
3261466,94 25 
3262160,39 75 
3263367,1 72 
3263439,62 70 
3264964,43 80 
3266037,95 83 
3266462,34 64 425
3266633,75 74 143
3266633,75 62 143
3268142,04 151 
3268172,42 69 
3269081,56 93 
3269102,92 103 
3269102,92 101 
3271132,47 100 
3271132,47 6
3271132,47 2116
3271132,47 10
3273115,36 25 
3273142,96 75 
3274352,8 72 
3274594,9 70 
3276219,69 80 
3276593,49 83 
3292643,82 64 16050
3292938,53 74 272
3292938,53 63 272
3293950,19 150 
3293974,93 68 
3294593,1 249
3295482,22 92 
3295482,22 65 
3295505,21 103 
3295505,21 101 
3296038,74 100 
3296038,74 6
3296038,74 2116
3296038,74 10
3298024,97 25 
3298665,18 75 
3299872,07 72 
3299944,3 70 
3301472,71 80 
3302836,07 83 
3303283,18 64 448
3303566,26 74 265
3303566,26 63 265
3304576,79 150 
3304596,4 68 
3305130,8 249
3305148,2 173 
3305507,27 92 
3305507,27 65 
3305527,74 103 
3305527,74 101 
3306055,4 100 
3306055,4 6
3306055,4 2116
3306055,4 10
3308034,14 25 
3308607,64 75 
3309818,08 72 
3309886,8 70 
3311414,82 80 
3312485,2 83 
3313323,55 64 839
3313502,77 74 165
3313502,77 62 165
3314013,24 151 
3314033,16 69 
3314744,23 93 
3314763,92 103 
3314763,92 101 
3316792,62 100 
3316792,62 6
3316792,62 2116
3316792,62 11
3318776,25 25 
3318804,13 75 
3320012,12 72 
3320082,47 70 
3321602,16 80 
3321961,28 83 
3396105,84 67 
3399826,48 64 77866
3400099,31 74 251
3400099,31 63 251
3401608,23 153 
3401636,49 68 
3403646,74 92 
3403646,74 65 
3403660,11 103 
3403660,11 101 
3404194,46 100 
3404194,46 6
3404194,46 2116
3404194,46 11
3406179,77 25 
3406500 75 
3407707,09 72 
3407952,44 70 
3409583,97 80 
3410950,87 83 
3411463,98 64 513
3411759,81 74 276
3411759,81 63 276
3412770,19 151 
3412791,15 69 
3413880,98 249 
3414022,88 256 
3417265,08 182 
3422299,6 93 
3422319,01 103 
3422319,01 101 
3424345,12 100 
3424345,12 6
3424345,12 2116
3424345,12 11
3426331,26 25 
3426358,67 75 
3427565,25 72 
3427637,63 70 
3429166,8 80 
3429529,72 83 
3430482,61 64 953
3430666,07 74 164
3430666,07 62 164
3432176,72 151 
3432197,82 69 
3434207,25 93 
3434220,62 103 
3434220,62 101 
3436246,84 100 
3436246,84 6
3436246,84 2116
3436246,84 10
3438233,19 25 
3438260,32 75 
3439468,21 72 
3439539,28 70 
3441063,42 80 
3442137,66 83 
3456186,5 64 14049
3456424,47 74 213
3456424,47 62 213
3456935,84 151 
3456960,24 69 
3457869,8 93 
3457890,69 103 
3457890,69 101 
3459921,37 100 
3459921,37 6
3459921,37 2116
3459921,37 11
3461903,14 25 
3461931,01 75 
3463138,06 72 
3463209,4 70 
3464738,29 80 
3465807,8 83 
3466255,8 64 448
3466462,02 74 188
3466462,02 62 188
3466972,58 151 
3466995,65 69 
3467707,09 93 
3467726,65 103 
3467726,65 101 
3469756,44 100 
3469756,44 6
3469756,44 2116
3469756,44 11
3471739,17 25 
3471766,3 75 
3472975,09 72 
3473045,26 70 
3474571,32 80 
3474937,43 83 
3477418,62 64 2482
3477610,87 74 168
3477610,87 62 168
3479120,41 151 
3479150,06 69 
3480062,04 93 
3480081,45 103 
3480081,45 101 
3482108,89 100 
3482108,89 6
3482108,89 2116
3482108,89 11
3484093,9 25 
3484121,47 75 
3485329,08 72 
3485400,06 70 
3486925,58 80 
3488305,02 83 
3492553,03 64 4249
3492851,56 74 282
3492851,56 63 282
3493860,08 151 
3493891,61 69 
3494603,31 93 
3494622,17 103 
3494622,17 101 
3496651,08 100 
3496651,08 6
3496651,08 2116
3496651,08 11
3498634,55 25 
3498663,89 75 
3499873,76 72 
3499940,77 70 
3501469,03 80 
3502845,74 83 
3503154,95 64 309
3503433,43 74 255
3503433,43 61 255
3504441,67 152 
3504460 69 
3505970,33 93 
3505990,65 103 
3505990,65 101 
3508018,28 100 
3508018,28 6
3508018,28 2116
3508018,28 10
3510002,97 25 
3510030,26 75 
3511239,12 72 
3511429,47 70 
3513049,91 80 
3514294,28 83 
3515189,27 64 896
3515447,22 74 234
3515447,22 62 234
3516961,29 151 
3516988,33 69 
3518996,07 93 
3519011,9 103 
3519011,9 101 
3521039,3 100 
3521039,3 6
3521039,3 2116
3521039,3 10
3523024,27 25 
3523051,72 75 
3524259,6 72 
3524330,46 70 
3525852,31 80 
3526222,55 83 
3528203,43 64 1981
3528513,16 74 292
3528513,16 63 292
3529020,5 150 
3529050,07 68 
3530559,1 92 
3530559,1 65 
3530580,45 103 
3530580,45 101 
3534817,87 102 
