63,25 100 
63,25 2
63,25 2136
63,25 10
2032,97 25 
2990,81 75 
4197,28 72 
4523,28 70 
6143,61 80 
6509,43 83 
7792,88 64 1283
7822,43 256 
8011,86 74 195
8011,86 62 195
9523,95 151 
9548,53 69 
11557,21 93 
11575,69 103 
11575,69 101 
13602,36 100 
13602,36 2
13602,36 2136
13602,36 10
15586,04 25 
15613,32 75 
16823,47 72 
16892,33 70 
18409,52 80 
19770,67 83 
20327,79 64 557
20349,79 256 
20539,78 74 195
20539,78 61 195
21048,28 152 
21078,25 69 
22589,36 93 
22609,09 103 
22609,09 101 
24635,16 100 
24635,16 2
24635,16 2136
24635,16 11
26621,42 25 
26648,76 75 
27857,07 72 
27927,66 70 
29447,76 80 
30526,16 83 
31227,23 64 702
31436,64 74 190
31436,64 63 190
32449,56 150 
32472,27 68 
32842,76 249
33381,44 92 
33381,44 65 
33404,61 103 
33404,61 101 
33934,94 100 
33934,94 2
33934,94 2136
33934,94 10
35910,98 25 
36404,4 75 
37612,57 72 
37683,6 70 
39203,8 80 
40575,3 83 
41124,43 64 550
41368,03 74 220
41368,03 63 220
41878,38 151 
41895,98 69 
42606,64 93 
42628,38 103 
42628,38 101 
44655,01 100 
44655,01 2
44655,01 2136
44655,01 11
46639,72 25 
46667,39 75 
47876,27 72 
47946 70 
49464,37 80 
50517,78 83 
51253,18 64 736
51464,08 74 187
51464,08 63 187
52974,77 150 
52997,9 68 
53384,38 249
53709,21 92 
53709,21 65 
53729,42 103 
53729,42 101 
54257,08 100 
54257,08 2
54257,08 2136
54257,08 11
56235,83 25 
56782,54 75 
57989,27 72 
58061,72 70 
59574,57 80 
59940,53 83 
61305,28 64 1365
61536,58 74 210
61536,58 63 210
62545,62 150 
62567,26 68 
63064,39 249
64075,75 92 
64075,75 65 
64098,45 103 
64098,45 101 
64630,33 100 
64630,33 2
64630,33 2136
64630,33 10
66604,92 25 
66964,99 75 
68173,48 72 
68244,25 70 
69762,29 80 
71122,6 83 
71560,06 64 438
71701,5 74 126
71701,5 61 126
73211,97 150 
73242,74 68 
74152,31 92 
74152,31 65 
74174,28 103 
74174,28 101 
74700,33 100 
74700,33 2
74700,33 2136
74700,33 10
76680,63 25 
77200,69 75 
78410,01 72 
78479,86 70 
79995,97 80 
80358,69 83 
82185,19 64 1827
82396,64 74 199
82396,64 61 199
83404,8 150 
83425,31 68 
85436,44 92 
85436,44 65 
85449,52 103 
85449,52 101 
85976,66 100 
85976,66 2
85976,66 2136
85976,66 11
87955,9 25 
88076,14 75 
89284,52 72 
89355,35 70 
90874,41 80 
91940,48 83 
92461,92 64 522
92663,58 74 177
92663,58 63 177
93174,15 150 
93194,42 68 
93757,27 249
93903,48 92 
93903,48 65 
93925,97 103 
93925,97 101 
94455,1 100 
94455,1 2
94455,1 2136
94455,1 11
96432,27 25 
96819,31 75 
98028,43 72 
98098,35 70 
99609,88 80 
100683,55 83 
101267,07 64 584
101495,04 74 213
101495,04 63 213
103006,52 150 
103030,29 68 
103474,76 249
105039,52 92 
105039,52 65 
105054,68 103 
105054,68 101 
105582,94 100 
105582,94 2
105582,94 2136
105582,94 10
107560,96 25 
107761,28 75 
108972,45 72 
109253,74 70 
110771,41 80 
112132,05 83 
112471,72 64 340
112684,72 74 193
112684,72 61 193
113695,9 150 
113719,16 68 
114630,29 92 
114630,29 65 
114650,65 103 
114650,65 101 
115176,7 100 
115176,7 2
115176,7 2136
115176,7 11
117157,11 25 
117837,03 75 
119046,63 72 
119116,23 70 
120636,82 80 
121008,35 83 
122357,22 64 1349
122637,56 74 257
122637,56 63 257
123146,3 150 
123168,87 68 
123637,61 249
124680,28 92 
124680,28 65 
124699,77 103 
124699,77 101 
125235,62 100 
125235,62 2
125235,62 2136
125235,62 11
127219,43 25 
127673,02 75 
128880,89 72 
128952,13 70 
130467,42 80 
131830,48 83 
132246,13 64 416
132470,11 74 200
132470,11 63 200
133981,71 150 
134004,18 68 
134440,97 249
136014,39 92 
136014,39 65 
136028,53 103 
136028,53 101 
136554,44 100 
136554,44 2
136554,44 2136
136554,44 10
138534,69 25 
139214,81 75 
140423,34 72 
140495,56 70 
142018,55 80 
143092,48 83 
143605,02 64 513
143810,48 74 185
143810,48 61 185
144320,39 150 
144346,51 68 
145058,01 92 
145058,01 65 
145077,91 103 
145077,91 101 
145604,02 100 
145604,02 2
145604,02 2136
145604,02 10
147584,29 25 
148011,13 75 
149219,88 72 
149290,3 70 
150804,87 80 
151155,8 83 
152267,02 64 1112
152492,49 74 204
152492,49 63 204
153502,69 151 
153529,18 69 
154436,05 93 
154447,35 103 
154447,35 101 
156481,27 100 
156481,27 2
156481,27 2136
156481,27 11
158459,68 25 
158487,25 75 
159694,87 72 
159765,93 70 
161289,88 80 
162657,79 83 
163254,81 64 597
163483,43 74 213
163483,43 63 213
164495,07 152 
164524,6 69 
166034,69 93 
166055,84 103 
166055,84 101 
168082,36 100 
168082,36 2
168082,36 2136
168082,36 11
170068,18 25 
170095,38 75 
171303,41 72 
171374,41 70 
172889 80 
173946,31 83 
174703,13 64 758
174896,24 74 178
174896,24 63 178
176408,39 150 
176426,33 68 
176922 249
178437,26 92 
178437,26 65 
178450,65 103 
178450,65 101 
178976,65 100 
178976,65 2
178976,65 2136
178976,65 11
180957 25 
181130,63 75 
182338,34 72 
182409,82 70 
183938,91 80 
184301,97 83 
185708,05 64 1407
185935,47 74 208
185935,47 63 208
186441,89 150 
186462,1 68 
187971,3 92 
187971,3 65 
187993,36 103 
187993,36 101 
188521,68 100 
188521,68 2
188521,68 2136
188521,68 10
190499,65 25 
190673,26 75 
191881,1 72 
191952,51 70 
193471,54 80 
194830,85 83 
195308,41 64 478
195489,65 74 166
195489,65 61 166
197000,84 150 
197031,03 68 
197942,51 92 
197942,51 65 
197962,52 103 
197962,52 101 
198491,29 100 
198491,29 2
198491,29 2136
198491,29 10
200468,9 25 
200988,98 75 
202197,12 72 
202268,2 70 
203792,15 80 
204853,32 83 
205351,46 64 498
205555,03 74 183
205555,03 61 183
206065,28 150 
206094,01 68 
206803,06 92 
206803,06 65 
206825,49 103 
206825,49 101 
207356,38 100 
207356,38 2
207356,38 2136
207356,38 10
209331,83 25 
209931,91 75 
211140,2 72 
211464,41 70 
213072,04 80 
213436,51 83 
215053,51 64 1617
215237,41 74 162
215237,41 61 162
216249,26 150 
216276,36 68 
217782,97 92 
217782,97 65 
217807,54 103 
217807,54 101 
218338,84 100 
218338,84 2
218338,84 2136
218338,84 11
220314,02 25 
221047,26 75 
222255,81 72 
222326,56 70 
223855,79 80 
224911,58 83 
225558,64 64 647
225815,69 74 238
225815,69 63 238
227327,34 150 
227351,67 68 
227905,61 249
229359,72 92 
229359,72 65 
229376,04 103 
229376,04 101 
229902,17 100 
229902,17 2
229902,17 2136
229902,17 11
231882,39 25 
232349,29 75 
233557,02 72 
233628,41 70 
235154,09 80 
235520,52 83 
236802,96 64 1283
237051,3 74 225
237051,3 63 225
237564,09 150 
237587,43 68 
238008,33 249
238496,53 92 
238496,53 65 
238518,89 103 
238518,89 101 
239045,12 100 
239045,12 2
239045,12 2136
239045,12 10
241025,19 25 
241585,32 75 
242792,58 72 
242864,52 70 
244380,18 80 
245742,89 83 
246303,87 64 561
246507,09 74 178
246507,09 61 178
247518,16 150 
247543,36 68 
248252,88 92 
248252,88 65 
248274,84 103 
248274,84 101 
248809,13 100 
248809,13 2
248809,13 2136
248809,13 10
250794,54 25 
251274,84 75 
252483,92 72 
252553,88 70 
254082,74 80 
255458,87 83 
256053,14 64 595
256267,51 74 196
256267,51 61 196
256774,96 150 
256792,74 68 
257503,17 92 
257503,17 65 
257524,3 103 
257524,3 101 
258051,9 100 
258051,9 2
258051,9 2136
258051,9 10
260030,61 25 
260657,41 75 
261865,48 72 
261936,57 70 
263460,4 80 
264521,72 83 
265121,61 64 600
265321,5 74 187
265321,5 61 187
266330,65 150 
266348,7 68 
267260,7 92 
267260,7 65 
267280,21 103 
267280,21 101 
267807,15 100 
267807,15 2
267807,15 2136
267807,15 11
269787,54 25 
270186,8 75 
271395,92 72 
271465,92 70 
272980,08 80 
273331,35 83 
274417,6 64 1086
274661,1 74 224
274661,1 63 224
276170,99 150 
276197,96 68 
277708,51 92 
277708,51 65 
277729,18 103 
277729,18 101 
278258,53 100 
278258,53 2
278258,53 2136
278258,53 11
280235,49 25 
280582,79 75 
281790,79 72 
281861,68 70 
283378,31 80 
283740,36 83 
284892,13 64 1152
285107,1 74 195
285107,1 63 195
286121,38 150 
286140,63 68 
286727,73 249
288151,11 92 
288151,11 65 
288164,85 103 
288164,85 101 
288694,23 100 
288694,23 2
288694,23 2136
288694,23 10
290671,21 25 
291364,57 75 
292572,56 72 
292643,85 70 
294155,75 80 
295215,66 83 
295767,67 64 552
295983,45 74 195
295983,45 61 195
297493,45 152 
297522,39 69 
299531,07 93 
299546,72 103 
299546,72 101 
301573,74 100 
301573,74 2
301573,74 2136
301573,74 11
303559,14 25 
303587,24 75 
304794,98 72 
304865,27 70 
306390,02 80 
307743,68 83 
308285,76 64 542
308481,2 74 178
308481,2 61 178
308990,93 151 
309011,61 69 
309920,37 93 
309942,44 103 
309942,44 101 
311980,42 100 
311980,42 2
311980,42 2136
311980,42 10
313954,72 25 
314408,24 75 
315617,73 72 
315887,38 70 
317534,05 80 
318819,02 83 
319833,92 64 1016
320060,28 74 202
320060,28 63 202
321568,72 151 
321592,41 69 
322300,77 93 
322310,55 103 
322310,55 101 
324337,78 100 
324337,78 2
324337,78 2136
324337,78 11
326323 25 
326350,16 75 
327555,96 72 
327629,1 70 
329141,91 80 
329494,62 83 
330570,86 64 1076
330798,89 74 212
330798,89 61 212
331308,67 151 
331334,93 69 
332847,66 93 
332866,12 103 
332866,12 101 
334894,42 100 
334894,42 2
334894,42 2136
334894,42 10
336878,5 25 
336905,74 75 
338114,23 72 
338184,7 70 
339697,87 80 
341063,09 83 
341929,39 64 867
342087,57 74 144
342087,57 62 144
343099,11 151 
343117,53 69 
343825,57 93 
343848,24 103 
343848,24 101 
345877,98 100 
345877,98 2
345877,98 2136
345877,98 10
347860,64 25 
348553,99 75 
349761,62 72 
349833,17 70 
351350,63 80 
352418,44 83 
353204,48 64 786
353394,66 74 177
353394,66 62 177
354902,61 151 
354925,42 69 
356932,17 93 
356949,44 103 
356949,44 101 
358976,75 100 
358976,75 2
358976,75 2136
358976,75 11
360961,8 25 
361003,1 75 
362214,17 72 
362281,52 70 
363792,91 80 
364147,14 83 
365440,87 64 1295
365635,2 74 170
365635,2 61 170
366646,21 151 
366667,84 69 
367578,9 93 
367598,3 103 
367598,3 101 
369625,26 100 
369625,26 2
369625,26 2136
369625,26 11
371610,69 25 
371638,61 75 
372848,24 72 
372916,91 70 
374436,95 80 
375808,56 83 
376339,86 64 531
376517,67 74 163
376517,67 62 163
377027,44 151 
377049,14 69 
378561,5 93 
378580,38 103 
378580,38 101 
380614,54 100 
380614,54 2
380614,54 2136
380614,54 11
382592,76 25 
382620,24 75 
383830,47 72 
383898,93 70 
385421,29 80 
386790,62 83 
387679,53 64 889
387885,66 74 189
387885,66 63 189
388896,12 150 
388924,27 68 
390933,93 92 
390933,93 65 
390948,57 103 
390948,57 101 
391475,84 100 
391475,84 2
391475,84 2136
391475,84 10
393454,9 25 
393721,75 75 
394931,64 72 
395001 70 
396515,19 80 
397572,85 83 
398653,86 64 1081
398875,8 74 197
398875,8 63 197
399384,16 153 
399413,18 68 
399825,6 249
400121,36 92 
400121,36 65 
400144,68 103 
400144,68 101 
400670,74 100 
400670,74 2
400670,74 2136
400670,74 10
402651,03 25 
402917,99 75 
404125,42 72 
404197,18 70 
405715,05 80 
406075,9 83 
407101,68 64 1026
407327,18 74 212
407327,18 63 212
408838,31 151 
408863,32 69 
410371,61 93 
410393,8 103 
410393,8 101 
412426,04 100 
412426,04 2
412426,04 2136
412426,04 11
414406,13 25 
414433,33 75 
415641,42 72 
415712,31 70 
417241,64 80 
418297,63 83 
419473,4 64 1176
419625,5 74 129
419625,5 62 129
421134,16 151 
421164,07 69 
422072,49 93 
422082,47 103 
422082,47 101 
424112,39 100 
424112,39 2
424112,39 2136
424112,39 10
426094,59 25 
426122 75 
427328,34 72 
427400,81 70 
428928,22 80 
429292,88 83 
430311 64 1019
430518,35 74 186
430518,35 63 186
431530,74 151 
431560,02 69 
432472,01 93 
432491,16 103 
432491,16 101 
434518,09 100 
434518,09 2
434518,09 2136
434518,09 11
436503,52 25 
436530,76 75 
437737,29 72 
437809,78 70 
439326,33 80 
440689,08 83 
441155,72 64 468
441369,49 74 202
441369,49 61 202
441878,87 151 
441902,09 69 
443413,3 93 
443433,29 103 
443433,29 101 
445464,02 100 
445464,02 2
445464,02 2136
445464,02 11
447445,66 25 
447472,93 75 
448679,27 72 
448751,84 70 
450271,84 80 
450630,66 83 
451666,69 64 1036
451915 74 232
451915 63 232
452925,89 150 
452950,88 68 
453660,76 92 
453660,76 65 
453682,34 103 
453682,34 101 
454208,5 100 
454208,5 2
454208,5 2136
454208,5 11
456188,77 25 
456388,95 75 
457597,47 72 
457668,15 70 
459192,56 80 
460560,06 83 
461021,1 64 462
461230,22 74 191
461230,22 63 191
462739,92 150 
462760,16 68 
463220,17 249
464770,3 92 
464770,3 65 
464784,37 103 
464784,37 101 
465313,49 100 
465313,49 2
465313,49 2136
465313,49 10
467290,83 25 
467704,44 75 
468913,27 72 
468983,55 70 
470498,46 80 
471555,23 83 
472014,89 64 461
472222,03 74 188
472222,03 63 188
472732,66 151 
472756,01 69 
473463,36 93 
473474,04 103 
473474,04 101 
475505,86 100 
475505,86 2
475505,86 2136
475505,86 10
477486,41 25 
477514,14 75 
478722,79 72 
478792,62 70 
480314,13 80 
481684,29 83 
482076,36 64 392
482292,24 74 195
482292,24 63 195
483304,58 151 
483324,79 69 
484238,08 93 
484256,35 103 
484256,35 101 
486283,41 100 
486283,41 2
486283,41 2136
486283,41 11
488268,6 25 
488296,71 75 
489505,16 72 
489574,77 70 
491097,83 80 
491480,26 83 
492342,66 64 863
492565,64 74 206
492565,64 63 206
494075,8 150 
494093,74 68 
494494,53 249
496101,88 92 
496101,88 65 
496117,93 103 
496117,93 101 
496647,34 100 
496647,34 2
496647,34 2136
496647,34 11
498624,26 25 
498891,22 75 
500098,1 72 
500170,54 70 
501693,72 80 
502755,6 83 
503280,08 64 525
503489,89 74 189
503489,89 63 189
504002,6 150 
504022,87 68 
504568,68 249
505531,46 92 
505531,46 65 
505553,98 103 
505553,98 101 
506087,46 100 
506087,46 2
506087,46 2136
506087,46 10
508073,61 25 
508220,82 75 
509428,61 72 
509499,84 70 
511017,15 80 
512071,6 83 
512577,72 64 506
512721,29 74 130
512721,29 62 130
514233,1 151 
514258,17 69 
515166,59 93 
515176,76 103 
515176,76 101 
517205,09 100 
517205,09 2
517205,09 2136
517205,09 10
519189,05 25 
519216,29 75 
520424,32 72 
520495,21 70 
522010,33 80 
522374,01 83 
524459,56 64 2086
524659,53 74 180
524659,53 63 180
525671,62 153 
525693,77 68 
526164,94 249
527705,44 92 
527705,44 65 
527731,45 103 
527731,45 101 
528261,29 100 
528261,29 2
528261,29 2136
528261,29 11
530237,76 25 
530358,02 75 
531568,05 72 
531637,3 70 
533160,41 80 
534528,9 83 
535062,23 64 534
535294,95 74 220
535294,95 63 220
535802,09 150 
535822,97 68 
536233,27 249
536531,77 92 
536531,77 65 
536554,39 103 
536554,39 101 
537088,01 100 
537088,01 2
537088,01 2136
537088,01 11
539060,78 25 
539727,6 75 
540936,65 72 
541006,62 70 
542523,8 80 
543884,98 83 
544336,15 64 452
544569 74 218
544569 63 218
545579,68 150 
545605,45 68 
546084,99 249
547113,35 92 
547113,35 65 
547136,61 103 
547136,61 101 
547662,71 100 
547662,71 2
547662,71 2136
547662,71 11
549642,93 25 
550309,73 75 
551516,9 72 
551589,05 70 
553113,74 80 
553480,97 83 
554563,27 64 1083
554786,19 74 200
554786,19 63 200
555295,84 150 
555321,41 68 
555796,92 249
556229,3 92 
556229,3 65 
556252,83 103 
556252,83 101 
556779,51 100 
556779,51 2
556779,51 2136
556779,51 10
558759,28 25 
559345,87 75 
560552,57 72 
560625,17 70 
562146,9 80 
563223,64 83 
563542,21 64 319
563714,43 74 158
563714,43 62 158
565224,67 151 
565250,89 69 
566760,59 93 
566781,74 103 
566781,74 101 
568812,34 100 
568812,34 2
568812,34 2136
568812,34 10
570794,08 25 
570821,37 75 
572031,18 72 
572100,39 70 
573614,69 80 
574672,14 83 
575961,84 64 1290
576128,77 74 151
576128,77 61 151
577137,56 150 
577165,69 68 
577873,96 92 
577873,96 65 
577897,09 103 
577897,09 101 
578427,33 100 
578427,33 2
578427,33 2136
578427,33 10
580403,39 25 
580990,2 75 
582197,84 72 
582269,43 70 
583793,9 80 
585161,11 83 
585897,55 64 737
586095,4 74 175
586095,4 61 175
587606,21 150 
587627,83 68 
589636,6 92 
589636,6 65 
589652,16 103 
589652,16 101 
590180,57 100 
590180,57 2
590180,57 2136
590180,57 11
592158,48 25 
592185,79 75 
593395,05 72 
593464,75 70 
594993,51 80 
595356,91 83 
596137,47 64 781
596413,27 74 257
596413,27 63 257
596924,26 150 
596943,92 68 
597852,53 92 
597852,53 65 
597875,4 103 
597875,4 101 
598407,14 100 
598407,14 2
598407,14 2136
598407,14 10
600381,83 25 
600622,06 75 
601829,92 72 
601901,26 70 
603415,18 80 
604779,54 83 
605207,56 64 428
605408,53 74 176
605408,53 61 176
605917,88 152 
605940,96 69 
607951,37 93 
607964,53 103 
607964,53 101 
609990,84 100 
609990,84 2
609990,84 2136
609990,84 11
611976,86 25 
612004,2 75 
613210,97 72 
613283,14 70 
614802,78 80 
615881,62 83 
616386,19 64 505
616622,07 74 221
616622,07 63 221
618132,45 150 
618161,73 68 
618711,78 249
618871,85 92 
618871,85 65 
618893,32 103 
618893,32 101 
619420,26 100 
619420,26 2
619420,26 2136
619420,26 10
621412,92 25 
621639,91 75 
622847,22 72 
622919,24 70 
624440,4 80 
624811,23 83 
625843,61 64 1033
626054,62 74 191
626054,62 61 191
627063,06 150 
627091,4 68 
627593,06 249
628599,64 92 
628599,64 65 
628622,56 103 
628622,56 101 
629161,6 100 
629161,6 2
629161,6 2136
629161,6 10
631155,67 25 
631342,52 75 
632552,28 72 
632861,58 70 
634477,4 80 
634847,02 83 
635539,39 64 693
635744,39 74 191
635744,39 61 191
636255,74 150 
636274,15 68 
638285,07 92 
638285,07 65 
638298,59 103 
638298,59 101 
638825,35 100 
638825,35 2
638825,35 2136
638825,35 11
640804,85 25 
641125,1 75 
642332,23 72 
642405,85 70 
643924,6 80 
644989,4 83 
645368,52 64 379
645600,77 74 212
645600,77 63 212
647112,52 150 
647136,3 68 
647571,14 249
648046,13 92 
648046,13 65 
648067,77 103 
648067,77 101 
648593,83 100 
648593,83 2
648593,83 2136
648593,83 10
650574,17 25 
651174,2 75 
652383,5 72 
652453,4 70 
653973,19 80 
655331,84 83 
655698,97 64 368
655946,75 74 228
655946,75 61 228
656959,1 150 
656985,5 68 
658495,67 92 
658495,67 65 
658516,76 103 
658516,76 101 
659046,16 100 
659046,16 2
659046,16 2136
659046,16 11
661023,03 25 
661529,85 75 
662737,75 72 
662809,05 70 
664322,04 80 
665381,12 83 
666382,58 64 1002
666528,65 74 122
666528,65 61 122
667040,25 151 
667062,06 69 
667770,93 93 
667792,87 103 
667792,87 101 
669819,35 100 
669819,35 2
669819,35 2136
669819,35 10
671805,23 25 
671846,07 75 
673053,49 72 
673124,73 70 
674641,02 80 
676003,14 83 
676343,25 64 341
676574,98 74 213
676574,98 63 213
677582,46 151 
677603,55 69 
678337,7 249 
679114,59 93 
679134,78 103 
679134,78 101 
681162,2 100 
681162,2 2
681162,2 2136
681162,2 10
683147,17 25 
683174,34 75 
684383,95 72 
684453,35 70 
685977,31 80 
686332,17 83 
687376,79 64 1045
687536,86 74 139
687536,86 61 139
689048,45 150 
689078,89 68 
689989,42 92 
689989,42 65 
690010,25 103 
690010,25 101 
690542,55 100 
690542,55 2
690542,55 2136
690542,55 11
692517,55 25 
692810,15 75 
694017,64 72 
694089,45 70 
695606,56 80 
696661,29 83 
697190,85 64 530
697429,31 74 222
697429,31 63 222
698439,31 150 
698461,64 68 
698963,21 249
699171,7 92 
699171,7 65 
699193,09 103 
699193,09 101 
699719,17 100 
699719,17 2
699719,17 2136
699719,17 11
701699,55 25 
702019,63 75 
703227,31 72 
703298,84 70 
704817,99 80 
706190,78 83 
706537,44 64 347
706732,12 74 182
706732,12 63 182
707240,08 150 
707258 68 
707667,08 249
709266,86 92 
709266,86 65 
709282,21 103 
709282,21 101 
709808,37 100 
709808,37 2
709808,37 2136
709808,37 11
711788,51 25 
712082,06 75 
713290,14 72 
713361,26 70 
714883,62 80 
715253,4 83 
716260,8 64 1007
716504,48 74 225
716504,48 63 225
718016,09 152 
718040,03 69 
718751,15 93 
718771,56 103 
718771,56 101 
720802,28 100 
720802,28 2
720802,28 2136
720802,28 10
722783,94 25 
722811,15 75 
724018,62 72 
724090,18 70 
725608,87 80 
726981,81 83 
727446,52 64 465
727668,37 74 206
727668,37 61 206
728678,01 150 
728702,27 68 
729301,34 249
730711,63 92 
730711,63 65 
730726,54 103 
730726,54 101 
731255,26 100 
731255,26 2
731255,26 2136
731255,26 10
733232,95 25 
733260,74 75 
734467,01 72 
734779 70 
736400,34 80 
736751,1 83 
737654,2 64 904
737845,69 74 175
737845,69 61 175
738355,86 150 
738378,16 68 
739288,03 92 
739288,03 65 
739309,63 103 
739309,63 101 
739835,72 100 
739835,72 2
739835,72 2136
739835,72 11
741815,93 25 
742416,24 75 
743624,01 72 
743695,26 70 
745214,41 80 
746267,08 83 
746886,88 64 620
747126,43 74 220
747126,43 63 220
748635,94 150 
748653,97 68 
750164,54 92 
750164,54 65 
750185,11 103 
750185,11 101 
750717,51 100 
750717,51 2
750717,51 2136
750717,51 10
752704,74 25 
753172,44 75 
754380,83 72 
754450,8 70 
755965,74 80 
757022,59 83 
757482,01 64 460
757726,14 74 224
757726,14 61 224
758734,7 152 
758755,92 69 
759465,19 93 
759487,89 103 
759487,89 101 
761515,07 100 
761515,07 2
761515,07 2136
761515,07 10
763500,27 25 
763527,42 75 
764735,94 72 
764806,45 70 
766320,75 80 
767684,82 83 
768223,29 64 539
768484,09 74 240
768484,09 63 240
769992,34 151 
770018,41 69 
770926,83 93 
770936,44 103 
770936,44 101 
772963,92 100 
772963,92 2
772963,92 2136
772963,92 11
774948,82 25 
774976 75 
776182,29 72 
776255 70 
777770,59 80 
778120,52 83 
779133,26 64 1013
779310,9 74 152
779310,9 61 152
779819,67 151 
779840,64 69 
781352,12 93 
781372,05 103 
781372,05 101 
783406,37 100 
783406,37 2
783406,37 2136
783406,37 10
785384,4 25 
785411,68 75 
786620,46 72 
786690,67 70 
788211,66 80 
789582,35 83 
791113,51 64 1531
791305,11 74 177
791305,11 61 177
792815,9 150 
792835,43 68 
793472,16 249
794843,1 92 
794843,1 65 
794859,78 103 
794859,78 101 
795385,87 100 
795385,87 2
795385,87 2136
795385,87 11
797366,14 25 
797633,12 75 
798841,01 72 
798912,23 70 
800426,84 80 
800777,66 83 
801922,1 64 1145
802189,01 74 253
802189,01 63 253
802702,04 150 
802724,94 68 
802760,44 249
803021,6 173 
803436,44 92 
803436,44 65 
803456,24 103 
803456,24 101 
803983,46 100 
803983,46 2
803983,46 2136
803983,46 11
805962,53 25 
806242,73 75 
807452,56 72 
807521,94 70 
809036,16 80 
810093,77 83 
810770,63 64 677
810994,6 74 208
810994,6 63 208
812006,7 150 
812027,45 68 
812535,35 249
813538,71 92 
813538,71 65 
813558,69 103 
813558,69 101 
814091,05 100 
814091,05 2
814091,05 2136
814091,05 11
816078,3 25 
816531,79 75 
817738,08 72 
817811 70 
819326,5 80 
819689,74 83 
820809,98 64 1121
821025,65 74 190
821025,65 63 190
821535,88 150 
821556,92 68 
821965,43 249
822468,06 92 
822468,06 65 
822488,21 103 
822488,21 101 
823014,35 100 
823014,35 2
823014,35 2136
823014,35 10
824994,54 25 
825461,4 75 
826671,13 72 
826740,61 70 
828259,39 80 
829632,28 83 
830111,99 64 481
830335,19 74 210
830335,19 61 210
831845,8 150 
831872,44 68 
833881,91 92 
833881,91 65 
833896,8 103 
833896,8 101 
834428,52 100 
834428,52 2
834428,52 2136
834428,52 11
836403,16 25 
836870,04 75 
838077,01 72 
838149,11 70 
839663,49 80 
840720,99 83 
841374,28 64 654
841626,01 74 239
841626,01 63 239
842638,68 150 
842654,67 68 
843264,87 249
844163,84 92 
844163,84 65 
844185,86 103 
844185,86 101 
844717,04 100 
844717,04 2
844717,04 2136
844717,04 10
846705,56 25 
847398,85 75 
848607,59 72 
848678,25 70 
850191,79 80 
851556,42 83 
851962,6 64 406
852194,51 74 212
852194,51 61 212
853702,36 150 
853729,98 68 
854440,69 92 
854440,69 65 
854461,59 103 
854461,59 101 
854989,2 100 
854989,2 2
854989,2 2136
854989,2 11
856967,86 25 
857341,4 75 
858547,35 72 
858620,58 70 
860134,6 80 
860499,38 83 
861442,78 64 943
861665,55 74 207
861665,55 63 207
862175,97 150 
862193,33 68 
862668,93 249
863101,79 92 
863101,79 65 
863124,58 103 
863124,58 101 
863650,87 100 
863650,87 2
863650,87 2136
863650,87 10
865630,89 25 
866257,69 75 
867465,52 72 
867536,92 70 
869049,21 80 
870108,66 83 
870725,46 64 616
871000,39 74 252
871000,39 61 252
872009,39 150 
872029,06 68 
874039,25 92 
874039,25 65 
874053,34 103 
874053,34 101 
874586,7 100 
874586,7 2
874586,7 2136
874586,7 11
876572,98 25 
876693,27 75 
877900,94 72 
877972,53 70 
879496,92 80 
880570,97 83 
881179,38 64 609
881381,06 74 184
881381,06 61 184
882389,79 151 
882412,06 69 
883920,14 93 
883929,54 103 
883929,54 101 
885958,07 100 
885958,07 2
885958,07 2136
885958,07 10
887941,54 25 
887968,92 75 
889175,4 72 
889247,82 70 
890766 80 
891126,6 83 
892269,82 64 1143
892497,81 74 212
892497,81 63 212
894005,56 151 
894033,15 69 
894943,31 93 
894965,59 103 
894965,59 101 
896991,59 100 
896991,59 2
896991,59 2136
896991,59 10
898976,95 25 
899004,37 75 
900212,37 72 
900283,27 70 
901802,8 80 
903161,59 83 
903697,2 64 536
903984,09 74 263
903984,09 61 263
904495,49 150 
904522,08 68 
904728,93 249
904836,44 171
905232,98 92 
905232,98 65 
905253,64 103 
905253,64 101 
905782,2 100 
905782,2 2
905782,2 2136
905782,2 11
907759,94 25 
908253,5 75 
909462,6 72 
909532,68 70 
911050,37 80 
911411,42 83 
912200,65 64 789
912473,05 74 249
912473,05 63 249
913484,65 150 
913504,99 68 
913541,75 249
913873,09 173 
915513,23 92 
915513,23 65 
915529,42 103 
915529,42 101 
916058,38 100 
916058,38 2
916058,38 2136
916058,38 11
918035,68 25 
918702,44 75 
919911,15 72 
919981,59 70 
921498,12 80 
922553,49 83 
923043,89 64 491
923227,51 74 168
923227,51 61 168
924740,86 153 
924767,05 68 
925674,77 92 
925674,77 65 
925698,41 103 
925698,41 101 
926225,29 100 
926225,29 2
926225,29 2136
926225,29 10
928204,86 25 
928485,04 75 
929692,45 72 
929764,18 70 
931279,14 80 
932642,69 83 
933046,98 64 405
933243,88 74 175
933243,88 61 175
933755,16 150 
933776,58 68 
935790,27 92 
935790,27 65 
935814,24 103 
935814,24 101 
936350,02 100 
936350,02 2
936350,02 2136
936350,02 11
938333,84 25 
938787,34 75 
939995,04 72 
940066,55 70 
941590,44 80 
942651,74 83 
943283,92 64 633
943543,35 74 239
943543,35 61 239
944556,23 151 
944585,32 69 
946094,28 93 
946116,56 103 
946116,56 101 
948142,88 100 
948142,88 2
948142,88 2136
948142,88 10
950128,9 25 
950156,32 75 
951364,66 72 
951435,11 70 
952955,72 80 
954326,83 83 
954850,18 64 524
955050,9 74 179
955050,9 61 179
956565,64 150 
956593,65 68 
957302,3 92 
957302,3 65 
957325,31 103 
957325,31 101 
957852,14 100 
957852,14 2
957852,14 2136
957852,14 10
959831,61 25 
960258,38 75 
961465,55 72 
961537,57 70 
963060,78 80 
963429,68 83 
964901,64 64 1472
965136,12 74 214
965136,12 63 214
965645,11 151 
965669,86 69 
967180,3 93 
967201,08 103 
967201,08 101 
969232,63 100 
969232,63 2
969232,63 2136
969232,63 11
971213,45 25 
971240,65 75 
972447,23 72 
972519,64 70 
974037,89 80 
974398,43 83 
975167,79 64 769
975362,73 74 178
975362,73 61 178
976872,48 151 
976891,84 69 
977800,83 93 
977823,29 103 
977823,29 101 
979849,38 100 
979849,38 2
979849,38 2136
979849,38 10
981835,65 25 
981862,98 75 
983070,8 72 
983141,91 70 
984657,7 80 
986020,52 83 
986702,35 64 682
986889,19 74 163
986889,19 61 163
987900,14 152 
987927,24 69 
988637,36 93 
988658,77 103 
988658,77 101 
990685,17 100 
990685,17 2
990685,17 2136
990685,17 10
992671,18 25 
994537,35 75 
995744,2 72 
995816,61 70 
997330,46 80 
998388,42 83 
999893,17 64 1505
1000142,58 74 235
1000142,58 63 235
1000651,37 151 
1000681,87 69 
1002690,61 93 
1002707,24 103 
1002707,24 101 
1004739,54 100 
1004739,54 2
1004739,54 2136
1004739,54 11
1006718,58 25 
1006745,78 75 
1007952,96 72 
1008024,79 70 
1009539,3 80 
1010596,59 83 
1011215,58 64 619
1011375,1 74 139
1011375,1 62 139
1012887,04 151 
1012903,5 69 
1013612,78 93 
1013634,98 103 
1013634,98 101 
1015660,97 100 
1015660,97 2
1015660,97 2136
1015660,97 10
1017647,36 25 
1017675,11 75 
1018882,36 72 
1018953,6 70 
1020480,42 80 
1020832,51 83 
1022063,94 64 1232
1022267,86 74 184
1022267,86 61 184
1022777,44 150 
1022806,03 68 
1023715,08 92 
1023715,08 65 
1023737,44 103 
1023737,44 101 
1024264,45 100 
1024264,45 2
1024264,45 2136
1024264,45 11
1026243,79 25 
1026390,78 75 
1027599,18 72 
1027669,96 70 
1029187,93 80 
1030548,32 83 
1030865,74 64 317
1031096,22 74 215
1031096,22 63 215
1032103,52 150 
1032122,07 68 
1032523,9 249
1034132,73 92 
1034132,73 65 
1034146,44 103 
1034146,44 101 
1034678,96 100 
1034678,96 2
1034678,96 2136
1034678,96 11
1036652,77 25 
1037026,63 75 
1038234,67 72 
1038545,4 70 
1040155,86 80 
1041517,06 83 
1041786,3 64 270
1042016,96 74 208
1042016,96 63 208
1043028,41 150 
1043050,89 68 
1043445,28 249
1043491,3 173 
1044561,08 92 
1044561,08 65 
1044582,22 103 
1044582,22 101 
1045114,49 100 
1045114,49 4
1045114,49 2136
1045114,49 11
1045114,49 78 
1045114,49 198 
1047088,4 25 
1047476,28 75 
1048684,24 72 
1048754,48 70 
1050271,06 80 
1050633,33 83 
1051464,48 64 832
1051711,1 74 226
1051711,1 63 226
1052219,92 153 
1052247,03 68 
1052650,72 249
1052694,8 173 
1053159,12 92 
1053159,12 65 
1053178,46 103 
1053178,46 101 
1053704,67 100 
1053704,67 4
1053704,67 2136
1053704,67 10
1055684,79 25 
1055925,03 75 
1057134,46 72 
1057204,27 70 
1058727,87 80 
1059789,45 83 
1060888,59 64 1099
1061131,95 74 224
1061131,95 61 224
1062642,91 151 
1062670,07 69 
1063379,05 93 
1063400,88 103 
1063400,88 101 
1065430,32 100 
1065430,32 4
1065430,32 2136
1065430,32 11
1067413,2 25 
1067440,38 75 
1068647,48 72 
1068719,46 70 
1070234,49 80 
1071291,25 83 
1071674,52 64 384
1071906,63 74 216
1071906,63 63 216
1072917,9 151 
1072945,03 69 
1073541,5 249 
1074608,55 183 
1074956,33 93 
1074969,38 103 
1074969,38 101 
1076996,54 100 
1076996,54 4
1076996,54 2136
1076996,54 10
1078981,76 25 
1079023,08 75 
1080231,63 72 
1080301,36 70 
1081818,65 80 
1083179,69 83 
1083614,33 64 435
1083823,58 74 191
1083823,58 61 191
1084334,17 151 
1084354,59 69 
1085868,58 93 
1085884,82 103 
1085884,82 101 
1087913,65 100 
1087913,65 4
1087913,65 2136
1087913,65 11
1089897,27 25 
1089924,44 75 
1091132,55 72 
1091203,4 70 
1092722,11 80 
1093082,18 83 
1093925,91 64 844
1094153,21 74 205
1094153,21 63 205
1095661,84 151 
1095682,91 69 
1097694,19 93 
1097706,52 103 
1097706,52 101 
1099741,36 100 
1099741,36 4
1099741,36 2136
1099741,36 11
1101718,86 25 
1101746,09 75 
1102952,63 72 
1103025,16 70 
1104540,99 80 
1105596,95 83 
1106077,62 64 481
1106332,12 74 229
1106332,12 61 229
1106840,3 150 
1106864,3 68 
1107380,33 249
1107571,24 92 
1107571,24 65 
1107595,75 103 
1107595,75 101 
1108122,36 100 
1108122,36 4
1108122,36 2136
1108122,36 10
1110115,38 25 
1110315,76 75 
1111525,82 72 
1111594,86 70 
1113111,62 80 
1113473,66 83 
1114519,44 64 1046
1114717,89 74 179
1114717,89 61 179
1115729,98 151 
1115753,86 69 
1117263,46 93 
1117285,01 103 
1117285,01 101 
1119311,85 100 
1119311,85 4
1119311,85 2136
1119311,85 10
1121297,38 25 
1121324,56 75 
1122532,89 72 
1122603,67 70 
1124116,12 80 
1125481,97 83 
1126630,35 64 1149
1126917,27 74 263
1126917,27 63 263
1128428,7 151 
1128455,95 69 
1129366,51 93 
1129386,64 103 
1129386,64 101 
1131419,71 100 
1131419,71 4
1131419,71 2136
1131419,71 11
1133399,05 25 
1134372,37 75 
1135581,19 72 
1135651,49 70 
1137164,67 80 
1138516,56 83 
1138851,05 64 335
1139067,55 74 205
1139067,55 61 205
1139577,2 150 
1139597,33 68 
1140305,34 92 
1140305,34 65 
1140328,76 103 
1140328,76 101 
1140855,75 100 
1140855,75 4
1140855,75 2136
1140855,75 10
1142848,37 25 
1143008,66 75 
1144215,66 72 
1144287,86 70 
1145805,67 80 
1146859,76 83 
1147532,97 64 674
1147769,55 74 217
1147769,55 61 217
1148778,68 151 
1148806,29 69 
1150817,14 93 
1150831,08 103 
1150831,08 101 
1152859,19 100 
1152859,19 4
1152859,19 2136
1152859,19 10
1154843,54 25 
1154884,17 75 
1156094,78 72 
1156163,06 70 
1157683,58 80 
1158055 83 
1159364,01 64 1310
1159620,36 74 233
1159620,36 63 233
1161129,6 151 
1161149,03 69 
1162057,79 93 
1162066,41 103 
1162066,41 101 
1164098,7 100 
1164098,7 4
1164098,7 2136
1164098,7 10
1166078,65 25 
1166119,63 75 
1167326,92 72 
1167398,21 70 
1168908,82 80 
1169277,01 83 
1170170,61 64 894
1170401,02 74 218
1170401,02 61 218
1171912,65 151 
1171930,37 69 
1173437,95 93 
1173448,23 103 
1173448,23 101 
1175474,67 100 
1175474,67 4
1175474,67 2136
1175474,67 10
1177460,61 25 
1177487,76 75 
1178694,2 72 
1178766,81 70 
1180289,07 80 
1181658,49 83 
1181956,17 64 298
1182117,05 74 139
1182117,05 62 139
1183128,48 152 
1183152,29 69 
1184062,72 93 
1184083,77 103 
1184083,77 101 
1186110,57 100 
1186110,57 4
1186110,57 2136
1186110,57 11
1188096,13 25 
1188123,32 75 
1189330,87 72 
1189402,34 70 
1190920,98 80 
1192000,89 83 
1192665,5 64 665
1192836,45 74 156
1192836,45 61 156
1193344,03 150 
1193361,61 68 
1193850,39 249
1194071,59 92 
1194071,59 65 
1194093 103 
1194093 101 
1194623,87 100 
1194623,87 4
1194623,87 2136
1194623,87 11
1196599,28 25 
1196773 75 
1197980,46 72 
1198052,17 70 
1199566,25 80 
1200930,45 83 
1201272,74 64 342
1201528,03 74 239
1201528,03 61 239
1202540,45 150 
1202557,7 68 
1203042,72 249
1204567,81 92 
1204567,81 65 
1204581,89 103 
1204581,89 101 
1205107,97 100 
1205107,97 4
1205107,97 2136
1205107,97 10
1207088,18 25 
1207341,94 75 
1208550,52 72 
1208620,99 70 
1210132,14 80 
1211206,11 83 
1212287,96 64 1083
1212438,98 74 127
1212438,98 62 127
1212950,65 150 
1212979,85 68 
1214490,09 92 
1214490,09 65 
1214511,04 103 
1214511,04 101 
1215037,25 100 
1215037,25 4
1215037,25 2136
1215037,25 11
1217017,39 25 
1217470,88 75 
1218682,78 72 
1218750,17 70 
1220262,91 80 
1220628,9 83 
1221485,48 64 857
1221658,24 74 150
1221658,24 61 150
1223169,41 150 
1223189,66 68 
1224696,09 92 
1224696,09 65 
1224720,13 103 
1224720,13 101 
1225250,57 100 
1225250,57 4
1225250,57 2136
1225250,57 11
1227226,47 25 
1227346,75 75 
1228553,02 72 
1228625,96 70 
1230145,43 80 
1230504,82 83 
1232167,32 64 1663
1232371,69 74 188
1232371,69 61 188
1232879,4 150 
1232904,89 68 
1232980,87 249
1234913,98 92 
1234913,98 65 
1234929,26 103 
1234929,26 101 
1235455,26 100 
1235455,26 4
1235455,26 2136
1235455,26 11
1237435,5 25 
1238062,28 75 
1239271,52 72 
1239341,63 70 
1240856,57 80 
1242486,42 83 
1242807,7 64 321
1243027,38 74 208
1243027,38 61 208
1244540,4 150 
1244566,69 68 
1245278,05 92 
1245278,05 65 
1245298,2 103 
1245298,2 101 
1245825,44 100 
1245825,44 4
1245825,44 2136
1245825,44 10
1247804,6 25 
1248178,14 75 
1249386,53 72 
1249657,2 70 
1251304,56 80 
1252575,53 83 
1253227,7 64 652
1253400,9 74 160
1253400,9 62 160
1254409,62 150 
1254429,18 68 
1255337,19 92 
1255337,19 65 
1255360,68 103 
1255360,68 101 
1255898,93 100 
1255898,93 4
1255898,93 2136
1255898,93 10
1257880,33 25 
1260266,33 75 
1261475,57 72 
1261545,63 70 
1263074,13 80 
1264130,73 83 
1264773,63 64 643
1264960,62 74 164
1264960,62 62 164
1266470,33 150 
1266491,56 68 
1268003,5 92 
1268003,5 65 
1268022,04 103 
1268022,04 101 
1268549,32 100 
1268549,32 4
1268549,32 2136
1268549,32 11
1270528,46 25 
1270995,16 75 
1272205,38 72 
1272274,37 70 
1273789,73 80 
1274153,24 83 
1275131,28 64 979
1275366,43 74 214
1275366,43 61 214
1276374,22 150 
1276394,07 68 
1278402,35 92 
1278402,35 65 
1278417,67 103 
1278417,67 101 
1278943,71 100 
1278943,71 4
1278943,71 2136
1278943,71 10
1280924,04 25 
1281430,89 75 
1282639,04 72 
1282710,03 70 
1284224,89 80 
1285588,39 83 
1285811,99 64 224
1285976,1 74 149
1285976,1 62 149
1286486,1 152 
1286509,87 69 
1287417,83 93 
1287440,57 103 
1287440,57 101 
1289471,76 100 
1289471,76 4
1289471,76 2136
1289471,76 10
1291452,97 25 
1291480,53 75 
1292689,24 72 
1292759,15 70 
1294282,98 80 
1295650,92 83 
1296065,58 64 415
1296256,33 74 166
1296256,33 62 166
1297764,92 150 
1297784,44 68 
1298496,44 92 
1298496,44 65 
1298516,01 103 
1298516,01 101 
1299044,56 100 
1299044,56 4
1299044,56 2136
1299044,56 11
1301022,3 25 
1301222,54 75 
1302432,34 72 
1302501,79 70 
1304030,64 80 
1304393,9 83 
1305185,58 64 792
1305398,76 74 192
1305398,76 61 192
1306409,37 150 
1306434,95 68 
1307346,1 92 
1307346,1 65 
1307365,6 103 
1307365,6 101 
1307893,95 100 
1307893,95 4
1307893,95 2136
1307893,95 11
1309871,91 25 
1310205,47 75 
1311414,17 72 
1311484,83 70 
1313005,87 80 
1314069,9 83 
1314679,17 64 610
1314866,76 74 171
1314866,76 61 171
1315374,42 150 
1315403,79 68 
1316113,99 92 
1316113,99 65 
1316135,26 103 
1316135,26 101 
1316666,69 100 
1316666,69 4
1316666,69 2136
1316666,69 11
1318641,73 25 
1319041,78 75 
1320249,89 72 
1320320,95 70 
1321834 80 
1323199,31 83 
1323567,23 64 368
1323776,4 74 191
1323776,4 61 191
1325287,07 150 
1325306,3 68 
1327317,06 92 
1327317,06 65 
1327330,69 103 
1327330,69 101 
1327857,62 100 
1327857,62 4
1327857,62 2136
1327857,62 11
1329836,94 25 
1330383,75 75 
1331591,86 72 
1331662,94 70 
1333181 80 
1334248,14 83 
1334772,56 64 525
1335036,39 74 242
1335036,39 61 242
1335545,82 150 
1335568,79 68 
1336126,29 249
1337076,91 92 
1337076,91 65 
1337099,83 103 
1337099,83 101 
1337628,79 100 
1337628,79 4
1337628,79 2136
1337628,79 10
1339607,14 25 
1339979,72 75 
1341185,86 72 
1341258,94 70 
1342778,99 80 
1343151,01 83 
1344191,01 64 1041
1344366,84 74 163
1344366,84 62 163
1345377,12 150 
1345404,49 68 
1346914,74 92 
1346914,74 65 
1346935,73 103 
1346935,73 101 
1347467,08 100 
1347467,08 4
1347467,08 2136
1347467,08 10
1349442,08 25 
1349975,5 75 
1351183,51 72 
1351254,76 70 
1353030,94 80 
1353599,94 83 
1354268,37 64 669
1354449,56 74 157
1354449,56 62 157
1354961,31 150 
1354987,91 68 
1356997,79 92 
1356997,79 65 
1357011,6 103 
1357011,6 101 
1357538,56 100 
1357538,56 4
1357538,56 2136
1357538,56 11
1359517,82 25 
1359879,3 75 
1361089,4 72 
1361159,19 70 
1362673,23 80 
1364035,6 83 
1364737,86 64 702
1364941,22 74 186
1364941,22 61 186
1365950,13 150 
1365969,99 68 
1366877,62 92 
1366877,62 65 
1366900,79 103 
1366900,79 101 
1367426,83 100 
1367426,83 4
1367426,83 2136
1367426,83 10
1369407,02 25 
1369847,19 75 
1371056,35 72 
1371126,42 70 
1372641,27 80 
1373698,32 83 
1374229,8 64 532
1374435,47 74 191
1374435,47 62 191
1375943,38 150 
1375965,05 68 
1376674,62 92 
1376674,62 65 
1376696,64 103 
1376696,64 101 
1377231,85 100 
1377231,85 4
1377231,85 2136
1377231,85 11
1379216,25 25 
1379949,74 75 
1381156,84 72 
1381228,89 70 
1382742,93 80 
1383094,38 83 
1384185,26 64 1091
1384372,1 74 172
1384372,1 61 172
1385379,88 150 
1385401,87 68 
1387411,36 92 
1387411,36 65 
1387425,49 103 
1387425,49 101 
1387951,72 100 
1387951,72 4
1387951,72 2136
1387951,72 10
1389931,78 25 
1390425,27 75 
1391633,22 72 
1391704,52 70 
1393225,39 80 
1394609,49 83 
1394651,82 64 42
1394826,1 74 151
1394826,1 62 151
1396337,34 150 
1396356,53 68 
1397265,75 92 
1397265,75 65 
1397288,1 103 
1397288,1 101 
1397815,65 100 
1397815,65 4
1397815,65 2136
1397815,65 10
1399794,31 25 
1400208,05 75 
1401418,94 72 
1401487,15 70 
1402999,58 80 
1404072,21 83 
1404597,42 64 526
1404780,17 74 162
1404780,17 62 162
1405288,47 150 
1405314,49 68 
1406025,94 92 
1406025,94 65 
1406044,39 103 
1406044,39 101 
1406577,02 100 
1406577,02 4
1406577,02 2136
1406577,02 10
1408564,02 25 
1408937,52 75 
1410146,45 72 
1410216,84 70 
1411734,42 80 
1412788,58 83 
1413117,39 64 329
1413279,86 74 146
1413279,86 62 146
1413788,83 150 
1413817,56 68 
1415325,17 92 
1415325,17 65 
1415347,12 103 
1415347,12 101 
1415873,94 100 
1415873,94 4
1415873,94 2136
1415873,94 10
1417853,48 25 
1418147,03 75 
1419356,01 72 
1419426,19 70 
1420940,9 80 
1422304,6 83 
1422558,73 64 254
1422725,02 74 141
1422725,02 62 141
1424234,39 150 
1424252,5 68 
1425763,3 92 
1425763,3 65 
1425782,79 103 
1425782,79 101 
1426309,75 100 
1426309,75 4
1426309,75 2136
1426309,75 11
1428289,25 25 
1428742,64 75 
1429950,42 72 
1430021,79 70 
1431541,3 80 
1431887,23 83 
1432993,71 64 1107
1433171,7 74 165
1433171,7 61 165
1434183,07 150 
1434208,14 68 
1435117,58 92 
1435117,58 65 
1435138,86 103 
1435138,86 101 
1435669,8 100 
1435669,8 4
1435669,8 2136
1435669,8 11
1437645,36 25 
1437912,25 75 
1439119,9 72 
1439191,27 70 
1440708,33 80 
1441070,08 83 
1442181,11 64 1112
1442386,95 74 185
1442386,95 61 185
1443397,84 152 
1443417,73 69 
1445427,72 93 
1445441,24 103 
1445441,24 101 
1447469,98 100 
1447469,98 4
1447469,98 2136
1447469,98 11
1449453,63 25 
1449481,35 75 
1450689,05 72 
1450759,84 70 
1452279,17 80 
1453344,99 83 
1453783,24 64 439
1454038,6 74 241
1454038,6 61 241
1454547,94 150 
1454572,22 68 
1455283 92 
1455283 65 
1455303,75 103 
1455303,75 101 
1455834,33 100 
1455834,33 4
1455834,33 2136
1455834,33 11
1457810,18 25 
1458236,93 75 
1459445,8 72 
1459742,7 70 
1461353 80 
1462727,72 83 
1463137,31 64 410
1463324,89 74 172
1463324,89 61 172
1464835,92 150 
1464861,22 68 
1465212,56 249
1465568,08 92 
1465568,08 65 
1465592,86 103 
1465592,86 101 
1466124,43 100 
1466124,43 4
1466124,43 2136
1466124,43 11
1468112,46 25 
1468499,36 75 
1469708,2 72 
1469778,51 70 
1471305,59 80 
1471670,67 83 
1472548,47 64 878
1472760,06 74 197
1472760,06 61 197
1474269,55 150 
1474297,3 68 
1475205,55 92 
1475205,55 65 
1475228,79 103 
1475228,79 101 
1475755,21 100 
1475755,21 4
1475755,21 2136
1475755,21 10
1477735,19 25 
1478015,33 75 
1479223,66 72 
1479294,55 70 
1480808,81 80 
1482172,91 83 
1482529,13 64 357
1482725,89 74 181
1482725,89 62 181
1483234,4 150 
1483253,6 68 
1484764,07 92 
1484764,07 65 
1484784,8 103 
1484784,8 101 
1485311,88 100 
1485311,88 4
1485311,88 2136
1485311,88 10
1487291,08 25 
1487824,68 75 
1489033,49 72 
1489103,82 70 
1490627,69 80 
1491688,9 83 
1492292,89 64 605
1492477,32 74 162
1492477,32 62 162
1493489,36 150 
1493516,81 68 
1495529,12 92 
1495529,12 65 
1495553,59 103 
1495553,59 101 
1496089,2 100 
1496089,2 4
1496089,2 2136
1496089,2 11
1498073,3 25 
1500845,9 75 
1502054,95 72 
1502125,09 70 
1503640,67 80 
1504003,78 83 
1504927,77 64 924
1505154,67 74 205
1505154,67 61 205
1506165,79 150 
1506191,45 68 
1506642,25 249
1507098,97 92 
1507098,97 65 
1507122,11 103 
1507122,11 101 
1507649,01 100 
1507649,01 4
1507649,01 2136
1507649,01 11
1509642,8 25 
1509882,96 75 
1511093,31 72 
1511161,24 70 
1512672,13 80 
1513733,15 83 
1514209,54 64 477
1514382,64 74 157
1514382,64 62 157
1515890,92 151 
1515920,72 69 
1517928,4 93 
1517944,28 103 
1517944,28 101 
1519971,28 100 
1519971,28 4
1519971,28 2136
1519971,28 10
1521956,62 25 
1521983,91 75 
1523190,39 72 
1523262,86 70 
1524786,41 80 
1526154,53 83 
1526993,07 64 839
1527174,08 74 167
1527174,08 62 167
1527682,93 152 
1527702,5 69 
1529211,51 93 
1529232,9 103 
1529232,9 101 
1531263,27 100 
1531263,27 4
1531263,27 2136
1531263,27 10
1533245,2 25 
1533272,48 75 
1534480,24 72 
1534551,43 70 
1536066,18 80 
1537123,26 83 
1540904,93 64 3783
1541176,55 74 255
1541176,55 61 255
1542684,29 151 
1542709,53 69 
1542883,74 249 
1543416,97 93 
1543427,04 103 
1543427,04 101 
1545454,11 100 
1545454,11 4
1545454,11 2136
1545454,11 11
1547439,3 25 
1547466,64 75 
1548676,42 72 
1548745,53 70 
1550257,76 80 
1550637,86 83 
1555397,78 64 4760
1555604,02 74 182
1555604,02 61 182
1556112,75 150 
1556129,99 68 
1556256,08 249
1556749,14 171
1557638,67 92 
1557638,67 65 
1557661 103 
1557661 101 
1558187,97 100 
1558187,97 4
1558187,97 2136
1558187,97 10
1560168,21 25 
1560540,87 75 
1561748,55 72 
1562059,96 70 
1563674,81 80 
1565044,9 83 
1565361,23 64 317
1565539 74 162
1565539 62 162
1566550,3 150 
1566579,52 68 
1567490,98 92 
1567490,98 65 
1567510,22 103 
1567510,22 101 
1568045,02 100 
1568045,02 4
1568045,02 2136
1568045,02 11
1570016,55 25 
1570336,83 75 
1571544,54 72 
1571615,94 70 
1573133,53 80 
1574494,36 83 
1574822,52 64 328
1575037,64 74 197
1575037,64 61 197
1576045,63 150 
1576069,11 68 
1576776,42 92 
1576776,42 65 
1576799,68 103 
1576799,68 101 
1577326,01 100 
1577326,01 4
1577326,01 2136
1577326,01 11
1579305,98 25 
1579892,76 75 
1581100,97 72 
1581171,97 70 
1582687,5 80 
1583050,91 83 
1583993,53 64 943
1584174,01 74 164
1584174,01 61 164
1585683,61 150 
1585704,82 68 
1587714,44 92 
1587714,44 65 
1587728,45 103 
1587728,45 101 
1588256,68 100 
1588256,68 4
1588256,68 2136
1588256,68 11
1590234,75 25 
1590888,26 75 
1592096,86 72 
1592167,46 70 
1593678,53 80 
1594739,19 83 
1595244,67 64 506
1595478,97 74 221
1595478,97 61 221
1595990,06 150 
1596007,45 68 
1596190,42 249
1598018,14 92 
1598018,14 65 
1598030,84 103 
1598030,84 101 
1598561,46 100 
1598561,46 4
1598561,46 2136
1598561,46 11
1600537,14 25 
1601043,95 75 
1602253,62 72 
1602323,18 70 
1603837,66 80 
1605201,55 83 
1605445,59 64 244
1605715,87 74 248
1605715,87 61 248
1607224,79 150 
1607255,04 68 
1608764,39 92 
1608764,39 65 
1608786,29 103 
1608786,29 101 
1609315,33 100 
1609315,33 4
1609315,33 2136
1609315,33 10
1611292,59 25 
1611612,79 75 
1612820,83 72 
1612892,07 70 
1614411,96 80 
1615490,68 83 
1615977,65 64 487
1616176,6 74 180
1616176,6 62 180
1617185,32 150 
1617210,95 68 
1618118,72 92 
1618118,72 65 
1618142,38 103 
1618142,38 101 
1618669,54 100 
1618669,54 4
1618669,54 2136
1618669,54 10
1620648,75 25 
1620995,67 75 
1621237,24 250 
1621247,61 101 
1623260,96 100 
1623260,96 4
1623260,96 2136
1623260,96 10
1623260,96 25 
1623287,53 75 
1624494 72 
1624567,22 70 
1626091,09 80 
1626459,23 83 
1627508,69 64 1050
1627686,33 74 161
1627686,33 62 161
1628195,7 150 
1628220,39 68 
1628931,28 92 
1628931,28 65 
1628951,21 103 
1628951,21 101 
1629487,52 100 
1629487,52 4
1629487,52 2136
1629487,52 10
1631470,87 25 
1631978,67 75 
1633187,79 72 
1633257 70 
1634770,52 80 
1636135,38 83 
1636213,66 64 79
1636439,35 74 211
1636439,35 62 211
1636951,7 150 
1636976,9 68 
1637687,69 92 
1637687,69 65 
1637707,53 103 
1637707,53 101 
1638234,59 100 
1638234,59 4
1638234,59 2136
1638234,59 10
1640213,84 25 
1640654,01 75 
1641863,08 72 
1641933,22 70 
1643457,18 80 
1644518,41 83 
1645112,71 64 594
1645293,16 74 162
1645293,16 62 162
1646303,14 152 
1646332,1 69 
1648342,16 93 
1648356,53 103 
1648356,53 101 
1650382,51 100 
1650382,51 4
1650382,51 2136
1650382,51 10
1652368,88 25 
1652396,02 75 
1653601,99 72 
1653675,04 70 
1655189,21 80 
1655553,76 83 
1656605,86 64 1053
1656808,78 74 189
1656808,78 62 189
1658318,56 150 
1658341,22 68 
1659249,47 92 
1659249,47 65 
1659271,88 103 
1659271,88 101 
1659802,84 100 
1659802,84 4
1659802,84 2136
1659802,84 11
1661778,24 25 
1661951,89 75 
1663162,16 72 
1663470,97 70 
1665092,48 80 
1665456,39 83 
1666198,94 64 743
1666409,64 74 194
1666409,64 61 194
1667922,71 150 
1667950,47 68 
1669259,8 249
1669460,77 92 
1669460,77 65 
1669480,95 103 
1669480,95 101 
1670013,21 100 
1670013,21 4
1670013,21 2136
1670013,21 10
1671987,29 25 
1672547,5 75 
1673756,33 72 
1673826,67 70 
1675344,45 80 
1676411,76 83 
1676832,96 64 422
1677033,1 74 182
1677033,1 62 182
1677544,11 150 
1677572,33 68 
1677834,45 249
1677908,76 172 
1678281,84 92 
1678281,84 65 
1678303,9 103 
1678303,9 101 
1678831,41 100 
1678831,41 4
1678831,41 2136
1678831,41 11
1680811,12 25 
1681223,74 75 
1682432,29 72 
1682502,93 70 
1684023,72 80 
1685381,34 83 
1685655,69 64 274
1685913,44 74 239
1685913,44 61 239
1686922,79 150 
1686942,63 68 
1688952,71 92 
1688952,71 65 
1688966,19 103 
1688966,19 101 
1689496 100 
1689496 4
1689496 2136
1689496 11
1691472,48 25 
1691979,26 75 
1693188,85 72 
1693258,49 70 
1694775,08 80 
1695123,94 83 
1696213,46 64 1090
1696415,11 74 186
1696415,11 61 186
1697424,13 150 
1697444,04 68 
1698355,21 92 
1698355,21 65 
1698375,54 103 
1698375,54 101 
1698902,76 100 
1698902,76 4
1698902,76 2136
1698902,76 10
1700881,83 25 
1701188,78 75 
1702397,94 72 
1702467,98 70 
1703982,37 80 
1705346,41 83 
1705531,68 64 185
1705742,89 74 198
1705742,89 62 198
1707251,81 150 
1707279,97 68 
1708788,73 92 
1708788,73 65 
1708811,15 103 
1708811,15 101 
1709337,24 100 
1709337,24 4
1709337,24 2136
1709337,24 10
1711317,49 25 
1711797,68 75 
1713005,75 72 
1713076,83 70 
1714594,12 80 
1715648,78 83 
1716696,07 64 1048
1716878,46 74 164
1716878,46 62 164
1717389,34 150 
1717409,87 68 
1719418,28 92 
1719418,28 65 
1719433,39 103 
1719433,39 101 
1719965,21 100 
1719965,21 4
1719965,21 2136
1719965,21 11
1721953,03 25 
1722260,09 75 
1723468,61 72 
1723539,12 70 
1725068,77 80 
1726137,62 83 
1726554,23 64 417
1726758,21 74 181
1726758,21 61 181
1728267,94 150 
1728285,5 68 
1729195,89 92 
1729195,89 65 
1729215,99 103 
1729215,99 101 
1729742,74 100 
1729742,74 4
1729742,74 2136
1729742,74 10
1731722,26 25 
1731750 75 
1732957,12 72 
1733028,53 70 
1734542,78 80 
1735906,85 83 
1737284,54 64 1378
1737475,2 74 170
1737475,2 62 170
1738483,03 150 
1738506,62 68 
1740016,01 92 
1740016,01 65 
1740051,57 103 
1740051,57 101 
1740578,59 100 
1740578,59 4
1740578,59 2136
1740578,59 11
1742557,81 25 
1743517,73 75 
1744725,7 72 
1744796,97 70 
1746321,51 80 
1746689,13 83 
1747703,16 64 1015
1747934,22 74 206
1747934,22 61 206
1748446,53 152 
1748476,97 69 
1748821,65 249 
1749188,91 93 
1749207,64 103 
1749207,64 101 
1751239,97 100 
1751239,97 4
1751239,97 2136
1751239,97 10
1753219,97 25 
1753247,19 75 
1754454,55 72 
1754526,19 70 
1756048,41 80 
1756418,31 83 
1757154,89 64 737
1757369,64 74 192
1757369,64 62 192
1758880,6 150 
1758899,11 68 
1760406,73 92 
1760406,73 65 
1760429,65 103 
1760429,65 101 
1760955,71 100 
1760955,71 4
1760955,71 2136
1760955,71 11
1762935,9 25 
1763416,19 75 
1764624,56 72 
1764935,37 70 
1766546,25 80 
1767613,61 83 
1768068,9 64 456
1768292,02 74 199
1768292,02 61 199
1768803,92 150 
1768828,36 68 
1768860,85 249
1769177,5 171
1769540,09 92 
1769540,09 65 
1769559,1 103 
1769559,1 101 
1770088,2 100 
1770088,2 5
1770088,2 2136
1770088,2 11
1770088,2 78 
1770088,2 198 
1772065,44 25 
1772638,94 75 
1773848,01 72 
1773918,09 70 
1775443,71 80 
1776809,83 83 
1777907,16 64 1098
1778127,77 74 198
1778127,77 61 198
1779136,5 151 
1779156,61 69 
1781169,36 93 
1781180,92 103 
1781180,92 101 
1783214,55 100 
1783214,55 5
1783214,55 2136
1783214,55 10
1785193,39 25 
1785221,15 75 
1786429,46 72 
1786499,46 70 
1788017,33 80 
1788378,35 83 
1790142,86 64 1765
1790171,14 256 
1790508,92 74 346
1790508,92 61 346
1791021,41 151 
1791045,77 69 
1791427,45 249 
1791871,29 181 
1791953,19 93 
1791963,16 103 
1791963,16 101 
1793989,11 100 
1793989,11 5
1793989,11 2136
1793989,11 11
1795975,46 25 
1796002,87 75 
1797210,69 72 
1797281,65 70 
1798797,84 80 
1799853,52 83 
1800198,08 64 345
1800413,09 74 200
1800413,09 61 200
1801920,98 151 
1801947,85 69 
1802658,67 93 
1802678,64 103 
1802678,64 101 
1804704,9 100 
1804704,9 5
1804704,9 2136
1804704,9 11
1806691,05 25 
1806718,9 75 
1807925,46 72 
1807997,18 70 
1809516,15 80 
1810875,55 83 
1812165,51 64 1290
1812372,32 74 191
1812372,32 61 191
1813384,06 151 
1813408,9 69 
1814615,27 249 
1814780,51 256 
1815397,91 182 
1829469,89 93 
1829480,76 103 
1829480,76 101 
1831511,55 100 
1831511,55 5
1831511,55 2136
1831511,55 10
1833493,18 25 
1833521,08 75 
1834728,55 72 
1834799,39 70 
1836315,09 80 
1837384,46 83 
1837772,79 64 388
1837971,45 74 174
1837971,45 62 174
1838482,16 151 
1838506,57 69 
1840013,88 93 
1840023,02 103 
1840023,02 101 
1842050,92 100 
1842050,92 5
1842050,92 2136
1842050,92 11
1844035,34 25 
1844063,46 75 
1845270,41 72 
1845341,62 70 
1846861,92 80 
1848233,26 83 
1848356,01 64 124
1848405,38 256 
1848680,36 74 301
1848680,36 61 301
1849692,63 151 
1849714,47 69 
1850622,5 93 
1850631,9 103 
1850631,9 101 
1852660,53 100 
1852660,53 5
1852660,53 2136
1852660,53 10
1854644,27 25 
1854671,73 75 
1855880,47 72 
1855950,47 70 
1856262,77 250 
1856282,8 101 
1858296,1 100 
1858296,1 5
1858296,1 2136
1858296,1 10
1858296,1 25 
1858323,11 75 
1859531,68 72 
1859548,12 70 
1860757,63 80 
1861121,24 83 
1862162,17 64 1042
1862331,05 74 144
1862331,05 62 144
1863842,67 151 
1863867,83 69 
1864578,33 93 
1864599,4 103 
1864599,4 101 
1866630,97 100 
1866630,97 5
1866630,97 2136
1866630,97 10
1868611,74 25 
1868638,94 75 
1869846,94 72 
1870117,91 70 
1871651,76 80 
1872009,98 83 
1873809,31 64 1800
1874018,26 74 196
1874018,26 61 196
1874530,81 151 
1874557,46 69 
1875956,81 249 
1876007,81 181 
1876067,31 93 
1876087,94 103 
1876087,94 101 
1878114,91 100 
1878114,91 5
1878114,91 2136
1878114,91 10
1880100,33 25 
1880127,78 75 
1881335,55 72 
1881406,54 70 
1882924,68 80 
1884284,9 83 
1884839,3 64 555
1885033,95 74 177
1885033,95 62 177
1886045,3 153 
1886072,67 68 
1886984,72 92 
1886984,72 65 
1887003,36 103 
1887003,36 101 
1887529,38 100 
1887529,38 5
1887529,38 2136
1887529,38 11
1889509,69 25 
1889710,34 75 
1890917,07 72 
1890989,21 70 
1892522,57 80 
1893600,94 83 
1894197,07 64 596
1894441,96 74 229
1894441,96 61 229
1895951,37 151 
1895975,23 69 
1897985,99 93 
1897998,78 103 
1897998,78 101 
1900036,45 100 
1900036,45 5
1900036,45 2136
1900036,45 11
1902011,12 25 
1902038,36 75 
1903246,56 72 
1903317,32 70 
1904831,62 80 
1905889,19 83 
1907480,56 64 1592
1907626,44 74 125
1907626,44 62 125
1909134,37 150 
1909156,27 68 
1911169,01 92 
1911169,01 65 
1911193,27 103 
1911193,27 101 
1911720,21 100 
1911720,21 5
1911720,21 2136
1911720,21 11
1913699,6 25 
1914166,38 75 
1915375,63 72 
1915445,59 70 
1916959,76 80 
1917324,4 83 
1918050,54 64 726
1918278,49 74 208
1918278,49 62 208
1918787,59 150 
1918805,67 68 
1919512,2 92 
1919512,2 65 
1919536,42 103 
1919536,42 101 
1920062,89 100 
1920062,89 5
1920062,89 2136
1920062,89 10
1922042,78 25 
1922616,22 75 
1923824,08 72 
1923895,52 70 
1925414,43 80 
1926773,73 83 
1927141,89 64 369
1927321,98 74 163
1927321,98 62 163
1928331,01 151 
1928361,62 69 
1929274,58 93 
1929292,36 103 
1929292,36 101 
1931322,45 100 
1931322,45 5
1931322,45 2136
1931322,45 11
1933304,86 25 
1933332,05 75 
1934540,04 72 
1934610,94 70 
1936126,42 80 
1936489,71 83 
2136947,93 64 200459
2137150,94 74 186
2137150,94 62 186
2137660,62 150 
2137687,54 68 
2139197,08 92 
2139197,08 65 
2139218 103 
2139218 101 
2139746,77 100 
2139746,77 5
2139746,77 2136
2139746,77 10
2141724,29 25 
2142191,18 75 
2143400,4 72 
2143470,37 70 
2144994,6 80 
2146362,02 83 
2146591,14 64 230
2146803,16 74 189
2146803,16 61 189
2147813,89 153 
2147842,53 68 
2149853,41 92 
2149853,41 65 
2149866,85 103 
2149866,85 101 
2150393,54 100 
2150393,54 5
2150393,54 2136
2150393,54 10
2152373,14 25 
2152866,63 75 
2154073,79 72 
2154145,83 70 
2155664,99 80 
2156717,75 83 
2157231,32 64 514
2157445,27 74 195
2157445,27 61 195
2158956,27 151 
2158985,23 69 
2159896,68 93 
2159915,97 103 
2159915,97 101 
2161947,09 100 
2161947,09 5
2161947,09 2136
2161947,09 10
2163928,3 25 
2163956,13 75 
2165165,02 72 
2165234,54 70 
2166750,28 80 
2167806,38 83 
2168443,88 64 638
2168617,45 74 158
2168617,45 62 158
2170127,54 151 
2170153,57 69 
2170861,21 93 
2170871,52 103 
2170871,52 101 
2172897,56 100 
2172897,56 5
2172897,56 2136
2172897,56 11
2174883,73 25 
2174910,89 75 
2176119,44 72 
2176189,96 70 
2177710,65 80 
2179081,66 83 
2179647,5 64 566
2179875,72 74 208
2179875,72 61 208
2180384,9 151 
2180402,88 69 
2181915,23 93 
2181933,49 103 
2181933,49 101 
2183962,03 100 
2183962,03 5
2183962,03 2136
2183962,03 11
2185945,8 25 
2185973 75 
2187180,85 72 
2187252,05 70 
2188771,47 80 
2189130,79 83 
2201129,58 64 11999
2201350,06 74 198
2201350,06 61 198
2202359,55 151 
2202381,48 69 
2203889,11 93 
2203910,93 103 
2203910,93 101 
2205940,14 100 
2205940,14 5
2205940,14 2136
2205940,14 10
2207923,29 25 
2217925,88 254 
2217944,98 101 
2219957,51 100 
2219957,51 5
2219957,51 2136
2219957,51 10
2219957,51 25 
2229960,46 254 
2229979,95 101 
2231992,46 100 
2231992,46 5
2231992,46 2136
2231992,46 10
2231992,46 25 
2241992,8 254 
2242001,62 101 
2244014,12 100 
2244014,12 5
2244014,12 2136
2244014,12 10
2244014,12 25 
2254016,17 254 
2254023,26 101 
2256022,47 100 
2256022,47 5
2256022,47 2136
2256022,47 10
2256022,47 25 
2266025,42 254 
2266044,97 101 
2268057,38 100 
2268057,38 5
2268057,38 2136
2268057,38 10
2268057,38 25 
2278057,55 254 
2278066,55 101 
2280079,06 100 
2280079,06 5
2280079,06 2136
2280079,06 10
2280079,06 25 
2290083,94 254 
2290101,53 101 
2292114 100 
2292114 5
2292114 2136
2292114 10
2292114 25 
2302116,34 254 
2302136,52 101 
2304149,01 100 
2304149,01 5
2304149,01 2136
2304149,01 10
2304149,01 25 
2314152,64 254 
2314171,46 101 
2316183,95 100 
2316183,95 5
2316183,95 2136
2316183,95 10
2316183,95 25 
2324674,86 75 
2325884,6 72 
2326207,33 70 
2327818,55 80 
2329192,3 83 
2329532,45 64 341
2329778,96 74 228
2329778,96 61 228
2330286 151 
2330313,29 69 
2331023,49 93 
2331044,48 103 
2331044,48 101 
2333073,75 100 
2333073,75 5
2333073,75 2136
2333073,75 10
2335056,84 25 
2335084,27 75 
2336292,72 72 
2336363,08 70 
2337883,77 80 
2338948,17 83 
2341788,22 64 2841
2342028,28 74 215
2342028,28 62 215
2343038,83 153 
2343068,31 68 
2343473,05 249
2343577,77 172 
2345077,19 92 
2345077,19 65 
2345091,93 103 
2345091,93 101 
2345618,86 100 
2345618,86 5
2345618,86 2136
2345618,86 11
2347598,35 25 
2347931,8 75 
2349139,75 72 
2349211 70 
2350737,54 80 
2351103,12 83 
2352125,35 64 1023
2352354,43 74 212
2352354,43 61 212
2353865,96 151 
2353890,44 69 
2354801,28 93 
2354821,2 103 
2354821,2 101 
2356854,2 100 
2356854,2 5
2356854,2 2136
2356854,2 11
2358833,55 25 
2358860,94 75 
2360068,09 72 
2360139,77 70 
2361653,81 80 
2362018,53 83 
2569647,35 64 207629
2569671,93 256 
2569900,54 74 236
2569900,54 62 236
2570910,09 150 
2570933,09 68 
2572440,24 92 
2572440,24 65 
2572463,57 103 
2572463,57 101 
2572990,53 100 
2572990,53 5
2572990,53 2136
2572990,53 10
2574969,89 25 
2575263,82 75 
2576471,09 72 
2576729,29 70 
2578384,74 80 
2579674,25 83 
2580174,66 64 501
2580440,04 74 247
2580440,04 61 247
2580948,27 151 
2580968,94 69 
2581678,73 93 
2581699,7 103 
2581699,7 101 
2583726,59 100 
2583726,59 5
2583726,59 2136
2583726,59 11
2585712,04 25 
2585739,47 75 
2586946,46 72 
2587018,26 70 
2588532,86 80 
2589896,81 83 
2686852,16 64 96956
2687118,11 74 249
2687118,11 62 249
2688625,88 150 
2688657,24 68 
2689566,59 92 
2689566,59 65 
2689588,94 103 
2689588,94 101 
2690122,84 100 
2690122,84 5
2690122,84 2136
2690122,84 11
2692107,59 25 
2692374,64 75 
2693581,93 72 
2693893,67 70 
2695559,75 80 
2696851,95 83 
2697247,49 64 396
2697430,16 74 166
2697430,16 62 166
2698444,94 150 
2698466,49 68 
2700478,27 92 
2700478,27 65 
2700503,42 103 
2700503,42 101 
2701029,9 100 
2701029,9 5
2701029,9 2136
2701029,9 10
2703009,71 25 
2703463,26 75 
2704671,77 72 
2704742,42 70 
2706261,34 80 
2707647,46 83 
2707999,67 64 352
2708183,35 74 163
2708183,35 62 163
2709693,73 151 
2709715,1 69 
2710421,97 93 
2710432,61 103 
2710432,61 101 
2712459,52 100 
2712459,52 5
2712459,52 2136
2712459,52 10
2714444,96 25 
2714472,1 75 
2715680,25 72 
2715751,2 70 
2717268,5 80 
2717630,02 83 
2900166,85 64 182537
2900451,04 74 271
2900451,04 61 271
2900960,92 151 
2900981,22 69 
2902491,64 93 
2902512,37 103 
2902512,37 101 
2904543,86 100 
2904543,86 5
2904543,86 2136
2904543,86 11
2906524,66 25 
2907551,38 75 
2908759,91 72 
2908830,52 70 
2910348,27 80 
2911708,85 83 
2912671,69 64 963
2912908,74 74 214
2912908,74 62 214
2913419,23 150 
2913442,59 68 
2914354,68 92 
2914354,68 65 
2914374,01 103 
2914374,01 101 
2914900,61 100 
2914900,61 5
2914900,61 2136
2914900,61 10
2916880,39 25 
2917267,23 75 
2918476,59 72 
2918546,47 70 
2920071,32 80 
2921144,87 83 
2921712,4 64 568
2921961,97 74 231
2921961,97 63 231
2923469,41 150 
2923491,82 68 
2925500,33 92 
2925500,33 65 
2925516,09 103 
2925516,09 101 
2926047,41 100 
2926047,41 5
2926047,41 2136
2926047,41 11
2928035,69 25 
2928449,25 75 
2929658,86 72 
2929728,45 70 
2931251,93 80 
2931607,2 83 
2932829,81 64 1223
2933080,72 74 234
2933080,72 63 234
2934092,52 153 
2934114,62 68 
2934826,66 92 
2934826,66 65 
2934845,48 103 
2934845,48 101 
2935374,46 100 
2935374,46 5
2935374,46 2136
2935374,46 11
2937351,83 25 
2937858,72 75 
2939068,46 72 
2939137,8 70 
2940653,47 80 
2941016,64 83 
2942548,8 64 1532
2942810,2 74 248
2942810,2 63 248
2943820,09 151 
2943844,06 69 
2945852,63 93 
2945867,55 103 
2945867,55 101 
2947895,01 100 
2947895,01 5
2947895,01 2136
2947895,01 11
2949879,87 25 
2949907,41 75 
2951114,99 72 
2951186,09 70 
2952702,68 80 
2954064,45 83 
2954717,71 64 653
2954968,36 74 238
2954968,36 63 238
2955477,61 151 
2955505,73 69 
2957015,44 93 
2957036,19 103 
2957036,19 101 
2959062,44 100 
2959062,44 5
2959062,44 2136
2959062,44 10
2961048,59 25 
2961076 75 
2962285,52 72 
2962354,78 70 
2963873,29 80 
2964926,58 83 
2965914,41 64 988
2966094,31 74 155
2966094,31 62 155
2967605,01 151 
2967633,95 69 
2968544,61 93 
2968564,71 103 
2968564,71 101 
2970597,08 100 
2970597,08 5
2970597,08 2136
2970597,08 11
2972577,18 25 
2972604,25 75 
2973810,38 72 
2973883,26 70 
2975403,24 80 
2975762,1 83 
2977139,83 64 1378
2977319,04 74 158
2977319,04 62 158
2978827,84 150 
2978856,08 68 
2980868,98 92 
2980868,98 65 
2980892,93 103 
2980892,93 101 
2981422,96 100 
2981422,96 5
2981422,96 2136
2981422,96 10
2983399,33 25 
2983746,22 75 
2984953,96 72 
2985025,26 70 
2986553,03 80 
2987610,47 83 
2988340,54 64 730
2988568,53 74 212
2988568,53 61 212
2989577,24 151 
2989598,19 69 
2991108,46 93 
2991128,64 103 
2991128,64 101 
2993154,59 100 
2993154,59 5
2993154,59 2136
2993154,59 10
2995141,19 25 
2995168,25 75 
2996376,11 72 
2996447,31 70 
2997960,33 80 
2999325,58 83 
3000598,6 64 1273
3000793,93 74 176
3000793,93 62 176
3001303,23 151 
3001326,62 69 
3002233,95 93 
3002244,28 103 
3002244,28 101 
3004274,5 100 
3004274,5 5
3004274,5 2136
3004274,5 10
3006256,32 25 
3006283,56 75 
3007490,52 72 
3007802,46 70 
3009417,06 80 
3010787,44 83 
3017070,13 64 6283
3017263,03 74 172
3017263,03 62 172
3018773,77 151 
3018799,25 69 
3019509,75 93 
3019530,08 103 
3019530,08 101 
3021556,51 100 
3021556,51 5
3021556,51 2136
3021556,51 11
3023542,47 25 
3023569,93 75 
3024778,59 72 
3024848,79 70 
3026368,46 80 
3027433,84 83 
3027837,08 64 404
3028016,88 74 156
3028016,88 62 156
3028530,67 150 
3028555,33 68 
3029467,2 92 
3029467,2 65 
3029485,93 103 
3029485,93 101 
3030011,97 100 
3030011,97 5
3030011,97 2136
3030011,97 10
3031992,23 25 
3032325,9 75 
3033532,42 72 
3033605,04 70 
3035120,73 80 
3035483,85 83 
3036602,55 64 1119
3036812,6 74 196
3036812,6 61 196
3037821,82 151 
3037844,38 69 
3039854,24 93 
3039868,26 103 
3039868,26 101 
3041903,12 100 
3041903,12 5
3041903,12 2136
3041903,12 11
3043880,6 25 
3043907,8 75 
3045114,64 72 
3045186,8 70 
3046709,11 80 
3047078,93 83 
3047816,32 64 738
3047986,63 74 148
3047986,63 62 148
3049495,08 150 
3049519,15 68 
3050229,05 92 
3050229,05 65 
3050250,62 103 
3050250,62 101 
3050777,47 100 
3050777,47 5
3050777,47 2136
3050777,47 10
3052756,89 25 
3053197,11 75 
3054404,42 72 
3054476,26 70 
3055991,14 80 
3057354,8 83 
3058036,38 64 682
3058290,66 74 230
3058290,66 63 230
3059299,02 150 
3059329,04 68 
3060836,19 92 
3060836,19 65 
3060859,52 103 
3060859,52 101 
3061386,18 100 
3061386,18 5
3061386,18 2136
3061386,18 10
3063365,8 25 
3063752,77 75 
3064959,59 72 
3065033,46 70 
3066544,74 80 
3067617,02 83 
3068134,71 64 518
3068427,77 74 278
3068427,77 63 278
3068941,26 150 
3068965,04 68 
3069676,71 92 
3069676,71 65 
3069695,77 103 
3069695,77 101 
3070228,75 100 
3070228,75 5
3070228,75 2136
3070228,75 10
3072202,14 25 
3072589,12 75 
3073798,09 72 
3073868,16 70 
3075384,96 80 
3076746,51 83 
3077222,85 64 476
3077463,37 74 224
3077463,37 63 224
3077973,75 152 
3078001,26 69 
3078649,13 249 
3078695,48 183 
3078912,05 93 
3078931,93 103 
3078931,93 101 
3080958,83 100 
3080958,83 5
3080958,83 2136
3080958,83 11
3082944,32 25 
3082985,12 75 
3084191,51 72 
3084263,82 70 
3085792,59 80 
3086156,03 83 
3086965,95 64 811
3087163,97 74 183
3087163,97 62 183
3088174,64 150 
3088196,99 68 
3088952,41 249
3090206,43 92 
3090206,43 65 
3090220,6 103 
3090220,6 101 
3090750,42 100 
3090750,42 5
3090750,42 2136
3090750,42 10
3092726,96 25 
3093047,09 75 
3094255,94 72 
3094326,33 70 
3095844,26 80 
3096898,1 83 
3097579,95 64 683
3097788,23 74 184
3097788,23 63 184
3099297,73 150 
3099325,01 68 
3100835,29 92 
3100835,29 65 
3100856,09 103 
3100856,09 101 
3101392,97 100 
3101392,97 5
3101392,97 2136
3101392,97 10
3103375,76 25 
3103869,28 75 
3105078,38 72 
3105148,45 70 
3106663,92 80 
3107027,24 83 
3107896,38 64 870
3108145,89 74 227
3108145,89 63 227
3109653,04 150 
3109681,26 68 
3110589,44 92 
3110589,44 65 
3110612,06 103 
3110612,06 101 
3111139,53 100 
3111139,53 5
3111139,53 2136
3111139,53 11
3113118,39 25 
3113598,58 75 
3114807,22 72 
3114877,75 70 
3116390,13 80 
3117756,08 83 
3118223,47 64 468
3118389,61 74 154
3118389,61 62 154
3118896,03 150 
3118917,45 68 
3120925,65 92 
3120925,65 65 
3120941,03 103 
3120941,03 101 
3121467,68 100 
3121467,68 5
3121467,68 2136
3121467,68 11
3123447,34 25 
3124047,47 75 
3125257,48 72 
3125326,85 70 
3126854,4 80 
3127926,05 83 
3128405,63 64 481
3128581,15 74 163
3128581,15 62 163
3129592,29 150 
3129619,81 68 
3130327,42 92 
3130327,42 65 
3130350,45 103 
3130350,45 101 
3130880,57 100 
3130880,57 5
3130880,57 2136
3130880,57 11
3132856,78 25 
3133576,85 75 
3134785,31 72 
3134856,01 70 
3136375,59 80 
3137735,28 83 
3138025,18 64 291
3138220,54 74 180
3138220,54 62 180
3138731,19 150 
3138748,45 68 
3140260,7 92 
3140260,7 65 
3140279,68 103 
3140279,68 101 
3140814,37 100 
3140814,37 5
3140814,37 2136
3140814,37 10
3142799,43 25 
3143386,09 75 
3144595,33 72 
3144665,31 70 
3146185,59 80 
3146557,32 83 
3147477,61 64 920
3147725,96 74 236
3147725,96 63 236
3148738,57 150 
3148758,28 68 
3150267,59 92 
3150267,59 65 
3150288,88 103 
3150288,88 101 
3150816,06 100 
3150816,06 5
3150816,06 2136
3150816,06 11
3152795,18 25 
3153488,52 75 
3154695,02 72 
3154767,72 70 
3156285,82 80 
3157352,89 83 
3157777,46 64 425
3157941,2 74 149
3157941,2 62 149
3159448,68 150 
3159473,83 68 
3159869,86 249
3159973,8 172 
3160185,27 92 
3160185,27 65 
3160204,64 103 
3160204,64 101 
3160733,9 100 
3160733,9 5
3160733,9 2136
3160733,9 10
3162710,93 25 
3163031,13 75 
3164238,54 72 
3164310,42 70 
3165822,41 80 
3166175,84 83 
3166874,75 64 699
3167101,2 74 206
3167101,2 63 206
3168110,09 152 
3168136,93 69 
3169045,53 93 
3169067,63 103 
3169067,63 101 
3171093,68 100 
3171093,68 5
3171093,68 2136
3171093,68 10
3173079,98 25 
3173107,46 75 
3174314,76 72 
3174386,21 70 
3175902,24 80 
3177251,29 83 
3177585,66 64 335
3177798,63 74 188
3177798,63 62 188
3178306,32 151 
3178332,69 69 
3180342,43 93 
3180356,22 103 
3180356,22 101 
3182382,4 100 
3182382,4 5
3182382,4 2136
3182382,4 10
3184368,6 25 
3184396,33 75 
3185603,28 72 
3185674,77 70 
3187191,13 80 
3188246,6 83 
3189803,1 64 1557
3190039,03 74 221
3190039,03 61 221
3191546,97 151 
3191567,32 69 
3192813,61 249 
3193006,57 256 
3199375,22 183 
3207090,34 93 
3207105,04 103 
3207105,04 101 
3209140,46 100 
3209140,46 5
3209140,46 2136
3209140,46 10
3211117,56 25 
3211144,91 75 
3212352,09 72 
3212663,55 70 
3214272,14 80 
3215328,59 83 
3215863,19 64 535
3216137,03 74 249
3216137,03 62 249
3217646,63 151 
3217676,84 69 
3218387,27 93 
3218407 103 
3218407 101 
3220434,78 100 
3220434,78 5
3220434,78 2136
3220434,78 11
3222419,35 25 
3222446,6 75 
3223656 72 
3223725,61 70 
3225237,33 80 
3225604,33 83 
3226800,28 64 1196
3226999,71 74 183
3226999,71 62 183
3227508,31 150 
3227538,76 68 
3228450,36 92 
3228450,36 65 
3228469,45 103 
3228469,45 101 
3228995,49 100 
3228995,49 5
3228995,49 2136
3228995,49 11
3230975,75 25 
3231522,59 75 
3232732,01 72 
3232801,74 70 
3234317,2 80 
3235666,98 83 
3235911,46 64 245
3236110,91 74 178
3236110,91 62 178
3237121,72 150 
3237148,01 68 
3239158,48 92 
3239158,48 65 
3239171,63 103 
3239171,63 101 
3239703,19 100 
3239703,19 5
3239703,19 2136
3239703,19 11
3241678 25 
3242224,76 75 
3243431,72 72 
3243503,94 70 
3245032,03 80 
3246395,62 83 
3246654,52 64 259
3246834,2 74 159
3246834,2 62 159
3247346,23 150 
3247370,52 68 
3249378,41 92 
3249378,41 65 
3249394,04 103 
3249394,04 101 
3249920,39 100 
3249920,39 5
3249920,39 2136
3249920,39 11
3251900,47 25 
3252580,47 75 
3253788,59 72 
3253859,67 70 
3255375,63 80 
3255738,45 83 
3256782,42 64 1044
3256983,16 74 179
3256983,16 62 179
3258493,65 150 
3258512,44 68 
3258883,07 249
3258929,69 172 
3259220,05 92 
3259220,05 65 
3259243,27 103 
3259243,27 101 
3259770,08 100 
3259770,08 3
3259770,08 2136
3259770,08 10
3259770,08 78 
3259770,08 198 
3261749,55 25 
3262269,77 75 
3263478,78 72 
3263548,92 70 
3265064,35 80 
3266120,7 83 
3266757,13 64 637
3266986,59 74 213
3266986,59 63 213
3267997,5 151 
3268028,39 69 
3268939,51 93 
3268959,19 103 
3268959,19 101 
3270987,45 100 
3270987,45 3
3270987,45 2136
3270987,45 10
3272971,53 25 
3272999,04 75 
3274206,92 72 
3274277,75 70 
3275807,62 80 
3276863,02 83 
3277355,13 64 493
3277555,1 74 186
3277555,1 61 186
3278567,62 151 
3278597,06 69 
3280109,36 93 
3280127,85 103 
3280127,85 101 
3282155,57 100 
3282155,57 3
3282155,57 2136
3282155,57 10
3284140,25 25 
3284167,52 75 
3285374,9 72 
3285446,46 70 
3286962,83 80 
3288324,8 83 
3289217,87 64 894
3289502,87 74 273
3289502,87 63 273
3291012,02 151 
3291032,12 69 
3292540,63 93 
3292562,77 103 
3292562,77 101 
3294588,81 100 
3294588,81 3
3294588,81 2136
3294588,81 11
3296575,02 25 
3296602,18 75 
3297812,16 72 
3297881,22 70 
3299395 80 
3299759,99 83 
3300647,33 64 888
3300835,78 74 169
3300835,78 62 169
3301345,6 151 
3301374,57 69 
3302083,25 93 
3302105,33 103 
3302105,33 101 
3304136,73 100 
3304136,73 3
3304136,73 2136
3304136,73 11
3306117,78 25 
3306744,58 75 
3307951,51 72 
3308023,63 70 
3309544,18 80 
3310608,79 83 
3311025,58 64 417
3311203,41 74 155
3311203,41 62 155
3312714,52 151 
3312742,69 69 
3313650,4 93 
3313660,53 103 
3313660,53 101 
3315687,48 100 
3315687,48 3
3315687,48 2136
3315687,48 11
3317672,86 25 
3317700,09 75 
3318910,47 72 
3319205,76 70 
3320851,95 80 
3321417,64 83 
3322337,87 64 920
3322500,19 74 150
3322500,19 62 150
3323512,24 151 
3323538,71 69 
3325547,82 93 
3325562,19 103 
3325562,19 101 
3327588,7 100 
3327588,7 3
3327588,7 2136
3327588,7 11
3329574,69 25 
3332094,03 75 
3333302,4 72 
3333373,06 70 
3334895,29 80 
3336264,73 83 
3336271,54 64 7
3336442,92 74 152
3336442,92 62 152
3336951,18 151 
3336972,93 69 
3337684,24 93 
3337703,82 103 
3337703,82 101 
3339736,38 100 
3339736,38 3
3339736,38 2136
3339736,38 10
3341717,04 25 
3341743,37 75 
3342951,92 72 
3343022,39 70 
3344545,6 80 
3344914,48 83 
3345792,24 64 878
3346009,13 74 202
3346009,13 62 202
3346517,64 150 
3346542,52 68 
3347455,15 92 
3347455,15 65 
3347473,05 103 
3347473,05 101 
3347999,38 100 
3347999,38 3
3347999,38 2136
3347999,38 11
3349979,38 25 
3350166,41 75 
3351372,97 72 
3351445,62 70 
3352968,53 80 
3354030,66 83 
3354541,54 64 511
3354754,47 74 191
3354754,47 61 191
3355761,87 153 
3355791,8 68 
3357800,58 92 
3357800,58 65 
3357815,42 103 
3357815,42 101 
3358342,19 100 
3358342,19 3
3358342,19 2136
3358342,19 10
3360321,7 25 
3360855,2 75 
3362063,5 72 
3362134,37 70 
3363649,98 80 
3364999,64 83 
3365599,4 64 600
3365825,04 74 213
3365825,04 63 213
3367333,99 151 
3367360,55 69 
3368869,88 93 
3368891,76 103 
3368891,76 101 
3370927,63 100 
3370927,63 3
3370927,63 2136
3370927,63 10
3372903,1 25 
3375608,98 75 
3376817,57 72 
3376888,25 70 
3378405,87 80 
3379766,57 83 
3380326 64 560
3380496,22 74 157
3380496,22 62 157
3381003,29 150 
3381021,51 68 
3381406,82 249
3381632,84 172 
3383033,28 92 
3383033,28 65 
3383058,16 103 
3383058,16 101 
3383585,34 100 
3383585,34 3
3383585,34 2136
3383585,34 10
3385564,52 25 
3385898,04 75 
3387107,17 72 
3387177,27 70 
3388699,44 80 
3389762,52 83 
3390489,82 64 727
3390654,58 74 146
3390654,58 62 146
3392164,75 150 
3392190,12 68 
3392630 249
3392717,15 172 
3393699,92 92 
3393699,92 65 
3393720,39 103 
3393720,39 101 
3394247,38 100 
3394247,38 3
3394247,38 2136
3394247,38 11
3396226,7 25 
3396747 75 
3397956,75 72 
3398026,14 70 
3399542,98 80 
3399904,78 83 
3401110,07 64 1206
3401282,77 74 152
3401282,77 62 152
3402292,84 153 
3402319,94 68 
3402730,82 249
3402845,29 172 
3403229,62 92 
3403229,62 65 
3403249,75 103 
3403249,75 101 
3403779,05 100 
3403779,05 3
3403779,05 2136
3403779,05 11
3405756,07 25 
3406329,49 75 
3407535,9 72 
3407608,68 70 
3409121,97 80 
3409474,18 83 
3410270,13 64 797
3410444,62 74 158
3410444,62 62 158
3410955,91 151 
3410981,66 69 
3411691,35 93 
3411712,86 103 
3411712,86 101 
3413739,33 100 
3413739,33 3
3413739,33 2136
3413739,33 11
3415725,21 25 
3416072,1 75 
3417280,74 72 
3417351,33 70 
3418865,28 80 
3419923,12 83 
3421794,46 64 1872
3422008,17 74 193
3422008,17 61 193
3423516,66 151 
3423536,42 69 
3425047,48 93 
3425067,27 103 
3425067,27 101 
3427094,91 100 
3427094,91 3
3427094,91 2136
3427094,91 10
3429079,64 25 
3430066,33 75 
3431274,37 72 
3431345,46 70 
3432870,61 80 
3434237,12 83 
3436058,16 64 1822
3436087,91 256 
3436283,05 74 207
3436283,05 61 207
3437292,18 151 
3437317,73 69 
3438028,64 93 
3438048,54 103 
3438048,54 101 
3440077,79 100 
3440077,79 3
3440077,79 2136
3440077,79 10
3442060,86 25 
3442980,83 75 
3444188,31 72 
3444248,33 70 
3445757,52 80 
3446818,58 83 
3447138,37 64 320
3447320,37 74 169
3447320,37 62 169
3448330,88 150 
3448353,06 68 
3450361,08 92 
3450361,08 65 
3450376,71 103 
3450376,71 101 
3450903,59 100 
3450903,59 3
3450903,59 2136
3450903,59 11
3452883,15 25 
3453043,34 75 
3454252,64 72 
3454322,53 70 
3455830,62 80 
3456188,17 83 
3457089,9 64 903
3457260,27 74 153
3457260,27 62 153
3457772,84 151 
3457802,09 69 
3458712,57 93 
3458733,24 103 
3458733,24 101 
3460761,22 100 
3460761,22 3
3460761,22 2136
3460761,22 10
3462745,57 25 
3462772,85 75 
3463979,93 72 
3464051,8 70 
3465570,1 80 
3466930,13 83 
3467654,78 64 725
3467838,08 74 162
3467838,08 61 162
3469347,14 151 
3469371,23 69 
3470879,28 93 
3470901,46 103 
3470901,46 101 
3472930,5 100 
3472930,5 3
3472930,5 2136
3472930,5 11
3474913,84 25 
3474954,46 75 
3476163,07 72 
3476233,38 70 
3477747,26 80 
3478098,81 83 
3478750,09 64 652
3478973,16 74 209
3478973,16 62 209
3479483,66 151 
3479513,39 69 
3480419,84 93 
3480430,82 103 
3480430,82 101 
3482458,1 100 
3482458,1 3
3482458,1 2136
3482458,1 10
3484443,14 25 
3484470,4 75 
3485678,79 72 
3485749,41 70 
3487276,68 80 
3488641,14 83 
3489021,5 64 381
3489243,94 74 204
3489243,94 63 204
3490254,36 151 
3490282,22 69 
3490965,74 249 
3490990,61 93 
3490999,72 103 
3490999,72 101 
3493029,1 100 
3493029,1 3
3493029,1 2136
3493029,1 10
3495012,1 25 
3495039,31 75 
3496245,86 72 
3496318,31 70 
3497836,38 80 
3498903,55 83 
3499346,26 64 443
3499577,57 74 208
3499577,57 61 208
3501090,29 151 
3501117,01 69 
3501833,73 249 
3501979,41 181 
3502598,96 256 
3524932,81 93 
3524945,53 103 
3524945,53 101 
3526979,87 100 
3526979,87 3
3526979,87 2136
3526979,87 11
3528957,96 25 
3529224,77 75 
3530430,99 72 
3530730,87 70 
3532342,05 80 
3532702,64 83 
3534118,63 64 1416
3534311,69 74 170
3534311,69 62 170
3534824,08 153 
3534850,38 68 
3536362,02 92 
3536362,02 65 
3536380,77 103 
3536380,77 101 
3536906,89 100 
3536906,89 3
3536906,89 2136
3536906,89 11
3538887,07 25 
3540313,65 75 
3541521,43 72 
3541592,78 70 
3543111,26 80 
3544484,48 83 
3544558,65 64 74
3544818,5 74 241
3544818,5 62 241
3546328,78 151 
3546353,35 69 
3548117,53 249 
3548193,89 182 
3548363,63 93 
3548375,76 103 
3548375,76 101 
3550402,02 100 
3550402,02 3
3550402,02 2136
3550402,02 10
3552388,13 25 
3552415,44 75 
3553624,23 72 
3553694,31 70 
3555213,34 80 
3556266,13 83 
3556960,57 64 695
3557140,35 74 155
3557140,35 61 155
3558149,9 151 
3558173,84 69 
3559087,1 93 
3559104,61 103 
3559104,61 101 
3561138,13 100 
3561138,13 3
3561138,13 2136
3561138,13 11
3563117,05 25 
3563144,78 75 
3564352,51 72 
3564423,2 70 
3565944,67 80 
3566302,49 250 
3566314,86 101 
3568328,15 100 
3568328,15 3
3568328,15 2136
3568328,15 11
3568328,15 25 
3576218,73 75 
3577425,74 72 
3577497,69 70 
3579013,35 80 
3580069,51 83 
3580520,9 64 452
3580669,57 74 134
3580669,57 62 134
3581680,83 151 
3581709,93 69 
3582420,73 93 
3582441,58 103 
3582441,58 101 
3584468,64 100 
3584468,64 3
3584468,64 2136
3584468,64 10
3586453,93 25 
3587960,29 75 
3589167,63 72 
3589241,11 70 
3590753,71 80 
3592104,47 83 
3592466,56 64 362
3592619,98 74 130
3592619,98 62 130
3593130,91 150 
3593159,36 68 
3594068,91 92 
3594068,91 65 
3594090,06 103 
3594090,06 101 
3594617,06 100 
3594617,06 3
3594617,06 2136
3594617,06 11
3596596,34 25 
3597356,36 75 
3598565,43 72 
3598635,54 70 
3600152,34 80 
3600514,34 83 
3601606,25 64 1092
3601773,1 74 153
3601773,1 61 153
3603281,98 151 
3603301,63 69 
3604008,96 93 
3604019,17 103 
3604019,17 101 
3606049,58 100 
3606049,58 3
3606049,58 2136
3606049,58 10
3608031,53 25 
3608059 75 
3609267,49 72 
3609337,93 70 
3610856,55 80 
3611216,56 83 
3612934,53 64 1718
3613113,61 74 165
3613113,61 62 165
3614624,8 150 
3614657,14 68 
3616666,13 92 
3616666,13 65 
3616680,55 103 
3616680,55 101 
3617206,54 100 
3617206,54 3
3617206,54 2136
3617206,54 11
3619186,91 25 
3619214,02 75 
3620421,89 72 
3620493,09 70 
3622006,96 80 
3623384,73 83 
3623820,73 64 436
3623994,79 74 157
3623994,79 61 157
3625003,51 151 
3625025,24 69 
3625480,96 249 
3626241,29 181 
3626534,84 93 
3626556,4 103 
3626556,4 101 
3628589 100 
3628589 3
3628589 2136
3628589 11
3630568,99 25 
3630599,98 75 
3631806,88 72 
3632114,91 70 
3633738,72 80 
3634806,63 83 
3635547,03 64 741
3635687,03 74 121
3635687,03 61 121
3636200,12 151 
3636220,47 69 
3636587,08 249 
3637731,86 93 
3637751,74 103 
3637751,74 101 
3639780,97 100 
3639780,97 3
3639780,97 2136
3639780,97 11
3641764,12 25 
3644536,6 75 
3645746,06 72 
3645815,82 70 
3647333,25 80 
3648694,35 83 
3649063,33 64 370
3649245,43 74 165
3649245,43 62 165
3650254,83 151 
3650281,3 69 
3651545,46 249 
3652016,19 182 
3652293,06 93 
3652305,69 103 
3652305,69 101 
3654331,88 100 
3654331,88 3
3654331,88 2136
3654331,88 10
3656317,99 25 
3656918,14 75 
3658127,1 72 
3658197,32 70 
3659712,45 80 
3660769,2 83 
3661239,21 64 471
3661410,92 74 150
3661410,92 62 150
3662922,74 150 
3662943,52 68 
3663654,97 92 
3663654,97 65 
3663674,25 103 
3663674,25 101 
3664201,11 100 
3664201,11 3
3664201,11 2136
3664201,11 10
3666180,57 25 
3666540,81 75 
3667747,96 72 
3667820 70 
3669336,98 80 
3669698,74 83 
3670817,36 64 1119
3671010,02 74 179
3671010,02 62 179
3671519,19 150 
3671539,81 68 
3671932,41 249
3671979,66 172 
3672451,07 92 
3672451,07 65 
3672470,58 103 
3672470,58 101 
3673002,81 100 
3673002,81 3
3673002,81 2136
3673002,81 10
3674990,32 25 
3675563,75 75 
3676773,69 72 
3676842,86 70 
3678364,73 80 
3679441,36 83 
3679963,91 64 523
3680134,68 74 147
3680134,68 62 147
3681645,98 150 
3681668,95 68 
3682581,58 92 
3682581,58 65 
3682600,71 103 
3682600,71 101 
3683127,73 100 
3683127,73 3
3683127,73 2136
3683127,73 11
3685105,98 25 
3685719,43 75 
3686928,7 72 
3686998,61 70 
3688525,27 80 
3689890,37 83 
3690272,45 64 382
3690521,92 74 233
3690521,92 61 233
3691032,51 153 
3691065,03 68 
3691774,58 92 
3691774,58 65 
3691795,79 103 
3691795,79 101 
3692321,91 100 
3692321,91 3
3692321,91 2136
3692321,91 10
3694302,11 25 
3694449,3 75 
3695657,75 72 
3695728,31 70 
3697243,9 80 
3697608,64 83 
3698555,12 64 949
3698751,99 74 173
3698751,99 62 173
3699761,64 150 
3699781,62 68 
3700084,87 249
3700208,22 172 
3701291,76 92 
3701291,76 65 
3701311,9 103 
3701311,9 101 
3701843,13 100 
3701843,13 3
3701843,13 2136
3701843,13 11
3703818,47 25 
3704431,64 75 
3705639,41 72 
3705710,79 70 
3707227,8 80 
3707602,91 83 
3708640,25 64 1038
3708855,58 74 200
3708855,58 61 200
3709364,92 151 
3709389,95 69 
3710054,55 249 
3710670,35 181 
3711398,27 93 
3711414,36 103 
3711414,36 101 
3713441,28 100 
3713441,28 3
3713441,28 2136
3713441,28 11
3715426,62 25 
3715453,79 75 
3716661,65 72 
3716733,03 70 
3718250,73 80 
3719611,21 83 
3719863,45 64 253
3720044,79 74 167
3720044,79 62 167
3721053,36 151 
3721079,14 69 
3721988,14 93 
3722009,86 103 
3722009,86 101 
3724036,84 100 
3724036,84 3
3724036,84 2136
3724036,84 10
3726022,19 25 
3726049,6 75 
3727256,66 72 
3727328,42 70 
3728851,22 80 
3729913,65 83 
3731398,79 64 1485
3731589,12 74 170
3731589,12 62 170
3733099,98 150 
3733127,5 68 
3733676,38 249
3733696,3 172 
3733838,98 92 
3733838,98 65 
3733858,31 103 
3733858,31 101 
3734392,69 100 
3734392,69 3
3734392,69 2136
3734392,69 11
3736364,65 25 
3737977,63 75 
3739186,92 72 
3739256,79 70 
3740773,18 80 
3742135,11 83 
3742520,04 64 386
3742720,51 74 186
3742720,51 61 186
3744229,87 151 
3744256,11 69 
3745730,63 249 
3746267 93 
3746279,78 103 
3746279,78 101 
3748306,72 100 
3748306,72 3
3748306,72 2136
3748306,72 11
3750292,06 25 
3750322,2 75 
3751527,97 72 
3751598,27 70 
3753115,04 80 
3754170,09 83 
3754464,69 64 295
3754657,77 74 168
3754657,77 62 168
3755667,55 151 
3755690,66 69 
3756692,51 249 
3756966,2 182 
3757202,59 93 
3757221,8 103 
3757221,8 101 
3759248,74 100 
3759248,74 3
3759248,74 2136
3759248,74 11
3761234,15 25 
3761261,42 75 
3762467,31 72 
3762540,42 70 
3764050,05 80 
3764419,15 83 
3765340,71 64 922
3765532,92 74 168
3765532,92 61 168
3766045,04 151 
3766073,68 69 
3766785,06 93 
3766804,48 103 
3766804,48 101 
3768833,55 100 
3768833,55 3
3768833,55 2136
3768833,55 10
3770816,88 25 
3771523,67 75 
3772730,38 72 
3772802,76 70 
3774320,99 80 
3775387,89 83 
3776004,89 64 617
3776266,1 74 239
3776266,1 61 239
3776777,27 151 
3776801,71 69 
3778812,42 93 
3778826,1 103 
3778826,1 101 
3780853,11 100 
3780853,11 3
3780853,11 2136
3780853,11 10
3782838,52 25 
3782865,75 75 
3784072,12 72 
3784144,67 70 
3785662,83 80 
3787023,04 83 
3787423,63 64 401
3787611,33 74 162
3787611,33 62 162
3788621,32 152 
3788650,92 69 
3789562,68 93 
3789581,62 103 
3789581,62 101 
3791607,67 100 
3791607,67 3
3791607,67 2136
3791607,67 10
3793593,96 25 
3793621,26 75 
3794830,53 72 
3794900,17 70 
3796418,89 80 
3796779,06 83 
3797625,96 64 848
3797805,97 74 162
3797805,97 62 162
3799313,97 150 
3799339,91 68 
3800848,78 92 
3800848,78 65 
3800870,23 103 
3800870,23 101 
3801402,22 100 
3801402,22 3
3801402,22 2136
3801402,22 11
3803389,9 25 
3804083,44 75 
3805291,11 72 
3805362,51 70 
3806874,93 80 
3807241,24 83 
3808127,01 64 887
3808313,5 74 166
3808313,5 61 166
3809327,24 151 
3809348,86 69 
3809714,43 249 
3810258,52 93 
3810279,64 103 
3810279,64 101 
3812306,47 100 
3812306,47 3
3812306,47 2136
3812306,47 10
3814291,99 25 
3814319,61 75 
3815528,7 72 
3815598,22 70 
3817114,09 80 
3818170,05 83 
3818662,62 64 493
3818809,32 74 133
3818809,32 62 133
3820318,42 150 
3820345,16 68 
3821854,89 92 
3821854,89 65 
3821874,78 103 
3821874,78 101 
3822401,93 100 
3822401,93 3
3822401,93 2136
3822401,93 10
3824381,12 25 
3825181,15 75 
3826390,16 72 
3826460,35 70 
3827973,98 80 
3829325,38 83 
3829663,39 64 338
3829841,8 74 157
3829841,8 62 157
3830352,41 150 
3830380,28 68 
3831091,23 92 
3831091,23 65 
3831110,95 103 
3831110,95 101 
3831642,54 100 
3831642,54 3
3831642,54 2136
3831642,54 11
3833617,35 25 
3835576,92 75 
3836787,8 72 
3837109,2 70 
3838726,98 80 
3840094,18 83 
3840768,27 64 675
3840950,2 74 164
3840950,2 62 164
3841461,71 151 
3841481,56 69 
3843388,12 249 
3843491,07 93 
3843505,73 103 
3843505,73 101 
3845535,69 100 
3845535,69 3
3845535,69 2136
3845535,69 10
3847518,13 25 
3851530,12 75 
3852738,25 72 
3852809,4 70 
3854327,16 80 
3855394,51 83 
3856143,07 64 749
3856311,04 74 144
3856311,04 62 144
3857321,72 150 
3857342,27 68 
3858052,39 92 
3858052,39 65 
3858073,07 103 
3858073,07 101 
3858599,42 100 
3858599,42 3
3858599,42 2136
3858599,42 10
3860579,29 25 
3861006,15 75 
3862213,94 72 
3862285,35 70 
3863801,5 80 
3864164,18 83 
3865197,53 64 1034
3865385,53 74 169
3865385,53 62 169
3866894,21 150 
3866911,53 68 
3867228,67 249
3867380,4 172 
3868419,13 92 
3868419,13 65 
3868441,99 103 
3868441,99 101 
3868972,78 100 
3868972,78 3
3868972,78 2136
3868972,78 11
3870948,4 25 
3871575,11 75 
3872784,8 72 
3872854,3 70 
3874368,07 80 
3875732,62 83 
3876035,92 64 304
3876230,35 74 178
3876230,35 61 178
3876740,64 151 
3876760,04 69 
3876805,7 249 
3878524,29 181 
3878769,63 93 
3878784,33 103 
3878784,33 101 
3880812,23 100 
3880812,23 3
3880812,23 2136
3880812,23 11
3882796,74 25 
3882824,01 75 
3884033,75 72 
3884103,09 70 
3885629,45 80 
3886403,37 250 
3886421,09 101 
3888434,43 100 
3888434,43 3
3888434,43 2136
3888434,43 11
3888434,43 25 
3888461,33 75 
3889454,79 250 
3889472,76 101 
3891486,41 100 
3891486,41 3
3891486,41 2136
3891486,41 11
3891486,41 25 
3892165,74 75 
3893372,75 72 
3893445,67 70 
3894712,43 250 
3894724,27 101 
3896737,54 100 
3896737,54 3
3896737,54 2136
3896737,54 11
3896737,54 25 
3898323,89 75 
3899530,87 72 
3899548,92 70 
3900756,84 80 
3901815,11 83 
3902181,12 64 367
3902416,31 74 215
3902416,31 61 215
3903428,19 151 
3903456,28 69 
3903988,55 249 
3904367,48 93 
3904387 103 
3904387 101 
3906412,88 100 
3906412,88 3
3906412,88 2136
3906412,88 11
3908399,31 25 
3908426,57 75 
3909632,89 72 
3909705,58 70 
3911226,3 80 
3911597,62 83 
3912271,13 64 673
3912482,19 74 192
3912482,19 62 192
3913991,07 151 
3914011,06 69 
3914812 249 
3914919,48 93 
3914930,39 103 
3914930,39 101 
3916960,73 100 
3916960,73 3
3916960,73 2136
3916960,73 10
3918941,64 25 
3928942,46 254 
3928950 101 
3930962,45 100 
3930962,45 3
3930962,45 2136
3930962,45 10
3930962,45 25 
3940963,58 254 
3940971,64 101 
3942984,13 100 
3942984,13 3
3942984,13 2136
3942984,13 10
3942984,13 25 
3943012,25 75 
3944219,47 72 
3944531,04 70 
3946160,57 80 
3947529,32 83 
3947623,05 64 94
3947800,43 74 165
3947800,43 62 165
3948310,32 150 
3948330,87 68 
3949039,14 92 
3949039,14 65 
3949061,63 103 
3949061,63 101 
3949588,99 100 
3949588,99 3
3949588,99 2136
3949588,99 10
3951568,01 25 
3952634,62 75 
3953842,18 72 
3953913,73 70 
3955431,86 80 
3956485,6 83 
3957075,83 64 590
3957224,52 74 126
3957224,52 62 126
3958232,57 150 
3958260,01 68 
3958719,85 249
3958750,68 172 
3959768,3 92 
3959768,3 65 
3959790,56 103 
3959790,56 101 
3960316,89 100 
3960316,89 3
3960316,89 2136
3960316,89 10
3962296,81 25 
3963083,49 75 
3964290,4 72 
3964362,7 70 
3965879,47 80 
3966241,48 83 
3967504,3 64 1263
3967667,61 74 147
3967667,61 62 147
3969177 152 
3969201,48 69 
3971210,82 93 
3971225,78 103 
3971225,78 101 
3973261,25 100 
3973261,25 3
3973261,25 2136
3973261,25 11
3975238,08 25 
3975266,44 75 
3976475,83 72 
3976544,26 70 
3978066,7 80 
3978436,41 83 
3979198,8 64 762
3979478,72 74 256
3979478,72 63 256
3980990,81 150 
3981010,51 68 
3981388,02 249
3981434,97 173 
3982521 92 
3982521 65 
3982541 103 
3982541 101 
3983067,79 100 
3983067,79 3
3983067,79 2136
3983067,79 11
3985047,54 25 
3985554,15 75 
3986763,76 72 
3986833,3 70 
3988353,17 80 
3989418,47 83 
3990059,21 64 641
3990315,86 74 232
3990315,86 63 232
3990826,25 150 
3990845,74 68 
3992857,65 92 
3992857,65 65 
3992884,31 103 
3992884,31 101 
3996653,69 102 
