77,34 100 
77,34 1
77,34 2101
77,34 10
2038,96 25 
3036,54 75 
4244,17 72 
4489,02 70 
6061,7 80 
7594,64 83 
8119,06 64 524
8161,74 256 
8391 74 249
8391 62 249
9401,99 151 
9421,02 69 
10931,71 93 
10954,9 103 
10954,9 101 
12981,43 100 
12981,43 1
12981,43 2101
12981,43 11
14965,24 25 
15591,99 75 
16798,39 72 
16871,2 70 
18393,45 80 
18763,31 83 
19667,16 64 904
19689,13 256 
19923,17 74 239
19923,17 63 239
20436,6 151 
20457,79 69 
20639,83 249 
21168,71 93 
21188,58 103 
21188,58 101 
23215,01 100 
23215,01 1
23215,01 2101
23215,01 10
25200,83 25 
25214,53 75 
26420,25 72 
26493,7 70 
28010,77 80 
29078,9 83 
29775,46 64 697
29970,81 74 171
29970,81 61 171
31483,16 152 
31505,7 69 
32416,42 93 
32437,14 103 
32437,14 101 
34470,98 100 
34470,98 1
34470,98 2101
34470,98 10
36449,47 25 
36477,47 75 
37684,76 72 
37755,65 70 
39278,16 80 
40647,46 83 
41442,44 64 796
41691,06 74 231
41691,06 63 231
42200,21 151 
42220,98 69 
44229,15 93 
44245,44 103 
44245,44 101 
46274,05 100 
46274,05 1
46274,05 2101
46274,05 11
48257,74 25 
48284,88 75 
49493,92 72 
49564 70 
51077,63 80 
52135,8 83 
53038,15 64 902
53242,13 74 187
53242,13 61 187
54751,25 151 
54776,54 69 
55685,67 93 
55707,25 103 
55707,25 101 
57735,58 100 
57735,58 1
57735,58 2101
57735,58 11
59719,52 25 
59746,83 75 
60952,74 72 
61025,69 70 
62540,7 80 
62904,53 83 
63852,9 64 949
64052,48 74 176
64052,48 62 176
65059,83 150 
65077,66 68 
65437,52 249
65499,93 172 
67087,17 92 
67087,17 65 
67102,39 103 
67102,39 101 
67634,62 100 
67634,62 1
67634,62 2101
67634,62 11
69608,72 25 
69902,15 75 
71109,36 72 
71181,37 70 
72707,35 80 
73779,91 83 
74453,36 64 674
74650,85 74 178
74650,85 62 178
75159,34 150 
75180,33 68 
75542,11 249
75732,18 172 
76688,33 92 
76688,33 65 
76711,64 103 
76711,64 101 
77242,62 100 
77242,62 1
77242,62 2101
77242,62 10
79218,01 25 
79245,75 75 
80453,09 72 
80524,07 70 
82047,63 80 
83415,81 83 
84220,99 64 805
84395,99 74 154
84395,99 61 154
85903,65 150 
85922,48 68 
86631,69 92 
86631,69 65 
86654,05 103 
86654,05 101 
87180,78 100 
87180,78 1
87180,78 2101
87180,78 11
89160,31 25 
89187,4 75 
90396,11 72 
90466,51 70 
91983,26 80 
92345,35 83 
93411,05 64 1066
93590,92 74 166
93590,92 61 166
94603,64 151 
94625,83 69 
96637,15 93 
96649,79 103 
96649,79 101 
98681,63 100 
98681,63 1
98681,63 2101
98681,63 10
100662,15 25 
100689,39 75 
101895,66 72 
101968,38 70 
103485,9 80 
104553,52 83 
104858,92 64 306
105049,82 74 177
105049,82 61 177
105563,08 150 
105581,62 68 
106488,33 92 
106488,33 65 
106512,31 103 
106512,31 101 
107040,41 100 
107040,41 1
107040,41 2101
107040,41 10
109018,6 25 
109045,85 75 
110252,74 72 
110498 70 
112161,48 80 
113722,85 83 
114024,95 64 302
114244,26 74 202
114244,26 61 202
115252,2 150 
115270,66 68 
115350,53 249
115753,01 171
115981,99 92 
115981,99 65 
116001,65 103 
116001,65 101 
116529,58 100 
116529,58 1
116529,58 2101
116529,58 10
118507,82 25 
118561,73 75 
119771,51 72 
119840,67 70 
121368,53 80 
121732,84 83 
122713,63 64 981
122944,79 74 213
122944,79 61 213
124453,73 150 
124480,04 68 
125990,45 92 
125990,45 65 
126010,68 103 
126010,68 101 
126543,94 100 
126543,94 1
126543,94 2101
126543,94 11
128543,54 25 
128730,74 75 
129938,93 72 
130009,75 70 
131526,16 80 
131888,48 83 
132837,52 64 950
133040,05 74 179
133040,05 62 179
134547,66 150 
134569,13 68 
134979,58 249
135028,33 172 
135281,39 92 
135281,39 65 
135313,38 103 
135313,38 101 
135839,82 100 
135839,82 1
135839,82 2101
135839,82 11
137819,65 25 
137966,58 75 
139174,54 72 
139245,84 70 
140762,77 80 
142110,94 83 
142590,55 64 480
142837,71 74 234
142837,71 62 234
143847,31 152 
143871,79 69 
144780,88 93 
144802,67 103 
144802,67 101 
146828,9 100 
146828,9 1
146828,9 2101
146828,9 10
148814,99 25 
148842,18 75 
150049,13 72 
150121,27 70 
151643,38 80 
152706,28 83 
153208,72 64 503
153450,65 74 225
153450,65 61 225
153959,39 150 
153986,77 68 
154181,94 249
154813,55 171
155995,86 92 
155995,86 65 
156011,25 103 
156011,25 101 
156544,28 100 
156544,28 1
156544,28 2101
156544,28 10
158530,81 25 
158651,16 75 
159858,58 72 
159930,3 70 
161452,3 80 
162822,1 83 
163165,01 64 343
163395,44 74 214
163395,44 61 214
164905,15 150 
164929,48 68 
166439,71 92 
166439,71 65 
166460,1 103 
166460,1 101 
166987,32 100 
166987,32 1
166987,32 2101
166987,32 11
168966,36 25 
168993,48 75 
170202,01 72 
170272,56 70 
171798,79 80 
172151,36 83 
173419,82 64 1269
173637,85 74 194
173637,85 62 194
174145,52 150 
174165,7 68 
175024,47 249
175676,93 92 
175676,93 65 
175696,22 103 
175696,22 101 
176223,17 100 
176223,17 1
176223,17 2101
176223,17 11
178202,54 25 
178349,35 75 
179557,26 72 
179628,63 70 
181147,75 80 
182200,63 83 
182662,82 64 463
182859,81 74 180
182859,81 62 180
183868,86 150 
183894,06 68 
184802,39 92 
184802,39 65 
184825,65 103 
184825,65 101 
185356,42 100 
185356,42 1
185356,42 2101
185356,42 10
187331,93 25 
187465,49 75 
188673,92 72 
188744,74 70 
190263,78 80 
191636,43 83 
192026,33 64 391
192234,49 74 186
192234,49 61 186
193742,66 150 
193771,4 68 
195781,07 92 
195781,07 65 
195794,45 103 
195794,45 101 
196321,87 100 
196321,87 1
196321,87 2101
196321,87 11
198300,63 25 
198461,69 75 
199668,47 72 
199740,05 70 
201254,2 80 
202311,88 83 
202762,74 64 451
202958,93 74 181
202958,93 62 181
203470,59 150 
203499,81 68 
204207,14 92 
204207,14 65 
204230,69 103 
204230,69 101 
204762,93 100 
204762,93 1
204762,93 2101
204762,93 10
206736,99 25 
206870,56 75 
208078,13 72 
208149,77 70 
209667,6 80 
210015,28 83 
210835,23 64 821
211015,48 74 161
211015,48 61 161
212023,3 150 
212042,74 68 
212751,05 92 
212751,05 65 
212773,76 103 
212773,76 101 
213305,01 100 
213305,01 1
213305,01 2101
213305,01 11
215280,03 25 
215613,51 75 
216821,07 72 
217159,29 70 
218769,28 80 
220010,98 83 
220407,47 64 397
220647,01 74 223
220647,01 61 223
221654,19 151 
221678,7 69 
223186,67 93 
223209,3 103 
223209,3 101 
225236,9 100 
225236,9 1
225236,9 2101
225236,9 10
227221,55 25 
227235,25 75 
228442,56 72 
228514,43 70 
230039,28 80 
231406,15 83 
231588,37 64 183
231815,57 74 210
231815,57 61 210
232325,6 150 
232354,13 68 
234363,05 92 
234363,05 65 
234377,9 103 
234377,9 101 
234905,37 100 
234905,37 1
234905,37 2101
234905,37 11
236885,28 25 
236912,28 75 
238117,77 72 
238190,35 70 
239713,02 80 
240082,5 83 
241047,56 64 966
241275,75 74 207
241275,75 62 207
242787,45 150 
242816,34 68 
243211,2 249
243302,67 172 
243727,32 92 
243727,32 65 
243747,31 103 
243747,31 101 
244280,84 100 
244280,84 1
244280,84 2101
244280,84 11
246266,79 25 
246493,69 75 
247701,08 72 
247772,91 70 
249296,26 80 
249665,07 83 
250844,82 64 1180
251064,42 74 201
251064,42 62 201
251576,91 150 
251598,63 68 
253105,31 92 
253105,31 65 
253129,9 103 
253129,9 101 
253656,19 100 
253656,19 1
253656,19 2101
253656,19 11
255636,13 25 
255676,73 75 
256885,33 72 
256955,71 70 
258486,18 80 
259847,37 83 
260289,46 64 443
260508,66 74 195
260508,66 62 195
262016,29 150 
262034,63 68 
262600,76 249
262709,14 172 
262743,57 92 
262743,57 65 
262765,84 103 
262765,84 101 
263292,1 100 
263292,1 1
263292,1 2101
263292,1 10
265272,05 25 
265312,41 75 
266521,22 72 
266591,57 70 
268106,44 80 
269163,4 83 
270258,95 64 1096
270444,77 74 162
270444,77 61 162
271456,94 152 
271484,22 69 
272397,03 93 
272415,09 103 
272415,09 101 
274445,35 100 
274445,35 1
274445,35 2101
274445,35 11
276427,33 25 
276455,22 75 
277663,6 72 
277733,54 70 
279249,61 80 
280611,96 83 
281129,44 64 518
281361,83 74 217
281361,83 61 217
282870,03 151 
282891,94 69 
284903,83 93 
284916,38 103 
284916,38 101 
286944,27 100 
286944,27 1
286944,27 2101
286944,27 10
288928,66 25 
288955,88 75 
290163,35 72 
290234,83 70 
291753,66 80 
292820,06 83 
293125,31 64 306
293441,78 74 302
293441,78 61 302
294450,41 150 
294474,35 68 
295982,57 92 
295982,57 65 
296005,02 103 
296005,02 101 
296531,34 100 
296531,34 1
296531,34 2101
296531,34 10
298511,27 25 
298858,13 75 
300066,36 72 
300137,28 70 
301659,48 80 
302029,48 83 
302884,5 64 856
303112,83 74 204
303112,83 61 204
303622,03 150 
303643,9 68 
304352,16 92 
304352,16 65 
304374,8 103 
304374,8 101 
304911,03 100 
304911,03 1
304911,03 2101
304911,03 10
306894,42 25 
307054,76 75 
308263,22 72 
308333,84 70 
309849,81 80 
310212,86 83 
311581,01 64 1368
311845,43 74 247
311845,43 61 247
313354,68 150 
313372,96 68 
315381,17 92 
315381,17 65 
315396,77 103 
315396,77 101 
315924,06 100 
315924,06 1
315924,06 2101
315924,06 11
317903,26 25 
317930,22 75 
319137,31 72 
319209,24 70 
320727,5 80 
321807,71 83 
322373,86 64 566
322608,03 74 214
322608,03 62 214
323618,34 150 
323635,44 68 
324542,71 92 
324542,71 65 
324566,39 103 
324566,39 101 
325095,48 100 
325095,48 1
325095,48 2101
325095,48 11
327072,42 25 
327102,41 75 
328311,31 72 
328378,6 70 
329903,04 80 
331270,34 83 
331769,81 64 500
331973,86 74 184
331973,86 62 184
332482,51 150 
332511,68 68 
333219,6 92 
333219,6 65 
333242,47 103 
333242,47 101 
333774,7 100 
333774,7 1
333774,7 2101
333774,7 11
335748,99 25 
335775,97 75 
336983,58 72 
337054,98 70 
338576,01 80 
339946,67 83 
340405,38 64 459
340608 74 182
340608 62 182
341119,49 150 
341147,24 68 
342058,01 92 
342058,01 65 
342078,76 103 
342078,76 101 
342605,19 100 
342605,19 1
342605,19 2101
342605,19 10
344584,96 25 
344931,86 75 
346140,97 72 
346211,08 70 
347729,25 80 
348076,59 83 
349110,08 64 1034
349337,88 74 209
349337,88 61 209
350346,8 150 
350370 68 
352379,47 92 
352379,47 65 
352394,35 103 
352394,35 101 
352921,36 100 
352921,36 1
352921,36 2101
352921,36 11
354900,59 25 
355154,12 75 
356362,36 72 
356433,34 70 
357950,99 80 
359005,18 83 
360235,93 64 1231
360433,84 74 176
360433,84 62 176
361946,61 150 
361965,77 68 
362397,85 249
362593,82 172 
363473,6 92 
363473,6 65 
363496,3 103 
363496,3 101 
364031,92 100 
364031,92 1
364031,92 2101
364031,92 11
366015,85 25 
366242,82 75 
367451,5 72 
367521,98 70 
369054,6 80 
369427,51 83 
370993,51 64 1567
371196,87 74 184
371196,87 62 184
372204,57 150 
372227,45 68 
372630,91 249
372730,07 172 
372939,44 92 
372939,44 65 
372958,92 103 
372958,92 101 
373485 100 
373485 1
373485 2101
373485 10
375465,17 25 
375865,48 75 
377072,85 72 
377144,66 70 
378662,22 80 
379729,77 83 
380569,41 64 840
380770,59 74 188
380770,59 61 188
382281,9 152 
382303,77 69 
383213,8 93 
383234,58 103 
383234,58 101 
385262,09 100 
385262,09 1
385262,09 2101
385262,09 10
387246,83 25 
387274,08 75 
388480,28 72 
388553,05 70 
390070,99 80 
391431,42 83 
391657,85 64 227
391874,75 74 204
391874,75 61 204
392385,93 150 
392406,16 68 
393918,43 92 
393918,43 65 
393936,69 103 
393936,69 101 
394464,96 100 
394464,96 1
394464,96 2101
394464,96 10
396442,94 25 
396510,96 75 
397718,88 72 
397789,13 70 
399304,85 80 
400667,46 83 
401054,53 64 388
401312,9 74 246
401312,9 61 246
401821,79 150 
401842,03 68 
403852 92 
403852 65 
403865,8 103 
403865,8 101 
404398,48 100 
404398,48 1
404398,48 2101
404398,48 11
406372,04 25 
407132,42 75 
408339,53 72 
408411,23 70 
409934,1 80 
410290,09 83 
411329,6 64 1040
411599,69 74 257
411599,69 62 257
412608,45 150 
412637,56 68 
413157,34 249
413312,37 172 
413345,43 92 
413345,43 65 
413368,43 103 
413368,43 101 
413894,76 100 
413894,76 1
413894,76 2101
413894,76 11
415874,75 25 
415968,27 75 
417174,36 72 
417247,48 70 
418767,3 80 
419832,66 83 
420348,86 64 516
420571,62 74 206
420571,62 62 206
422080,35 150 
422100,12 68 
422633,47 249
422806,44 172 
424109,16 92 
424109,16 65 
424123,85 103 
424123,85 101 
424653,8 100 
424653,8 1
424653,8 2101
424653,8 10
426630,21 25 
426936,96 75 
428144,55 72 
428389,48 70 
429965,53 80 
431201,25 83 
431897,19 64 696
432131,54 74 211
432131,54 61 211
433642,13 150 
433667,82 68 
434578,63 92 
434578,63 65 
434599,36 103 
434599,36 101 
435128,54 100 
435128,54 1
435128,54 2101
435128,54 11
437105,7 25 
437252,62 75 
438459,74 72 
438531,87 70 
440053,97 80 
440423,86 83 
441774,84 64 1351
441953,52 74 157
441953,52 62 157
442962,73 150 
442984,52 68 
443423,06 249
443446,43 172 
444491,84 92 
444491,84 65 
444515,16 103 
444515,16 101 
445042,28 100 
445042,28 1
445042,28 2101
445042,28 11
447021,4 25 
447208,33 75 
448414,3 72 
448489,06 70 
450009,63 80 
451379,22 83 
451780,25 64 402
451975,21 74 183
451975,21 62 183
452485,65 150 
452513,87 68 
454522,35 92 
454522,35 65 
454537,53 103 
454537,53 101 
455073,35 100 
455073,35 1
455073,35 2101
455073,35 10
457057,14 25 
457377,31 75 
458586,75 72 
458656,63 70 
460170,12 80 
461534,95 83 
462002,37 64 468
462226,62 74 212
462226,62 61 212
463734,64 152 
463762,4 69 
465273,59 93 
465293,01 103 
465293,01 101 
467321,65 100 
467321,65 1
467321,65 2101
467321,65 10
469305,28 25 
469332,69 75 
470538,78 72 
470611,44 70 
472134,25 80 
473196,77 83 
473737,36 64 542
473945,81 74 190
473945,81 61 190
474954,28 150 
474983,59 68 
475891,53 92 
475891,53 65 
475915,18 103 
475915,18 101 
476442 100 
476442 1
476442 2101
476442 11
478421,43 25 
478462,26 75 
479669,37 72 
479740,87 70 
481260,8 80 
481633,01 83 
482722,74 64 1090
482944,12 74 205
482944,12 62 205
483452,29 150 
483474 68 
484182,98 92 
484182,98 65 
484204,97 103 
484204,97 101 
484736,93 100 
484736,93 1
484736,93 2101
484736,93 10
486724,51 25 
486978,05 75 
488187,67 72 
488257,31 70 
489774,34 80 
490149,41 83 
490967,39 64 819
491170,65 74 182
491170,65 61 182
492679,39 150 
492696,24 68 
494704,67 92 
494704,67 65 
494720,47 103 
494720,47 101 
495247,57 100 
495247,57 1
495247,57 2101
495247,57 10
497226,73 25 
497573,66 75 
498782,16 72 
498852,77 70 
500376,09 80 
501438,02 83 
502154,31 64 717
502465,66 74 295
502465,66 61 295
502977,44 150 
502999,03 68 
503709,34 92 
503709,34 65 
503731,12 103 
503731,12 101 
504258,65 100 
504258,65 1
504258,65 2101
504258,65 10
506236,23 25 
506263,81 75 
507470,71 72 
507542,45 70 
509063,47 80 
510434,14 83 
510936,5 64 503
511158,86 74 205
511158,86 61 205
512167,56 150 
512195,07 68 
513103,94 92 
513103,94 65 
513126,04 103 
513126,04 101 
513656,7 100 
513656,7 1
513656,7 2101
513656,7 10
515632,28 25 
515699,21 75 
516905,78 72 
516978,4 70 
518500,49 80 
519576,95 83 
520178,55 64 602
520210,05 256 
520461 74 258
520461 61 258
520972 150 
520991,45 68 
522500,69 92 
522500,69 65 
522521,96 103 
522521,96 101 
523049,5 100 
523049,5 1
523049,5 2101
523049,5 11
525028,21 25 
525561,63 75 
526771,01 72 
526840,88 70 
528360,66 80 
529732,54 83 
530457,23 64 725
530625,53 74 147
530625,53 62 147
532134,53 150 
532159,87 68 
532868,91 92 
532868,91 65 
532890,91 103 
532890,91 101 
533417,09 100 
533417,09 1
533417,09 2101
533417,09 10
535397,16 25 
535717,36 75 
536925,35 72 
537249,8 70 
538866,76 80 
539435,25 83 
540442,3 64 1008
540640,24 74 180
540640,24 61 180
541649,26 150 
541675,96 68 
543183,33 92 
543183,33 65 
543207,56 103 
543207,56 101 
543737,21 100 
543737,21 1
543737,21 2101
543737,21 11
545712,88 25 
546019,7 75 
547228,59 72 
547418,77 70 
549037,77 80 
550283,83 83 
550923,35 64 640
551105,4 74 169
551105,4 62 169
552117,02 150 
552138,08 68 
554144,44 92 
554144,44 65 
554161,8 103 
554161,8 101 
554689,3 100 
554689,3 1
554689,3 2101
554689,3 10
556668,06 25 
556775,1 75 
557981,84 72 
558054,41 70 
559586,68 80 
560959,34 83 
561658,56 64 700
561893,63 74 215
561893,63 61 215
563404,78 150 
563426,64 68 
564336,4 92 
564336,4 65 
564357,57 103 
564357,57 101 
564885,15 100 
564885,15 1
564885,15 2101
564885,15 11
566863,72 25 
567490,49 75 
568696,49 72 
568769,7 70 
570284,63 80 
570635,2 83 
571908,11 64 1273
571964,16 256 
572216,86 74 289
572216,86 62 289
572728,05 150 
572755,97 68 
573667 92 
573667 65 
573686,88 103 
573686,88 101 
574216,48 100 
574216,48 1
574216,48 2101
574216,48 11
576193,11 25 
578339,27 75 
579546,91 72 
579618,45 70 
581139,07 80 
581510,55 83 
582566,92 64 1057
582817,5 74 228
582817,5 62 228
583828,4 150 
583858,79 68 
584271,75 249
584406,52 172 
585367,55 92 
585367,55 65 
585388,56 103 
585388,56 101 
585914,73 100 
585914,73 1
585914,73 2101
585914,73 10
587894,83 25 
588135,01 75 
589342,96 72 
589414,26 70 
590934,89 80 
592305,94 83 
593080,94 64 775
593312,17 74 207
593312,17 61 207
593823,68 150 
593853,01 68 
594565,02 92 
594565,02 65 
594584,62 103 
594584,62 101 
595111,01 100 
595111,01 1
595111,01 2101
595111,01 11
597090,87 25 
597757,59 75 
598968,08 72 
599036,81 70 
600555,24 80 
601621,99 83 
602389,93 64 768
602576,96 74 169
602576,96 62 169
604086,86 152 
604115,93 69 
604971,78 249 
606125,71 93 
606139,7 103 
606139,7 101 
608177,42 100 
608177,42 1
608177,42 2101
608177,42 11
610152,08 25 
610179,2 75 
611388,54 72 
611458,35 70 
612980,64 80 
614043,47 83 
615447,69 64 1405
615704,87 74 236
615704,87 62 236
616713,33 150 
616737,24 68 
617446,41 92 
617446,41 65 
617468,25 103 
617468,25 101 
617996,77 100 
617996,77 1
617996,77 2101
617996,77 10
619974,46 25 
620508,06 75 
621714,79 72 
621787,2 70 
623314,96 80 
623679,4 83 
624653,11 64 974
624943,38 74 265
624943,38 61 265
626453,37 150 
626478,76 68 
627391,09 92 
627391,09 65 
627410,68 103 
627410,68 101 
627938,53 100 
627938,53 1
627938,53 2101
627938,53 11
629930,21 25 
630104,05 75 
631311,53 72 
631383,11 70 
632901,87 80 
634274,76 83 
635039,71 64 765
635261,56 74 201
635261,56 62 201
635771,22 150 
635795,46 68 
636186,32 249
636504,97 172 
637803,82 92 
637803,82 65 
637819,59 103 
637819,59 101 
638349,25 100 
638349,25 1
638349,25 2101
638349,25 10
640325,82 25 
640872,63 75 
642079,19 72 
642151,81 70 
643668,59 80 
644030,59 83 
645128,14 64 1098
645361,87 74 212
645361,87 61 212
645874,72 150 
645898,14 68 
647411,12 92 
647411,12 65 
647428,85 103 
647428,85 101 
647955,05 100 
647955,05 1
647955,05 2101
647955,05 10
649935,04 25 
650148,73 75 
651354,36 72 
651601,11 70 
653186,06 80 
654439,51 83 
656818,14 64 2379
657027,07 74 189
657027,07 61 189
658037,93 150 
658066,3 68 
658977,22 92 
658977,22 65 
658997,24 103 
658997,24 101 
659527,48 100 
659527,48 1
659527,48 2101
659527,48 11
661503,56 25 
661916,98 75 
663125,96 72 
663316,12 70 
664951,08 80 
666501,07 83 
666914,69 64 414
667143,03 74 216
667143,03 62 216
668653,89 150 
668675,19 68 
669084,41 249
669147,44 172 
669382,65 92 
669382,65 65 
669406,13 103 
669406,13 101 
669938,16 100 
669938,16 1
669938,16 2101
669938,16 11
671912,45 25 
673032,26 75 
674239,55 72 
674444,77 70 
676072,65 80 
676616,76 83 
677931,78 64 1315
678105,99 74 157
678105,99 62 157
679617,36 150 
679644,01 68 
680221,61 249
680260,54 172 
681154,21 92 
681154,21 65 
681174,43 103 
681174,43 101 
681700,78 100 
681700,78 1
681700,78 2101
681700,78 11
683680,68 25 
683801,03 75 
685008,25 72 
685080,25 70 
686605,28 80 
687971,94 83 
688295,5 64 324
688515 74 197
688515 62 197
689525,16 150 
689545,64 68 
689998,49 249
690216,91 172 
691556,19 92 
691556,19 65 
691570,16 103 
691570,16 101 
692100,39 100 
692100,39 1
692100,39 2101
692100,39 10
694076,25 25 
694183,28 75 
695390,66 72 
695462,54 70 
696977,05 80 
698047,69 83 
698825,26 64 779
699043,18 74 197
699043,18 61 197
699552,97 152 
699581,49 69 
701093,43 93 
701112,7 103 
701112,7 101 
703142,63 100 
703142,63 1
703142,63 2101
703142,63 10
705124,89 25 
705152,17 75 
706360,69 72 
706431,25 70 
707944,81 80 
708296,75 83 
709394,91 64 1099
709638,84 74 223
709638,84 61 223
711147,29 150 
711177,09 68 
711887,77 92 
711887,77 65 
711908,03 103 
711908,03 101 
712435,75 100 
712435,75 1
712435,75 2101
712435,75 10
714414,28 25 
714627,92 75 
715835,1 72 
715907,14 70 
717423,26 80 
718492,33 83 
718829,57 64 338
719072,7 74 221
719072,7 61 221
719580,54 150 
719600,58 68 
720511,19 92 
720511,19 65 
720531,11 103 
720531,11 101 
721059,17 100 
721059,17 1
721059,17 2101
721059,17 10
723037,29 25 
723437,55 75 
724643,75 72 
724716,74 70 
726239,91 80 
727608,39 83 
727873,14 64 265
728154,23 74 267
728154,23 61 267
729161,91 150 
729182,87 68 
731191,69 92 
731191,69 65 
731219,87 103 
731219,87 101 
731752,42 100 
731752,42 1
731752,42 2101
731752,42 11
733739,37 25 
733766,59 75 
734973,59 72 
735045,74 70 
736564,59 80 
737644,12 83 
738188,59 64 545
738421,44 74 218
738421,44 62 218
739929,56 150 
739951,46 68 
740859,19 92 
740859,19 65 
740882,4 103 
740882,4 101 
741408,54 100 
741408,54 1
741408,54 2101
741408,54 11
743388,63 25 
743722,26 75 
744927,75 72 
745001,41 70 
746511,27 80 
747866,45 83 
748376,51 64 511
748618,56 74 220
748618,56 62 220
749626,41 150 
749654,02 68 
750098,31 249
751663,71 92 
751663,71 65 
751677,81 103 
751677,81 101 
752204,21 100 
752204,21 1
752204,21 2101
752204,21 11
754184,06 25 
754690,85 75 
755898,29 72 
755970,14 70 
757496,84 80 
757862,15 83 
759071,19 64 1209
759305,94 74 218
759305,94 62 218
759817,31 150 
759835,77 68 
760195,39 249
760383,76 172 
760545,26 92 
760545,26 65 
760567,38 103 
760567,38 101 
761102,54 100 
761102,54 1
761102,54 2101
761102,54 11
763086,93 25 
763487,17 75 
764693,23 72 
764766,32 70 
766284,9 80 
767351,49 83 
768625,58 64 1275
768825,67 74 182
768825,67 62 182
770334,54 150 
770365,24 68 
771314,09 249
771876,68 92 
771876,68 65 
771895,86 103 
771895,86 101 
772421,93 100 
772421,93 1
772421,93 2101
772421,93 10
774402,11 25 
774708,94 75 
775916,79 72 
775988,22 70 
777507,01 80 
777867,28 83 
780418,89 64 2552
780642,88 74 204
780642,88 61 204
781655,56 150 
781679,75 68 
782391,1 92 
782391,1 65 
782411,37 103 
782411,37 101 
782939,35 100 
782939,35 1
782939,35 2101
782939,35 11
784918,03 25 
785504,43 75 
786712,02 72 
786943,51 70 
788517,55 80 
790061,76 83 
790072,38 64 11
790299,14 74 211
790299,14 62 211
790808,41 152 
790836,18 69 
792345,98 93 
792367,14 103 
792367,14 101 
794397,17 100 
794397,17 1
794397,17 2101
794397,17 10
796380,35 25 
796406,69 75 
797614,26 72 
797818,9 70 
799434,1 80 
800683,99 83 
801875,62 64 1192
802082,42 74 186
802082,42 61 186
803589,46 150 
803617,87 68 
804526,5 92 
804526,5 65 
804548,64 103 
804548,64 101 
805074,78 100 
805074,78 1
805074,78 2101
805074,78 10
807054,87 25 
807228,53 75 
808435,25 72 
808627,73 70 
810243,81 80 
810799,66 83 
811851,14 64 1051
812109,31 74 244
812109,31 61 244
812619,41 150 
812640,56 68 
814651,14 92 
814651,14 65 
814664,44 103 
814664,44 101 
815194,84 100 
815194,84 1
815194,84 2101
815194,84 11
817170,59 25 
817517,44 75 
818726,98 72 
818796,66 70 
820312,32 80 
821675,04 83 
822064,79 64 390
822299,7 74 212
822299,7 62 212
823310,89 150 
823329,45 68 
824157,68 249
825337,93 92 
825337,93 65 
825353,13 103 
825353,13 101 
825881,58 100 
825881,58 1
825881,58 2101
825881,58 11
827859,35 25 
828446,11 75 
829655,84 72 
829725,51 70 
831248,11 80 
832617,02 83 
833145,89 64 529
833350,29 74 188
833350,29 62 188
833859,49 150 
833884,18 68 
834592,17 92 
834592,17 65 
834615,82 103 
834615,82 101 
835143,34 100 
835143,34 1
835143,34 2101
835143,34 11
837122,23 25 
837468,99 75 
838676,02 72 
838748,2 70 
840276,6 80 
840640,28 83 
841630,92 64 991
842063,68 74 411
842063,68 62 411
843572,94 150 
843599,67 68 
844508,81 92 
844508,81 65 
844531,61 103 
844531,61 101 
845058,41 100 
845058,41 1
845058,41 2101
845058,41 11
847038,06 25 
848250,97 75 
849459,01 72 
849530,25 70 
851049,28 80 
852102,11 83 
854462,09 64 2360
854739,96 74 266
854739,96 61 266
855748,22 151 
855767,84 69 
857274,64 93 
857286,25 103 
857286,25 101 
859321,15 100 
859321,15 1
859321,15 2101
859321,15 11
861298,47 25 
861325,89 75 
862531,48 72 
862604,69 70 
864124,29 80 
864496,88 83 
875989,09 64 11492
876224,48 74 213
876224,48 62 213
876732,87 150 
876759,27 68 
878767,92 92 
878767,92 65 
878783,82 103 
878783,82 101 
879312,89 100 
879312,89 1
879312,89 2101
879312,89 10
881289,96 25 
881770,07 75 
882977,19 72 
883049,39 70 
884565,53 80 
885634,45 83 
886137,45 64 504
886364,07 74 210
886364,07 61 210
887873,99 150 
887901,18 68 
889411,19 92 
889411,19 65 
889432,52 103 
889432,52 101 
889960,52 100 
889960,52 1
889960,52 2101
889960,52 10
891938,88 25 
892258,95 75 
893467,51 72 
893539,8 70 
895051,68 80 
896416,55 83 
1032835,99 64 136420
1033102,34 74 251
1033102,34 61 251
1034112,9 152 
1034132,98 69 
1035042,61 93 
1035064,01 103 
1035064,01 101 
1037092,57 100 
1037092,57 1
1037092,57 2101
1037092,57 10
1039076,26 25 
1042115,18 75 
1043323,39 72 
1043527,73 70 
1045153,58 80 
1045753,01 83 
1047556,75 64 1804
1047878,85 74 300
1047878,85 61 300
1049387,59 150 
1049406,62 68 
1050117,41 92 
1050117,41 65 
1050137,52 103 
1050137,52 101 
1050666,93 100 
1050666,93 1
1050666,93 2101
1050666,93 10
1052643,93 25 
1052684,17 75 
1053893,41 72 
1053963,28 70 
1055479,92 80 
1056854,95 83 
1057639,93 64 785
1057850,09 74 196
1057850,09 61 196
1058861,49 150 
1058883,58 68 
1060394,07 92 
1060394,07 65 
1060413,12 103 
1060413,12 101 
1060939,36 100 
1060939,36 1
1060939,36 2101
1060939,36 10
1062919,35 25 
1062973,01 75 
1064179,74 72 
1064252,22 70 
1065766,97 80 
1066824,27 83 
1067758,75 64 935
1067988,33 74 206
1067988,33 61 206
1068498,7 150 
1068518,39 68 
1070527,86 92 
1070527,86 65 
1070542,15 103 
1070542,15 101 
1071076,02 100 
1071076,02 1
1071076,02 2101
1071076,02 11
1073061,67 25 
1073341,88 75 
1074550,73 72 
1074621,09 70 
1076137,5 80 
1077499,47 83 
1078256,83 64 758
1078474,26 74 203
1078474,26 62 203
1079484,71 150 
1079514,6 68 
1080175,29 249
1080425,21 92 
1080425,21 65 
1080444,64 103 
1080444,64 101 
1080970,86 100 
1080970,86 1
1080970,86 2101
1080970,86 10
1082950,79 25 
1083097,74 75 
1084305,61 72 
1084376,98 70 
1085893,07 80 
1086242,62 83 
1087792,25 64 1551
1088061,66 74 247
1088061,66 61 247
1089570,23 152 
1089589,38 69 
1090300,76 93 
1090320,4 103 
1090320,4 101 
1092349,34 100 
1092349,34 1
1092349,34 2101
1092349,34 11
1094332,71 25 
1094359,86 75 
1095568,87 72 
1095638,82 70 
1097159,92 80 
1098224,01 83 
1229190,61 64 130967
1229598,08 74 390
1229598,08 62 390
1230108,49 150 
1230128,89 68 
1230635,73 249
1231639,97 92 
1231639,97 65 
1231660,24 103 
1231660,24 101 
1232190,15 100 
1232190,15 1
1232190,15 2101
1232190,15 10
1234166,5 25 
1234194,11 75 
1235402,54 72 
1235605,96 70 
1237223,93 80 
1237777,94 83 
1239152,64 64 1375
1239385,87 74 222
1239385,87 61 222
1239892,21 150 
1239911,36 68 
1240821,22 92 
1240821,22 65 
1240843,01 103 
1240843,01 101 
1241372,87 100 
1241372,87 1
1241372,87 2101
1241372,87 10
1243349,23 25 
1243642,76 75 
1244849,21 72 
1244908,66 70 
1246421,94 80 
1247493,79 83 
1250202,97 64 2709
1250441,47 74 216
1250441,47 61 216
1251953,95 150 
1251973,32 68 
1252682,6 92 
1252682,6 65 
1252704,62 103 
1252704,62 101 
1253234,32 100 
1253234,32 1
1253234,32 2101
1253234,32 11
1255210,94 25 
1255650,95 75 
1256858,47 72 
1256930,2 70 
1258450,32 80 
1259821,92 83 
1260854,82 64 1033
1261034,6 74 160
1261034,6 62 160
1262042,12 150 
1262062,89 68 
1262813,12 249
1264071,91 92 
1264071,91 65 
1264086,45 103 
1264086,45 101 
1264623,5 100 
1264623,5 1
1264623,5 2101
1264623,5 11
1266605,97 25 
1266714,2 75 
1267920,5 72 
1267992,25 70 
1269523,75 80 
1270897,19 83 
1271432,46 64 536
1271653,62 74 197
1271653,62 62 197
1272166,36 150 
1272190,97 68 
1273701,98 92 
1273701,98 65 
1273722,31 103 
1273722,31 101 
1274249,94 100 
1274249,94 1
1274249,94 2101
1274249,94 10
1276241,87 25 
1276389,05 75 
1277595,78 72 
1277668,03 70 
1279196,89 80 
1279546,86 83 
1281007,19 64 1460
1281246,3 74 221
1281246,3 61 221
1282255,04 150 
1282279,73 68 
1282988,34 92 
1282988,34 65 
1283011,72 103 
1283011,72 101 
1283537,99 100 
1283537,99 1
1283537,99 2101
1283537,99 11
1285517,98 25 
1286784,43 75 
1287991,4 72 
1288063,71 70 
1289578,33 80 
1290635,45 83 
1291622,36 64 988
1291840 74 192
1291840 62 192
1293351,33 150 
1293369,14 68 
1294277,42 92 
1294277,42 65 
1294300,25 103 
1294300,25 101 
1294829,95 100 
1294829,95 1
1294829,95 2101
1294829,95 10
1296806,64 25 
1296833,65 75 
1298040,81 72 
1298112,7 70 
1299632,98 80 
1300004,96 83 
1301715,61 64 1711
1301916,39 74 180
1301916,39 61 180
1303426,5 150 
1303444,4 68 
1304152,97 249
1304234,98 171
1305452,19 92 
1305452,19 65 
1305468,79 103 
1305468,79 101 
1306001,42 100 
1306001,42 4
1306001,42 2101
1306001,42 10
1306001,42 78 
1306001,42 198 
1307975,14 25 
1308015,34 75 
1309221,54 72 
1309294,62 70 
1310813,55 80 
1311879,77 83 
1313858,4 64 1979
1314106,45 74 228
1314106,45 61 228
1314614,64 153 
1314640,24 68 
1316646,7 92 
1316646,7 65 
1316664,13 103 
1316664,13 101 
1317191,13 100 
1317191,13 4
1317191,13 2101
1317191,13 11
1319170,29 25 
1319690,43 75 
1320897,72 72 
1320969,66 70 
1322491,68 80 
1323861,33 83 
1324443,53 64 583
1324674,63 74 214
1324674,63 62 214
1325683,01 151 
1325702,04 69 
1326610,24 93 
1326619,96 103 
1326619,96 101 
1328649,84 100 
1328649,84 4
1328649,84 2101
1328649,84 11
1330632,09 25 
1330659,38 75 
1331865,14 72 
1331938,27 70 
1333468,78 80 
1333843,73 83 
1337346,44 64 3503
1337573,91 74 212
1337573,91 62 212
1338585,61 151 
1338602,54 69 
1340115,27 93 
1340134,06 103 
1340134,06 101 
1342160,34 100 
1342160,34 4
1342160,34 2101
1342160,34 11
1344146,3 25 
1344173,59 75 
1345380,3 72 
1345586 70 
1347117,09 80 
1348184,29 83 
1349974,31 64 1791
1350173,52 74 177
1350173,52 62 177
1351683,76 151 
1351703,88 69 
1352413,6 93 
1352422,37 103 
1352422,37 101 
1354449,65 100 
1354449,65 4
1354449,65 2101
1354449,65 10
1356434,53 25 
1357167,92 75 
1358377,06 72 
1358447 70 
1359966,57 80 
1361338,78 83 
1361752,41 64 414
1362032,01 74 254
1362032,01 61 254
1362543,61 151 
1362565,6 69 
1363473,62 93 
1363484,15 103 
1363484,15 101 
1365518,4 100 
1365518,4 4
1365518,4 2101
1365518,4 10
1367496,42 25 
1367524,02 75 
1368730,55 72 
1368802,61 70 
1370318,71 80 
1370681,41 83 
1373068,78 64 2388
1373310,35 74 217
1373310,35 61 217
1374321,28 151 
1374348,27 69 
1375859,1 93 
1375878,87 103 
1375878,87 101 
1377907,78 100 
1377907,78 4
1377907,78 2101
1377907,78 10
1379891,16 25 
1380771,06 75 
1381978,7 72 
1382050,3 70 
1383567,81 80 
1384928,68 83 
1385677,96 64 749
1386119,21 74 417
1386119,21 62 417
1386629,05 150 
1386649,26 68 
1388658,66 92 
1388658,66 65 
1388673,43 103 
1388673,43 101 
1389202,32 100 
1389202,32 4
1389202,32 2101
1389202,32 11
1391179,64 25 
1391206,85 75 
1392414,93 72 
1392485,92 70 
1394006,9 80 
1395071,09 83 
1396729,58 64 1659
1396947,1 74 197
1396947,1 62 197
1398456,95 151 
1398485,57 69 
1399194,3 93 
1399215,62 103 
1399215,62 101 
1401251,34 100 
1401251,34 4
1401251,34 2101
1401251,34 11
1403227,9 25 
1403255,16 75 
1404462,38 72 
1404534,17 70 
1406058,79 80 
1407119,43 83 
1407898,66 64 780
1408167,42 74 249
1408167,42 63 249
1409679,31 151 
1409705,49 69 
1410417,1 93 
1410437,51 103 
1410437,51 101 
1412466,19 100 
1412466,19 4
1412466,19 2101
1412466,19 10
1414449,79 25 
1414477,12 75 
1415684,47 72 
1415755,94 70 
1417274,93 80 
1417648,1 83 
1418988,92 64 1341
1419278,23 74 272
1419278,23 61 272
1420286,58 151 
1420315,01 69 
1421222,45 93 
1421232,87 103 
1421232,87 101 
1423259,91 100 
1423259,91 4
1423259,91 2101
1423259,91 11
1425245,15 25 
1425272,35 75 
1426481,27 72 
1426551,37 70 
1428069,38 80 
1429429,79 83 
1431519,11 64 2089
1431542,65 256 
1431757,31 74 223
1431757,31 62 223
1432268,46 151 
1432296,55 69 
1434304,81 93 
1434320,65 103 
1434320,65 101 
1436353,7 100 
1436353,7 4
1436353,7 2101
1436353,7 11
1438333,01 25 
1438360,9 75 
1439567,63 72 
1439639,17 70 
1441158,55 80 
1442530,9 83 
1443318,93 64 787
1443558,43 74 215
1443558,43 63 215
1444570,3 151 
1444597,68 69 
1445764,09 249 
1446053,52 256 
1446591,56 183 
1460293,01 93 
1460309,58 103 
1460309,58 101 
1462337,7 100 
1462337,7 4
1462337,7 2101
1462337,7 11
1464321,88 25 
1464349,16 75 
1465557,01 72 
1465801,37 70 
1467382,54 80 
1468639,76 83 
1470193,9 64 1554
1470422,82 74 211
1470422,82 61 211
1471931,06 150 
1471959,32 68 
1472668,36 92 
1472668,36 65 
1472691,02 103 
1472691,02 101 
1473218,39 100 
1473218,39 4
1473218,39 2101
1473218,39 10
1475197,22 25 
1475424,17 75 
1476633,33 72 
1476836,68 70 
1478458,11 80 
1479008,65 83 
1482075,77 64 3067
1482338,7 74 238
1482338,7 61 238
1482851,93 151 
1482875,81 69 
1484887,03 93 
1484899,13 103 
1484899,13 101 
1486928,94 100 
1486928,94 4
1486928,94 2101
1486928,94 10
1488911,42 25 
1490138,04 75 
1491345,9 72 
1491417,15 70 
1491874,6 250 
1491883,34 101 
1493896,03 100 
1493896,03 4
1493896,03 2101
1493896,03 10
1493896,03 25 
1503896,68 254 
1503917,72 101 
1505930,13 100 
1505930,13 4
1505930,13 2101
1505930,13 10
1505930,13 25 
1512155,17 75 
1513362,04 72 
1513380,3 70 
1514587,47 80 
1514953,36 83 
1515884,05 64 931
1516182,44 74 284
1516182,44 61 284
1517694,02 151 
1517714,34 69 
1519223,73 93 
1519244,54 103 
1519244,54 101 
1521273,15 100 
1521273,15 4
1521273,15 2101
1521273,15 10
1523256,76 25 
1523284,5 75 
1524490,73 72 
1524562,96 70 
1526087,64 80 
1527148,14 83 
1539351,51 64 12204
1539599,23 74 230
1539599,23 62 230
1540106,46 150 
1540131,04 68 
1541041,51 92 
1541041,51 65 
1541062,02 103 
1541062,02 101 
1541589,76 100 
1541589,76 4
1541589,76 2101
1541589,76 11
1543568,16 25 
1543915,02 75 
1545122,9 72 
1545194,25 70 
1546709,78 80 
1548072,58 83 
1548633,31 64 562
1548975,66 74 330
1548975,66 63 330
1549987,71 151 
1550006,53 69 
1550714,76 93 
1550724,45 103 
1550724,45 101 
1552756 100 
1552756 4
1552756 2101
1552756 10
1554736,77 25 
1554764,66 75 
1555971 72 
1556043 70 
1557562,81 80 
1558628,09 83 
1559472,58 64 845
1559686,13 74 192
1559686,13 62 192
1561196,18 152 
1561215,49 69 
1562122,4 93 
1562132,96 103 
1562132,96 101 
1564160,68 100 
1564160,68 4
1564160,68 2101
1564160,68 10
1566145,21 25 
1566172,59 75 
1567380,44 72 
1567451,44 70 
1568974,07 80 
1570343,21 83 
1570777,32 64 435
1570979,78 74 184
1570979,78 62 184
1571488,91 150 
1571517,04 68 
1572240,31 249
1573527,78 92 
1573527,78 65 
1573541,41 103 
1573541,41 101 
1574067,88 100 
1574067,88 4
1574067,88 2101
1574067,88 11
1576047,65 25 
1576075,51 75 
1577282,26 72 
1577353,94 70 
1578873,12 80 
1579232,74 83 
1581029,05 64 1796
1581255,71 74 211
1581255,71 61 211
1582265,33 150 
1582285,72 68 
1583795,89 92 
1583795,89 65 
1583817,08 103 
1583817,08 101 
1584356,29 100 
1584356,29 4
1584356,29 2101
1584356,29 10
1586336,61 25 
1586896,72 75 
1588107,19 72 
1588176,02 70 
1589695,18 80 
1590068,13 83 
1592593,84 64 2526
1592766,47 74 153
1592766,47 62 153
1594277,09 150 
1594307,95 68 
1594904,37 249
1595816,35 92 
1595816,35 65 
1595838,68 103 
1595838,68 101 
1596366,05 100 
1596366,05 4
1596366,05 2101
1596366,05 11
1598344,84 25 
1598691,74 75 
1599900,26 72 
1600144,25 70 
1601719,44 80 
1602982,6 83 
1603670,6 64 689
1603955,67 74 267
1603955,67 63 267
1604463,68 151 
1604489,31 69 
1605396,77 93 
1605407,87 103 
1605407,87 101 
1607435,35 100 
1607435,35 4
1607435,35 2101
1607435,35 10
1609420,12 25 
1609433,88 75 
1610640,03 72 
1610713,12 70 
1612226,9 80 
1613591,35 83 
1614954,61 64 1364
1614989,01 256 
1615238,04 74 261
1615238,04 62 261
1616248,11 150 
1616271,32 68 
1616771,61 249
1616979,88 92 
1616979,88 65 
1617002,93 103 
1617002,93 101 
1617536,36 100 
1617536,36 4
1617536,36 2101
1617536,36 11
1619509,15 25 
1619656,15 75 
1620862,75 72 
1620935,33 70 
1622459,32 80 
1623533,82 83 
1624532,87 64 999
1624740,77 74 194
1624740,77 63 194
1626248,86 151 
1626281,08 69 
1628291,4 93 
1628304,78 103 
1628304,78 101 
1630331,81 100 
1630331,81 4
1630331,81 2101
1630331,81 11
1632317,03 25 
1632344,8 75 
1633550,71 72 
1633623,26 70 
1635145 80 
1635515,42 83 
1637103,85 64 1589
1637367,92 74 240
1637367,92 62 240
1637876,71 151 
1637902,44 69 
1639412,69 93 
1639433,39 103 
1639433,39 101 
1641459,49 100 
1641459,49 4
1641459,49 2101
1641459,49 10
1643445,67 25 
1643472,9 75 
1644681,45 72 
1644751,88 70 
1646277,5 80 
1647630,3 83 
1648059,52 64 430
1648309,96 74 227
1648309,96 62 227
1649320,35 150 
1649337,29 68 
1650048,21 92 
1650048,21 65 
1650068,84 103 
1650068,84 101 
1650601,82 100 
1650601,82 4
1650601,82 2101
1650601,82 10
1652575,17 25 
1652602,27 75 
1653811,3 72 
1653881,31 70 
1655397,83 80 
1656466,54 83 
1657670,29 64 1205
1657905,45 74 214
1657905,45 62 214
1659416,75 150 
1659439,59 68 
1661449,43 92 
1661449,43 65 
1661463,99 103 
1661463,99 101 
1661990,83 100 
1661990,83 4
1661990,83 2101
1661990,83 11
1663970,22 25 
1663997,68 75 
1665206,26 72 
1665276,44 70 
1666794,47 80 
1667155,3 83 
1668911,86 64 1757
1669124,39 74 197
1669124,39 61 197
1670135,37 150 
1670155,76 68 
1671066,14 92 
1671066,14 65 
1671086,59 103 
1671086,59 101 
1671614,24 100 
1671614,24 4
1671614,24 2101
1671614,24 11
1673592,81 25 
1673713,2 75 
1674921,79 72 
1674992,32 70 
1676509,09 80 
1677870,68 83 
1678295,78 64 425
1678570,35 74 261
1678570,35 61 261
1679079,85 150 
1679098,7 68 
1680606,52 92 
1680606,52 65 
1680629,21 103 
1680629,21 101 
1681159,4 100 
1681159,4 4
1681159,4 2101
1681159,4 10
1683135,52 25 
1683443,48 75 
1684650,41 72 
1684721,54 70 
1686237,23 80 
1687293,32 83 
1688414,35 64 1122
1690021,69 74 1596
1690021,69 62 1596
1690530,8 152 
1690559,74 69 
1691467,72 93 
1691478,3 103 
1691478,3 101 
1693506,34 100 
1693506,34 4
1693506,34 2101
1693506,34 11
1695490,2 25 
1695517,49 75 
1696723,51 72 
1696796,38 70 
1698313,22 80 
1698675,23 83 
1699759,61 64 1085
1699989,82 74 209
1699989,82 63 209
1701500,62 151 
1701527,99 69 
1703535,5 93 
1703552,78 103 
1703552,78 101 
1705580,08 100 
1705580,08 4
1705580,08 2101
1705580,08 10
1707565,25 25 
1715108,95 75 
1716317,47 72 
1716574,89 70 
1718158,56 80 
1719719,65 83 
1720143,53 64 425
1720427,21 74 268
1720427,21 62 268
1721436,35 152 
1721454,14 69 
1722161,65 93 
1722171,53 103 
1722171,53 101 
1724205,96 100 
1724205,96 4
1724205,96 2101
1724205,96 10
1726183,88 25 
1726210,89 75 
1727416,69 72 
1727610 70 
1729132,68 80 
1729502,16 83 
1731225,73 64 1724
1731455,56 74 208
1731455,56 62 208
1732967,15 150 
1732995,29 68 
1733616,41 249
1735006,19 92 
1735006,19 65 
1735019,42 103 
1735019,42 101 
1735546,62 100 
1735546,62 4
1735546,62 2101
1735546,62 11
1737525,6 25 
1737552,88 75 
1738761,9 72 
1738831,82 70 
1740351,4 80 
1741723,51 83 
1742328,88 64 606
1742587,91 74 238
1742587,91 61 238
1743599,95 150 
1743617,26 68 
1744324,78 92 
1744324,78 65 
1744348,77 103 
1744348,77 101 
1744876,53 100 
1744876,53 4
1744876,53 2101
1744876,53 10
1746854,98 25 
1747002,28 75 
1748210 72 
1748281,21 70 
1749812 80 
1750879,72 83 
1751924,87 64 1045
1752167,46 74 222
1752167,46 61 222
1752675,31 151 
1752692,86 69 
1754203,69 93 
1754224,56 103 
1754224,56 101 
1756257,46 100 
1756257,46 4
1756257,46 2101
1756257,46 11
1758236,84 25 
1768237,94 254 
1768245,19 101 
1770257,65 100 
1770257,65 4
1770257,65 2101
1770257,65 11
1770257,65 25 
1780260,63 254 
1780280,22 101 
1782292,53 100 
1782292,53 4
1782292,53 2101
1782292,53 11
1782292,53 25 
1792294,06 254 
1792301,61 101 
1794314,07 100 
1794314,07 4
1794314,07 2101
1794314,07 11
1794314,07 25 
1804315,83 254 
1804323,17 101 
1806335,64 100 
1806335,64 4
1806335,64 2101
1806335,64 11
1806335,64 25 
1816338,88 254 
1816358,04 101 
1818370,54 100 
1818370,54 4
1818370,54 2101
1818370,54 11
1818370,54 25 
1828372,39 254 
1828392,97 101 
1830392,27 100 
1830392,27 4
1830392,27 2101
1830392,27 11
1830392,27 25 
1840393,39 254 
1840401,16 101 
1842413,66 100 
1842413,66 4
1842413,66 2101
1842413,66 11
1842413,66 25 
1852415,73 254 
1852422,69 101 
1854435,2 100 
1854435,2 4
1854435,2 2101
1854435,2 11
1854435,2 25 
1864438,5 254 
1864457,56 101 
1866470,07 100 
1866470,07 4
1866470,07 2101
1866470,07 11
1866470,07 25 
1876472,21 254 
1876492,46 101 
1878504,95 100 
1878504,95 4
1878504,95 2101
1878504,95 11
1878504,95 25 
1888505,94 254 
1888514,04 101 
1890513,24 100 
1890513,24 4
1890513,24 2101
1890513,24 11
1890513,24 25 
1894792,48 75 
1896000,22 72 
1896244,84 70 
1897833,24 80 
1899403,1 83 
1900803,4 64 1401
1901036,48 74 221
1901036,48 61 221
1901545,66 150 
1901563,94 68 
1902474,27 92 
1902474,27 65 
1902494,78 103 
1902494,78 101 
1903021,02 100 
1903021,02 4
1903021,02 2101
1903021,02 11
1905001,04 25 
1905108,01 75 
1906315,84 72 
1906387,29 70 
1907901,72 80 
1908972,35 83 
1909947,62 64 976
1910180,59 74 209
1910180,59 61 209
1911689,18 150 
1911719,6 68 
1913228,64 92 
1913228,64 65 
1913250,23 103 
1913250,23 101 
1913777,7 100 
1913777,7 4
1913777,7 2101
1913777,7 10
1915756,55 25 
1915930,07 75 
1917138,98 72 
1917209,29 70 
1918724,04 80 
1919088,06 83 
1920160,37 64 1073
1920386,96 74 206
1920386,96 62 206
1921398,15 150 
1921422,17 68 
1922797,35 249
1923429,51 92 
1923429,51 65 
1923445,87 103 
1923445,87 101 
1923975,92 100 
1923975,92 4
1923975,92 2101
1923975,92 10
1925952,13 25 
1926219,05 75 
1927425,62 72 
1927498,21 70 
1929019,62 80 
1930083,39 83 
1930548,84 64 466
1930786,81 74 224
1930786,81 61 224
1931299,17 151 
1931324,6 69 
1932035,79 93 
1932055,58 103 
1932055,58 101 
1934083,86 100 
1934083,86 4
1934083,86 2101
1934083,86 11
1936068 25 
1945437,66 75 
1946645,66 72 
1946716,7 70 
1948238,85 80 
1948608,87 83 
1949373,22 64 764
1949648,2 74 253
1949648,2 62 253
1951158,18 151 
1951183,02 69 
1952092,36 93 
1952113,81 103 
1952113,81 101 
1954143,07 100 
1954143,07 4
1954143,07 2101
1954143,07 10
1956126,09 25 
1956153,03 75 
1957361,04 72 
1957432,14 70 
1958952,68 80 
1960323,88 83 
2074196,63 64 113873
2074438,64 74 217
2074438,64 61 217
2075448,93 151 
2075476,58 69 
2077487,19 93 
2077500,35 103 
2077500,35 101 
2079529,3 100 
2079529,3 4
2079529,3 2101
2079529,3 11
2081512,62 25 
2081539,89 75 
2082750,93 72 
2082818,92 70 
2084519 80 
2086057,09 83 
2092249,83 64 6193
2092479,23 74 212
2092479,23 62 212
2093991,77 153 
2094014,73 68 
2094609,63 249
2094723,48 92 
2094723,48 65 
2094746,33 103 
2094746,33 101 
2095273,82 100 
2095273,82 4
2095273,82 2101
2095273,82 10
2097252,57 25 
2097279,79 75 
2098485,98 72 
2098692,05 70 
2100315,49 80 
2100864,08 83 
2103007,1 64 2143
2103235,59 74 213
2103235,59 61 213
2103746,92 151 
2103771,23 69 
2104681,98 93 
2104702,08 103 
2104702,08 101 
2106729,44 100 
2106729,44 4
2106729,44 2101
2106729,44 10
2108714,46 25 
2108741,61 75 
2109951,29 72 
2110140,53 70 
2111671,48 80 
2112725,66 83 
2113373,76 64 648
2113594,71 74 203
2113594,71 62 203
2114603,67 150 
2114632,59 68 
2116141,07 92 
2116141,07 65 
2116163,98 103 
2116163,98 101 
2116695,55 100 
2116695,55 4
2116695,55 2101
2116695,55 10
2118683,45 25 
2118710,48 75 
2119919,78 72 
2119989,71 70 
2121509,25 80 
2122881,35 83 
2123506,11 64 625
2123763,67 74 243
2123763,67 62 243
2124775,25 150 
2124801,61 68 
2125491,91 249
2126308,32 92 
2126308,32 65 
2126332,91 103 
2126332,91 101 
2126859,34 100 
2126859,34 4
2126859,34 2101
2126859,34 11
2128839,18 25 
2129012,84 75 
2130218,34 72 
2130292,04 70 
2131812,2 80 
2132184,17 83 
2133093,74 64 910
2133323,74 74 207
2133323,74 61 207
2134835,31 150 
2134863,94 68 
2135572,28 92 
2135572,28 65 
2135595,66 103 
2135595,66 101 
2136123,26 100 
2136123,26 4
2136123,26 2101
2136123,26 11
2138101,83 25 
2138315,47 75 
2139525,36 72 
2139596,27 70 
2141117,13 80 
2142179,83 83 
2142675,23 64 496
2142912,32 74 214
2142912,32 61 214
2143420,14 150 
2143447,4 68 
2144354,7 92 
2144354,7 65 
2144378,54 103 
2144378,54 101 
2144907,62 100 
2144907,62 4
2144907,62 2101
2144907,62 11
2146884,82 25 
2147271,64 75 
2148477,81 72 
2148550,94 70 
2150068,17 80 
2151136,04 83 
2151752,38 64 617
2152022,29 74 247
2152022,29 61 247
2153033,49 150 
2153056,89 68 
2155067,05 92 
2155067,05 65 
2155080,67 103 
2155080,67 101 
2155606,64 100 
2155606,64 4
2155606,64 2101
2155606,64 10
2157587,04 25 
2157787,16 75 
2158995,82 72 
2159066,45 70 
2160587,84 80 
2161944,99 83 
2165924,36 64 3980
2166180,47 74 238
2166180,47 61 238
2166689,07 151 
2166717,81 69 
2167626,84 93 
2167648,65 103 
2167648,65 101 
2169675,87 100 
2169675,87 4
2169675,87 2101
2169675,87 11
2171660,94 25 
2171688,44 75 
2172894,35 72 
2172967,17 70 
2174492,55 80 
2174859,27 83 
2175869,39 64 1011
2176077,07 74 192
2176077,07 61 192
2177588,01 150 
2177606,6 68 
2179614,52 92 
2179614,52 65 
2179630,21 103 
2179630,21 101 
2180165,31 100 
2180165,31 4
2180165,31 2101
2180165,31 10
2182149,91 25 
2182723,21 75 
2183930,37 72 
2184002,41 70 
2185520,76 80 
2186880,88 83 
2188341,49 64 1461
2188547,94 74 188
2188547,94 61 188
2190059,2 151 
2190081,19 69 
2191587,35 93 
2191598,5 103 
2191598,5 101 
2193625,78 100 
2193625,78 4
2193625,78 2101
2193625,78 11
2195610,72 25 
2195637,9 75 
2196846,93 72 
2196916,95 70 
2198438,63 80 
2198809,06 83 
2223978,19 64 25169
2224232,18 74 234
2224232,18 61 234
2224742,56 150 
2224759,88 68 
2225467,58 92 
2225467,58 65 
2225490,72 103 
2225490,72 101 
2226019,43 100 
2226019,43 4
2226019,43 2101
2226019,43 11
2227997 25 
2228783,64 75 
2229990,59 72 
2230182,81 70 
2231711,35 80 
2232781,24 83 
2233681,65 64 901
2233914,34 74 214
2233914,34 61 214
2234925,78 150 
2234956,31 68 
2236965,95 92 
2236965,95 65 
2236979,16 103 
2236979,16 101 
2237511,72 100 
2237511,72 4
2237511,72 2101
2237511,72 10
2239485,46 25 
2239738,93 75 
2240946,49 72 
2241018,16 70 
2242534,27 80 
2243896,51 83 
2245738,3 64 1843
2246993,01 74 1231
2246993,01 62 1231
2247502,07 150 
2247523,07 68 
2248231,82 92 
2248231,82 65 
2248254,34 103 
2248254,34 101 
2248783,1 100 
2248783,1 4
2248783,1 2101
2248783,1 11
2250760,6 25 
2250800,9 75 
2252008,29 72 
2252080,19 70 
2253597,36 80 
2253958,94 83 
2254908,69 64 950
2255141,34 74 210
2255141,34 61 210
2256650,27 150 
2256678,51 68 
2258186,41 92 
2258186,41 65 
2258210,17 103 
2258210,17 101 
2258737,48 100 
2258737,48 4
2258737,48 2101
2258737,48 10
2260716,38 25 
2260996,66 75 
2262205,54 72 
2262275,79 70 
2263792,46 80 
2264847,82 83 
2269580,18 64 4732
2269777,21 74 173
2269777,21 62 173
2270784,74 150 
2270806,79 68 
2271473,06 249
2271715,31 92 
2271715,31 65 
2271737,82 103 
2271737,82 101 
2272270,07 100 
2272270,07 4
2272270,07 2101
2272270,07 11
2274244,03 25 
2274430,92 75 
2275637,85 72 
2275710,18 70 
2277230,52 80 
2277602,3 83 
2282239 64 4637
2282500,01 74 247
2282500,01 61 247
2283010,99 150 
2283041,07 68 
2283749,92 92 
2283749,92 65 
2283772,58 103 
2283772,58 101 
2284298,77 100 
2284298,77 4
2284298,77 2101
2284298,77 10
2286278,86 25 
2286652,44 75 
2287860,96 72 
2287931,56 70 
2289447,71 80 
2290809,91 83 
2291100,34 64 291
2291328,32 74 213
2291328,32 61 213
2292338,32 151 
2292357,81 69 
2293868,05 93 
2293888,28 103 
2293888,28 101 
2295916,23 100 
2295916,23 4
2295916,23 2101
2295916,23 11
2297900,58 25 
2297927,72 75 
2299135,02 72 
2299206,79 70 
2300719,92 80 
2301778,63 83 
2304002,48 64 2225
2304226,66 74 209
2304226,66 61 209
2305735,87 152 
2305764,93 69 
2307777,87 93 
2307789,09 103 
2307789,09 101 
2309819,16 100 
2309819,16 4
2309819,16 2101
2309819,16 10
2311801,35 25 
2311841,83 75 
2313048,07 72 
2313120,84 70 
2314646,15 80 
2315013,02 83 
2315851,06 64 838
2316026,73 74 161
2316026,73 62 161
2317538,94 150 
2317560,27 68 
2318471,9 92 
2318471,9 65 
2318491,18 103 
2318491,18 101 
2319024,04 100 
2319024,04 4
2319024,04 2101
2319024,04 10
2320997,38 25 
2321024,59 75 
2322231,76 72 
2322303,63 70 
2323817,66 80 
2324875,51 83 
2325362,48 64 488
2325578,69 74 197
2325578,69 62 197
2326588,32 150 
2326609,82 68 
2328119,23 92 
2328119,23 65 
2328140,39 103 
2328140,39 101 
2328666,54 100 
2328666,54 4
2328666,54 2101
2328666,54 11
2330646,61 25 
2331046,85 75 
2332253,42 72 
2332499,33 70 
2334069,52 80 
2335617,59 83 
2336267,94 64 651
2336536,4 74 253
2336536,4 61 253
2337045,81 150 
2337071,28 68 
2337780,41 92 
2337780,41 65 
2337802,94 103 
2337802,94 101 
2338334,05 100 
2338334,05 4
2338334,05 2101
2338334,05 10
2340309,2 25 
2340669,46 75 
2341877,71 72 
2342068,53 70 
2343691,8 80 
2344946,9 83 
2345515,57 64 569
2345766,81 74 234
2345766,81 61 234
2346275,91 151 
2346294,67 69 
2347203,06 93 
2347212,34 103 
2347212,34 101 
2349239,32 100 
2349239,32 4
2349239,32 2101
2349239,32 10
2351224,57 25 
2351251,84 75 
2352462,07 72 
2352664,02 70 
2354195,67 80 
2355555,76 83 
2356954,14 64 1398
2357186,02 74 218
2357186,02 62 218
2358695,09 150 
2358716,06 68 
2359449,02 249
2360727,72 92 
2360727,72 65 
2360739,87 103 
2360739,87 101 
2361266,05 100 
2361266,05 4
2361266,05 2101
2361266,05 11
2363246,05 25 
2363286,66 75 
2364495,99 72 
2364565,63 70 
2366075,87 80 
2366431,08 83 
2367432,67 64 1002
2367723,86 74 267
2367723,86 61 267
2368731,76 150 
2368751,08 68 
2369660,05 92 
2369660,05 65 
2369682,71 103 
2369682,71 101 
2370216,68 100 
2370216,68 4
2370216,68 2101
2370216,68 11
2372202,26 25 
2372549,15 75 
2373756,34 72 
2373828,41 70 
2375349,79 80 
2376706,86 83 
2377502,71 64 796
2377764,26 74 245
2377764,26 61 245
2378272,18 152 
2378294,31 69 
2379802,65 93 
2379825,1 103 
2379825,1 101 
2381852,52 100 
2381852,52 4
2381852,52 2101
2381852,52 11
2383837,29 25 
2383864,59 75 
2385071,9 72 
2385143,57 70 
2386666,29 80 
2387728,71 83 
2388169,96 64 441
2388397,97 74 203
2388397,97 62 203
2389907,64 151 
2389929,16 69 
2391937,87 93 
2391953,25 103 
2391953,25 101 
2393980,29 100 
2393980,29 4
2393980,29 2101
2393980,29 10
2395965,47 25 
2395992,53 75 
2397201,43 72 
2397271,68 70 
2398784,35 80 
2399137,16 83 
2400126,41 64 990
2400338,73 74 189
2400338,73 62 189
2401348,25 150 
2401377,95 68 
2401916,56 249
2401941,83 172 
2402085,29 92 
2402085,29 65 
2402108,93 103 
2402108,93 101 
2402640,63 100 
2402640,63 4
2402640,63 2101
2402640,63 10
2404615,35 25 
2405281,89 75 
2406490,21 72 
2406561,09 70 
2408080,59 80 
2408453,23 83 
2409191,19 64 738
2409355,52 74 143
2409355,52 62 143
2409866,28 150 
2409893,6 68 
2411427,02 249
2411543,09 172 
2411901,71 92 
2411901,71 65 
2411918,1 103 
2411918,1 101 
2412445,15 100 
2412445,15 4
2412445,15 2101
2412445,15 11
2414424,28 25 
2414451,37 75 
2415658,82 72 
2415730,5 70 
2417243,96 80 
2418595,62 83 
2418728,94 64 134
2419021,62 74 280
2419021,62 61 280
2420028,55 150 
2420049,36 68 
2420957,22 92 
2420957,22 65 
2420980,91 103 
2420980,91 101 
2421509,17 100 
2421509,17 4
2421509,17 2101
2421509,17 11
2423487,12 25 
2423847,37 75 
2425055,81 72 
2425126,58 70 
2426640,24 80 
2427725,03 83 
2428705,24 64 980
2429001,02 74 277
2429001,02 61 277
2430511,01 150 
2430538,82 68 
2431247,39 92 
2431247,39 65 
2431269,9 103 
2431269,9 101 
2431802,53 100 
2431802,53 4
2431802,53 2101
2431802,53 10
2433776,13 25 
2433803,67 75 
2435010,32 72 
2435082,48 70 
2436600,75 80 
2437654,17 83 
2438661,25 64 1007
2438893,98 74 214
2438893,98 62 214
2439904,77 150 
2439934,83 68 
2441444,79 92 
2441444,79 65 
2441465,58 103 
2441465,58 101 
2441991,76 100 
2441991,76 4
2441991,76 2101
2441991,76 10
2443971,73 25 
2444212,17 75 
2445421,93 72 
2445491,18 70 
2447007,46 80 
2448369,72 83 
2449518,4 64 1150
2449775,56 74 234
2449775,56 62 234
2450286,38 150 
2450303,83 68 
2451814,66 92 
2451814,66 65 
2451848,82 103 
2451848,82 101 
2452374,55 100 
2452374,55 4
2452374,55 2101
2452374,55 10
2454354,1 25 
2454381,04 75 
2455590,19 72 
2455833,48 70 
2457628,5 80 
2458178,85 83 
2458996,15 64 817
2459190,87 74 173
2459190,87 62 173
2460699,81 150 
2460726,1 68 
2461632,55 92 
2461632,55 65 
2461656,95 103 
2461656,95 101 
2462189,08 100 
2462189,08 4
2462189,08 2101
2462189,08 11
2464163,18 25 
2464270,1 75 
2465477,98 72 
2465549,35 70 
2467067,16 80 
2468147,85 83 
2469223,42 64 1076
2469517,33 74 277
2469517,33 61 277
2470029,14 150 
2470054,72 68 
2472062,99 92 
2472062,99 65 
2472079,14 103 
2472079,14 101 
2472608,21 100 
2472608,21 4
2472608,21 2101
2472608,21 11
2474585,46 25 
2474692,33 75 
2475900,08 72 
2475971,65 70 
2477492,13 80 
2478863,29 83 
2479372,08 64 509
2479670,05 74 274
2479670,05 61 274
2481178,17 150 
2481197,48 68 
2481905,67 92 
2481905,67 65 
2481928,31 103 
2481928,31 101 
2482457,62 100 
2482457,62 4
2482457,62 2101
2482457,62 10
2484434,61 25 
2484461,57 75 
2485670,6 72 
2485740,71 70 
2487261,14 80 
2487619,53 83 
2488621,72 64 1003
2488857,46 74 212
2488857,46 62 212
2489865,78 150 
2489887 68 
2490342,67 249
2490367,82 172 
2491895,69 92 
2491895,69 65 
2491910,74 103 
2491910,74 101 
2492441,89 100 
2492441,89 4
2492441,89 2101
2492441,89 10
2494417,13 25 
2494444,03 75 
2495652,62 72 
2495723,16 70 
2497241,56 80 
2498308,29 83 
2501658,63 64 3351
2501866,82 74 187
2501866,82 62 187
2502876,91 152 
2502894,64 69 
2503804,96 93 
2503825,66 103 
2503825,66 101 
2505853,38 100 
2505853,38 4
2505853,38 2101
2505853,38 11
2507837,95 25 
2507866,07 75 
2509072,14 72 
2509145,73 70 
2510660,62 80 
2511617,01 250 
2511635,6 101 
2513648,78 100 
2513648,78 4
2513648,78 2101
2513648,78 11
2513648,78 25 
2514249,08 75 
2515456,55 72 
2515528,06 70 
2517041,47 80 
2518393,19 83 
2519070,41 64 678
2519322,92 74 237
2519322,92 61 237
2520833,56 150 
2520859,78 68 
2521568,93 92 
2521568,93 65 
2521591,45 103 
2521591,45 101 
2522117,58 100 
2522117,58 4
2522117,58 2101
2522117,58 11
2524097,7 25 
2524127,81 75 
2525333,47 72 
2525403,97 70 
2526922,76 80 
2527296,01 83 
2532097,06 64 4801
2532482,24 74 363
2532482,24 63 363
2532991,33 151 
2533014,27 69 
2534525,75 249 
2547525,99 256 
2547551,62 183 
2582064,73 93 
2582085,73 103 
2582085,73 101 
2584122,92 100 
2584122,92 4
2584122,92 2101
2584122,92 10
2586097,99 25 
2586125,03 75 
2587332,77 72 
2587604,08 70 
2589146,61 80 
2589509,58 83 
2591668,31 64 2160
2591959,71 74 278
2591959,71 62 278
2592969,33 150 
2592989,75 68 
2594496,66 92 
2594496,66 65 
2594520,49 103 
2594520,49 101 
2595047,42 100 
2595047,42 4
2595047,42 2101
2595047,42 11
2597026,67 25 
2597053,69 75 
2598261,31 72 
2598332,87 70 
2599851,94 80 
2600918,03 83 
2601351,05 64 433
2601641,56 74 271
2601641,56 61 271
2603152,08 150 
2603171,46 68 
2605181,8 92 
2605181,8 65 
2605195,85 103 
2605195,85 101 
2605723,72 100 
2605723,72 4
2605723,72 2101
2605723,72 11
2607702,15 25 
2607742,65 75 
2608950,89 72 
2609021,66 70 
2610539,26 80 
2611899,98 83 
2612213,89 64 314
2612468,72 74 236
2612468,72 61 236
2612979,63 150 
2613008,03 68 
2613915,23 92 
2613915,23 65 
2613938,79 103 
2613938,79 101 
2614472,52 100 
2614472,52 4
2614472,52 2101
2614472,52 10
2616458,51 25 
2616951,82 75 
2618158,51 72 
2618231,09 70 
2619750,11 80 
2620816,32 83 
2621554,08 64 738
2621782,61 74 207
2621782,61 62 207
2623294,62 150 
2623323,22 68 
2623983,14 249
2624033,55 92 
2624033,55 65 
2624054,53 103 
2624054,53 101 
2624580,87 100 
2624580,87 4
2624580,87 2101
2624580,87 10
2626560,77 25 
2627001,01 75 
2628210,95 72 
2628280,11 70 
2629801,06 80 
2630172,27 83 
2631380,52 64 1209
2631777,1 74 379
2631777,1 62 379
2632787,36 150 
2632812,22 68 
2633522,2 92 
2633522,2 65 
2633543,84 103 
2633543,84 101 
2634071,02 100 
2634071,02 4
2634071,02 2101
2634071,02 11
2636050,11 25 
2636077,11 75 
2637286 72 
2637356,27 70 
2638870,3 80 
2640221,47 83 
2642221,38 64 2001
2642512,96 74 279
2642512,96 61 279
2643023,3 150 
2643047,84 68 
2643958,47 92 
2643958,47 65 
2643979,37 103 
2643979,37 101 
2644510,67 100 
2644510,67 4
2644510,67 2101
2644510,67 10
2646485,78 25 
2646619,24 75 
2647826,36 72 
2647898,45 70 
2649413,13 80 
2650763,49 83 
2656269,39 64 5507
2656481,21 74 188
2656481,21 62 188
2656989,93 150 
2657015,5 68 
2658523,69 92 
2658523,69 65 
2658546,53 103 
2658546,53 101 
2659072,78 100 
2659072,78 4
2659072,78 2101
2659072,78 11
2661052,73 25 
2661492,92 75 
2662701,83 72 
2662772,12 70 
2664291,4 80 
2665161,76 250 
2665170,49 101 
2667183,6 100 
2667183,6 4
2667183,6 2101
2667183,6 11
2667183,6 25 
2677185,58 254 
2677205,15 101 
2679217,74 100 
2679217,74 4
2679217,74 2101
2679217,74 11
2679217,74 25 
2679365,34 75 
2680572,78 72 
2680646,26 70 
2682163,12 80 
2683229,65 83 
2684868,15 64 1638
2685095,99 74 214
2685095,99 61 214
2686604,94 152 
2686631 69 
2688639,16 93 
2688653,73 103 
2688653,73 101 
2690682,4 100 
2690682,4 4
2690682,4 2101
2690682,4 11
2692666,02 25 
2692693,71 75 
2693900,46 72 
2694092,29 70 
2695711,16 80 
2696250,82 83 
2696788,13 64 537
2696875,35 256 
2701598,13 74 4788
2701598,13 63 4788
2702608 151 
2702636,52 69 
2703680,78 249 
2703878,55 256 
2704414,52 183 
2706413,7 93 
2706432,8 103 
2706432,8 101 
2708462,53 100 
2708462,53 4
2708462,53 2101
2708462,53 10
2710445,11 25 
2710472,24 75 
2711681,83 72 
2711884,55 70 
2713416,13 80 
2714776,25 83 
2715443,97 64 668
2715688,93 74 220
2715688,93 62 220
2716199,7 150 
2716230,01 68 
2717741,2 92 
2717741,2 65 
2717761,39 103 
2717761,39 101 
2718291,39 100 
2718291,39 5
2718291,39 2101
2718291,39 11
2718291,39 78 
2718291,39 198 
2720267,57 25 
2720361,21 75 
2721567,79 72 
2721640,43 70 
2723158,97 80 
2724238,89 83 
2724885,25 64 647
2725093,2 74 189
2725093,2 61 189
2726104,06 153 
2726132,51 68 
2726843,55 92 
2726843,55 65 
2726864,12 103 
2726864,12 101 
2727391,79 100 
2727391,79 5
2727391,79 2101
2727391,79 11
2729370,46 25 
2729597,23 75 
2730805,29 72 
2730876,52 70 
2732400,34 80 
2732768,62 83 
2735051,42 64 2284
2735327,21 74 254
2735327,21 61 254
2736836,25 151 
2736862,08 69 
2737769,39 93 
2737779,62 103 
2737779,62 101 
2739814,3 100 
2739814,3 5
2739814,3 2101
2739814,3 10
2741791,77 25 
2741819,44 75 
2743026,3 72 
2743098,11 70 
2744620,64 80 
2745696,42 83 
2746068,38 64 373
2746276,52 74 194
2746276,52 62 194
2747285,14 151 
2747310,5 69 
2747459,56 249 
2748220,8 93 
2748241,69 103 
2748241,69 101 
2750268,21 100 
2750268,21 5
2750268,21 2101
2750268,21 10
2752253,93 25 
2752281,04 75 
2753488,67 72 
2753560,28 70 
2755076,1 80 
2755439,01 83 
2757618,37 64 2180
2757839,69 74 202
2757839,69 61 202
2758347,53 151 
2758372,09 69 
2760303,57 249 
2760382,11 93 
2760396,57 103 
2760396,57 101 
2762422,77 100 
2762422,77 5
2762422,77 2101
2762422,77 11
2764408,81 25 
2764436,5 75 
2765643,28 72 
2765715,03 70 
2767231,38 80 
2768593,34 83 
2769275,68 64 683
2769347,89 256 
2779302,03 252 
2779308,92 101 
2781321,57 100 
2781321,57 5
2781321,57 2101
2781321,57 11
2781321,57 25 
2787786,04 75 
2788993,85 72 
2789065,05 70 
2790580,44 80 
2791930,25 83 
2792525,15 64 595
2792754,26 74 212
2792754,26 62 212
2794263,31 150 
2794290,89 68 
2794999,65 92 
2794999,65 65 
2795021,81 103 
2795021,81 101 
2795555,71 100 
2795555,71 5
2795555,71 2101
2795555,71 10
2797541,39 25 
2797808,27 75 
2799014,41 72 
2799087,47 70 
2800607,36 80 
2801672,61 83 
2802057,09 64 384
2802281,88 74 210
2802281,88 62 210
2803294,16 151 
2803313,01 69 
2804819,88 93 
2804830,93 103 
2804830,93 101 
2806858,25 100 
2806858,25 5
2806858,25 2101
2806858,25 11
2808843,32 25 
2808870,53 75 
2810078,62 72 
2810149,48 70 
2811667,26 80 
2813041,15 83 
2815806,68 64 2766
2816031,29 74 206
2816031,29 61 206
2816541,64 151 
2816560,7 69 
2818568,91 93 
2818585,12 103 
2818585,12 101 
2820613,03 100 
2820613,03 5
2820613,03 2101
2820613,03 11
2822597,45 25 
2822624,8 75 
2823832,55 72 
2823903,59 70 
2825419,55 80 
2825782,45 83 
2828707,93 64 2926
2829176,33 74 449
2829176,33 62 449
2830683,92 150 
2830701,48 68 
2831220,33 249
2831409,13 92 
2831409,13 65 
2831432,97 103 
2831432,97 101 
2831964,45 100 
2831964,45 5
2831964,45 2101
2831964,45 10
2833939,38 25 
2833967,04 75 
2835175,14 72 
2835245,48 70 
2836761,96 80 
2837817,25 83 
2838691,27 64 875
2848712,06 252 
2848718,88 101 
2850732,16 100 
2850732,16 5
2850732,16 2101
2850732,16 10
2850732,16 25 
2850759,5 75 
2851968,86 72 
2852038,26 70 
2853558,72 80 
2854636,74 83 
2855133,21 64 496
2855393,28 74 238
2855393,28 61 238
2856902,69 151 
2856930,85 69 
2858438,89 93 
2858461,49 103 
2858461,49 101 
2860487,79 100 
2860487,79 5
2860487,79 2101
2860487,79 10
2862473,78 25 
2862501,02 75 
2863708,97 72 
2863779,93 70 
2865304,07 80 
2866671,75 83 
2872288,4 64 5617
2872514,14 74 205
2872514,14 62 205
2873022,36 151 
2873043,68 69 
2873952,39 93 
2873961,57 103 
2873961,57 101 
2875991,37 100 
2875991,37 5
2875991,37 2101
2875991,37 10
2877973,82 25 
2878560,55 75 
2879769,77 72 
2879839,75 70 
2881358,01 80 
2881731,93 83 
2883672,03 64 1940
2883883,72 74 193
2883883,72 62 193
2884894,84 151 
2884918,3 69 
2886925,69 93 
2886942,74 103 
2886942,74 101 
2888974,36 100 
2888974,36 5
2888974,36 2101
2888974,36 10
2890954,92 25 
2891928,2 75 
2893136,2 72 
2893207,42 70 
2894737,15 80 
2895099,88 83 
2897687,09 64 2587
2897979,28 74 268
2897979,28 61 268
2899489,23 151 
2899512,05 69 
2900221,2 93 
2900243,72 103 
2900243,72 101 
2902270,17 100 
2902270,17 5
2902270,17 2101
2902270,17 11
2904256 25 
2909800,73 75 
2911008,88 72 
2911079,97 70 
2912608,82 80 
2914171,79 83 
2914327,76 64 156
2914577,28 74 233
2914577,28 62 233
2915584,91 150 
2915612,03 68 
2916209,06 249
2917120,84 92 
2917120,84 65 
2917143,14 103 
2917143,14 101 
2917670,5 100 
2917670,5 5
2917670,5 2101
2917670,5 10
2919649,39 25 
2919743,07 75 
2920951,31 72 
2921222,27 70 
2922795,69 80 
2924033,89 83 
2929122,52 64 5089
2929327,08 74 189
2929327,08 62 189
2929839,57 153 
2929859,12 68 
2930769,34 92 
2930769,34 65 
2930790,67 103 
2930790,67 101 
2931329,42 100 
2931329,42 5
2931329,42 2101
2931329,42 10
2933310,32 25 
2933337,43 75 
2934544,44 72 
2934749,75 70 
2936369,43 80 
2937628,13 83 
2938151,08 64 523
2938394,01 74 220
2938394,01 62 220
2938904,67 151 
2938936,58 69 
2940945,24 93 
2940959,7 103 
2940959,7 101 
2942987,19 100 
2942987,19 5
2942987,19 2101
2942987,19 10
2944971,96 25 
2952928,9 75 
2954137,43 72 
2954208,27 70 
2955730,48 80 
2957113,15 83 
2957761,52 64 649
2958028,53 74 250
2958028,53 62 250
2959537,1 151 
2959553,22 69 
2960463,28 93 
2960484,72 103 
2960484,72 101 
2962513,09 100 
2962513,09 5
2962513,09 2101
2962513,09 11
2964497,09 25 
2964538,49 75 
2965745,23 72 
2965816,55 70 
2967334,69 80 
2967695,42 83 
2968715,52 64 1021
2968935,93 74 200
2968935,93 62 200
2969943,69 150 
2969962,79 68 
2970500,56 249
2971470,65 92 
2971470,65 65 
2971493,45 103 
2971493,45 101 
2972026,07 100 
2972026,07 5
2972026,07 2101
2972026,07 11
2973999,68 25 
2974586,46 75 
2975794,09 72 
2975865,66 70 
2977383,21 80 
2978743,98 83 
2979350,31 64 607
2979598,09 74 228
2979598,09 61 228
2980604,87 151 
2980624,17 69 
2981333,46 93 
2981342,74 103 
2981342,74 101 
2983372,02 100 
2983372,02 5
2983372,02 2101
2983372,02 11
2985354,83 25 
2986061,49 75 
2987268,19 72 
2987340,71 70 
2988857,59 80 
2989219,56 83 
2991293,86 64 2075
2991324,44 256 
2991577,57 74 266
2991577,57 62 266
2992088,06 150 
2992112,62 68 
2993020,64 92 
2993020,64 65 
2993044,23 103 
2993044,23 101 
2993572,06 100 
2993572,06 5
2993572,06 2101
2993572,06 11
2995550,48 25 
2995578,19 75 
2996785,3 72 
2996856,7 70 
2998374,23 80 
2999441,89 83 
2999847,72 64 406
3000038,95 74 171
3000038,95 62 171
3001548,84 150 
3001575,36 68 
3003584,79 92 
3003584,79 65 
3003599,73 103 
3003599,73 101 
3004135,39 100 
3004135,39 5
3004135,39 2101
3004135,39 11
3006119,33 25 
3006146,5 75 
3007354,41 72 
3007425,51 70 
3008950,07 80 
3010317,23 83 
3010390,67 64 74
3020410,51 252 
3020419,17 101 
3022432,34 100 
3022432,34 5
3022432,34 2101
3022432,34 11
3022432,34 25 
3032433,06 254 
3032440,92 101 
3034453,22 100 
3034453,22 5
3034453,22 2101
3034453,22 11
3034453,22 25 
3035827,04 75 
3037034,32 72 
3037106,25 70 
3038628,02 80 
3040171,37 83 
3040707,96 64 537
3040977,99 74 247
3040977,99 62 247
3042486,26 150 
3042504,57 68 
3044013,21 92 
3044013,21 65 
3044035,91 103 
3044035,91 101 
3044562,22 100 
3044562,22 5
3044562,22 2101
3044562,22 11
3046542,1 25 
3046570,09 75 
3047778,42 72 
3047848,32 70 
3049368 80 
3050420,22 83 
3082751,33 64 32332
3082878,71 67 
3083044,91 74 279
3083044,91 61 279
3084055,12 151 
3084087,19 69 
3084795,06 93 
3084805,2 103 
3084805,2 101 
3086832,83 100 
3086832,83 5
3086832,83 2101
3086832,83 11
3088817,44 25 
3088844,65 75 
3090052,1 72 
3090123,67 70 
3091642,42 80 
3092002,47 83 
3096657,49 64 4656
3096905,39 74 226
3096905,39 62 226
3097414,93 150 
3097441,21 68 
3099451,16 92 
3099451,16 65 
3099465,69 103 
3099465,69 101 
3099997,19 100 
3099997,19 5
3099997,19 2101
3099997,19 10
3101971,98 25 
3101999,45 75 
3103207,04 72 
3103278,1 70 
3104796,91 80 
3105157,06 83 
3107326,05 64 2169
3107578,04 74 236
3107578,04 62 236
3108087,92 151 
3108117,32 69 
3109025,76 93 
3109035,01 103 
3109035,01 101 
3111062,51 100 
3111062,51 5
3111062,51 2101
3111062,51 10
3113047,11 25 
3123046,46 254 
3123055,5 101 
3125067,99 100 
3125067,99 5
3125067,99 2101
3125067,99 10
3125067,99 25 
3135068,44 254 
3135077,04 101 
3137089,65 100 
3137089,65 5
3137089,65 2101
3137089,65 10
3137089,65 25 
3140755,88 75 
3141962,59 72 
3142288,17 70 
3143906,65 80 
3145459,74 83 
3146001,4 64 542
3146140,92 256 
3146954,23 74 935
3146954,23 62 935
3148464,97 151 
3148485,78 69 
3149992,31 93 
3150005,24 103 
3150005,24 101 
3152034,34 100 
3152034,34 5
3152034,34 2101
3152034,34 10
3154016,48 25 
3154044,3 75 
3155250,73 72 
3155322,62 70 
3156840,9 80 
3157921,07 83 
3158460,55 64 540
3158681,56 74 201
3158681,56 61 201
3159690,65 153 
3159708,1 68 
3160415,42 92 
3160415,42 65 
3160439,66 103 
3160439,66 101 
3160974,85 100 
3160974,85 5
3160974,85 2101
3160974,85 10
3162959,22 25 
3163492,82 75 
3164699,92 72 
3164771,94 70 
3166292,25 80 
3167357,06 83 
3169330,89 64 1974
3169549,39 74 207
3169549,39 62 207
3170559,05 151 
3170583,46 69 
3172094,44 93 
3172114,69 103 
3172114,69 101 
3174142,13 100 
3174142,13 5
3174142,13 2101
3174142,13 11
3176127 25 
3176154,15 75 
3177360,75 72 
3177433,23 70 
3178948,99 80 
3180311,61 83 
3187099,49 64 6789
3187381,71 74 260
3187381,71 62 260
3188888,8 150 
3188909,72 68 
3190917,58 92 
3190917,58 65 
3190933,39 103 
3190933,39 101 
3191459,8 100 
3191459,8 5
3191459,8 2101
3191459,8 11
3193439,62 25 
3193453,28 75 
3194662,9 72 
3194732,47 70 
3196255,4 80 
3196624,66 83 
3198653,37 64 2030
3198971,63 74 295
3198971,63 63 295
3199479,62 151 
3199504,45 69 
3200214,98 93 
3200237,01 103 
3200237,01 101 
3202265,79 100 
3202265,79 5
3202265,79 2101
3202265,79 10
3204248,43 25 
3204276,1 75 
3205483,55 72 
3205554,56 70 
3207066,86 80 
3208139,69 83 
3208588,88 64 449
3208904,98 74 299
3208904,98 61 299
3209914,33 151 
3209940,81 69 
3210851,5 93 
3210871,6 103 
3210871,6 101 
3212903,81 100 
3212903,81 5
3212903,81 2101
3212903,81 11
3214883,82 25 
3214911,65 75 
3216118,25 72 
3216190,01 70 
3217718,4 80 
3219081,78 83 
3219474,72 64 393
3219675,5 74 181
3219675,5 62 181
3220183,36 152 
3220202,7 69 
3222212,52 93 
3222226,76 103 
3222226,76 101 
3224252,97 100 
3224252,97 5
3224252,97 2101
3224252,97 10
3226238,98 25 
3236239,16 254 
3236247,36 101 
3238259,84 100 
3238259,84 5
3238259,84 2101
3238259,84 10
3238259,84 25 
3247230,43 75 
3248439,34 72 
3248682,91 70 
3250276,7 80 
3250828,56 83 
3252384,08 64 1556
3255329,68 255 
3255345,88 101 
3257359,11 100 
3257359,11 5
3257359,11 2101
3257359,11 10
3257359,11 25 
3257386,53 75 
3264712,55 72 
3264902,64 70 
3266524,17 80 
3267074,76 83 
3267695,81 64 621
3267924,83 74 211
3267924,83 62 211
3269433,73 151 
3269462,03 69 
3270172,99 93 
3270193 103 
3270193 101 
3272226,49 100 
3272226,49 5
3272226,49 2101
3272226,49 10
3274205,23 25 
3274232,4 75 
3275438,64 72 
3275631,5 70 
3277161,14 80 
3278523,16 83 
3293464,1 64 14941
3293706,72 74 230
3293706,72 62 230
3295219,91 151 
3295238,06 69 
3296748,11 93 
3296768,33 103 
3296768,33 101 
3298795,78 100 
3298795,78 5
3298795,78 2101
3298795,78 11
3300780,61 25 
3301767,18 75 
3302975,2 72 
3303046,42 70 
3303446,68 250 
3303458,85 101 
3305472 100 
3305472 5
3305472 2101
3305472 11
3305472 25 
3305499,2 75 
3306707,29 72 
3306724,05 70 
3307934,25 80 
3308297,14 83 
3312846,62 64 4550
3313111,16 74 243
3313111,16 61 243
3313621,54 151 
3313642,16 69 
3314549,91 93 
3314560,78 103 
3314560,78 101 
3316588,99 100 
3316588,99 5
3316588,99 2101
3316588,99 11
3318573,17 25 
3318601,05 75 
3319807,49 72 
3319879,29 70 
3321398,39 80 
3322477,8 83 
3324535,57 64 2058
3324797,63 74 241
3324797,63 62 241
3325805,26 150 
3325824,04 68 
3327332,04 92 
3327332,04 65 
3327355,4 103 
3327355,4 101 
3327889,05 100 
3327889,05 5
3327889,05 2101
3327889,05 11
3329874,88 25 
3329915,46 75 
3331124,65 72 
3331194,47 70 
3332721,52 80 
3333779,65 83 
3335817,78 64 2039
3336052,61 74 221
3336052,61 62 221
3337064,1 150 
3337085,96 68 
3337752,13 249
3337992,62 92 
3337992,62 65 
3338017,47 103 
3338017,47 101 
3342015,85 102 
