63,8 100 
63,8 3
63,8 2161
63,8 11
2032,46 25 
2497,14 75 
3705,15 72 
3936,32 70 
5501,41 80 
6029,06 83 
6564,33 64 535
6600,86 256 
6694,26 74 105
6694,26 62 105
7208,6 151 
7228,98 69 
8738,68 93 
8763,03 103 
8763,03 101 
10787,63 100 
10787,63 3
10787,63 2161
10787,63 10
12773,37 25 
13586,8 75 
14796,6 72 
14865,87 70 
16383,95 80 
17437,69 83 
17977,37 64 540
18009,87 256 
18177,34 74 179
18177,34 61 179
19686 151 
19705,33 69 
21718,64 93 
21728,91 103 
21728,91 101 
23755,27 100 
23755,27 3
23755,27 2161
23755,27 10
25741,21 25 
25768,59 75 
26977,01 72 
27047,41 70 
28558,77 80 
29925,83 83 
30332,34 64 407
30547,17 74 193
30547,17 63 193
31558,67 151 
31579,6 69 
32488,32 93 
32497,96 103 
32497,96 101 
34533,34 100 
34533,34 3
34533,34 2161
34533,34 11
36510,03 25 
36537,13 75 
37743,84 72 
37816,23 70 
39327,92 80 
39681,75 83 
40552,1 64 871
40761,47 74 187
40761,47 61 187
41774,29 151 
41801,86 69 
42510,48 93 
42520,34 103 
42520,34 101 
44547,61 100 
44547,61 3
44547,61 2161
44547,61 10
46532,44 25 
47212,51 75 
48419,89 72 
48491,79 70 
50004,39 80 
51063,66 83 
51481,93 64 419
51617,22 74 114
51617,22 62 114
53126,75 150 
53156,38 68 
54065,77 92 
54065,77 65 
54088,58 103 
54088,58 101 
54614,96 100 
54614,96 3
54614,96 2161
54614,96 11
56594,87 25 
57115,05 75 
58322,01 72 
58394,28 70 
58712,5 250 
58726,94 101 
60739,85 100 
60739,85 3
60739,85 2161
60739,85 11
60739,85 25 
60767,28 75 
61975,01 72 
61991,86 70 
63200,28 80 
64564,7 83 
65369,33 64 805
65547,36 74 157
65547,36 62 157
66056,91 151 
66085,3 69 
68097,02 93 
68109,34 103 
68109,34 101 
70143,27 100 
70143,27 3
70143,27 2161
70143,27 10
72121,73 25 
72163,13 75 
73369,46 72 
73441,26 70 
74955,26 80 
75320 83 
76534,23 64 1215
76734,02 74 175
76734,02 63 175
77745,11 151 
77775,36 69 
78485,89 93 
78504,99 103 
78504,99 101 
80534,33 100 
80534,33 3
80534,33 2161
80534,33 11
82517,34 25 
82545,6 75 
83753,66 72 
83825,08 70 
85339,85 80 
86701,85 83 
87325,62 64 625
87557,59 74 216
87557,59 61 216
88069,17 151 
88089,09 69 
89600,26 93 
89620,27 103 
89620,27 101 
91646,36 100 
91646,36 3
91646,36 2161
91646,36 10
93632,59 25 
93660,06 75 
94869,45 72 
94938,88 70 
96454,99 80 
97510,62 83 
98173,1 64 663
98348,87 74 159
98348,87 61 159
99856,77 153 
99884,83 68 
100796,37 92 
100796,37 65 
100815,57 103 
100815,57 101 
101348,81 100 
101348,81 3
101348,81 2161
101348,81 11
103335,22 25 
103655,44 75 
104862,04 72 
104934,62 70 
106449,34 80 
107799,63 83 
108573,47 64 774
108789,13 74 190
108789,13 63 190
109297,01 150 
109320,09 68 
111328,52 92 
111328,52 65 
111344,46 103 
111344,46 101 
111874,14 100 
111874,14 3
111874,14 2161
111874,14 11
113850,81 25 
113984,42 75 
115195,98 72 
115383,54 70 
116906,55 80 
117275,72 83 
118259,11 64 984
118472,71 74 198
118472,71 63 198
119984,84 150 
120008,94 68 
120464,84 249
120716,69 92 
120716,69 65 
120740,54 103 
120740,54 101 
121267,33 100 
121267,33 3
121267,33 2161
121267,33 10
123260,17 25 
123500,4 75 
124710,51 72 
124779,63 70 
126295,71 80 
127351,44 83 
127807,99 64 457
127962,08 74 131
127962,08 62 131
128970,26 150 
128991,92 68 
130501 92 
130501 65 
130523,08 103 
130523,08 101 
131060,9 100 
131060,9 3
131060,9 2161
131060,9 11
133042,7 25 
133536,28 75 
134743,34 72 
134815,38 70 
136327,9 80 
136694,18 83 
137766,15 64 1072
137915,85 74 129
137915,85 62 129
139424,26 151 
139454,13 69 
140963,17 93 
140985,41 103 
140985,41 101 
143011,49 100 
143011,49 3
143011,49 2161
143011,49 11
144997,67 25 
145024,95 75 
146232,07 72 
146304,02 70 
147816,49 80 
148875,8 83 
149334,98 64 460
149537,52 74 182
149537,52 63 182
150046,37 152 
150077,05 69 
150928,66 249 
152085,49 93 
152100,63 103 
152100,63 101 
154127,61 100 
154127,61 3
154127,61 2161
154127,61 11
156113,11 25 
156140,26 75 
157352,37 72 
157419,21 70 
158930,69 80 
160284,23 83 
160755,04 64 471
160944,22 74 167
160944,22 63 167
161952,36 150 
161978,82 68 
162530,77 249
162891,12 92 
162891,12 65 
162909,43 103 
162909,43 101 
163444,44 100 
163444,44 3
163444,44 2161
163444,44 10
165429,03 25 
165642,8 75 
166851,02 72 
166921,84 70 
168433,93 80 
169493,68 83 
169943,92 64 451
170103,84 74 144
170103,84 62 144
170616,45 150 
170640,96 68 
171351,48 92 
171351,48 65 
171372,54 103 
171372,54 101 
171899,54 100 
171899,54 3
171899,54 2161
171899,54 10
173878,89 25 
174332,36 75 
175540,86 72 
175611,63 70 
177136,62 80 
177493,28 83 
178403,57 64 913
178566,78 74 144
178566,78 62 144
180080,06 150 
180104,42 68 
182114,81 92 
182114,81 65 
182141,33 103 
182141,33 101 
182667,46 100 
182667,46 3
182667,46 2161
182667,46 11
184647,62 25 
184874,58 75 
186081,71 72 
186153,78 70 
187667,93 80 
189018,82 83 
189384,13 64 366
189592,96 74 188
189592,96 63 188
190604,91 150 
190633,27 68 
191105,9 249
192144,37 92 
192144,37 65 
192163,8 103 
192163,8 101 
192696,24 100 
192696,24 3
192696,24 2161
192696,24 10
194683,44 25 
194977,14 75 
196186,48 72 
196256,19 70 
197772,73 80 
198121,61 83 
199131,95 64 1010
199278,79 74 132
199278,79 62 132
199789,51 150 
199815,46 68 
200728,42 92 
200728,42 65 
200746,84 103 
200746,84 101 
201274,17 100 
201274,17 3
201274,17 2161
201274,17 10
203253,15 25 
203826,59 75 
205034,54 72 
205105,8 70 
206620,5 80 
207677,6 83 
208335,96 64 659
208490,21 74 133
208490,21 62 133
210000,37 150 
210025,3 68 
210733,13 92 
210733,13 65 
210755,94 103 
210755,94 101 
211284,43 100 
211284,43 3
211284,43 2161
211284,43 11
213262,28 25 
213875,7 75 
215083 72 
215154,9 70 
216856,2 80 
218379,85 83 
218836,71 64 458
219110,1 74 251
219110,1 63 251
220119,42 150 
220140,92 68 
220902,59 249
221649,78 92 
221649,78 65 
221671,36 103 
221671,36 101 
222205,7 100 
222205,7 3
222205,7 2161
222205,7 10
224191 25 
224471,39 75 
225681,3 72 
225870,33 70 
227489,81 80 
228975,31 83 
229384,41 64 409
229544,27 74 143
229544,27 62 143
230055,02 150 
230082,62 68 
230995,4 92 
230995,4 65 
231014,07 103 
231014,07 101 
231540,37 100 
231540,37 3
231540,37 2161
231540,37 11
233520,44 25 
234027,17 75 
235233,68 72 
235306,4 70 
236818,29 80 
237173,57 83 
238137,01 64 966
238353,84 74 196
238353,84 63 196
239361,14 150 
239386,16 68 
239922,83 249
240096,96 92 
240096,96 65 
240116,97 103 
240116,97 101 
240645,36 100 
240645,36 3
240645,36 2161
240645,36 11
242624,09 25 
243236,74 75 
244443,75 72 
244515,85 70 
246028,72 80 
247087,72 83 
247588,09 64 501
247768,96 74 162
247768,96 63 162
249278,39 150 
249301,3 68 
250482,56 249
251313,12 92 
251313,12 65 
251338,86 103 
251338,86 101 
251879,15 100 
251879,15 3
251879,15 2161
251879,15 11
253858,49 25 
254325,26 75 
255532,65 72 
255604,57 70 
257117,56 80 
257483,32 83 
258430,73 64 948
258651,04 74 195
258651,04 63 195
260158,9 152 
260189,9 69 
261112,1 249 
261699,03 93 
261721,13 103 
261721,13 101 
263775,25 100 
263775,25 3
263775,25 2161
263775,25 10
265733,48 25 
267093,42 75 
267100,52 250 
267118,57 101 
269132,09 100 
269132,09 3
269132,09 2161
269132,09 10
269132,09 25 
269159,39 75 
270367,84 72 
270438,3 70 
271956,33 80 
273010,12 83 
273685,7 64 676
273859,6 74 157
273859,6 62 157
274870,36 150 
274890,45 68 
275800,22 92 
275800,22 65 
275821,88 103 
275821,88 101 
276348,7 100 
276348,7 3
276348,7 2161
276348,7 11
278328,18 25 
278781,68 75 
279991,59 72 
280060,88 70 
281568,14 80 
282925,99 83 
283329,76 64 405
283530,84 74 179
283530,84 63 179
284043,24 150 
284060,83 68 
284479,86 249
286069,41 92 
286069,41 65 
286084,23 103 
286084,23 101 
286618,88 100 
286618,88 3
286618,88 2161
286618,88 10
288603,89 25 
289030,73 75 
290237,64 72 
290309,94 70 
291820,71 80 
292895,03 83 
293525,6 64 630
293677,63 74 130
293677,63 62 130
294686,7 150 
294708,7 68 
295417,09 92 
295417,09 65 
295440,37 103 
295440,37 101 
295967,73 100 
295967,73 3
295967,73 2161
295967,73 10
297946,61 25 
298293,6 75 
299502,8 72 
299572,74 70 
301082,73 80 
301438,11 83 
302410,17 64 972
302595,87 74 172
302595,87 62 172
303108,25 150 
303132,6 68 
305141,05 92 
305141,05 65 
305156,19 103 
305156,19 101 
305685,03 100 
305685,03 3
305685,03 2161
305685,03 10
307662,49 25 
308395,88 75 
309602,59 72 
309675,11 70 
311190,59 80 
312540,1 83 
312876,37 64 336
313027,8 74 129
313027,8 62 129
314535,7 150 
314554,42 68 
315262,33 92 
315262,33 65 
315285,25 103 
315285,25 101 
315819,31 100 
315819,31 3
315819,31 2161
315819,31 11
317804,89 25 
318312,67 75 
319521,34 72 
319590,9 70 
321105,52 80 
322456,04 83 
322770,49 64 315
322990,8 74 202
322990,8 63 202
323501,43 150 
323524,99 68 
324436,85 92 
324436,85 65 
324454,72 103 
324454,72 101 
324981,13 100 
324981,13 3
324981,13 2161
324981,13 10
326961,09 25 
327561,13 75 
328768,8 72 
329000,28 70 
330572,14 80 
331758,67 83 
332407,14 64 649
332600,2 74 174
332600,2 62 174
334108,43 150 
334132,17 68 
335642,56 92 
335642,56 65 
335663,35 103 
335663,35 101 
336189,37 100 
336189,37 3
336189,37 2161
336189,37 10
338169,7 25 
338530,01 75 
339738,34 72 
339809,1 70 
341322,65 80 
341687,85 83 
342914,68 64 1228
343101,93 74 175
343101,93 62 175
344109,1 150 
344128,83 68 
344839,39 92 
344839,39 65 
344859,53 103 
344859,53 101 
345396 100 
345396 3
345396 2161
345396 10
347379,13 25 
348192,45 75 
349399,83 72 
349471,75 70 
350991,9 80 
352043,81 83 
352458,47 64 415
352606,79 74 124
352606,79 62 124
353623,89 152 
353643,89 69 
355651,43 93 
355668,31 103 
355668,31 101 
357698,32 100 
357698,32 3
357698,32 2161
357698,32 11
359680,62 25 
359707,91 75 
360914,62 72 
360973,81 70 
362492,88 80 
362865,69 83 
363969,76 64 1105
364159,73 74 175
364159,73 63 175
364667,82 150 
364693,69 68 
365286,5 249
366202,95 92 
366202,95 65 
366223,83 103 
366223,83 101 
366754,31 100 
366754,31 3
366754,31 2161
366754,31 10
368730,16 25 
369170,33 75 
370378,41 72 
370449,5 70 
371970,77 80 
373327,83 83 
373754,39 64 427
373898,83 74 119
373898,83 62 119
375411,33 150 
375434,69 68 
376346,45 92 
376346,45 65 
376366,21 103 
376366,21 101 
376902,64 100 
376902,64 3
376902,64 2161
376902,64 10
378885,84 25 
380152,33 75 
381359,11 72 
381431,51 70 
382954,58 80 
384336,55 83 
384615,94 64 280
384797,39 74 168
384797,39 62 168
385305,45 150 
385324,66 68 
385692,3 249
385767,23 172 
386835,14 92 
386835,14 65 
386855,14 103 
386855,14 101 
387381,35 100 
387381,35 3
387381,35 2161
387381,35 11
389361,39 25 
389961,68 75 
391173,87 72 
391240,74 70 
392762,3 80 
393119,62 83 
394290,78 64 1172
394534,31 74 229
394534,31 63 229
396041,81 150 
396066,79 68 
396614,35 249
396980,1 92 
396980,1 65 
397010,84 103 
397010,84 101 
397539,35 100 
397539,35 3
397539,35 2161
397539,35 11
399517,13 25 
399930,8 75 
401141,44 72 
401209,98 70 
402729,35 80 
403808,33 83 
404518,23 64 710
404759,29 74 218
404759,29 63 218
405770,8 150 
405795,33 68 
406362 249
407804,12 92 
407804,12 65 
407819,59 103 
407819,59 101 
408352,47 100 
408352,47 3
408352,47 2161
408352,47 11
410339,23 25 
410632,84 75 
411840,13 72 
411912,11 70 
413431,21 80 
414497,2 83 
414930,18 64 433
415152,95 74 203
415152,95 63 203
416663,65 150 
416684,02 68 
417174,86 249
417394,05 92 
417394,05 65 
417415,6 103 
417415,6 101 
417944,01 100 
417944,01 3
417944,01 2161
417944,01 11
419921,94 25 
420482 75 
421689,88 72 
421761,25 70 
423278,39 80 
424639,57 83 
425688,18 64 1049
425901,22 74 196
425901,22 63 196
426413,26 150 
426439,93 68 
427949,93 92 
427949,93 65 
427971,22 103 
427971,22 101 
428497,49 100 
428497,49 3
428497,49 2161
428497,49 11
430478,39 25 
431370,74 75 
432580,23 72 
432823,27 70 
434402,4 80 
434888,55 83 
435869,24 64 981
436149,11 74 261
436149,11 63 261
437159,56 150 
437182,13 68 
437599,28 249
437889,78 92 
437889,78 65 
437913,74 103 
437913,74 101 
438448,89 100 
438448,89 3
438448,89 2161
438448,89 10
440433,23 25 
441499,84 75 
442707,61 72 
442779,07 70 
444295,56 80 
445657,38 83 
446060,04 64 403
446198,71 74 116
446198,71 62 116
446710,11 150 
446738,03 68 
448749,34 92 
448749,34 65 
448762,36 103 
448762,36 101 
449290,38 100 
449290,38 3
449290,38 2161
449290,38 10
451268,69 25 
451789,05 75 
452999,61 72 
453068 70 
454580,91 80 
454946,8 83 
455793,34 64 847
455945,59 74 133
455945,59 62 133
457455,13 150 
457481,02 68 
457868,37 249
458009,94 172 
458390,23 92 
458390,23 65 
458411,85 103 
458411,85 101 
458940,51 100 
458940,51 3
458940,51 2161
458940,51 10
460918,03 25 
461611,4 75 
462817,61 72 
462890,51 70 
464409,13 80 
465462,38 83 
466171,52 64 709
466345,07 74 150
466345,07 62 150
467353,76 150 
467383,4 68 
468096,56 92 
468096,56 65 
468114,29 103 
468114,29 101 
468650,53 100 
468650,53 3
468650,53 2161
468650,53 11
470633,86 25 
471194,05 75 
472403,3 72 
472473,2 70 
473988,55 80 
474338,63 83 
475783,98 64 1446
475985,12 74 180
475985,12 63 180
476993,29 150 
477019,48 68 
477607,72 249
479030,76 92 
479030,76 65 
479056,31 103 
479056,31 101 
479583,1 100 
479583,1 3
479583,1 2161
479583,1 10
481562,58 25 
482282,68 75 
483490,31 72 
483561,88 70 
485070,73 80 
486426,85 83 
486879,39 64 453
487036,25 74 143
487036,25 62 143
488546,11 152 
488574,52 69 
490082,67 93 
490104,96 103 
490104,96 101 
492133,5 100 
492133,5 3
492133,5 2161
492133,5 11
494117,29 25 
494144,66 75 
495351,8 72 
495423,51 70 
496937,35 80 
497995,32 83 
498486,36 64 491
498711,6 74 211
498711,6 63 211
499224,83 150 
499249,28 68 
499850,45 249
500159,6 92 
500159,6 65 
500180,76 103 
500180,76 101 
500717,98 100 
500717,98 3
500717,98 2161
500717,98 10
502700,42 25 
503127,26 75 
504335,31 72 
504406,37 70 
505919,26 80 
506271,93 83 
507447,02 64 1176
507620,01 74 149
507620,01 62 149
509132,19 150 
509151,77 68 
510660,02 92 
510660,02 65 
510683,03 103 
510683,03 101 
511209,13 100 
511209,13 3
511209,13 2161
511209,13 11
513189,37 25 
513656,11 75 
514863,96 72 
514935,37 70 
516454,72 80 
517827,02 83 
518298,08 64 472
518547,67 74 228
518547,67 63 228
519559,16 150 
519588,09 68 
520295,73 92 
520295,73 65 
520318,92 103 
520318,92 101 
520847,24 100 
520847,24 3
520847,24 2161
520847,24 10
522825,19 25 
523252,11 75 
524461,34 72 
524531,22 70 
526043,12 80 
527103,11 83 
527547,01 64 444
527717,07 74 148
527717,07 62 148
528229,54 150 
528251,17 68 
530262,24 92 
530262,24 65 
530288,16 103 
530288,16 101 
530823,08 100 
530823,08 3
530823,08 2161
530823,08 11
532807,7 25 
533221,26 75 
534428,7 72 
534500,38 70 
536195,08 80 
536739,02 83 
537645,69 64 908
537877,32 74 219
537877,32 63 219
538888,67 150 
538913,29 68 
539444,37 249
539820,9 92 
539820,9 65 
539844,02 103 
539844,02 101 
540371,59 100 
540371,59 3
540371,59 2161
540371,59 11
542350,32 25 
548801,54 75 
549480,88 250 
549492,84 101 
551506,45 100 
551506,45 3
551506,45 2161
551506,45 11
551506,45 25 
553771,76 75 
554979,68 72 
555171,71 70 
556696,38 80 
557756,8 83 
558265,08 64 509
558515,44 74 226
558515,44 63 226
559025,88 150 
559050,72 68 
559301,88 249
559553,92 173 
559761,01 92 
559761,01 65 
559782,57 103 
559782,57 101 
560310,51 100 
560310,51 3
560310,51 2161
560310,51 10
562288,59 25 
562995,29 75 
564203,17 72 
564274,59 70 
565790,74 80 
567152,88 83 
567517,2 64 365
567554,03 256 
567744,07 74 205
567744,07 62 205
569254,89 152 
569274 69 
571285,54 93 
571297,41 103 
571297,41 101 
573330,81 100 
573330,81 3
573330,81 2161
573330,81 10
575309,78 25 
575351,78 75 
576559,69 72 
576629,3 70 
578143,26 80 
579201,13 83 
580177,85 64 977
580332,34 74 132
580332,34 62 132
580839,74 150 
580868,93 68 
581779,68 92 
581779,68 65 
581799,7 103 
581799,7 101 
582325,83 100 
582325,83 3
582325,83 2161
582325,83 10
584306,01 25 
585452,61 75 
586661,08 72 
586731,69 70 
588242,26 80 
589610,07 83 
589920,19 64 310
590106,82 74 164
590106,82 62 164
591117,08 150 
591144,68 68 
592655,98 92 
592655,98 65 
592675,08 103 
592675,08 101 
593203,29 100 
593203,29 3
593203,29 2161
593203,29 10
595181,38 25 
595368,49 75 
596579,84 72 
596647,64 70 
598159,22 80 
598513,01 83 
599869,39 64 1357
600041,33 74 156
600041,33 62 156
601551,23 150 
601580,4 68 
602491,74 92 
602491,74 65 
602510,96 103 
602510,96 101 
603044,63 100 
603044,63 3
603044,63 2161
603044,63 11
605030,74 25 
605324,24 75 
606532,99 72 
606603,38 70 
608119,42 80 
609188,49 83 
609566,1 64 378
609766,09 74 178
609766,09 63 178
610776,95 150 
610803 68 
611370,33 249
612315,33 92 
612315,33 65 
612333,5 103 
612333,5 101 
612860,8 100 
612860,8 3
612860,8 2161
612860,8 11
614839,77 25 
615186,73 75 
616393,74 72 
616465,89 70 
617981,24 80 
618331,3 83 
619239,87 64 909
619486,87 74 223
619486,87 63 223
620997,36 150 
621024,61 68 
621499,75 249
621733,89 92 
621733,89 65 
621756,17 103 
621756,17 101 
622283 100 
622283 3
622283 2161
622283 11
624262,47 25 
624809,33 75 
626017,69 72 
626090,22 70 
627599,91 80 
628953,51 83 
629367,87 64 415
629546,61 74 168
629546,61 63 168
630055,22 150 
630074,19 68 
630603,05 249
632085,12 92 
632085,12 65 
632111,82 103 
632111,82 101 
632649,35 100 
632649,35 5
632649,35 2161
632649,35 10
632649,35 78 
632649,35 198 
634631,47 25 
635124,95 75 
636333,25 72 
636404,16 70 
637918 80 
639282,55 83 
639694,19 64 412
639853,63 74 145
639853,63 62 145
640865,22 153 
640883,03 68 
641793,64 92 
641793,64 65 
641814,43 103 
641814,43 101 
642341,46 100 
642341,46 5
642341,46 2161
642341,46 11
644320,71 25 
645413,96 75 
646622,05 72 
646693,28 70 
648213,36 80 
649278,33 83 
652091,34 64 2813
652273,73 74 157
652273,73 63 157
653784,58 151 
653811,68 69 
654519,46 93 
654529,09 103 
654529,09 101 
656557,01 100 
656557,01 5
656557,01 2161
656557,01 11
658541,43 25 
663179,77 75 
664390,2 72 
664578,99 70 
666094,6 80 
666457,75 83 
667632,77 64 1176
667891,86 74 235
667891,86 63 235
668400,03 151 
668417,72 69 
670430,07 93 
670442,32 103 
670442,32 101 
672476,58 100 
672476,58 5
672476,58 2161
672476,58 11
674454,7 25 
679599,61 75 
680807,83 72 
680878,77 70 
682395,36 80 
683463,91 83 
684053,69 64 591
684126,44 256 
684418,44 74 342
684418,44 63 342
684929,59 151 
684957,7 69 
686468,17 93 
686488,94 103 
686488,94 101 
688516,29 100 
688516,29 5
688516,29 2161
688516,29 10
690501,26 25 
690528,54 75 
691736,17 72 
691807,48 70 
693315,22 80 
693659,59 83 
694767,62 64 1109
694937,12 74 145
694937,12 62 145
696447,88 151 
696472,94 69 
697980,82 93 
697990,99 103 
697990,99 101 
700017,98 100 
700017,98 5
700017,98 2161
700017,98 11
702003,06 25 
702030,89 75 
703240,04 72 
703309,33 70 
704824,84 80 
706174,32 83 
707467,82 64 1294
707630,76 74 138
707630,76 62 138
708641,83 150 
708668,46 68 
709378,17 92 
709378,17 65 
709399,27 103 
709399,27 101 
709932,8 100 
709932,8 5
709932,8 2161
709932,8 10
711918,87 25 
712772,23 75 
713979,62 72 
714051,52 70 
715560,22 80 
716929,81 83 
717316,08 64 387
717511,34 74 182
717511,34 63 182
718022,06 150 
718051,31 68 
718961,81 92 
718961,81 65 
718981,9 103 
718981,9 101 
719509,54 100 
719509,54 5
719509,54 2161
719509,54 10
721488,19 25 
721981,71 75 
723189,6 72 
723260,87 70 
724773,46 80 
725139,67 83 
725889,33 64 750
726044,3 74 132
726044,3 62 132
727552,26 151 
727580,61 69 
729381,34 249 
729591,13 93 
729604,07 103 
729604,07 101 
731632,27 100 
731632,27 5
731632,27 2161
731632,27 11
733616,48 25 
733643,79 75 
734854,98 72 
734922,67 70 
736436,86 80 
737494,47 83 
737888,09 64 394
738037,14 74 130
738037,14 62 130
739045,62 150 
739068,98 68 
740580,72 92 
740580,72 65 
740599,47 103 
740599,47 101 
741131,2 100 
741131,2 5
741131,2 2161
741131,2 10
743106,8 25 
743359,35 75 
744566,74 72 
744638,52 70 
746164,1 80 
747530,25 83 
747903,84 64 374
748089,74 74 160
748089,74 62 160
748601,9 151 
748624,25 69 
749332,01 93 
749342,64 103 
749342,64 101 
751370,68 100 
751370,68 5
751370,68 2161
751370,68 11
753354,76 25 
753382,49 75 
754591,92 72 
754661,01 70 
756174,35 80 
756526,51 83 
757689,34 64 1163
757846,31 74 134
757846,31 62 134
758854,88 150 
758874,16 68 
759783,24 92 
759783,24 65 
759804,71 103 
759804,71 101 
760331,79 100 
760331,79 5
760331,79 2161
760331,79 11
762311,08 25 
762498,01 75 
763708,83 72 
763777,13 70 
765285,71 80 
766522,21 83 
767007,26 64 485
767179,26 74 151
767179,26 62 151
768689,38 150 
768709,94 68 
770719,67 92 
770719,67 65 
770733,41 103 
770733,41 101 
771273,83 100 
771273,83 5
771273,83 2161
771273,83 10
773253,13 25 
773720,69 75 
773727 250 
773745,1 101 
775758,73 100 
775758,73 5
775758,73 2161
775758,73 10
775758,73 25 
775785,5 75 
776992,69 72 
777065,02 70 
778585,38 80 
778956,97 83 
780892,31 64 1936
781080,89 74 165
781080,89 61 165
781589,02 151 
781611,08 69 
782520,41 93 
782541,81 103 
782541,81 101 
784568,16 100 
784568,16 5
784568,16 2161
784568,16 10
786554,16 25 
786581,45 75 
787789,73 72 
787860,42 70 
789372,72 80 
790432,18 83 
791403,93 64 972
791567,52 74 149
791567,52 62 149
793077,66 151 
793098,88 69 
793807,15 93 
793817,31 103 
793817,31 101 
795843,42 100 
795843,42 5
795843,42 2161
795843,42 11
797829,41 25 
797856,68 75 
799064,84 72 
799135,56 70 
800645,79 80 
802013,98 83 
802324,27 64 311
802510,77 74 164
802510,77 62 164
803519,42 150 
803548,51 68 
805058,97 92 
805058,97 65 
805078,98 103 
805078,98 101 
805612,72 100 
805612,72 5
805612,72 2161
805612,72 11
807598,67 25 
807905,51 75 
809112,81 72 
809184,71 70 
810718,59 80 
811076,76 83 
811846,3 64 770
812042,89 74 180
812042,89 62 180
813051,28 150 
813077,88 68 
815087,14 92 
815087,14 65 
815101,57 103 
815101,57 101 
815631,12 100 
815631,12 5
815631,12 2161
815631,12 10
817607,75 25 
818261,18 75 
819469,76 72 
819540,31 70 
821050,96 80 
822418,72 83 
822805,1 64 387
823024,17 74 206
823024,17 63 206
824535,97 152 
824566,35 69 
825276,22 93 
825297,18 103 
825297,18 101 
827323,45 100 
827323,45 5
827323,45 2161
827323,45 10
829309,52 25 
829336,84 75 
830544,44 72 
830615,65 70 
832126,67 80 
833187,48 83 
834493,05 64 1306
834691,71 74 186
834691,71 61 186
835199,89 151 
835227,81 69 
836019,55 249 
836139,38 93 
836159,19 103 
836159,19 101 
838195,27 100 
838195,27 5
838195,27 2161
838195,27 10
840171,55 25 
840199,14 75 
841407,43 72 
841477,82 70 
842991,47 80 
844049,57 83 
844692,75 64 644
844853,95 74 139
844853,95 62 139
845363,11 151 
845383,52 69 
846893,76 93 
846914,72 103 
846914,72 101 
848941,68 100 
848941,68 5
848941,68 2161
848941,68 11
850927,84 25 
850954,45 75 
852162,79 72 
852233,24 70 
853746,9 80 
855111,59 83 
855488,51 64 377
855631,95 74 121
855631,95 62 121
857143,49 150 
857165,93 68 
859177,95 92 
859177,95 65 
859203,07 103 
859203,07 101 
859732,03 100 
859732,03 5
859732,03 2161
859732,03 10
861709,2 25 
862322,59 75 
863532,29 72 
863601,8 70 
865116,65 80 
865467,22 83 
867056,14 64 1589
867207,51 74 128
867207,51 62 128
868214,76 151 
868241,31 69 
870249,45 93 
870264,9 103 
870264,9 101 
872297,76 100 
872297,76 5
872297,76 2161
872297,76 10
874277,22 25 
874304,42 75 
875513,35 72 
875783,37 70 
877350,54 80 
878848,24 83 
879682,06 64 834
879872,93 74 172
879872,93 61 172
880381,48 151 
880409,37 69 
881780,06 249 
881918,51 93 
881939,94 103 
881939,94 101 
883966,14 100 
883966,14 5
883966,14 2161
883966,14 11
885952,28 25 
885980,15 75 
887187,48 72 
887258,51 70 
888776,93 80 
889150,59 83 
889955,37 64 805
890122,71 74 147
890122,71 62 147
891132,14 150 
891152,14 68 
891859,95 92 
891859,95 65 
891882,43 103 
891882,43 101 
892410,96 100 
892410,96 5
892410,96 2161
892410,96 11
894388,75 25 
894975,53 75 
896186,56 72 
896254,67 70 
897773,64 80 
898827,33 83 
899299,88 64 474
899494,58 74 176
899494,58 62 176
901005,48 150 
901027,57 68 
901935,94 92 
901935,94 65 
901958,19 103 
901958,19 101 
902494,51 100 
902494,51 5
902494,51 2161
902494,51 11
904477,81 25 
905144,53 75 
906351 72 
906423,79 70 
907950,91 80 
909008,92 83 
909480,27 64 472
909672,69 74 172
909672,69 62 172
910182,26 150 
910210,24 68 
912221,3 92 
912221,3 65 
912247,24 103 
912247,24 101 
912774,95 100 
912774,95 5
912774,95 2161
912774,95 11
914753,52 25 
915220,49 75 
916429,3 72 
916499,5 70 
918010,93 80 
918378,32 83 
919278,85 64 901
919448,69 74 152
919448,69 62 152
920461,71 150 
920486,05 68 
921197,51 92 
921197,51 65 
921216,87 103 
921216,87 101 
921744,43 100 
921744,43 5
921744,43 2161
921744,43 10
923723,05 25 
924483,11 75 
925691,89 72 
925762,3 70 
927274,42 80 
928640,68 83 
929003,75 64 364
929210,71 74 184
929210,71 63 184
930722,29 150 
930748,4 68 
931182,42 249
931655,6 92 
931655,6 65 
931678,99 103 
931678,99 101 
932212,76 100 
932212,76 5
932212,76 2161
932212,76 10
934198,72 25 
935265,2 75 
936472,54 72 
936544,35 70 
938059,07 80 
938423,11 83 
939347,26 64 924
939570,09 74 201
939570,09 63 201
940579,02 152 
940596,7 69 
942106,29 93 
942127,92 103 
942127,92 101 
944154,13 100 
944154,13 5
944154,13 2161
944154,13 10
946140,34 25 
946167,57 75 
947375,9 72 
947446,55 70 
948959,7 80 
950018,29 83 
950932,52 64 914
951149,64 74 199
951149,64 63 199
951660,23 150 
951685,47 68 
952985,82 249
953197,41 92 
953197,41 65 
953216,55 103 
953216,55 101 
953742,65 100 
953742,65 5
953742,65 2161
953742,65 11
955722,9 25 
956283,03 75 
957493,06 72 
957562,27 70 
959073,29 80 
960440,54 83 
960751,59 64 312
960913,56 74 141
960913,56 62 141
962423,42 150 
962440,8 68 
963152,75 92 
963152,75 65 
963172,38 103 
963172,38 101 
963707,55 100 
963707,55 5
963707,55 2161
963707,55 11
965692,03 25 
975693,84 254 
975713,68 101 
977726,23 100 
977726,23 5
977726,23 2161
977726,23 11
977726,23 25 
977754,29 75 
978961,91 72 
979193,53 70 
980771,24 80 
982311,33 83 
982609,61 64 299
982765,74 74 135
982765,74 62 135
984272,91 150 
984299,2 68 
985209,73 92 
985209,73 65 
985229,76 103 
985229,76 101 
985758,4 100 
985758,4 5
985758,4 2161
985758,4 10
987736,09 25 
988069,61 75 
989276,74 72 
989348,82 70 
990859,26 80 
991920,75 83 
992417,79 64 498
992629,97 74 190
992629,97 63 190
993139,09 150 
993161,93 68 
995173,71 92 
995173,71 65 
995198,89 103 
995198,89 101 
995725,62 100 
995725,62 5
995725,62 2161
995725,62 10
997705,26 25 
998132,14 75 
999341,32 72 
999411,29 70 
1000924,84 80 
1001290 83 
1002083,57 64 793
1002298,95 74 197
1002298,95 63 197
1003311,25 150 
1003330,33 68 
1003967,16 249
1004840,22 92 
1004840,22 65 
1004861,5 103 
1004861,5 101 
1005395,84 100 
1005395,84 5
1005395,84 2161
1005395,84 10
1007381,16 25 
1007887,93 75 
1009095,54 72 
1009167,11 70 
1010685,65 80 
1012045,5 83 
1012355,53 64 310
1012554,62 74 177
1012554,62 63 177
1013562,19 150 
1013579,46 68 
1014191,68 249
1015589,53 92 
1015589,53 65 
1015603,66 103 
1015603,66 101 
1016130,01 100 
1016130,01 5
1016130,01 2161
1016130,01 11
1018109,97 25 
1018763,45 75 
1019971,11 72 
1020042,58 70 
1021557 80 
1021908,11 83 
1022957,83 64 1051
1023103,72 74 130
1023103,72 62 130
1023612,93 152 
1023641,72 69 
1024353,13 93 
1024373,26 103 
1024373,26 101 
1026400,94 100 
1026400,94 5
1026400,94 2161
1026400,94 10
1028385,59 25 
1028412,95 75 
1029623,33 72 
1029691,86 70 
1031210,57 80 
1032263,63 83 
1033206,24 64 943
1033405,75 74 183
1033405,75 63 183
1034914,64 150 
1034943,75 68 
1035546,18 249
1035852,63 92 
1035852,63 65 
1035875,08 103 
1035875,08 101 
1036413,22 100 
1036413,22 5
1036413,22 2161
1036413,22 11
1038394,71 25 
1039154,78 75 
1040367,27 72 
1040433,95 70 
1041945,4 80 
1043299,05 83 
1043759,49 64 461
1043910,37 74 132
1043910,37 62 132
1044420,78 150 
1044446,25 68 
1046455,08 92 
1046455,08 65 
1046470,66 103 
1046470,66 101 
1046997,91 100 
1046997,91 5
1046997,91 2161
1046997,91 10
1048977,03 25 
1049603,74 75 
1050811,1 72 
1050882,88 70 
1052397,33 80 
1053454,73 83 
1053741,76 64 288
1053955,76 74 195
1053955,76 63 195
1054963,62 150 
1054989,31 68 
1055444,48 249
1055900,04 92 
1055900,04 65 
1055920 103 
1055920 101 
1056447,08 100 
1056447,08 5
1056447,08 2161
1056447,08 11
1058426,29 25 
1058933,1 75 
1060141,35 72 
1060212,34 70 
1061726,4 80 
1062091,1 83 
1063137,25 64 1046
1063284,9 74 128
1063284,9 62 128
1064795,12 150 
1064824,36 68 
1065534,19 92 
1065534,19 65 
1065555,96 103 
1065555,96 101 
1066090,8 100 
1066090,8 5
1066090,8 2161
1066090,8 11
1068075,57 25 
1068449,11 75 
1069659,7 72 
1069728,28 70 
1071240,17 80 
1072300,13 83 
1072759,89 64 459
1072911,67 74 133
1072911,67 62 133
1073421,12 150 
1073448,95 68 
1074959,91 92 
1074959,91 65 
1074978,69 103 
1074978,69 101 
1075505,81 100 
1075505,81 5
1075505,81 2161
1075505,81 10
1077484,98 25 
1078311,62 75 
1079520,3 72 
1079590,88 70 
1081106,23 80 
1081456,56 83 
1082292,89 64 837
1082500,25 74 191
1082500,25 63 191
1084012,48 150 
1084043,69 68 
1084771,72 249
1086052 92 
1086052 65 
1086068,26 103 
1086068,26 101 
1086594,85 100 
1086594,85 5
1086594,85 2161
1086594,85 11
1088573,64 25 
1089253,67 75 
1090462,45 72 
1090692,82 70 
1092266,12 80 
1093744,43 83 
1094091,13 64 347
1094270,1 74 166
1094270,1 62 166
1095280,8 150 
1095304,84 68 
1096015,85 92 
1096015,85 65 
1096036,42 103 
1096036,42 101 
1096572,2 100 
1096572,2 5
1096572,2 2161
1096572,2 11
1098556,12 25 
1099316,07 75 
1100524,86 72 
1100595,29 70 
1102113,54 80 
1103460,32 83 
1103825,37 64 365
1103991,34 74 145
1103991,34 62 145
1104998,92 150 
1105021,55 68 
1105934,16 92 
1105934,16 65 
1105952,28 103 
1105952,28 101 
1106480,75 100 
1106480,75 5
1106480,75 2161
1106480,75 10
1108458,57 25 
1109911,68 75 
1111119,2 72 
1111190,82 70 
1112705,65 80 
1113056,27 83 
1115375,48 64 2319
1115570,21 74 181
1115570,21 63 181
1116079,59 152 
1116110,25 69 
1117620,39 93 
1117640,66 103 
1117640,66 101 
1119667,88 100 
1119667,88 5
1119667,88 2161
1119667,88 11
1121652,99 25 
1126438,06 75 
1127646,13 72 
1127717,19 70 
1129223,84 80 
1130289,14 83 
1130818,34 64 529
1131002,96 74 168
1131002,96 62 168
1132511,23 150 
1132530,16 68 
1133240,38 92 
1133240,38 65 
1133260,74 103 
1133260,74 101 
1133795,49 100 
1133795,49 5
1133795,49 2161
1133795,49 11
1135780,35 25 
1136420,47 75 
1137630,57 72 
1137699,66 70 
1139210,25 80 
1140564,67 83 
1141030,25 64 466
1141217,43 74 173
1141217,43 62 173
1142724,88 150 
1142752,31 68 
1144759,67 92 
1144759,67 65 
1144775,9 103 
1144775,9 101 
1145302,25 100 
1145302,25 5
1145302,25 2161
1145302,25 10
1147282,26 25 
1147695,68 75 
1148905,4 72 
1148974,88 70 
1150493,42 80 
1150840,55 83 
1151648,6 64 808
1151860,45 74 194
1151860,45 63 194
1152369,43 150 
1152388,56 68 
1152961,7 249
1153300,64 92 
1153300,64 65 
1153319,01 103 
1153319,01 101 
1153846,64 100 
1153846,64 5
1153846,64 2161
1153846,64 10
1155825,33 25 
1156279,04 75 
1157487,13 72 
1157557,99 70 
1159070,48 80 
1160129,76 83 
1160344,73 64 216
1160553,46 74 184
1160553,46 63 184
1161563,75 150 
1161583,66 68 
1162089,55 249
1163092,93 92 
1163092,93 65 
1163114,84 103 
1163114,84 101 
1163653,62 100 
1163653,62 5
1163653,62 2161
1163653,62 10
1165634,43 25 
1166447,82 75 
1167655,04 72 
1167727,04 70 
1169242,28 80 
1170298,92 83 
1170438,98 64 141
1170792,25 74 334
1170792,25 63 334
1172303,55 150 
1172325,75 68 
1173601,12 249
1174337,63 92 
1174337,63 65 
1174363,48 103 
1174363,48 101 
1174890,72 100 
1174890,72 5
1174890,72 2161
1174890,72 11
1176869,77 25 
1177576,47 75 
1178783,77 72 
1178855,69 70 
1180361,25 80 
1181720,67 83 
1182123,35 64 403
1182283,8 74 137
1182283,8 62 137
1183295,15 150 
1183321,32 68 
1184031,52 92 
1184031,52 65 
1184052,69 103 
1184052,69 101 
1184580,06 100 
1184580,06 5
1184580,06 2161
1184580,06 11
1186559,05 25 
1187212,4 75 
1188422,77 72 
1188491,67 70 
1190003,67 80 
1190357,05 83 
1192222,74 64 1866
1192390,81 74 155
1192390,81 62 155
1192900,77 150 
1192931,27 68 
1193358,93 249
1193859,9 172 
1194443,47 92 
1194443,47 65 
1194461,64 103 
1194461,64 101 
1194994,56 100 
1194994,56 5
1194994,56 2161
1194994,56 11
1196981,24 25 
1197794,72 75 
1199002,84 72 
1199193,78 70 
1200810,7 80 
1201299,13 83 
1202191,65 64 893
1202372,34 74 154
1202372,34 62 154
1203881,74 152 
1203898,97 69 
1204809,49 93 
1204830,59 103 
1204830,59 101 
1206860,78 100 
1206860,78 5
1206860,78 2161
1206860,78 10
1208842,96 25 
1208870,26 75 
1210076,91 72 
1210149,18 70 
1211667,53 80 
1212734,3 83 
1213161,23 64 427
1213379,83 74 206
1213379,83 63 206
1214388,96 150 
1214415,6 68 
1215126,67 92 
1215126,67 65 
1215146,28 103 
1215146,28 101 
1215672,4 100 
1215672,4 5
1215672,4 2161
1215672,4 10
1217652,53 25 
1218106,04 75 
1219315,63 72 
1219385,28 70 
1220895,79 80 
1222263,59 83 
1222319,87 64 57
1222461,46 256 
1222785,43 74 442
1222785,43 63 442
1223296,09 150 
1223319,21 68 
1223789,1 249
1224226,33 92 
1224226,33 65 
1224249,09 103 
1224249,09 101 
1224782,92 100 
1224782,92 5
1224782,92 2161
1224782,92 11
1226768,72 25 
1227462,14 75 
1228670,75 72 
1228741,35 70 
1230251,17 80 
1230606,86 83 
1231565,99 64 960
1231700,7 74 122
1231700,7 62 122
1232712,16 150 
1232740,3 68 
1234751,37 92 
1234751,37 65 
1234778,01 103 
1234778,01 101 
1235305,54 100 
1235305,54 5
1235305,54 2161
1235305,54 10
1237284,29 25 
1238204,6 75 
1239412,76 72 
1239483,47 70 
1240994,74 80 
1242361,95 83 
1242661,16 64 300
1242701,95 256 
1242953,18 74 272
1242953,18 63 272
1243463,42 150 
1243483,25 68 
1244014,82 249
1244991,13 92 
1244991,13 65 
1245013,68 103 
1245013,68 101 
1245539,99 100 
1245539,99 5
1245539,99 2161
1245539,99 10
1247519,99 25 
1248333,34 75 
1249540,97 72 
1249612,51 70 
1251127,36 80 
1252184,37 83 
1252641,18 64 457
1252884,75 74 221
1252884,75 63 221
1254397,11 150 
1254424,53 68 
1254894,99 249
1256433,29 92 
1256433,29 65 
1256448,9 103 
1256448,9 101 
1256983,48 100 
1256983,48 5
1256983,48 2161
1256983,48 11
1258968,47 25 
1259901,78 75 
1261109,99 72 
1261181,03 70 
1262697,1 80 
1263752,79 83 
1264214,17 64 462
1264386,3 74 154
1264386,3 62 154
1265898,28 150 
1265926,41 68 
1266639,27 92 
1266639,27 65 
1266657,87 103 
1266657,87 101 
1267184,64 100 
1267184,64 5
1267184,64 2161
1267184,64 11
1269164,22 25 
1269657,67 75 
1270865,36 72 
1270936,9 70 
1272448,52 80 
1272802,74 83 
1273757,76 64 956
1273928,05 74 153
1273928,05 62 153
1274940,56 150 
1274963,48 68 
1276474,26 92 
1276474,26 65 
1276493,75 103 
1276493,75 101 
1277021 100 
1277021 5
1277021 2161
1277021 10
1279000,09 25 
1279613,5 75 
1280822,69 72 
1280892,79 70 
1282411,9 80 
1283757,68 83 
1283954,24 64 197
1284257,49 74 287
1284257,49 63 287
1284766,9 150 
1284786,05 68 
1285697,24 92 
1285697,24 65 
1285716,57 103 
1285716,57 101 
1286255,51 100 
1286255,51 5
1286255,51 2161
1286255,51 10
1288236,23 25 
1288996,21 75 
1290204,06 72 
1290275,49 70 
1291794,68 80 
1292154,19 83 
1293377,51 64 1223
1293555,28 74 162
1293555,28 63 162
1295063,84 152 
1295088,17 69 
1296596,79 93 
1296618,68 103 
1296618,68 101 
1298645,9 100 
1298645,9 5
1298645,9 2161
1298645,9 11
1300630,98 25 
1309454,26 75 
1310664,51 72 
1310906,86 70 
1312475,74 80 
1313665,1 83 
1314199,28 64 534
1314351,45 74 140
1314351,45 62 140
1315362,15 150 
1315386,26 68 
1315713,61 249
1315877,65 172 
1316096,91 92 
1316096,91 65 
1316117,06 103 
1316117,06 101 
1316643,34 100 
1316643,34 5
1316643,34 2161
1316643,34 11
1318623,41 25 
1319210,23 75 
1320419,99 72 
1320489,34 70 
1322001,68 80 
1323354,79 83 
1323758,32 64 404
1323952,83 74 173
1323952,83 62 173
1324467,57 150 
1324489,06 68 
1326499,1 92 
1326499,1 65 
1326512,69 103 
1326512,69 101 
1327047,85 100 
1327047,85 5
1327047,85 2161
1327047,85 10
1329032,31 25 
1329765,73 75 
1330975,61 72 
1331044,92 70 
1332555,56 80 
1333616,78 83 
1334791,67 64 1176
1335015,87 74 200
1335015,87 63 200
1335527,27 150 
1335551,1 68 
1336146,82 249
1336459,52 92 
1336459,52 65 
1336481,84 103 
1336481,84 101 
1337010,45 100 
1337010,45 5
1337010,45 2161
1337010,45 10
1338988,17 25 
1339521,63 75 
1340730,1 72 
1340800,74 70 
1342319,96 80 
1342666,27 83 
1343591,26 64 925
1343803,2 74 191
1343803,2 63 191
1344811,78 150 
1344839,81 68 
1345269,25 249
1345284,43 173 
1346850,97 92 
1346850,97 65 
1346864,12 103 
1346864,12 101 
1347391,64 100 
1347391,64 5
1347391,64 2161
1347391,64 11
1349370,38 25 
1349917,23 75 
1351123,95 72 
1351196,43 70 
1352710,96 80 
1354074,85 83 
1354576,94 64 503
1354741,58 74 148
1354741,58 62 148
1356250,14 150 
1356274,94 68 
1357785,28 92 
1357785,28 65 
1357806,24 103 
1357806,24 101 
1358340,91 100 
1358340,91 5
1358340,91 2161
1358340,91 10
1360325,82 25 
1361245,78 75 
1362457 72 
1362524,99 70 
1364038,17 80 
1364390,39 83 
1365265,86 64 876
1365499,26 74 216
1365499,26 63 216
1366007,67 150 
1366031,55 68 
1366739,7 92 
1366739,7 65 
1366762,38 103 
1366762,38 101 
1367288,83 100 
1367288,83 5
1367288,83 2161
1367288,83 10
1369268,74 25 
1369908,93 75 
1371118,7 72 
1371187,98 70 
1372709,66 80 
1374079,68 83 
1374622,69 64 544
1374851,92 74 213
1374851,92 63 213
1376359,06 150 
1376387,24 68 
1376880,65 249
1377297,96 92 
1377297,96 65 
1377318,01 103 
1377318,01 101 
1377844,44 100 
1377844,44 5
1377844,44 2161
1377844,44 11
1379824,28 25 
1380837,7 75 
1382044,75 72 
1382116,71 70 
1383625,23 80 
1384688,54 83 
1385129,33 64 441
1385290,54 74 136
1385290,54 62 136
1386301,92 150 
1386329,08 68 
1388341,19 92 
1388341,19 65 
1388366,62 103 
1388366,62 101 
1388902,02 100 
1388902,02 5
1388902,02 2161
1388902,02 11
1390886,28 25 
1391699,6 75 
1392908,27 72 
1392978,84 70 
1394498,98 80 
1395563,92 83 
1395980,45 64 417
1396137,34 74 134
1396137,34 62 134
1397647,7 150 
1397671,7 68 
1397998,23 249
1398999,8 172 
1399184,1 92 
1399184,1 65 
1399202,06 103 
1399202,06 101 
1399730,15 100 
1399730,15 5
1399730,15 2161
1399730,15 10
1401708,36 25 
1402415,16 75 
1403623,5 72 
1403694,38 70 
1405205,65 80 
1405559,76 83 
1406387,01 64 828
1406667,29 74 268
1406667,29 63 268
1407177,82 150 
1407200,85 68 
1407872,21 249
1408109,59 92 
1408109,59 65 
1408131,64 103 
1408131,64 101 
1408658,34 100 
1408658,34 5
1408658,34 2161
1408658,34 10
1410637,94 25 
1411331,41 75 
1412538,79 72 
1412610,65 70 
1414362,75 80 
1415928,72 83 
1416303,23 64 375
1416493,22 74 165
1416493,22 62 165
1417505,72 153 
1417529,26 68 
1418240,13 92 
1418240,13 65 
1418260,71 103 
1418260,71 101 
1418799,41 100 
1418799,41 5
1418799,41 2161
1418799,41 11
1420780,38 25 
1421313,85 75 
1422523,02 72 
1422594,62 70 
1424113,11 80 
1425178,16 83 
1427184,56 64 2006
1427350,54 74 147
1427350,54 62 147
1427863,1 150 
1427885,61 68 
1429894,71 92 
1429894,71 65 
1429909,15 103 
1429909,15 101 
1430438,62 100 
1430438,62 5
1430438,62 2161
1430438,62 10
1432415,5 25 
1433309,16 75 
1434519,63 72 
1434587,96 70 
1436098,03 80 
1437453,06 83 
1438496,58 64 1043
1438658,69 74 140
1438658,69 62 140
1439669,02 151 
1439692,8 69 
1441202,12 93 
1441211,07 103 
1441211,07 101 
1443237,16 100 
1443237,16 5
1443237,16 2161
1443237,16 11
1445223,45 25 
1448875,63 75 
1450085,89 72 
1450154,73 70 
1451671,73 80 
1452046,85 83 
1628888,37 64 176842
1629045,37 74 140
1629045,37 62 140
1630554,83 150 
1630586,86 68 
1631494,88 92 
1631494,88 65 
1631517,55 103 
1631517,55 101 
1632051,88 100 
1632051,88 5
1632051,88 2161
1632051,88 11
1634037,24 25 
1634703,94 75 
1635911,72 72 
1636103,16 70 
1637722,86 80 
1639207,97 83 
1639581,6 64 374
1639711,25 74 117
1639711,25 62 117
1640723,13 150 
1640742,05 68 
1641195,55 249
1641281,9 172 
1641454,62 92 
1641454,62 65 
1641473,37 103 
1641473,37 101 
1642001,02 100 
1642001,02 5
1642001,02 2161
1642001,02 10
1643979,78 25 
1644753,03 75 
1645962,76 72 
1646032,27 70 
1647547,83 80 
1647911,03 83 
1648893,55 64 983
1649075,55 74 166
1649075,55 63 166
1650586,98 150 
1650604,45 68 
1651095,6 249
1651314,12 92 
1651314,12 65 
1651335,86 103 
1651335,86 101 
1651863,44 100 
1651863,44 5
1651863,44 2161
1651863,44 10
1653842,25 25 
1654122,42 75 
1655329,63 72 
1655401,64 70 
1656911,07 80 
1657973,65 83 
1658617,84 64 645
1658829,72 74 191
1658829,72 63 191
1659339,36 150 
1659360,71 68 
1660871,46 92 
1660871,46 65 
1660891,85 103 
1660891,85 101 
1661427,46 100 
1661427,46 5
1661427,46 2161
1661427,46 11
1663411,57 25 
1664038,37 75 
1665247,54 72 
1665317,48 70 
1666832,24 80 
1667889,31 83 
1668396,06 64 507
1668553,87 74 145
1668553,87 62 145
1669564,03 150 
1669583,81 68 
1670318,31 249
1670495,63 92 
1670495,63 65 
1670514,45 103 
1670514,45 101 
1671041,8 100 
1671041,8 5
1671041,8 2161
1671041,8 11
1673020,93 25 
1673287,69 75 
1674495,85 72 
1674566,9 70 
1676078,83 80 
1676445,74 83 
1678697,66 64 2252
1678868,46 74 157
1678868,46 62 157
1679374,94 150 
1679392,29 68 
1681401,7 92 
1681401,7 65 
1681416,55 103 
1681416,55 101 
1681946,37 100 
1681946,37 4
1681946,37 2161
1681946,37 11
1681946,37 78 
1681946,37 198 
1683922,84 25 
1684536,31 75 
1685746,63 72 
1685817,25 70 
1687331,02 80 
1688680,56 83 
1689507,19 64 827
1689697 74 177
1689697 62 177
1691208,84 151 
1691227,96 69 
1692740,31 93 
1692758,41 103 
1692758,41 101 
1694791,71 100 
1694791,71 4
1694791,71 2161
1694791,71 10
1696770,75 25 
1696798,08 75 
1698005,78 72 
1698077,01 70 
1699592,1 80 
1700941,98 83 
2127033,5 64 426092
2127247,53 74 192
2127247,53 62 192
2127759,32 150 
2127790,82 68 
2128498,94 92 
2128498,94 65 
2128521,54 103 
2128521,54 101 
2129048,33 100 
2129048,33 4
2129048,33 2161
2129048,33 10
2131028,02 25 
2131641,29 75 
2132850,39 72 
2133080,42 70 
2134650,79 80 
2135145,81 83 
2136039,88 64 895
2136193,94 74 129
2136193,94 62 129
2137205,97 150 
2137226,03 68 
2138135,98 92 
2138135,98 65 
2138157,5 103 
2138157,5 101 
2138684,52 100 
2138684,52 4
2138684,52 2161
2138684,52 10
2140663,95 25 
2141250,76 75 
2142457,59 72 
2142529,82 70 
2144042,55 80 
2145102,44 83 
2145709,21 64 608
2145848,71 74 122
2145848,71 62 122
2147360,63 150 
2147381,86 68 
2147907,89 249
2149394,02 92 
2149394,02 65 
2149419,43 103 
2149419,43 101 
2149954,7 100 
2149954,7 4
2149954,7 2161
2149954,7 10
2151939,06 25 
2152285,94 75 
2153494,76 72 
2153565,22 70 
2155080,89 80 
2156443,51 83 
2792795,28 64 636352
2792990,23 74 175
2792990,23 62 175
2793998,81 150 
2794016,29 68 
2796025 92 
2796025 65 
2796040,43 103 
2796040,43 101 
2796567,13 100 
2796567,13 4
2796567,13 2161
2796567,13 11
2798546,79 25 
2798881,25 75 
2800088,09 72 
2800159,56 70 
2801672,43 80 
2802025 83 
2803269,6 64 1245
2803422,65 74 132
2803422,65 62 132
2804930,33 151 
2804958,52 69 
2806471,47 93 
2806489,33 103 
2806489,33 101 
2808515,63 100 
2808515,63 4
2808515,63 2161
2808515,63 11
2810501,73 25 
2810542,44 75 
2811750,87 72 
2811821,26 70 
2813342,86 80 
2814406,36 83 
2833576,3 64 19170
2833784,13 74 186
2833784,13 62 186
2834292,46 151 
2834318,76 69 
2835030,7 93 
2835050,63 103 
2835050,63 101 
2837086,05 100 
2837086,05 4
2837086,05 2161
2837086,05 10
2839063,04 25 
2839090,24 75 
2840298,35 72 
2840369,39 70 
2841875,7 80 
2842234,72 83 
2843399,59 64 1165
2843566,27 74 146
2843566,27 62 146
2844578,06 150 
2844608,13 68 
2845518,79 92 
2845518,79 65 
2845539,57 103 
2845539,57 101 
2846066,54 100 
2846066,54 4
2846066,54 2161
2846066,54 11
2848046 25 
2848672,62 75 
2849880,43 72 
2849951,93 70 
2851468,86 80 
2852523,73 83 
2853213,02 64 690
2853363,8 74 134
2853363,8 62 134
2854873,81 151 
2854897,06 69 
2856906,66 93 
2856921,44 103 
2856921,44 101 
2858947,86 100 
2858947,86 4
2858947,86 2161
2858947,86 11
2860933,98 25 
2860961,02 75 
2862169,48 72 
2862239,99 70 
2863759,24 80 
2865118,36 83 
3904595,62 64 1039478
3904785,53 74 172
3904785,53 62 172
3905297,12 153 
3905321,43 68 
3906185,71 249
3906831,06 92 
3906831,06 65 
3906852,6 103 
3906852,6 101 
3907388,07 100 
3907388,07 4
3907388,07 2161
3907388,07 11
3909372,21 25 
3909959,04 75 
3911168,65 72 
3911358,13 70 
3912980,88 80 
3914169,81 83 
3914753,33 64 584
3914896,38 74 127
3914896,38 62 127
3915404,94 151 
3915424,51 69 
3916134,3 93 
3916155,3 103 
3916155,3 101 
3918182,61 100 
3918182,61 4
3918182,61 2161
3918182,61 10
3920167,65 25 
3920195,01 75 
3921405,28 72 
3921473,96 70 
3922990,48 80 
3924352,22 83 
3925276,69 64 925
3925483,52 74 185
3925483,52 62 185
3926496,69 150 
3926525,79 68 
3927440,57 92 
3927440,57 65 
3927457,28 103 
3927457,28 101 
3927986,89 100 
3927986,89 4
3927986,89 2161
3927986,89 10
3929963,52 25 
3930631,23 75 
3931839,74 72 
3931909,49 70 
3933424,75 80 
3933775,22 83 
3935786,77 64 2012
3935969,7 74 170
3935969,7 62 170
3937478,7 150 
3937507,44 68 
3938217,63 92 
3938217,63 65 
3938239,34 103 
3938239,34 101 
3938775,11 100 
3938775,11 4
3938775,11 2161
3938775,11 11
3940758,97 25 
3941359,35 75 
3942566,89 72 
3942638,28 70 
3944152,06 80 
3944517,08 83 
3945707,91 64 1191
3945887,69 74 159
3945887,69 62 159
3947398,9 151 
3947423,63 69 
3948934,74 93 
3948954,86 103 
3948954,86 101 
3950981,14 100 
3950981,14 4
3950981,14 2161
3950981,14 10
3952967,26 25 
3954473,65 75 
3955682,73 72 
3955752,82 70 
3957266,31 80 
3958631,16 83 
3959674,35 64 1043
3959825,08 74 128
3959825,08 62 128
3960337,16 150 
3960364,84 68 
3961273,15 92 
3961273,15 65 
3961296,31 103 
3961296,31 101 
3961822,78 100 
3961822,78 4
3961822,78 2161
3961822,78 10
3963802,76 25 
3964562,62 75 
3965772,46 72 
3965841,86 70 
3967353,08 80 
3968413,91 83 
3968781,83 64 369
3968944,06 74 144
3968944,06 62 144
3969952,86 150 
3969974,26 68 
3971985,56 92 
3971985,56 65 
3971998,48 103 
3971998,48 101 
3972537,83 100 
3972537,83 4
3972537,83 2161
3972537,83 11
3974518,16 25 
3975104,85 75 
3976314,1 72 
3976384,27 70 
3977899,25 80 
3978956 83 
3979737,39 64 782
3979954,36 74 199
3979954,36 63 199
3980464,87 151 
3980490,45 69 
3981999,24 93 
3982020,91 103 
3982020,91 101 
3984048,02 100 
3984048,02 4
3984048,02 2161
3984048,02 11
3986033,27 25 
3986060,56 75 
3987267,91 72 
3987339,51 70 
3988850,61 80 
3989204,93 83 
3990789,84 64 1586
3990996,2 74 192
3990996,2 63 192
3992007,32 151 
3992031,96 69 
3992941,01 93 
3992963,03 103 
3992963,03 101 
3994990,13 100 
3994990,13 4
3994990,13 2161
3994990,13 10
3996975,41 25 
3997002,56 75 
3998210,4 72 
3998281,51 70 
3999795,15 80 
4001146,56 83 
4001682,19 64 536
4001838,23 74 132
4001838,23 62 132
4003348,97 152 
4003373,79 69 
4005385,08 93 
4005397,72 103 
4005397,72 101 
4007431,54 100 
4007431,54 4
4007431,54 2161
4007431,54 11
4009410,07 25 
4009983,69 75 
4011193,92 72 
4011262,79 70 
4012775,26 80 
4013834,63 83 
4014364,69 64 531
4014484,58 74 105
4014484,58 62 105
4014992,73 151 
4015022,59 69 
4015734,12 93 
4015753,5 103 
4015753,5 101 
4017781,6 100 
4017781,6 4
4017781,6 2161
4017781,6 10
4019765,76 25 
4027536,1 75 
4028745,23 72 
4028815,32 70 
4030330,41 80 
4031693,68 83 
4032651,93 64 959
4032851,48 74 185
4032851,48 62 185
4034359,87 150 
4034387,01 68 
4035895,8 92 
4035895,8 65 
4035918,23 103 
4035918,23 101 
4036444,51 100 
4036444,51 4
4036444,51 2161
4036444,51 11
4038424,53 25 
4039104,67 75 
4040312,88 72 
4040383,79 70 
4041896,18 80 
4042262,59 83 
4042918,23 64 656
4043214,08 74 272
4043214,08 63 272
4044227,14 151 
4044250,25 69 
4045157,7 93 
4045181,02 103 
4045181,02 101 
4047214,58 100 
4047214,58 4
4047214,58 2161
4047214,58 10
4049193,31 25 
4054098,31 75 
4055308,43 72 
4055377,45 70 
4056893,12 80 
4057949,36 83 
4058472,89 64 524
4058619,32 74 124
4058619,32 62 124
4059126,79 150 
4059149,92 68 
4059860,07 92 
4059860,07 65 
4059881,48 103 
4059881,48 101 
4060408,85 100 
4060408,85 4
4060408,85 2161
4060408,85 10
4062387,83 25 
4062881,3 75 
4064090,83 72 
4064160,44 70 
4065667,77 80 
4067025,5 83 
4067474,55 64 449
4067633,46 74 142
4067633,46 62 142
4068646,52 150 
4068665,87 68 
4069162,63 249
4070678,11 92 
4070678,11 65 
4070703,57 103 
4070703,57 101 
4071231,17 100 
4071231,17 4
4071231,17 2161
4071231,17 10
4073209,94 25 
4073703,35 75 
4074911,19 72 
4074982,55 70 
4076499,24 80 
4076861,36 83 
4077832,87 64 972
4077998 74 151
4077998 62 151
4079507,37 152 
4079528,75 69 
4081538,19 93 
4081552,4 103 
4081552,4 101 
4083585,35 100 
4083585,35 4
4083585,35 2161
4083585,35 11
4085564,79 25 
4087297,64 75 
4088508,84 72 
4088576,89 70 
4090089,86 80 
4091441,98 83 
4093596,7 64 2156
4093829,94 74 216
4093829,94 62 216
4094842,15 151 
4094868,97 69 
4096378,02 93 
4096399,41 103 
4096399,41 101 
4098427,16 100 
4098427,16 4
4098427,16 2161
4098427,16 11
4100411,78 25 
4107609,08 75 
4108819,69 72 
4108888,31 70 
4110400,45 80 
4111460,12 83 
4112076,2 64 616
4112302,34 74 203
4112302,34 61 203
4112812,77 150 
4112833,96 68 
4113742,22 92 
4113742,22 65 
4113765,43 103 
4113765,43 101 
4114294,72 100 
4114294,72 4
4114294,72 2161
4114294,72 10
4116271,75 25 
4117085,06 75 
4118292,69 72 
4118524,31 70 
4120098,6 80 
4120576,22 83 
4121201,53 64 625
4121356,72 74 142
4121356,72 62 142
4122866,89 150 
4122896,34 68 
4123603,85 92 
4123603,85 65 
4123627,92 103 
4123627,92 101 
4124167,17 100 
4124167,17 4
4124167,17 2161
4124167,17 11
4126147,55 25 
4126414,47 75 
4127622,96 72 
4127693,68 70 
4129215,42 80 
4129572,46 83 
4131702,55 64 2130
4132009,92 74 292
4132009,92 63 292
4132522,29 151 
4132546,51 69 
4133253,05 93 
4133263,89 103 
4133263,89 101 
4135291,35 100 
4135291,35 4
4135291,35 2161
4135291,35 11
4137276,22 25 
4137303,46 75 
4138511,96 72 
4138582,45 70 
4140099,28 80 
4141154,24 83 
4141511,83 64 358
4141743,91 74 217
4141743,91 61 217
4142753,77 150 
4142783,07 68 
4143334,55 249
4143402,39 171
4143694,49 92 
4143694,49 65 
4143712,83 103 
4143712,83 101 
4144239,95 100 
4144239,95 4
4144239,95 2161
4144239,95 10
4146219,18 25 
4146859,25 75 
4148068,96 72 
4148140,13 70 
4149652,78 80 
4151003,47 83 
4151396,15 64 393
4151513,14 74 97
4151513,14 62 97
4153024,01 150 
4153044,43 68 
4153546,76 249
4154553,47 92 
4154553,47 65 
4154574,91 103 
4154574,91 101 
4155109,98 100 
4155109,98 4
4155109,98 2161
4155109,98 11
4157094,52 25 
4157841,27 75 
4159048,46 72 
4159120,42 70 
4160630,04 80 
4161692,25 83 
4162376,77 64 685
4162534,46 74 136
4162534,46 62 136
4163545,35 151 
4163572,96 69 
4165584,38 93 
4165596,93 103 
4165596,93 101 
4167623,43 100 
4167623,43 4
4167623,43 2161
4167623,43 11
4169609,32 25 
4170449,36 75 
4171657,93 72 
4171728,57 70 
4173240,46 80 
4174593,62 83 
4176736,36 64 2143
4176949,27 74 197
4176949,27 61 197
4177460,53 150 
4177486,82 68 
4178996,51 92 
4178996,51 65 
4179017,95 103 
4179017,95 101 
4179545,18 100 
4179545,18 4
4179545,18 2161
4179545,18 10
4181524,3 25 
4182124,45 75 
4183330,59 72 
4183403,55 70 
4184917,83 80 
4185269,02 83 
4186075,77 64 808
4186224 74 129
4186224 62 129
4187734,68 150 
4187763,11 68 
4189776,15 92 
4189776,15 65 
4189800,14 103 
4189800,14 101 
4190334,94 100 
4190334,94 4
4190334,94 2161
4190334,94 10
4192319,74 25 
4192626,72 75 
4193835,73 72 
4193905,76 70 
4195422,41 80 
4196490,92 83 
4196943,77 64 454
4197112,04 74 155
4197112,04 62 155
4198623,63 150 
4198651,88 68 
4199362,49 92 
4199362,49 65 
4199382,71 103 
4199382,71 101 
4199909,05 100 
4199909,05 4
4199909,05 2161
4199909,05 11
4201889,05 25 
4202222,61 75 
4203432,71 72 
4203501,8 70 
4205012,06 80 
4206380,13 83 
4206759,25 64 379
4207021,45 74 242
4207021,45 61 242
4207528,67 150 
4207555,02 68 
4208463,06 92 
4208463,06 65 
4208485,58 103 
4208485,58 101 
4209013,57 100 
4209013,57 4
4209013,57 2161
4209013,57 10
4210991,88 25 
4218415,78 75 
4219624,13 72 
4219694,99 70 
4221208,57 80 
4221747,09 83 
4223152,02 64 1405
4223431,09 74 258
4223431,09 62 258
4224442,09 152 
4224467,79 69 
4225977,97 93 
4225998,15 103 
4225998,15 101 
4228033,5 100 
4228033,5 4
4228033,5 2161
4228033,5 10
4230010,5 25 
4231623,58 75 
4232830,06 72 
4232902,73 70 
4234592,58 80 
4236087,66 83 
4236711,17 64 624
4236844 74 117
4236844 62 117
4237354,1 150 
4237382,29 68 
4239390,64 92 
4239390,64 65 
4239405,92 103 
4239405,92 101 
4239932,23 100 
4239932,23 4
4239932,23 2161
4239932,23 11
4241912,27 25 
4243258,69 75 
4244466,97 72 
4244537,78 70 
4246056,59 80 
4247123,86 83 
4248180,67 64 1059
4248396,95 74 195
4248396,95 61 195
4249408,08 150 
4249430,5 68 
4250137,72 92 
4250137,72 65 
4250161,33 103 
4250161,33 101 
4250689,04 100 
4250689,04 4
4250689,04 2161
4250689,04 11
4252667,75 25 
4253147,94 75 
4254356,4 72 
4254427,07 70 
4255939,4 80 
4256305,74 83 
4257385,1 64 1080
4257582,59 74 185
4257582,59 61 185
4259090,55 150 
4259119,1 68 
4259785,31 249
4260030,33 92 
4260030,33 65 
4260050,51 103 
4260050,51 101 
4260591,65 100 
4260591,65 4
4260591,65 2161
4260591,65 11
4262570,11 25 
4262997 75 
4264206,5 72 
4264276,19 70 
4265799,33 80 
4266154,98 83 
4267365,46 64 1211
4267601,53 74 220
4267601,53 61 220
4268613,84 150 
4268635,15 68 
4269546,63 92 
4269546,63 65 
4269566,57 103 
4269566,57 101 
4270094,77 100 
4270094,77 4
4270094,77 2161
4270094,77 10
4272072,83 25 
4272486,38 75 
4273695,03 72 
4273765,56 70 
4275279,57 80 
4276643,85 83 
4276902,59 64 259
4277106,62 74 184
4277106,62 62 184
4277614,43 150 
4277631,28 68 
4278014,33 249
4278086,61 172 
4278341,45 92 
4278341,45 65 
4278362,77 103 
4278362,77 101 
4278890,17 100 
4278890,17 4
4278890,17 2161
4278890,17 11
4280869,07 25 
4281402,56 75 
4282298,84 250 
4282307,33 101 
4284320,97 100 
4284320,97 4
4284320,97 2161
4284320,97 11
4284320,97 25 
4294322,15 254 
4294342,62 101 
4296355,13 100 
4296355,13 4
4296355,13 2161
4296355,13 11
4296355,13 25 
4306356,97 254 
4306364,28 101 
4308376,73 100 
4308376,73 4
4308376,73 2161
4308376,73 11
4308376,73 25 
4318379,33 254 
4318385,99 101 
4320398,36 100 
4320398,36 4
4320398,36 2161
4320398,36 11
4320398,36 25 
4321451,6 75 
4322661,65 72 
4322731,54 70 
4324253,48 80 
4325316,92 83 
4326129,86 64 814
4326370,95 74 228
4326370,95 61 228
4327881,14 150 
4327903,46 68 
4328267,71 249
4329412,57 92 
4329412,57 65 
4329434,61 103 
4329434,61 101 
4329969,04 100 
4329969,04 4
4329969,04 2161
4329969,04 10
4331954,21 25 
4332621 75 
4333829,96 72 
4333900,19 70 
4335412,4 80 
4336965,11 83 
4337402,51 64 437
4337547,07 74 129
4337547,07 62 129
4338057,65 150 
4338085,8 68 
4338561,27 249
4338597,66 172 
4340095,67 92 
4340095,67 65 
4340123,43 103 
4340123,43 101 
4340651,56 100 
4340651,56 4
4340651,56 2161
4340651,56 10
4342629,8 25 
4343296,51 75 
4344504,68 72 
4344682,47 70 
4346211,14 80 
4347267,54 83 
4347705,59 64 439
4347851,28 74 131
4347851,28 62 131
4349359,83 150 
4349387,85 68 
4350897,69 92 
4350897,69 65 
4350918,95 103 
4350918,95 101 
4351445,49 100 
4351445,49 4
4351445,49 2161
4351445,49 10
4353425,24 25 
4353905,66 75 
4355113,79 72 
4355184,58 70 
4356699,88 80 
4357063,33 83 
4358168,94 64 1106
4358310,97 74 115
4358310,97 62 115
4359319,93 150 
4359344,41 68 
4359896 249
4361352,93 92 
4361352,93 65 
4361367,83 103 
4361367,83 101 
4361900,75 100 
4361900,75 4
4361900,75 2161
4361900,75 10
4363887,44 25 
4364394,3 75 
4365603,2 72 
4365673,51 70 
4367189,19 80 
4367552,24 83 
4368927,44 64 1375
4369074,17 74 123
4369074,17 62 123
4370083,17 150 
4370112,28 68 
4370822,34 92 
4370822,34 65 
4370843,88 103 
4370843,88 101 
4371373,87 100 
4371373,87 4
4371373,87 2161
4371373,87 11
4373350,19 25 
4383350,57 254 
4383371,8 101 
4385384,32 100 
4385384,32 4
4385384,32 2161
4385384,32 11
4385384,32 25 
4395385,53 254 
4395393,41 101 
4397405,92 100 
4397405,92 4
4397405,92 2161
4397405,92 11
4397405,92 25 
4402311,88 75 
4403518,92 72 
4403590,84 70 
4405109,78 80 
4406482,53 83 
4407130,06 64 648
4407201,13 256 
4407844,49 74 696
4407844,49 61 696
4409355,56 152 
4409376,45 69 
4410285,47 93 
4410307,22 103 
4410307,22 101 
4412335,34 100 
4412335,34 4
4412335,34 2161
4412335,34 11
4414319,57 25 
4424322,29 254 
4424341,22 101 
4426353,72 100 
4426353,72 4
4426353,72 2161
4426353,72 11
4426353,72 25 
4436355,06 254 
4436363,05 101 
4438375,32 100 
4438375,32 4
4438375,32 2161
4438375,32 11
4438375,32 25 
4448378,62 254 
4448397,74 101 
4450410,27 100 
4450410,27 4
4450410,27 2161
4450410,27 11
4450410,27 25 
4460412,11 254 
4460419,47 101 
4462431,84 100 
4462431,84 4
4462431,84 2161
4462431,84 11
4462431,84 25 
4472431,93 254 
4472441 101 
4474440,41 100 
4474440,41 4
4474440,41 2161
4474440,41 11
4474440,41 25 
4484440,59 254 
4484449,23 101 
4486461,73 100 
4486461,73 4
4486461,73 2161
4486461,73 11
4486461,73 25 
4496461,89 254 
4496470,85 101 
4498483,35 100 
4498483,35 4
4498483,35 2161
4498483,35 11
4498483,35 25 
4508483,9 254 
4508492,45 101 
4510505,04 100 
4510505,04 4
4510505,04 2161
4510505,04 11
4510505,04 25 
4520510,04 254 
4520527,34 101 
4522539,91 100 
4522539,91 4
4522539,91 2161
4522539,91 11
4522539,91 25 
4532543,36 254 
4532562,31 101 
4534574,8 100 
4534574,8 4
4534574,8 2161
4534574,8 11
4534574,8 25 
4544578,18 254 
4544597,21 101 
4546609,74 100 
4546609,74 4
4546609,74 2161
4546609,74 11
4546609,74 25 
4556612,49 254 
4556632,18 101 
4558644,65 100 
4558644,65 4
4558644,65 2161
4558644,65 11
4558644,65 25 
4563523,73 75 
4564004,04 250 
4564015,36 101 
4566029 100 
4566029 4
4566029 2161
4566029 11
4566029 25 
4567841,14 75 
4567958,91 250 
4567973,7 101 
4569974,21 100 
4569974,21 4
4569974,21 2161
4569974,21 11
4569974,21 25 
4570000,25 75 
4571209,36 72 
4571440,5 70 
4573013,83 80 
4574211,96 83 
4574288,47 64 77
4583877,6 256 
4584307,9 252 
4584313,94 101 
4586327,11 100 
4586327,11 4
4586327,11 2161
4586327,11 11
4586327,11 25 
4587447,03 75 
4588654,58 72 
4588726,23 70 
4589052,87 250 
4589071,91 101 
4591085,1 100 
4591085,1 4
4591085,1 2161
4591085,1 11
4591085,1 25 
4601086,34 254 
4601093,45 101 
4603105,94 100 
4603105,94 4
4603105,94 2161
4603105,94 11
4603105,94 25 
4613107,54 254 
4613115,08 101 
4615127,55 100 
4615127,55 4
4615127,55 2161
4615127,55 11
4615127,55 25 
4621432,8 75 
4622641,52 72 
4622657,71 70 
4623867,19 80 
4624923,86 83 
4625890,52 64 967
4626083,59 74 174
4626083,59 61 174
4626595,89 150 
4626618,3 68 
4627102,07 249
4627329,14 92 
4627329,14 65 
4627349,14 103 
4627349,14 101 
4627883 100 
4627883 4
4627883 2161
4627883 11
4629868,81 25 
4630562,31 75 
4631774,22 72 
4631841,39 70 
4633354,25 80 
4633720,15 83 
4634489,39 64 769
4634687,95 74 182
4634687,95 61 182
4636196,01 150 
4636214,62 68 
4637123,98 92 
4637123,98 65 
4637144,99 103 
4637144,99 101 
4637672,25 100 
4637672,25 4
4637672,25 2161
4637672,25 10
4639651,38 25 
4649652,32 254 
4649673,04 101 
4651685,48 100 
4651685,48 4
4651685,48 2161
4651685,48 10
4651685,48 25 
4661689,19 254 
4661707,9 101 
4663720,44 100 
4663720,44 4
4663720,44 2161
4663720,44 10
4663720,44 25 
4673720,78 254 
4673729,56 101 
4675742,02 100 
4675742,02 4
4675742,02 2161
4675742,02 10
4675742,02 25 
4677422,51 75 
4678629,65 72 
4678874,91 70 
4680445,26 80 
4681673,28 83 
4682008,04 64 335
4682039,94 256 
4682154,78 74 122
4682154,78 62 122
4682666,29 150 
4682687,41 68 
4684196,86 92 
4684196,86 65 
4684218,52 103 
4684218,52 101 
4684746,87 100 
4684746,87 4
4684746,87 2161
4684746,87 10
4686724,86 25 
4687658,14 75 
4688868,73 72 
4689057,33 70 
4690583,47 80 
4691948,96 83 
4692390,75 64 443
4692536,11 74 121
4692536,11 62 121
4693547,46 150 
4693576,93 68 
4694065,64 256 
4694070,4 249
4694151,89 172 
4696168,09 92 
4696168,09 65 
4696186,79 103 
4696186,79 101 
4696724,57 100 
4696724,57 4
4696724,57 2161
4696724,57 11
4698706,44 25 
4708709 254 
4708728,1 101 
4710727,47 100 
4710727,47 4
4710727,47 2161
4710727,47 11
4710727,47 25 
4719271,53 75 
4720477,74 72 
4720550,66 70 
4722069,88 80 
4722416,12 83 
4723235,96 64 820
4723391,23 74 136
4723391,23 61 136
4724404,73 150 
4724430,49 68 
4725340,28 92 
4725340,28 65 
4725361,18 103 
4725361,18 101 
4725888,32 100 
4725888,32 4
4725888,32 2161
4725888,32 11
4727867,49 25 
4737010,67 75 
4738218,5 72 
4738289,87 70 
4739807,45 80 
4741168,18 83 
4744893,41 64 3725
4751332,8 74 6420
4751332,8 62 6420
4751601,8 256 
4752059,86 251 
4752059,86 241 
4752083,2 101 
4754096,43 100 
4754096,43 4
4754096,43 2161
4754096,43 11
4754096,43 25 
4764097,01 254 
4764104,8 101 
4766117,29 100 
4766117,29 4
4766117,29 2161
4766117,29 11
4766117,29 25 
4770050,29 75 
4771258,28 72 
4771329,25 70 
4772850,38 80 
4774221,04 83 
4774609,4 64 389
4774645,25 256 
4774712,06 74 78
4774712,06 62 78
4775046,7 251 
4775046,7 241 
4775060,32 101 
4777073,43 100 
4777073,43 4
4777073,43 2161
4777073,43 11
4777073,43 25 
4782205,14 75 
4783411,87 72 
4783484,14 70 
4784998,23 80 
4786349,24 83 
4786564,63 64 216
4786761,59 74 173
4786761,59 61 173
4788269,08 150 
4788296,15 68 
4789804,49 92 
4789804,49 65 
4789827,38 103 
4789827,38 101 
4790354,88 100 
4790354,88 4
4790354,88 2161
4790354,88 11
4792333,7 25 
4792973,77 75 
4794183,44 72 
4794372,98 70 
4795900,31 80 
4796958,05 83 
4802782,16 64 5824
4803941,84 74 1134
4803941,84 61 1134
4804452,7 150 
4804476,04 68 
4805184,83 92 
4805184,83 65 
4805207,62 103 
4805207,62 101 
4805743,33 100 
4805743,33 4
4805743,33 2161
4805743,33 10
4807727,18 25 
4817729,54 254 
4817748,86 101 
4819761,36 100 
4819761,36 4
4819761,36 2161
4819761,36 10
4819761,36 25 
4829764,39 254 
4829783,81 101 
4831796,29 100 
4831796,29 4
4831796,29 2161
4831796,29 10
4831796,29 25 
4834249,88 75 
4835460,89 72 
4835528,93 70 
4837050,87 80 
4838420,58 83 
4839137,33 64 717
4839308,14 74 155
4839308,14 62 155
4840319,2 150 
4840341,92 68 
4842352,67 92 
4842352,67 65 
4842378,55 103 
4842378,55 101 
4842908 100 
4842908 4
4842908 2161
4842908 10
4844884,91 25 
4847737,42 75 
4848947,96 72 
4849016,6 70 
4850530,52 80 
4850882,09 83 
4853891,96 64 3010
4854033,49 74 126
4854033,49 62 126
4855541,84 150 
4855562,09 68 
4857073,7 92 
4857073,7 65 
4857092,38 103 
4857092,38 101 
4857620,71 100 
4857620,71 4
4857620,71 2161
4857620,71 11
4859598,87 25 
4859825,64 75 
4861034,47 72 
4861104,79 70 
4862623,55 80 
4863676,61 83 
4864170,98 64 495
4864396,34 74 200
4864396,34 61 200
4864905,97 150 
4864931,37 68 
4865641,03 92 
4865641,03 65 
4865662,11 103 
4865662,11 101 
4866197,95 100 
4866197,95 4
4866197,95 2161
4866197,95 11
4868181,76 25 
4868248,71 75 
4868643,1 250 
4868660,4 101 
4870674,09 100 
4870674,09 4
4870674,09 2161
4870674,09 11
4870674,09 25 
4870714,13 75 
4871921,83 72 
4871993,6 70 
4873511,5 80 
4874578,71 83 
4875083,3 64 505
4875119,98 256 
4875307,95 74 210
4875307,95 61 210
4876814,91 150 
4876832,68 68 
4877742,53 92 
4877742,53 65 
4877763,66 103 
4877763,66 101 
4878291,4 100 
4878291,4 4
4878291,4 2161
4878291,4 10
4880270,02 25 
4880776,78 75 
4881987,08 72 
4882056,02 70 
4883571,66 80 
4883934,77 83 
4885335,84 64 1402
4885465,54 74 105
4885465,54 62 105
4885973,92 152 
4886001,99 69 
4888012,55 93 
4888026,02 103 
4888026,02 101 
4890054,09 100 
4890054,09 4
4890054,09 2161
4890054,09 11
4892038,31 25 
4892065,7 75 
4893275,5 72 
4893344,64 70 
4894376,94 250 
4894396,74 101 
4896409,84 100 
4896409,84 4
4896409,84 2161
4896409,84 11
4896409,84 25 
4896438,03 75 
4897644,26 72 
4897661,9 70 
4898390,86 250 
4898408,26 101 
4900421,5 100 
4900421,5 4
4900421,5 2161
4900421,5 11
4900421,5 25 
4910423,29 254 
4910443,15 101 
4912455,66 100 
4912455,66 4
4912455,66 2161
4912455,66 11
4912455,66 25 
4912510,44 75 
4913719,57 72 
4913735,14 70 
4914946,66 80 
4916494,38 83 
4917755,43 64 1261
4917978,55 74 205
4917978,55 61 205
4918989,58 150 
4919014,44 68 
4920522,66 92 
4920522,66 65 
4920545,64 103 
4920545,64 101 
4921083,15 100 
4921083,15 4
4921083,15 2161
4921083,15 10
4923065,29 25 
4923612,16 75 
4924819,22 72 
4924891,34 70 
4926400,2 80 
4926770,05 83 
4928674,75 64 1905
4928974,77 74 286
4928974,77 62 286
4930487,59 150 
4930516,4 68 
4930880,92 256 
4930986,02 249
4931477,78 172 
4932909,83 92 
4932909,83 65 
4932927,11 103 
4932927,11 101 
4933454,96 100 
4933454,96 4
4933454,96 2161
4933454,96 11
4935433,43 25 
4938432,56 75 
4939642,13 72 
4939711,71 70 
4941227,82 80 
4942283,52 83 
4942656,96 64 374
4942908,59 74 239
4942908,59 61 239
4943421,32 150 
4943444,96 68 
4943836,62 249
4944155,87 92 
4944155,87 65 
4944175,77 103 
4944175,77 101 
4944704,05 100 
4944704,05 4
4944704,05 2161
4944704,05 11
4946682,02 25 
4947135,88 75 
4948344,28 72 
4948414,7 70 
4949931,91 80 
4951280,06 83 
4951669,99 64 391
4951884,89 74 193
4951884,89 61 193
4952897,17 150 
4952920,14 68 
4953319,52 249
4953584,76 171
4953829,92 92 
4953829,92 65 
4953851,7 103 
4953851,7 101 
4954387,03 100 
4954387,03 4
4954387,03 2161
4954387,03 10
4956371,26 25 
4957264,7 75 
4958475,5 72 
4958543,89 70 
4960051,07 80 
4961422,11 83 
4961673,39 64 251
4961822,74 74 135
4961822,74 62 135
4962333,47 150 
4962356,32 68 
4963269,58 92 
4963269,58 65 
4963287,72 103 
4963287,72 101 
4963816,12 100 
4963816,12 4
4963816,12 2161
4963816,12 10
4965793,99 25 
4966180,89 75 
4967389,78 72 
4967459,99 70 
4968978,1 80 
4970031,8 83 
4970571,04 64 540
4970781,22 74 190
4970781,22 62 190
4972290,24 150 
4972312,77 68 
4974323,08 92 
4974323,08 65 
4974336,45 103 
4974336,45 101 
4974862,73 100 
4974862,73 4
4974862,73 2161
4974862,73 10
4976842,62 25 
4977602,73 75 
4978811,65 72 
4978881,89 70 
4980403,91 80 
4980760,7 83 
4981609,6 64 849
4981757,51 74 131
4981757,51 62 131
4982769,7 150 
4982788,44 68 
4983496,81 92 
4983496,81 65 
4983519,25 103 
4983519,25 101 
4984054,57 100 
4984054,57 4
4984054,57 2161
4984054,57 10
4986038,81 25 
4987771,7 75 
4988982,02 72 
4989050,95 70 
4990565,71 80 
4991623,08 83 
4991906,19 64 284
4992060,11 74 131
4992060,11 62 131
4993068,94 150 
4993090,64 68 
4994599,77 92 
4994599,77 65 
4994621,13 103 
4994621,13 101 
4995147,9 100 
4995147,9 4
4995147,9 2161
4995147,9 11
4997127,41 25 
4998687,19 75 
4999896,19 72 
4999966,45 70 
5001480,85 80 
5001831,97 83 
5002445,75 64 615
5002658,98 74 188
5002658,98 61 188
5003169,51 150 
5003193,03 68 
5003901,49 92 
5003901,49 65 
5003923,88 103 
5003923,88 101 
5004451,71 100 
5004451,71 4
5004451,71 2161
5004451,71 11
5006430,19 25 
5007136,93 75 
5008344,76 72 
5008416,11 70 
5009929,79 80 
5010280,43 250 
5010294,45 101 
5012307,76 100 
5012307,76 4
5012307,76 2161
5012307,76 11
5012307,76 25 
5022310,51 254 
5022329,38 101 
5024341,87 100 
5024341,87 4
5024341,87 2161
5024341,87 11
5024341,87 25 
5026115,58 75 
5027324,71 72 
5027554,72 70 
5029131,17 80 
5030672,92 83 
5030988,97 64 317
5031273,68 74 268
5031273,68 61 268
5032782,43 152 
5032807,35 69 
5033717,08 93 
5033737,98 103 
5033737,98 101 
5035772,44 100 
5035772,44 4
5035772,44 2161
5035772,44 11
5037750,31 25 
5045147,58 75 
5046356,41 72 
5046546,74 70 
5047294,49 250 
5047305,52 101 
5049318,78 100 
5049318,78 4
5049318,78 2161
5049318,78 11
5049318,78 25 
5059321,57 254 
5059340,43 101 
5061352,96 100 
5061352,96 4
5061352,96 2161
5061352,96 11
5061352,96 25 
5071353,81 254 
5071375,39 101 
5073387,88 100 
5073387,88 4
5073387,88 2161
5073387,88 11
5073387,88 25 
5076587,69 75 
5077796,15 72 
5077812,68 70 
5079020,04 80 
5080385,33 83 
5080740,83 64 356
5080935,37 74 177
5080935,37 61 177
5082444,34 150 
5082465,66 68 
5083977,02 92 
5083977,02 65 
5083996,8 103 
5083996,8 101 
5087416,67 102 
