71,94 100 
71,94 1
71,94 2162
71,94 11
2031,53 25 
3175,9 75 
4384,49 72 
4615,09 70 
6197,01 80 
7480,81 83 
8222,33 64 741
8288,98 256 
8510,3 74 268
8510,3 61 268
9522,18 151 
9546,96 69 
11059,4 93 
11080,91 103 
11080,91 101 
13105,2 100 
13105,2 1
13105,2 2162
13105,2 10
15091,24 25 
15145 75 
16352,96 72 
16424,16 70 
17960,32 80 
19329,14 83 
19685,77 64 357
19895,32 74 192
19895,32 63 192
20405,14 151 
20436,46 69 
21149,06 93 
21168,06 103 
21168,06 101 
23197,53 100 
23197,53 1
23197,53 2162
23197,53 11
25180,32 25 
25207,49 75 
26414,82 72 
26486,5 70 
28011,91 80 
28391,9 83 
29372,42 64 981
29550,2 74 160
29550,2 61 160
31059,14 151 
31084,86 69 
33092,36 93 
33109,53 103 
33109,53 101 
35148,28 100 
35148,28 1
35148,28 2162
35148,28 11
37121,87 25 
37149,94 75 
38358,91 72 
38428,02 70 
39950,39 80 
41026,47 83 
41545,7 64 520
41706,94 74 146
41706,94 62 146
42217,27 150 
42239,6 68 
43151,02 92 
43151,02 65 
43171,87 103 
43171,87 101 
43701,9 100 
43701,9 1
43701,9 2162
43701,9 11
45678,2 25 
45891,86 75 
47097,16 72 
47170,98 70 
48699,4 80 
50062,65 83 
50405,81 64 343
50555,48 74 134
50555,48 62 134
52065,07 150 
52090,38 68 
52800,5 92 
52800,5 65 
52821,05 103 
52821,05 101 
53349,69 100 
53349,69 1
53349,69 2162
53349,69 10
55340,66 25 
55514,34 75 
56721,94 72 
56793,47 70 
58321,71 80 
58698,88 83 
59507,24 64 809
59670,2 74 146
59670,2 61 146
60681,54 150 
60700,11 68 
62712,1 92 
62712,1 65 
62736,81 103 
62736,81 101 
63270,19 100 
63270,19 1
63270,19 2162
63270,19 10
65256,42 25 
65416,78 75 
66623,39 72 
66696 70 
68223,69 80 
69294,39 83 
69696,31 64 403
69887,71 74 167
69887,71 61 167
70899,56 152 
70921,47 69 
71831,16 93 
71852,99 103 
71852,99 101 
73880,43 100 
73880,43 1
73880,43 2162
73880,43 10
75865,22 25 
75892,52 75 
77101,59 72 
77171,43 70 
78700,28 80 
80076,45 83 
80718,43 64 643
80850,69 74 108
80850,69 62 108
82361,73 151 
82383,24 69 
83176,15 249 
83199,33 256 
84782,02 93 
84794,05 103 
84794,05 101 
86824,24 100 
86824,24 1
86824,24 2162
86824,24 10
88806,38 25 
88833,75 75 
90041,09 72 
90112,57 70 
91636,13 80 
92004,66 83 
93120,99 64 1116
93261,1 74 125
93261,1 62 125
93769,93 151 
93791,68 69 
94699,78 93 
94709,81 103 
94709,81 101 
96745,9 100 
96745,9 1
96745,9 2162
96745,9 11
98722,09 25 
98750,2 75 
99959,82 72 
100028,26 70 
101556,93 80 
102626,76 83 
103068,81 64 442
103219,17 74 126
103219,17 62 126
104228,1 150 
104254,02 68 
104598,94 249
104624,03 172 
104966,64 92 
104966,64 65 
104985,38 103 
104985,38 101 
105512,55 100 
105512,55 1
105512,55 2162
105512,55 10
107491,68 25 
107945,22 75 
109153,59 72 
109224,51 70 
110749,67 80 
111116,41 83 
111993,69 64 878
112159,9 74 151
112159,9 61 151
112670,01 150 
112690,97 68 
114200,82 92 
114200,82 65 
114221,43 103 
114221,43 101 
114749,05 100 
114749,05 1
114749,05 2162
114749,05 11
116727,72 25 
116808,08 75 
118016,85 72 
118207,18 70 
119832,56 80 
121378,72 83 
121662,11 64 284
121809,14 74 125
121809,14 62 125
123317,64 150 
123339,06 68 
125348,88 92 
125348,88 65 
125363,61 103 
125363,61 101 
125903,9 100 
125903,9 1
125903,9 2162
125903,9 11
127882,94 25 
128376,42 75 
129585,36 72 
129655,59 70 
131178,75 80 
132240,8 83 
132489,8 64 249
132640,99 74 134
132640,99 62 134
133153,97 150 
133175,65 68 
134086,53 92 
134086,53 65 
134106,23 103 
134106,23 101 
134634,88 100 
134634,88 1
134634,88 2162
134634,88 10
136612,5 25 
137145,99 75 
138353,43 72 
138425,16 70 
139944,25 80 
140317,29 83 
141136,48 64 820
141169,13 256 
141350,8 74 194
141350,8 61 194
142363,21 150 
142384,88 68 
144393,09 92 
144393,09 65 
144408,48 103 
144408,48 101 
144937,91 100 
144937,91 1
144937,91 2162
144937,91 11
146914,81 25 
147501,57 75 
148709,92 72 
148780,74 70 
150303,26 80 
151648,89 250 
151658,95 101 
153671,84 100 
153671,84 1
153671,84 2162
153671,84 11
153671,84 25 
153699,1 75 
154906,93 72 
154978,18 70 
156501,79 80 
157869,73 83 
158508,08 64 638
158680,81 74 158
158680,81 62 158
160189,97 150 
160216,62 68 
160929,49 92 
160929,49 65 
160948,04 103 
160948,04 101 
161482,37 100 
161482,37 1
161482,37 2162
161482,37 11
163467,65 25 
163627,95 75 
164835,51 72 
164907,14 70 
166431,42 80 
167505,66 83 
168310,35 64 805
168470,54 74 139
168470,54 62 139
169478,15 150 
169506,62 68 
171018,37 92 
171018,37 65 
171037,09 103 
171037,09 101 
171564,62 100 
171564,62 1
171564,62 2162
171564,62 11
173543,36 25 
173970,41 75 
175178,57 72 
175249,43 70 
176771,86 80 
178141,11 83 
178564,87 64 424
178740,34 74 160
178740,34 62 160
180251,79 150 
180275,39 68 
180985,19 92 
180985,19 65 
181006,15 103 
181006,15 101 
181533,57 100 
181533,57 1
181533,57 2162
181533,57 10
183512,48 25 
183739,56 75 
184949,83 72 
185018,57 70 
186536,36 80 
186910,66 83 
187873,44 64 963
188049,32 74 153
188049,32 61 153
188557,42 150 
188578,51 68 
189487,39 92 
189487,39 65 
189509,17 103 
189509,17 101 
190043,71 100 
190043,71 1
190043,71 2162
190043,71 10
192028,76 25 
192388,97 75 
193598,61 72 
193668,14 70 
195193,07 80 
195560,25 83 
196432,25 64 873
196602,94 74 150
196602,94 61 150
198112,75 150 
198133,57 68 
200145,27 92 
200145,27 65 
200171,24 103 
200171,24 101 
200698,92 100 
200698,92 1
200698,92 2162
200698,92 10
202677,57 25 
202984,41 75 
204194,05 72 
204263,6 70 
205779,48 80 
206848,77 83 
207562,43 64 714
207743,53 74 162
207743,53 61 162
208753,48 152 
208783,11 69 
210294,08 93 
210313,59 103 
210313,59 101 
212341,83 100 
212341,83 1
212341,83 2162
212341,83 10
214325,85 25 
214353,19 75 
215560,66 72 
215632,08 70 
217163,93 80 
218523,7 83 
218959,29 64 436
219123,81 74 147
219123,81 61 147
219635,21 150 
219657,98 68 
220369,62 92 
220369,62 65 
220389,29 103 
220389,29 101 
220924,88 100 
220924,88 1
220924,88 2162
220924,88 10
222908,88 25 
223469,07 75 
224675,03 72 
224908,11 70 
226482,92 80 
228039,66 83 
228608,58 64 569
228752,96 74 127
228752,96 62 127
230262,66 153 
230293,19 68 
232301,49 92 
232301,49 65 
232317,46 103 
232317,46 101 
232844,1 100 
232844,1 1
232844,1 2162
232844,1 10
234823,8 25 
235303,97 75 
236513,79 72 
236583,11 70 
238111,17 80 
238488,54 83 
239618,85 64 1131
239767,39 74 133
239767,39 62 133
240278,78 151 
240302,26 69 
241810,8 93 
241820,12 103 
241820,12 101 
243847,03 100 
243847,03 1
243847,03 2162
243847,03 11
245832,41 25 
245860,53 75 
247068,61 72 
247138,68 70 
248658,76 80 
249737,01 83 
250289,54 64 553
250446,07 74 136
250446,07 62 136
251456,63 150 
251484,82 68 
252394,47 92 
252394,47 65 
252415,6 103 
252415,6 101 
252951,97 100 
252951,97 1
252951,97 2162
252951,97 11
254935,15 25 
255348,65 75 
256555,14 72 
256627,92 70 
258147,59 80 
259519,53 83 
260072,66 64 554
260225,39 74 133
260225,39 62 133
260735,15 150 
260760,97 68 
261672,69 92 
261672,69 65 
261691,53 103 
261691,53 101 
262219,5 100 
262219,5 1
262219,5 2162
262219,5 10
264197,91 25 
264398,1 75 
265606,56 72 
265677,34 70 
267199,69 80 
267569,49 83 
268609 64 1040
268759,14 74 124
268759,14 62 124
270269,2 151 
270290,14 69 
271799,68 93 
271820,56 103 
271820,56 101 
273847,03 100 
273847,03 1
273847,03 2162
273847,03 11
275832,84 25 
275860,05 75 
277065,41 72 
277139,04 70 
278659,92 80 
279737,56 83 
280282,37 64 546
280438,29 74 142
280438,29 62 142
281447,79 150 
281471,98 68 
282185,19 92 
282185,19 65 
282202,76 103 
282202,76 101 
282737,12 100 
282737,12 1
282737,12 2162
282737,12 10
284722,42 25 
284935,96 75 
286143 72 
286215,25 70 
287741 80 
289106,79 83 
289479,34 64 373
289662,84 74 170
289662,84 61 170
291171,18 150 
291201,11 68 
293210,84 92 
293210,84 65 
293224,69 103 
293224,69 101 
293751,98 100 
293751,98 1
293751,98 2162
293751,98 11
295731,03 25 
296184,51 75 
297392,43 72 
297463,68 70 
298979,95 80 
300035,52 83 
300724,76 64 690
300882,5 74 141
300882,5 62 141
301391,7 150 
301409,47 68 
302317,68 92 
302317,68 65 
302340,8 103 
302340,8 101 
302867,32 100 
302867,32 1
302867,32 2162
302867,32 11
304847,04 25 
305367,26 75 
306575,47 72 
306646,45 70 
308168,77 80 
308525,14 83 
309740,33 64 1216
309904,38 74 140
309904,38 62 140
310914,56 150 
310939,32 68 
311648,49 92 
311648,49 65 
311670,16 103 
311670,16 101 
312208,95 100 
312208,95 1
312208,95 2162
312208,95 11
314189,76 25 
314523,32 75 
315733,91 72 
315802,49 70 
317325,97 80 
317694,57 83 
319121,53 64 1427
319268,7 74 122
319268,7 62 122
319779,05 150 
319802,28 68 
321311,61 92 
321311,61 65 
321332,66 103 
321332,66 101 
321860,05 100 
321860,05 1
321860,05 2162
321860,05 11
323839,83 25 
324652,56 75 
324660,19 250 
324677,58 101 
326691,02 100 
326691,02 1
326691,02 2162
326691,02 11
326691,02 25 
326718,01 75 
327925,85 72 
327997,29 70 
329527,27 80 
331075,47 83 
331470,71 64 396
331625,29 74 137
331625,29 62 137
332636,07 150 
332663,47 68 
334674,19 92 
334674,19 65 
334700,25 103 
334700,25 101 
335226,59 100 
335226,59 1
335226,59 2162
335226,59 11
337206,56 25 
337861,47 75 
339069,24 72 
339139,13 70 
340657,42 80 
341724,23 83 
342222,75 64 499
342397,51 74 154
342397,51 62 154
343907,61 150 
343938,48 68 
345949,27 92 
345949,27 65 
345975,43 103 
345975,43 101 
346510,86 100 
346510,86 1
346510,86 2162
346510,86 10
348495,05 25 
348935,23 75 
350143,18 72 
350214,38 70 
351739,76 80 
352799,52 83 
353172,35 64 374
353341,05 74 155
353341,05 62 155
354852,83 151 
354880,45 69 
355790,87 93 
355811,2 103 
355811,2 101 
357838,69 100 
357838,69 1
357838,69 2162
357838,69 10
359823,54 25 
359850,84 75 
361058,96 72 
361129,73 70 
362657,68 80 
363008,43 83 
364036,74 64 1029
364238,06 74 178
364238,06 61 178
365248,69 150 
365276,08 68 
365703,22 249
365985,28 92 
365985,28 65 
366006,84 103 
366006,84 101 
366535,37 100 
366535,37 1
366535,37 2162
366535,37 10
368513,1 25 
368820,11 75 
370028,45 72 
370099,18 70 
371619,31 80 
372977,73 83 
373432,96 64 455
373606,91 74 150
373606,91 61 150
374118,84 152 
374138,85 69 
375648,75 93 
375669,39 103 
375669,39 101 
377708,02 100 
377708,02 1
377708,02 2162
377708,02 11
379681,87 25 
379709,19 75 
380915,31 72 
380987,84 70 
382508,71 80 
382879,94 83 
384212,03 64 1332
384379,74 74 154
384379,74 62 154
385388,27 150 
385413,41 68 
386124,91 92 
386124,91 65 
386144,9 103 
386144,9 101 
386675,29 100 
386675,29 1
386675,29 2162
386675,29 10
388651,17 25 
389197,94 75 
390406,88 72 
390477,11 70 
392000,31 80 
393075,62 83 
393389,33 64 314
393557,58 74 149
393557,58 61 149
394065,22 150 
394090,34 68 
396098,74 92 
396098,74 65 
396113,9 103 
396113,9 101 
396640,94 100 
396640,94 1
396640,94 2162
396640,94 11
398620,17 25 
399060,39 75 
400269,87 72 
400339,53 70 
401860,92 80 
403231,2 83 
403559,59 64 329
403715,2 74 138
403715,2 62 138
405225,02 150 
405245,04 68 
405597,88 249
405627,38 172 
406155,24 92 
406155,24 65 
406176,28 103 
406176,28 101 
406715,15 100 
406715,15 1
406715,15 2162
406715,15 10
408695,91 25 
409217,05 75 
410426,69 72 
410495,21 70 
412011,74 80 
412361,21 83 
413314,01 64 953
413492,32 74 159
413492,32 61 159
414504,99 150 
414534,94 68 
416046,44 92 
416046,44 65 
416065,43 103 
416065,43 101 
416594,41 100 
416594,41 1
416594,41 2162
416594,41 10
418571,7 25 
419118,43 75 
420325,6 72 
420397,73 70 
421918,62 80 
423289,3 83 
423728,45 64 440
423873,24 74 131
423873,24 62 131
424383,47 151 
424409,89 69 
425121,14 93 
425141,49 103 
425141,49 101 
427170,78 100 
427170,78 1
427170,78 2162
427170,78 11
429153,83 25 
429181,94 75 
430391,03 72 
430460,02 70 
431988,21 80 
433045,11 83 
433572,1 64 527
433711,55 74 120
433711,55 62 120
435220,4 150 
435245,36 68 
437255,17 92 
437255,17 65 
437282,94 103 
437282,94 101 
437820,23 100 
437820,23 1
437820,23 2162
437820,23 10
439802,53 25 
440202,79 75 
441409,49 72 
441641,86 70 
443437,07 80 
444200,32 83 
444785,32 64 586
444806,37 256 
445054,58 74 255
445054,58 61 255
446565,57 150 
446587,91 68 
447499,36 92 
447499,36 65 
447518,57 103 
447518,57 101 
448045,83 100 
448045,83 1
448045,83 2162
448045,83 11
450024,86 25 
450385,29 75 
451591,95 72 
451664,22 70 
453190,84 80 
454556,71 83 
455007,2 64 452
455197,03 74 175
455197,03 62 175
455706,17 150 
455729,86 68 
457241,58 92 
457241,58 65 
457261,04 103 
457261,04 101 
457787,4 100 
457787,4 1
457787,4 2162
457787,4 11
459767,37 25 
460327,58 75 
461534,72 72 
461606,64 70 
463131,02 80 
464205,11 83 
464821,08 64 616
464975,46 74 131
464975,46 62 131
465984,87 150 
466006,29 68 
467517,09 92 
467517,09 65 
467536,65 103 
467536,65 101 
468068,88 100 
468068,88 1
468068,88 2162
468068,88 11
470056,29 25 
470509,75 75 
471718,64 72 
471788,93 70 
473317,59 80 
474387,44 83 
474963,31 64 577
475118,83 74 132
475118,83 62 132
476630,41 150 
476655,04 68 
478665,98 92 
478665,98 65 
478691,87 103 
478691,87 101 
479220,06 100 
479220,06 1
479220,06 2162
479220,06 11
481198,13 25 
481651,63 75 
482860,04 72 
482930,85 70 
484449,83 80 
484822,9 83 
486431,55 64 1609
486608,59 74 160
486608,59 62 160
487117,71 150 
487143,77 68 
487855,98 92 
487855,98 65 
487874,6 103 
487874,6 101 
488401,92 100 
488401,92 1
488401,92 2162
488401,92 10
490380,9 25 
490967,62 75 
492177,76 72 
492246,87 70 
493771,33 80 
495138,49 83 
495477,47 64 340
495645,85 74 148
495645,85 61 148
496657,13 150 
496686,43 68 
497201,55 249
497598,03 92 
497598,03 65 
497617,15 103 
497617,15 101 
498152,73 100 
498152,73 1
498152,73 2162
498152,73 10
500136,7 25 
500296,97 75 
501503,95 72 
501576,18 70 
503095,92 80 
504454,49 83 
504903,84 64 450
505061,68 74 141
505061,68 62 141
505571,52 151 
505602,56 69 
507612,86 93 
507626,13 103 
507626,13 101 
509654,62 100 
509654,62 1
509654,62 2162
509654,62 10
511638,42 25 
511665,76 75 
512872,55 72 
512944,67 70 
514463,26 80 
514823,37 83 
515659,86 64 837
515830,95 74 155
515830,95 61 155
517341,96 152 
517370,98 69 
518280,27 93 
518301,53 103 
518301,53 101 
520328,97 100 
520328,97 1
520328,97 2162
520328,97 11
522313,82 25 
522341,04 75 
523549,34 72 
523620,08 70 
525143,12 80 
526205,18 83 
526854,79 64 650
527030,15 74 159
527030,15 62 159
528042,78 150 
528072,2 68 
529581,22 92 
529581,22 65 
529603,39 103 
529603,39 101 
530140,79 100 
530140,79 1
530140,79 2162
530140,79 11
532123,05 25 
532736,44 75 
533945,79 72 
534015,66 70 
535546,82 80 
536920,58 83 
537431,25 64 511
537568,3 74 115
537568,3 62 115
538078,36 150 
538108,61 68 
538817,17 92 
538817,17 65 
538839,41 103 
538839,41 101 
539365,77 100 
539365,77 1
539365,77 2162
539365,77 10
541345,73 25 
541919,12 75 
543128,42 72 
543198,32 70 
544725,23 80 
545090,47 83 
546128,11 64 1039
546324,26 74 182
546324,26 61 182
547834,48 150 
547864,74 68 
548575,8 92 
548575,8 65 
548595,21 103 
548595,21 101 
549122,81 100 
549122,81 1
549122,81 2162
549122,81 10
551101,59 25 
551621,64 75 
552829,6 72 
553060,77 70 
554641,2 80 
555845,87 83 
556490,73 64 645
556660,22 74 149
556660,22 61 149
557670,05 150 
557699,41 68 
559207,52 92 
559207,52 65 
559230,64 103 
559230,64 101 
559764,85 100 
559764,85 1
559764,85 2162
559764,85 10
561750,3 25 
562363,7 75 
563573,83 72 
563642,86 70 
565162,29 80 
565521,63 83 
566596,43 64 1075
566782,25 74 169
566782,25 61 169
568293,31 152 
568321,56 69 
570334,01 93 
570345,9 103 
570345,9 101 
572373,83 100 
572373,83 1
572373,83 2162
572373,83 11
574358,19 25 
574385,46 75 
575593,53 72 
575664,36 70 
577183,83 80 
578249,58 83 
579125,76 64 876
579277,14 74 136
579277,14 62 136
579789,39 150 
579809,97 68 
580719,03 92 
580719,03 65 
580741,44 103 
580741,44 101 
581270,19 100 
581270,19 1
581270,19 2162
581270,19 10
583247,7 25 
583887,81 75 
585095,66 72 
585167,04 70 
586689,92 80 
588058,76 83 
588504,03 64 445
588685,84 74 161
588685,84 61 161
589697,37 150 
589726,74 68 
591238,26 92 
591238,26 65 
591256,9 103 
591256,9 101 
591792,69 100 
591792,69 1
591792,69 2162
591792,69 11
593776,64 25 
594509,94 75 
595718,08 72 
595789,1 70 
597308,13 80 
597681,33 83 
598772,79 64 1092
598926,89 74 140
598926,89 62 140
599440,14 150 
599468,26 68 
600175,86 92 
600175,86 65 
600199,79 103 
600199,79 101 
600726,28 100 
600726,28 1
600726,28 2162
600726,28 11
602706,02 25 
603039,6 75 
604247,82 72 
604318,77 70 
605844,17 80 
606917,24 83 
607687,47 64 771
607856,57 74 153
607856,57 62 153
609366,56 150 
609384,89 68 
610293,06 92 
610293,06 65 
610315,44 103 
610315,44 101 
610844,41 100 
610844,41 1
610844,41 2162
610844,41 10
612821,72 25 
613395,17 75 
614603,71 72 
614674,43 70 
616201,06 80 
617565,99 83 
617947,23 64 382
618151,6 74 186
618151,6 61 186
619159,34 150 
619180,67 68 
619712,52 249
621190,31 92 
621190,31 65 
621204,1 103 
621204,1 101 
621744,79 100 
621744,79 1
621744,79 2162
621744,79 11
623723,7 25 
624124,11 75 
625331,66 72 
625403,07 70 
626926,81 80 
628308,12 83 
628785,49 64 478
628929,86 74 129
628929,86 62 129
629440,54 150 
629468,69 68 
631477,02 92 
631477,02 65 
631493,01 103 
631493,01 101 
632019,3 100 
632019,3 1
632019,3 2162
632019,3 10
633999,27 25 
634346,2 75 
635555,09 72 
635625,41 70 
637142,13 80 
637504,12 83 
638759,57 64 1256
638988,03 74 204
638988,03 61 204
640500,44 150 
640531,42 68 
640992,28 249
642041,4 92 
642041,4 65 
642061,81 103 
642061,81 101 
642588 100 
642588 1
642588 2162
642588 10
644568,09 25 
645221,54 75 
646430,27 72 
646500,72 70 
648026,55 80 
649099,26 83 
649559,46 64 461
649752,43 74 174
649752,43 61 174
650761,28 150 
650779,78 68 
651561,86 249
651689,06 92 
651689,06 65 
651711,03 103 
651711,03 101 
652248,88 100 
652248,88 1
652248,88 2162
652248,88 11
654230,63 25 
654790,77 75 
656000,07 72 
656243,19 70 
657822,01 80 
659108,31 83 
659496,25 64 389
659663,08 74 142
659663,08 62 142
660173,85 150 
660202,28 68 
660909,19 92 
660909,19 65 
660933,72 103 
660933,72 101 
661461,48 100 
661461,48 1
661461,48 2162
661461,48 11
663440 25 
664160,12 75 
665369,87 72 
665559,19 70 
667098,52 80 
667464,62 83 
668609,95 64 1145
668767,78 74 143
668767,78 62 143
670276,15 152 
670306,11 69 
671218,13 93 
671236,02 103 
671236,02 101 
673263,61 100 
673263,61 1
673263,61 2162
673263,61 11
675248,3 25 
675275,48 75 
676483,1 72 
676554,52 70 
678078,46 80 
679446,13 83 
679840,75 64 395
680038,24 74 180
680038,24 62 180
681051,02 150 
681073,99 68 
682581,6 92 
682581,6 65 
682604,44 103 
682604,44 101 
683138,35 100 
683138,35 1
683138,35 2162
683138,35 10
685124,05 25 
685750,98 75 
686959,97 72 
687030,13 70 
688561,84 80 
689615,12 83 
690344,94 64 730
690554 74 193
690554 61 193
692062,45 150 
692082,65 68 
692812,73 249
694094,28 92 
694094,28 65 
694119,48 103 
694119,48 101 
694646,5 100 
694646,5 1
694646,5 2162
694646,5 11
696625,82 25 
697119,37 75 
698329,85 72 
698398,45 70 
699921,86 80 
701290,15 83 
701758,12 64 469
701911,61 74 142
701911,61 62 142
702923,49 150 
702943,92 68 
703654,49 92 
703654,49 65 
703675,4 103 
703675,4 101 
704206,04 100 
704206,04 1
704206,04 2162
704206,04 10
706181,73 25 
707008,37 75 
708216,88 72 
708287,58 70 
709820,33 80 
710193,08 83 
711039,3 64 847
711231,73 74 173
711231,73 61 173
711740,43 150 
711767,45 68 
712301,33 249
712478,75 92 
712478,75 65 
712498,31 103 
712498,31 101 
713031,24 100 
713031,24 1
713031,24 2162
713031,24 10
715004,72 25 
715604,89 75 
716814,18 72 
716883,89 70 
718401,07 80 
719455,68 83 
719975,31 64 520
720187,4 74 199
720187,4 61 199
721697,81 150 
721722,48 68 
722191,76 249
723233,61 92 
723233,61 65 
723253,78 103 
723253,78 101 
723780,98 100 
723780,98 3
723780,98 2162
723780,98 11
723780,98 78 
723780,98 198 
725760 25 
726333,47 75 
727541,78 72 
727612,6 70 
729130,19 80 
730504,27 83 
730907,54 64 404
731066,21 74 136
731066,21 62 136
731579,53 153 
731598,33 68 
733609,12 92 
733609,12 65 
733635,94 103 
733635,94 101 
734163,49 100 
734163,49 3
734163,49 2162
734163,49 10
736142,19 25 
736768,95 75 
737977,21 72 
738048,19 70 
739573,84 80 
739940,21 83 
741031,07 64 1091
741251,45 74 206
741251,45 61 206
742262,21 151 
742287,41 69 
743199,2 93 
743218,46 103 
743218,46 101 
745261,37 100 
745261,37 3
745261,37 2162
745261,37 11
747244,07 25 
747271,27 75 
748480,58 72 
748550,32 70 
750071,15 80 
751441,97 83 
751863,36 64 422
752022,2 74 141
752022,2 62 141
753532,01 151 
753562,21 69 
755073,48 93 
755093,37 103 
755093,37 101 
757120,37 100 
757120,37 3
757120,37 2162
757120,37 10
759105,81 25 
762557,91 75 
763766,21 72 
763837,13 70 
765363,28 80 
765755,87 83 
766821,99 64 1066
766885,36 256 
767084,11 74 250
767084,11 61 250
767592,47 151 
767610,23 69 
769624,17 93 
769647,15 103 
769647,15 101 
771674,78 100 
771674,78 3
771674,78 2162
771674,78 11
773659,45 25 
773686,92 75 
774894,51 72 
775072,24 70 
776705,15 80 
777950,66 83 
778485,13 64 534
778650,8 74 141
778650,8 62 141
779661,88 151 
779685,01 69 
780594,17 93 
780615,79 103 
780615,79 101 
782651,22 100 
782651,22 3
782651,22 2162
782651,22 10
784628,1 25 
785428,09 75 
786639,17 72 
786907,33 70 
788443,31 80 
789519 83 
789894,54 64 376
790103,35 74 185
790103,35 61 185
790615,69 151 
790639,96 69 
791350,41 93 
791371,17 103 
791371,17 101 
793399,2 100 
793399,2 3
793399,2 2162
793399,2 10
795383,44 25 
795410,69 75 
796619,52 72 
796689,67 70 
798217,21 80 
799581,29 83 
799979,31 64 399
800134,14 74 140
800134,14 62 140
801141,94 150 
801169,16 68 
802081,65 92 
802081,65 65 
802099,91 103 
802099,91 101 
802627,15 100 
802627,15 3
802627,15 2162
802627,15 11
804606,19 25 
805059,75 75 
806270,28 72 
806338,89 70 
807861,18 80 
808230,98 83 
809377,71 64 1147
809601,74 74 198
809601,74 63 198
811110,47 150 
811138,3 68 
811569,28 249
811851,21 92 
811851,21 65 
811869,01 103 
811869,01 101 
812405,06 100 
812405,06 3
812405,06 2162
812405,06 10
814388,88 25 
814922,13 75 
816131,29 72 
816201,35 70 
817731,67 80 
818106,79 83 
819439,81 64 1333
819579,33 74 127
819579,33 62 127
820588,1 150 
820613,4 68 
822121,95 92 
822121,95 65 
822144,63 103 
822144,63 101 
822670,87 100 
822670,87 3
822670,87 2162
822670,87 11
824650,95 25 
824917,89 75 
826125,41 72 
826197,14 70 
827723,61 80 
829101,99 83 
829536,45 64 435
829727,92 74 173
829727,92 63 173
830240,07 150 
830263,35 68 
832273,96 92 
832273,96 65 
832301,36 103 
832301,36 101 
832830,6 100 
832830,6 3
832830,6 2162
832830,6 11
834806,67 25 
835446,64 75 
836653,35 72 
836725,92 70 
838257,88 80 
839337,66 83 
839911,3 64 574
840110,84 74 187
840110,84 63 187
841619,35 150 
841644,44 68 
843152,46 92 
843152,46 65 
843175,61 103 
843175,61 101 
843708,28 100 
843708,28 3
843708,28 2162
843708,28 11
845682,05 25 
846375,47 75 
847584,35 72 
847654,47 70 
849181,71 80 
849546,52 83 
850527,83 64 981
850664,87 74 119
850664,87 62 119
852173,49 153 
852199,93 68 
854210,13 92 
854210,13 65 
854224,2 103 
854224,2 101 
854753,46 100 
854753,46 3
854753,46 2162
854753,46 10
856730,46 25 
857290,59 75 
858497,41 72 
858569,84 70 
860095,3 80 
861168,21 83 
861658,95 64 491
861820,25 74 146
861820,25 62 146
862330,45 150 
862356,29 68 
863264,79 92 
863264,79 65 
863286,99 103 
863286,99 101 
863813,64 100 
863813,64 3
863813,64 2162
863813,64 11
865793,32 25 
866166,8 75 
867374,42 72 
867445,99 70 
868977,8 80 
870364,34 83 
870748,58 64 385
870892,99 74 129
870892,99 62 129
871902,67 151 
871924,81 69 
872632,8 93 
872642,98 103 
872642,98 101 
874681,97 100 
874681,97 3
874681,97 2162
874681,97 10
876655,27 25 
876695,84 75 
877902,18 72 
877974,84 70 
879507,96 80 
879880,25 83 
880937,65 64 1058
881092,44 74 133
881092,44 62 133
882102,84 150 
882121,28 68 
882828,39 92 
882828,39 65 
882851,93 103 
882851,93 101 
883380,8 100 
883380,8 3
883380,8 2162
883380,8 10
885358,2 25 
886184,95 75 
887392,42 72 
887624,07 70 
889243,44 80 
890302,7 83 
890838,97 64 535
890990,01 74 128
890990,01 62 128
891499,87 150 
891530,48 68 
892438,42 92 
892438,42 65 
892461,13 103 
892461,13 101 
892990,41 100 
892990,41 3
892990,41 2162
892990,41 11
894967,46 25 
895527,58 75 
896736,72 72 
896806,76 70 
898335,4 80 
899711,69 83 
900045,69 64 334
900242,03 74 184
900242,03 63 184
901752,08 150 
901779,46 68 
902259,21 249
903291,96 92 
903291,96 65 
903309,95 103 
903309,95 101 
903843,43 100 
903843,43 3
903843,43 2162
903843,43 10
905829,42 25 
906442,86 75 
907649,12 72 
907722,05 70 
909246,81 80 
910613,7 83 
911079,85 64 466
911243,4 74 150
911243,4 62 150
912255,58 150 
912280,8 68 
914291,47 92 
914291,47 65 
914305,12 103 
914305,12 101 
914833,8 100 
914833,8 3
914833,8 2162
914833,8 10
916811,44 25 
917251,57 75 
918460,63 72 
918530,78 70 
920059,59 80 
920422,85 83 
921381,74 64 959
921555,8 74 147
921555,8 62 147
923064,13 150 
923090,25 68 
924597,56 92 
924597,56 65 
924620,74 103 
924620,74 101 
925147,01 100 
925147,01 3
925147,01 2162
925147,01 11
927126,95 25 
927620,49 75 
928830,21 72 
928899,63 70 
930428,53 80 
931498,1 83 
931959,67 64 462
932175,52 74 198
932175,52 63 198
932686,8 150 
932712,84 68 
933426,01 92 
933426,01 65 
933443,58 103 
933443,58 101 
933978,8 100 
933978,8 3
933978,8 2162
933978,8 11
935963,26 25 
936803,25 75 
938010,44 72 
938082,42 70 
939611,19 80 
940987,41 83 
941553,77 64 567
941773,31 74 200
941773,31 63 200
943284,13 150 
943308,25 68 
943791,44 249
944051,14 173 
945318,98 92 
945318,98 65 
945331,88 103 
945331,88 101 
945859,47 100 
945859,47 3
945859,47 2162
945859,47 10
947838,1 25 
948771,53 75 
949981,21 72 
950050,58 70 
951583,87 80 
951969,32 83 
953275,28 64 1307
953442,4 74 154
953442,4 62 154
954450,14 152 
954476,48 69 
955388,66 93 
955407,51 103 
955407,51 101 
957437,46 100 
957437,46 3
957437,46 2162
957437,46 11
959419,79 25 
965430,97 75 
966638,38 72 
966710,09 70 
968234,54 80 
969321,95 83 
970227 64 905
970280,29 256 
970557,46 74 316
970557,46 63 316
971066,74 150 
971095,54 68 
971517,98 249
973104,18 92 
973104,18 65 
973119,88 103 
973119,88 101 
973654,15 100 
973654,15 3
973654,15 2162
973654,15 10
975639,49 25 
975919,76 75 
977126,54 72 
977198,92 70 
978731,38 80 
980103,93 83 
980513,38 64 410
980659,09 74 130
980659,09 62 130
981667,51 150 
981691,02 68 
983201,07 92 
983201,07 65 
983222,37 103 
983222,37 101 
983750,5 100 
983750,5 3
983750,5 2162
983750,5 11
985728,52 25 
986168,78 75 
987379,31 72 
987447,86 70 
989240,22 80 
989779,78 83 
990785,1 64 1005
990985,75 74 180
990985,75 63 180
992496,99 150 
992527,24 68 
993235,95 92 
993235,95 65 
993257,92 103 
993257,92 101 
993784,08 100 
993784,08 3
993784,08 2162
993784,08 11
995764,25 25 
996524,44 75 
997735,7 72 
997936,71 70 
999468,6 80 
1000535,14 83 
1000933,41 64 399
1001116,34 74 169
1001116,34 63 169
1001625,92 150 
1001656,61 68 
1002169,35 249
1002564,32 92 
1002564,32 65 
1002587,31 103 
1002587,31 101 
1003126,3 100 
1003126,3 3
1003126,3 2162
1003126,3 10
1005106,86 25 
1005866,9 75 
1007075,86 72 
1007146,11 70 
1008673,13 80 
1009038,26 83 
1010310,07 64 1272
1010464,69 74 134
1010464,69 62 134
1010973,38 150 
1010998,45 68 
1011708 92 
1011708 65 
1011730,02 103 
1011730,02 101 
1012257,93 100 
1012257,93 3
1012257,93 2162
1012257,93 11
1014236,3 25 
1014756,42 75 
1015964,49 72 
1016035,62 70 
1017562,1 80 
1018927,25 83 
1019776,64 64 850
1019981,03 74 187
1019981,03 63 187
1021492,06 150 
1021514,76 68 
1021945,61 249
1022425,29 92 
1022425,29 65 
1022445,39 103 
1022445,39 101 
1022973,03 100 
1022973,03 3
1022973,03 2162
1022973,03 10
1024951,8 25 
1025378,58 75 
1026587,25 72 
1026657,71 70 
1028174,63 80 
1029229,52 83 
1030197,23 64 969
1030338,81 74 123
1030338,81 62 123
1031350,23 150 
1031376,4 68 
1032889,04 92 
1032889,04 65 
1032907,58 103 
1032907,58 101 
1033442,72 100 
1033442,72 3
1033442,72 2162
1033442,72 10
1035427,22 25 
1036080,67 75 
1037287,16 72 
1037359,84 70 
1038881,84 80 
1040264,87 83 
1040714,95 64 450
1040873,28 74 143
1040873,28 62 143
1042384,82 150 
1042412,4 68 
1044422,13 92 
1044422,13 65 
1044449,3 103 
1044449,3 101 
1044980,87 100 
1044980,87 3
1044980,87 2162
1044980,87 10
1046955,6 25 
1047489,05 75 
1048698,65 72 
1048768,24 70 
1050294,67 80 
1051353,35 83 
1051892,37 64 540
1052054,13 74 142
1052054,13 62 142
1052566,63 150 
1052594,77 68 
1054604,98 92 
1054604,98 65 
1054631,6 103 
1054631,6 101 
1055158,89 100 
1055158,89 3
1055158,89 2162
1055158,89 10
1057137,93 25 
1058004,55 75 
1059213,62 72 
1059283,72 70 
1060799,9 80 
1061162,67 83 
1061992 64 829
1062171,21 74 157
1062171,21 62 157
1063182,45 150 
1063203,61 68 
1063912,81 92 
1063912,81 65 
1063934,27 103 
1063934,27 101 
1064469,79 100 
1064469,79 3
1064469,79 2162
1064469,79 10
1066453,95 25 
1066960,73 75 
1068170,9 72 
1068239,94 70 
1069760,81 80 
1070825 83 
1071868,41 64 1044
1072086,11 74 196
1072086,11 63 196
1072596,43 151 
1072626,18 69 
1073537,38 93 
1073556,83 103 
1073556,83 101 
1075584,16 100 
1075584,16 3
1075584,16 2162
1075584,16 11
1077569,12 25 
1077596,41 75 
1078803,43 72 
1078875,33 70 
1080409,08 80 
1080780,75 83 
1575964,57 64 495184
1576137,49 74 156
1576137,49 62 156
1577648,9 151 
1577675,12 69 
1579184,16 93 
1579193,35 103 
1579193,35 101 
1581223,04 100 
1581223,04 3
1581223,04 2162
1581223,04 10
1583205,68 25 
1583233,1 75 
1584439,64 72 
1584671,9 70 
1586254,05 80 
1587843,38 83 
1588471,41 64 629
1588503,17 256 
1588721,32 74 226
1588721,32 61 226
1589733,14 151 
1589750,53 69 
1590457,15 93 
1590468,51 103 
1590468,51 101 
1592502,26 100 
1592502,26 3
1592502,26 2162
1592502,26 11
1594481,01 25 
1594508,08 75 
1595714,07 72 
1595787,1 70 
1597318,43 80 
1597679,18 83 
1598632,84 64 954
1598776,77 74 125
1598776,77 62 125
1599289,08 151 
1599307,1 69 
1600817,34 93 
1600837,48 103 
1600837,48 101 
1602865,25 100 
1602865,25 3
1602865,25 2162
1602865,25 11
1604849,71 25 
1604877,12 75 
1606084,16 72 
1606155,94 70 
1607676,24 80 
1608754,46 83 
1613059,18 64 4306
1613274,31 74 202
1613274,31 63 202
1614286,85 150 
1614313,92 68 
1615223,36 92 
1615223,36 65 
1615244,58 103 
1615244,58 101 
1615772,02 100 
1615772,02 3
1615772,02 2162
1615772,02 11
1617750,85 25 
1618151,06 75 
1619359,27 72 
1619430,22 70 
1620957,9 80 
1622321,88 83 
1622636,04 64 314
1622793 74 138
1622793 62 138
1624300,76 153 
1624322,88 68 
1626331,88 92 
1626331,88 65 
1626346,53 103 
1626346,53 101 
1626881,39 100 
1626881,39 3
1626881,39 2162
1626881,39 10
1628866,19 25 
1629199,67 75 
1630408,98 72 
1630478,82 70 
1632011,62 80 
1633077,35 83 
1634008,09 64 931
1634213,2 74 190
1634213,2 63 190
1634723,42 151 
1634745,28 69 
1635655,52 93 
1635675,84 103 
1635675,84 101 
1637703,46 100 
1637703,46 3
1637703,46 2162
1637703,46 11
1639688,12 25 
1639715,2 75 
1640921,76 72 
1640981,12 70 
1642500,66 80 
1642873,09 83 
1721459,37 64 78587
1721737,08 74 258
1721737,08 61 258
1723245,56 151 
1723266,79 69 
1725278,95 93 
1725290,73 103 
1725290,73 101 
1727317,71 100 
1727317,71 3
1727317,71 2162
1727317,71 10
1729303,03 25 
1729356,7 75 
1730568,12 72 
1730756,13 70 
1732371,28 80 
1733686,37 250 
1733700,56 101 
1735713,66 100 
1735713,66 3
1735713,66 2162
1735713,66 10
1735713,66 25 
1735740,7 75 
1736950,31 72 
1737139,81 70 
1738669,32 80 
1740018,09 83 
1741600,98 64 1583
1741768,06 74 151
1741768,06 62 151
1742778,25 150 
1742804,7 68 
1743129,72 249
1743326,86 172 
1744314,64 92 
1744314,64 65 
1744336,93 103 
1744336,93 101 
1744874,23 100 
1744874,23 3
1744874,23 2162
1744874,23 11
1746855,49 25 
1747349,1 75 
1748556,42 72 
1748628,22 70 
1750144,17 80 
1751506,5 83 
1752210,51 64 705
1752355,89 74 130
1752355,89 62 130
1752867,48 151 
1752894,12 69 
1753602,17 93 
1753611,96 103 
1753611,96 101 
1755639,19 100 
1755639,19 3
1755639,19 2162
1755639,19 11
1757624,31 25 
1757651,31 75 
1758858,24 72 
1758930,47 70 
1760450,73 80 
1760822,58 83 
1768905,64 64 8084
1769118,17 74 193
1769118,17 63 193
1770130,12 150 
1770153,03 68 
1771062,22 92 
1771062,22 65 
1771084,44 103 
1771084,44 101 
1771610,74 100 
1771610,74 3
1771610,74 2162
1771610,74 11
1773590,76 25 
1774150,86 75 
1775358,52 72 
1775430,06 70 
1776947,59 80 
1778015,28 83 
1778492,66 64 478
1778694,75 74 187
1778694,75 63 187
1780202,64 150 
1780229,41 68 
1781741,34 92 
1781741,34 65 
1781759,83 103 
1781759,83 101 
1782294,26 100 
1782294,26 3
1782294,26 2162
1782294,26 11
1784279,53 25 
1784719,71 75 
1785929,87 72 
1785998,79 70 
1787511,08 80 
1788877,18 83 
1790355,08 64 1478
1790536,52 74 167
1790536,52 63 167
1792046,69 150 
1792077,66 68 
1794086,76 92 
1794086,76 65 
1794101,27 103 
1794101,27 101 
1794629,35 100 
1794629,35 3
1794629,35 2162
1794629,35 10
1796607,51 25 
1796741,16 75 
1797949,8 72 
1798020,36 70 
1799544,05 80 
1800618,85 83 
1801249,98 64 631
1801390,67 74 119
1801390,67 62 119
1801900,33 150 
1801926,8 68 
1802636,99 92 
1802636,99 65 
1802657,58 103 
1802657,58 101 
1803186,44 100 
1803186,44 3
1803186,44 2162
1803186,44 10
1805163,84 25 
1805737,32 75 
1806945,97 72 
1807016,46 70 
1808536,75 80 
1808895,24 83 
1810296,66 64 1402
1810477,9 74 157
1810477,9 62 157
1811486,6 152 
1811508,92 69 
1813516,16 93 
1813532,9 103 
1813532,9 101 
1815567,78 100 
1815567,78 3
1815567,78 2162
1815567,78 10
1817545,2 25 
1817572,52 75 
1818780,96 72 
1818851,5 70 
1820370,39 80 
1821423,28 83 
1822272,23 64 850
1822427,19 74 138
1822427,19 62 138
1823939,99 150 
1823970,76 68 
1824208,29 249
1824320,84 172 
1824682,84 92 
1824682,84 65 
1824701,46 103 
1824701,46 101 
1825227,78 100 
1825227,78 3
1825227,78 2162
1825227,78 10
1827207,71 25 
1827887,85 75 
1829096,22 72 
1829167,02 70 
1830682,47 80 
1832045,34 83 
1832669 64 624
1832811,98 74 127
1832811,98 62 127
1833822,93 150 
1833846,48 68 
1834246,63 249
1834303,23 172 
1834755,58 92 
1834755,58 65 
1834777,11 103 
1834777,11 101 
1835304,61 100 
1835304,61 3
1835304,61 2162
1835304,61 11
1837283,41 25 
1837976,85 75 
1839185,67 72 
1839429,28 70 
1841010,02 80 
1841547,9 83 
1842330,89 64 783
1842555,59 74 208
1842555,59 63 208
1843066,18 150 
1843095,94 68 
1844606,93 92 
1844606,93 65 
1844626,28 103 
1844626,28 101 
1845166,01 100 
1845166,01 3
1845166,01 2162
1845166,01 10
1847145,83 25 
1847879,29 75 
1849089,45 72 
1849158,47 70 
1850688,63 80 
1852063,44 83 
1852647,3 64 585
1852818,19 74 156
1852818,19 62 156
1853826,42 152 
1853851,12 69 
1855861,81 93 
1855874,75 103 
1855874,75 101 
1857901,09 100 
1857901,09 3
1857901,09 2162
1857901,09 10
1859887,09 25 
1860847 75 
1862056,04 72 
1862126,22 70 
1863650,25 80 
1864724,66 83 
1865635,3 64 911
1865803,11 74 146
1865803,11 62 146
1867314,98 150 
1867338,75 68 
1868849,38 92 
1868849,38 65 
1868869,34 103 
1868869,34 101 
1869395,45 100 
1869395,45 3
1869395,45 2162
1869395,45 11
1871375,61 25 
1872228,83 75 
1873438,57 72 
1873507,96 70 
1875029,05 80 
1875413,42 83 
1877333,3 64 1921
1877518,34 74 173
1877518,34 63 173
1878028,62 150 
1878054,34 68 
1878762,86 92 
1878762,86 65 
1878784,92 103 
1878784,92 101 
1879318,21 100 
1879318,21 3
1879318,21 2162
1879318,21 11
1881304,56 25 
1882077,91 75 
1883286,06 72 
1883357,13 70 
1884892,81 80 
1886275,41 83 
1887034,74 64 760
1887299,86 74 252
1887299,86 63 252
1888809,53 150 
1888836,18 68 
1889747,5 92 
1889747,5 65 
1889766,88 103 
1889766,88 101 
1890296 100 
1890296 3
1890296 2162
1890296 10
1892273,15 25 
1892793,34 75 
1894003,26 72 
1894072,47 70 
1895600,67 80 
1895964,55 83 
1897167,28 64 1203
1897329,55 74 139
1897329,55 62 139
1897837,5 150 
1897859,04 68 
1898224,61 249
1899869,32 92 
1899869,32 65 
1899882,55 103 
1899882,55 101 
1900409,37 100 
1900409,37 3
1900409,37 2162
1900409,37 10
1902388,8 25 
1902789,05 75 
1903997,53 72 
1904068,24 70 
1905593,09 80 
1906653,3 83 
1907557,08 64 904
1907719,47 74 147
1907719,47 62 147
1908726,67 150 
1908746,99 68 
1909459,41 92 
1909459,41 65 
1909478,44 103 
1909478,44 101 
1910015,76 100 
1910015,76 3
1910015,76 2162
1910015,76 11
1911998,01 25 
1912491,58 75 
1913701,05 72 
1913770,81 70 
1915305,09 80 
1916382,5 83 
1916828,96 64 447
1917010,63 74 162
1917010,63 63 162
1918022,66 150 
1918049,71 68 
1919558,55 92 
1919558,55 65 
1919580,75 103 
1919580,75 101 
1920106,99 100 
1920106,99 3
1920106,99 2162
1920106,99 11
1922087,08 25 
1922753,88 75 
1923959,52 72 
1924033,1 70 
1925558,98 80 
1926937,95 83 
1927477,53 64 540
1927736,44 74 239
1927736,44 63 239
1928247,88 150 
1928272,65 68 
1929181,36 92 
1929181,36 65 
1929203,32 103 
1929203,32 101 
1929731,49 100 
1929731,49 3
1929731,49 2162
1929731,49 10
1931709,62 25 
1932442,95 75 
1933649,37 72 
1933722,16 70 
1935248,05 80 
1935614,42 83 
1936985,74 64 1372
1937143,12 74 144
1937143,12 62 144
1938653,15 150 
1938681,45 68 
1939079,76 249
1939099,38 172 
1940693,02 92 
1940693,02 65 
1940718,38 103 
1940718,38 101 
1941253,23 100 
1941253,23 3
1941253,23 2162
1941253,23 11
1943237,98 25 
1944024,67 75 
1945231,76 72 
1945303,88 70 
1946851,37 80 
1947222,61 83 
1948461,54 64 1239
1948711,16 74 237
1948711,16 63 237
1949721,94 150 
1949743,4 68 
1951252,54 92 
1951252,54 65 
1951273,85 103 
1951273,85 101 
1951802,39 100 
1951802,39 6
1951802,39 2162
1951802,39 11
1951802,39 78 
1951802,39 198 
1953780,14 25 
1954127,09 75 
1955334,95 72 
1955406,18 70 
1956933,17 80 
1958297,98 83 
1958722,5 64 425
1958949,35 74 212
1958949,35 63 212
1960458,03 151 
1960485,44 69 
1961196,56 93 
1961216,26 103 
1961216,26 101 
1963242,5 100 
1963242,5 6
1963242,5 2162
1963242,5 11
1965228,6 25 
1965255,87 75 
1966464,49 72 
1966534,8 70 
1968058,81 80 
1969133,23 83 
1970556,11 64 1424
1970764,61 74 192
1970764,61 63 192
1971274,68 151 
1971294,14 69 
1972205,16 93 
1972224,89 103 
1972224,89 101 
1974263,49 100 
1974263,49 6
1974263,49 2162
1974263,49 10
1976237,14 25 
1976264,25 75 
1976271,09 250 
1976289,48 101 
1978302,95 100 
1978302,95 6
1978302,95 2162
1978302,95 10
1978302,95 25 
1978330,39 75 
1978337,05 250 
1978355,13 101 
1980368,81 100 
1980368,81 6
1980368,81 2162
1980368,81 10
1980368,81 25 
1980395,51 75 
1980402,81 250 
1980421,03 101 
1982434,52 100 
1982434,52 6
1982434,52 2162
1982434,52 10
1982434,52 25 
1982461,24 75 
1983668,7 72 
1983740,71 70 
1985266,35 80 
1986339,23 83 
1986917,31 64 579
1987080,52 74 142
1987080,52 62 142
1988092,78 151 
1988113,64 69 
1990121,18 93 
1990137,17 103 
1990137,17 101 
1992165,64 100 
1992165,64 6
1992165,64 2162
1992165,64 11
1994149,48 25 
1994176,59 75 
1995385,97 72 
1995455,72 70 
1996979,85 80 
1997361,15 83 
1998516,83 64 1156
1998763,67 74 230
1998763,67 63 230
1999273,66 151 
1999295,46 69 
2000159,8 249 
2000376,02 182 
2006443,63 93 
2006463,5 103 
2006463,5 101 
2008489,8 100 
2008489,8 6
2008489,8 2162
2008489,8 10
2010475,93 25 
2011395,79 75 
2012604,14 72 
2012675,22 70 
2014216,15 80 
2015579,97 83 
2016386,18 64 807
2016528,99 74 123
2016528,99 62 123
2018037,85 151 
2018061,27 69 
2018769,81 93 
2018791,56 103 
2018791,56 101 
2020826,4 100 
2020826,4 6
2020826,4 2162
2020826,4 11
2022803,89 25 
2026389,48 75 
2027598,08 72 
2027668,71 70 
2029195,56 80 
2030573,53 83 
2031081,33 64 508
2031265,19 74 159
2031265,19 62 159
2032277,96 151 
2032307,75 69 
2033217,38 93 
2033238,76 103 
2033238,76 101 
2035267,81 100 
2035267,81 6
2035267,81 2162
2035267,81 10
2037250,99 25 
2037278,52 75 
2038485,95 72 
2038557,24 70 
2040081,36 80 
2041155,68 83 
2042908,39 64 1753
2043126,71 74 199
2043126,71 61 199
2044634,13 151 
2044663,7 69 
2045573,12 93 
2045593,41 103 
2045593,41 101 
2047620,67 100 
2047620,67 6
2047620,67 2162
2047620,67 10
2049605,74 25 
2050965,71 75 
2052173,37 72 
2052404,77 70 
2054040,73 80 
2054403,31 83 
2055541,02 64 1138
2055750,91 74 188
2055750,91 63 188
2056260,83 152 
2056283,6 69 
2056776,69 249 
2057439,82 183 
2060937,04 256 
2068390,05 93 
2068410,3 103 
2068410,3 101 
2070445,27 100 
2070445,27 6
2070445,27 2162
2070445,27 10
2072422,57 25 
2072836,18 75 
2074042,5 72 
2074115,29 70 
2075642,33 80 
2076007,54 83 
2076914,06 64 906
2077148,51 74 222
2077148,51 61 222
2078660,57 151 
2078688,66 69 
2079801,55 249 
2090743,94 183 
2098209,54 256 
2101885,34 93 
2101902,57 103 
2101902,57 101 
2103930,5 100 
2103930,5 6
2103930,5 2162
2103930,5 11
2105914,87 25 
2105941,98 75 
2107150,39 72 
2107221,12 70 
2108745,97 80 
2110126,19 83 
2110507,03 64 381
2110658,94 74 133
2110658,94 62 133
2111169,42 151 
2111194,53 69 
2111903,47 93 
2111924,96 103 
2111924,96 101 
2113953,29 100 
2113953,29 6
2113953,29 2162
2113953,29 11
2115937,23 25 
2115965,29 75 
2117175,85 72 
2117243,52 70 
2118779,44 80 
2119855,3 83 
2120677,51 64 823
2120867,82 74 173
2120867,82 62 173
2121875,8 151 
2121896,4 69 
2123407,76 93 
2123426,82 103 
2123426,82 101 
2125458,87 100 
2125458,87 6
2125458,87 2162
2125458,87 11
2127439,04 25 
2127466,29 75 
2128674,72 72 
2128745,31 70 
2130262,43 80 
2130610,61 83 
2131802,59 64 1192
2132018,6 74 196
2132018,6 61 196
2133026,79 150 
2133051,46 68 
2133485,05 249
2133960,05 92 
2133960,05 65 
2133982,16 103 
2133982,16 101 
2134509,75 100 
2134509,75 6
2134509,75 2162
2134509,75 11
2136488,47 25 
2137115,42 75 
2138325,21 72 
2138394,51 70 
2139933,67 80 
2141006,16 83 
2141654,52 64 649
2141858,2 74 186
2141858,2 61 186
2142369,04 150 
2142393,37 68 
2142565,8 249
2143103,98 92 
2143103,98 65 
2143124,93 103 
2143124,93 101 
2143652,08 100 
2143652,08 6
2143652,08 2162
2143652,08 10
2145631,23 25 
2146058,12 75 
2147267 72 
2147337,41 70 
2148857,28 80 
2150228,96 83 
2150647,2 64 419
2150801,7 74 133
2150801,7 62 133
2152315,1 151 
2152336,73 69 
2154351,09 93 
2154360,12 103 
2154360,12 101 
2156395,72 100 
2156395,72 6
2156395,72 2162
2156395,72 11
2158372,47 25 
2158399,47 75 
2159607,41 72 
2159798,63 70 
2161331,61 80 
2162703,57 83 
2163527,9 64 824
2163788,87 74 246
2163788,87 61 246
2164797,81 150 
2164823,8 68 
2165735,34 92 
2165735,34 65 
2165755,22 103 
2165755,22 101 
2166281,39 100 
2166281,39 6
2166281,39 2162
2166281,39 10
2168261,52 25 
2168755,01 75 
2169963,86 72 
2170034,21 70 
2171557,07 80 
2171926,25 83 
2172818,23 64 893
2172973,59 74 141
2172973,59 61 141
2173486,64 151 
2173514,22 69 
2174234,64 249 
2175024,34 93 
2175044,64 103 
2175044,64 101 
2177071,7 100 
2177071,7 6
2177071,7 2162
2177071,7 10
2179056,88 25 
2179085,57 75 
2180291,57 72 
2180363,13 70 
2181891,84 80 
2182948,25 83 
2183633,73 64 686
2183797,21 74 143
2183797,21 62 143
2185307,74 153 
2185335,05 68 
2187345,5 92 
2187345,5 65 
2187359,47 103 
2187359,47 101 
2187895,9 100 
2187895,9 6
2187895,9 2162
2187895,9 11
2189878,93 25 
2190172,48 75 
2191382,36 72 
2191451,63 70 
2192973,31 80 
2194343,38 83 
2195053,8 64 711
2195229,99 74 154
2195229,99 61 154
2195738,39 150 
2195757,97 68 
2195967,64 249
2196466,34 92 
2196466,34 65 
2196488,73 103 
2196488,73 101 
2197016,37 100 
2197016,37 6
2197016,37 2162
2197016,37 10
2198995 25 
2199541,79 75 
2200750 72 
2200820,97 70 
2202350,8 80 
2202713,11 83 
2203621,37 64 909
2203833,59 74 188
2203833,59 61 188
2205345,68 151 
2205366,36 69 
2206074,94 93 
2206084,58 103 
2206084,58 101 
2208110,84 100 
2208110,84 6
2208110,84 2162
2208110,84 10
2210096,9 25 
2210124,27 75 
2211334,14 72 
2211403,12 70 
2212923,24 80 
2214001,61 83 
2214474,94 64 473
2214669,69 74 175
2214669,69 61 175
2215681,88 151 
2215708,24 69 
2216618,66 93 
2216640,16 103 
2216640,16 101 
2218676,53 100 
2218676,53 6
2218676,53 2162
2218676,53 11
2220652,36 25 
2221119,34 75 
2222327,13 72 
2222398,37 70 
2223920,67 80 
2224996,9 83 
2225555,26 64 559
2225743,46 74 173
2225743,46 61 173
2226755,26 150 
2226783,93 68 
2227328,87 249
2228296,32 92 
2228296,32 65 
2228315,06 103 
2228315,06 101 
2228841,28 100 
2228841,28 6
2228841,28 2162
2228841,28 11
2230821,48 25 
2231021,79 75 
2232230,21 72 
2232300,79 70 
2233818,86 80 
2235165,85 83 
2235634,64 64 469
2235828,78 74 170
2235828,78 61 170
2236338,4 150 
2236366,44 68 
2238092,53 249
2238375,68 92 
2238375,68 65 
2238390,78 103 
2238390,78 101 
2238918,51 100 
2238918,51 6
2238918,51 2162
2238918,51 11
2240897,16 25 
2241123,94 75 
2242334,37 72 
2242403,11 70 
2243932,02 80 
2244295,24 83 
2245268,52 64 974
2245475,07 74 194
2245475,07 61 194
2246987,26 150 
2247015,16 68 
2247412,71 249
2247723,15 92 
2247723,15 65 
2247746,82 103 
2247746,82 101 
2248284,48 100 
2248284,48 6
2248284,48 2162
2248284,48 10
2250266,34 25 
2250799,81 75 
2252007,62 72 
2252079,01 70 
2253598,85 80 
2253958,01 83 
2255769,96 64 1812
2255950,21 74 167
2255950,21 63 167
2257464,07 150 
2257490,75 68 
2258884,67 249
2259498,1 92 
2259498,1 65 
2259514,99 103 
2259514,99 101 
2260041,3 100 
2260041,3 6
2260041,3 2162
2260041,3 10
2262021,34 25 
2262408,25 75 
2263617,98 72 
2263847,31 70 
2265424,55 80 
2266672,32 83 
2267156,41 64 485
2267328,41 74 150
2267328,41 63 150
2267838,47 150 
2267859,71 68 
2268272,46 249
2269371,83 92 
2269371,83 65 
2269390,85 103 
2269390,85 101 
2269918,08 100 
2269918,08 6
2269918,08 2162
2269918,08 11
2271897,06 25 
2272430,52 75 
2273638,16 72 
2273829,68 70 
2275449,25 80 
2277014,6 83 
2277428,2 64 414
2277656,95 74 216
2277656,95 61 216
2278668,55 152 
2278694,99 69 
2279603,28 93 
2279613,22 103 
2279613,22 101 
2281652,45 100 
2281652,45 6
2281652,45 2162
2281652,45 11
2283638,67 25 
2283666,36 75 
2284873,69 72 
2284944,89 70 
2286479,48 80 
2287556,71 83 
2288179,05 64 622
2288362,1 74 167
2288362,1 61 167
2289373,38 150 
2289397,09 68 
2289430,17 249
2289744,82 171
2290908,98 92 
2290908,98 65 
2290928,24 103 
2290928,24 101 
2291455,69 100 
2291455,69 6
2291455,69 2162
2291455,69 10
2293434,5 25 
2293861,36 75 
2295068,61 72 
2295140,55 70 
2296668,1 80 
2298032,17 83 
2298455,63 64 424
2298670,6 74 199
2298670,6 63 199
2299182,46 150 
2299206,08 68 
2299914,39 92 
2299914,39 65 
2299937,69 103 
2299937,69 101 
2300467,51 100 
2300467,51 6
2300467,51 2162
2300467,51 10
2302443,99 25 
2302964,15 75 
2304173,55 72 
2304243,35 70 
2305766,19 80 
2306135,41 83 
2307123,22 64 988
2307335,77 74 188
2307335,77 63 188
2308843,87 150 
2308869,41 68 
2310881,48 92 
2310881,48 65 
2310906,31 103 
2310906,31 101 
2311440,41 100 
2311440,41 6
2311440,41 2162
2311440,41 10
2313425,92 25 
2314106 75 
2315312,87 72 
2315385,22 70 
2316905,42 80 
2317277,36 83 
2318602,54 64 1326
2318756,26 74 134
2318756,26 62 134
2319768,55 151 
2319797,38 69 
2320706,52 93 
2320728,77 103 
2320728,77 101 
2322756,62 100 
2322756,62 6
2322756,62 2162
2322756,62 10
2324741,09 25 
2324768,39 75 
2325976,48 72 
2326047,33 70 
2327573,38 80 
2328938,94 83 
2329398,08 64 459
2329640,49 74 222
2329640,49 61 222
2330151,92 153 
2330180,39 68 
2331023,11 249
2331090,25 92 
2331090,25 65 
2331110,98 103 
2331110,98 101 
2331638,41 100 
2331638,41 6
2331638,41 2162
2331638,41 10
2333617,32 25 
2334177,44 75 
2335386,33 72 
2335456,6 70 
2336986,78 80 
2338041,76 83 
2338628,82 64 587
2338810 74 168
2338810 61 168
2340317,29 151 
2340335,89 69 
2342343,26 93 
2342359,57 103 
2342359,57 101 
2344394,47 100 
2344394,47 6
2344394,47 2162
2344394,47 11
2346371,84 25 
2346398,91 75 
2347605,74 72 
2347678,06 70 
2349199,35 80 
2350569,73 83 
2350855,91 64 286
2351074,92 74 199
2351074,92 61 199
2352583,06 150 
2352610,09 68 
2353318,42 92 
2353318,42 65 
2353341,47 103 
2353341,47 101 
2353871,05 100 
2353871,05 6
2353871,05 2162
2353871,05 11
2355847,73 25 
2356061,39 75 
2357270,06 72 
2357340,52 70 
2358853,34 80 
2359219,34 83 
2360383,02 64 1164
2360557,47 74 153
2360557,47 61 153
2361564,88 150 
2361592,82 68 
2363104,47 92 
2363104,47 65 
2363123,97 103 
2363123,97 101 
2363653,8 100 
2363653,8 6
2363653,8 2162
2363653,8 11
2365630,26 25 
2365963,82 75 
2367171,31 72 
2367243,01 70 
2368777,42 80 
2369854,83 83 
2370849,31 64 995
2371051,25 74 184
2371051,25 61 184
2371561,09 150 
2371588,54 68 
2372064,33 249
2373096,49 92 
2373096,49 65 
2373119,67 103 
2373119,67 101 
2373655,04 100 
2373655,04 6
2373655,04 2162
2373655,04 11
2375639,26 25 
2376092,83 75 
2377301,28 72 
2377371,95 70 
2378894,18 80 
2379437,29 83 
2380287,6 64 851
2380543,31 74 240
2380543,31 61 240
2382054,12 150 
2382077,28 68 
2382987,47 92 
2382987,47 65 
2383008,73 103 
2383008,73 101 
2383536,39 100 
2383536,39 6
2383536,39 2162
2383536,39 11
2385515,06 25 
2386115,36 75 
2387324,13 72 
2387514,29 70 
2389054,05 80 
2390419,26 83 
2390788,02 64 369
2391026,39 74 221
2391026,39 61 221
2391536,51 150 
2391553,38 68 
2391988,84 249
2392262,59 92 
2392262,59 65 
2392284,75 103 
2392284,75 101 
2392814,26 100 
2392814,26 6
2392814,26 2162
2392814,26 10
2394791,08 25 
2395391,16 75 
2396598,57 72 
2396670,33 70 
2398191,6 80 
2399268,94 83 
2399781,59 64 513
2399920,74 74 119
2399920,74 62 119
2400930,3 151 
2400949,17 69 
2402958,98 93 
2402973,58 103 
2402973,58 101 
2405009,53 100 
2405009,53 6
2405009,53 2162
2405009,53 10
2406985,84 25 
2407013,05 75 
2408219,9 72 
2408292,08 70 
2409815,37 80 
2411197,01 83 
2413438,42 64 2242
2413651,22 74 189
2413651,22 63 189
2414662,38 150 
2414689,95 68 
2415599,83 92 
2415599,83 65 
2415621,41 103 
2415621,41 101 
2416148,69 100 
2416148,69 6
2416148,69 2162
2416148,69 10
2418127,7 25 
2418714,45 75 
2419921,98 72 
2419993,66 70 
2421512,63 80 
2422565,64 83 
2422954,09 64 388
2423176,2 74 198
2423176,2 63 198
2423684,2 150 
2423713,47 68 
2424139,94 249
2424421,62 92 
2424421,62 65 
2424444,33 103 
2424444,33 101 
2424972,07 100 
2424972,07 6
2424972,07 2162
2424972,07 10
2426950,67 25 
2427444,42 75 
2428652,62 72 
2428723,32 70 
2430242,03 80 
2430602,15 83 
2432380,67 64 1779
2432577,02 74 176
2432577,02 63 176
2434087,27 150 
2434108,35 68 
2434490,79 249
2434522,04 173 
2435617,07 92 
2435617,07 65 
2435639,5 103 
2435639,5 101 
2436174,68 100 
2436174,68 6
2436174,68 2162
2436174,68 10
2438159,13 25 
2438665,98 75 
2439874,78 72 
2439945,17 70 
2441463 80 
2442836,8 83 
2443210,44 64 374
2443412,11 74 189
2443412,11 63 189
2443920,67 150 
2443944,16 68 
2445395,24 249
2445951,66 92 
2445951,66 65 
2445968,44 103 
2445968,44 101 
2446496,13 100 
2446496,13 6
2446496,13 2162
2446496,13 11
2448474,72 25 
2449274,71 75 
2450481,72 72 
2450553,93 70 
2452070,75 80 
2453126,63 83 
2453891,16 64 766
2454080,79 74 169
2454080,79 61 169
2455591,94 150 
2455619,08 68 
2456661,92 249
2457129,47 92 
2457129,47 65 
2457150,28 103 
2457150,28 101 
2457676,71 100 
2457676,71 6
2457676,71 2162
2457676,71 11
2459656,65 25 
2460270,11 75 
2461478,3 72 
2461549,26 70 
2463078,64 80 
2463441,27 83 
2465027,37 64 1587
2465208,79 74 168
2465208,79 61 168
2466220,36 150 
2466241,17 68 
2466770,78 249
2467153,4 92 
2467153,4 65 
2467172,7 103 
2467172,7 101 
2467710,2 100 
2467710,2 6
2467710,2 2162
2467710,2 10
2469692,28 25 
2470199,12 75 
2471409,55 72 
2471478,33 70 
2472997,52 80 
2474050,03 83 
2474509,39 64 460
2474716,65 74 187
2474716,65 63 187
2475725,47 150 
2475743,89 68 
2476197,83 249
2477755,54 92 
2477755,54 65 
2477768,16 103 
2477768,16 101 
2478294,85 100 
2478294,85 6
2478294,85 2162
2478294,85 11
2480274,43 25 
2480821,19 75 
2482029,48 72 
2482100,36 70 
2483629,56 80 
2483992,46 83 
2485162,06 64 1170
2485410,56 74 232
2485410,56 61 232
2486921,96 150 
2486952,32 68 
2487489,29 249
2487662,92 92 
2487662,92 65 
2487683,89 103 
2487683,89 101 
2488211,49 100 
2488211,49 6
2488211,49 2162
2488211,49 10
2490190,18 25 
2490936,95 75 
2492145,63 72 
2492376,1 70 
2493950,08 80 
2495520,89 83 
2496040,31 64 520
2496213,94 74 160
2496213,94 63 160
2496723,44 150 
2496748,17 68 
2497457,97 92 
2497457,97 65 
2497479,72 103 
2497479,72 101 
2498014,01 100 
2498014,01 6
2498014,01 2162
2498014,01 11
2499985,94 25 
2500772,65 75 
2501980,16 72 
2502051,8 70 
2503572,33 80 
2504943,72 83 
2505481,79 64 539
2505652,77 74 150
2505652,77 61 150
2507161,24 152 
2507184,39 69 
2508694,77 93 
2508714,85 103 
2508714,85 101 
2510742,07 100 
2510742,07 6
2510742,07 2162
2510742,07 11
2512727,15 25 
2512754,38 75 
2513963,73 72 
2514033,31 70 
2515557,52 80 
2516631,8 83 
2517208,48 64 577
2517393,08 74 162
2517393,08 61 162
2517905,85 150 
2517926,53 68 
2518141,21 249
2519934,62 92 
2519934,62 65 
2519950,09 103 
2519950,09 101 
2520477,52 100 
2520477,52 6
2520477,52 2162
2520477,52 10
2522456,34 25 
2522856,55 75 
2524065,42 72 
2524135,73 70 
2525658,52 80 
2526027,77 83 
2526936,77 64 909
2527139,48 74 179
2527139,48 63 179
2528149,95 150 
2528174,65 68 
2529086,8 92 
2529086,8 65 
2529106,18 103 
2529106,18 101 
2529644,9 100 
2529644,9 6
2529644,9 2162
2529644,9 10
2531625,8 25 
2532186,01 75 
2533395,07 72 
2533465,01 70 
2534989,08 80 
2535357,17 83 
2536644,21 64 1288
2536886,77 74 224
2536886,77 63 224
2537895,94 150 
2537917,97 68 
2538625,25 92 
2538625,25 65 
2538648,67 103 
2538648,67 101 
2539175,3 100 
2539175,3 6
2539175,3 2162
2539175,3 10
2541154,99 25 
2541915,08 75 
2543125,71 72 
2543194,28 70 
2544710,35 80 
2546072,49 83 
2546509,29 64 438
2546686,17 74 161
2546686,17 63 161
2547195,42 150 
2547220,64 68 
2547614,21 249
2548133,47 92 
2548133,47 65 
2548151,31 103 
2548151,31 101 
2548677,9 100 
2548677,9 6
2548677,9 2162
2548677,9 10
2550657,59 25 
2551191,01 75 
2552399,75 72 
2552470,2 70 
2553986,19 80 
2555055,37 83 
2555760,82 64 706
2555954,51 74 180
2555954,51 63 180
2557465,3 150 
2557495,42 68 
2558854,84 249
2559505,38 92 
2559505,38 65 
2559519,75 103 
2559519,75 101 
2560054,28 100 
2560054,28 6
2560054,28 2162
2560054,28 11
2562039,36 25 
2562746,08 75 
2563954,83 72 
2564025,29 70 
2565546 80 
2566916,92 83 
2567385,1 64 468
2567652,78 74 243
2567652,78 61 243
2568661,26 150 
2568690,66 68 
2570200,72 92 
2570200,72 65 
2570221,8 103 
2570221,8 101 
2570750,68 100 
2570750,68 6
2570750,68 2162
2570750,68 10
2572728,08 25 
2573328,44 75 
2574538,31 72 
2574607,43 70 
2576125,93 80 
2576499,48 83 
2577536,12 64 1038
2577760,78 74 209
2577760,78 63 209
2579271,48 150 
2579299,4 68 
2579760,88 249
2580010,27 92 
2580010,27 65 
2580030,95 103 
2580030,95 101 
2580559,49 100 
2580559,49 6
2580559,49 2162
2580559,49 10
2582537,32 25 
2583097,37 75 
2584304,43 72 
2584376,61 70 
2585899,77 80 
2586961,69 83 
2587626,71 64 665
2587809,14 74 168
2587809,14 63 168
2588319,4 150 
2588348,88 68 
2590356,34 92 
2590356,34 65 
2590373,18 103 
2590373,18 101 
2590911,27 100 
2590911,27 6
2590911,27 2162
2590911,27 11
2592892,84 25 
2593492,93 75 
2594701,56 72 
2594772,1 70 
2596300,71 80 
2597370,53 83 
2598052,56 64 683
2598285,2 74 207
2598285,2 61 207
2599295,52 150 
2599318,3 68 
2600345,27 249
2600829,15 92 
2600829,15 65 
2600848,67 103 
2600848,67 101 
2601376,07 100 
2601376,07 6
2601376,07 2162
2601376,07 11
2603355 25 
2604009,44 75 
2605217,94 72 
2605407,51 70 
2607028,19 80 
2607566,16 83 
2609816,98 64 2251
2610055,55 74 224
2610055,55 63 224
2610566,47 153 
2610592,7 68 
2611500,24 92 
2611500,24 65 
2611524,09 103 
2611524,09 101 
2612051,47 100 
2612051,47 6
2612051,47 2162
2612051,47 11
2614030,39 25 
2614617,18 75 
2615824,87 72 
2615896,35 70 
2617415,7 80 
2618774,65 83 
2619276,38 64 502
2619520,11 74 227
2619520,11 61 227
2621031,37 150 
2621055,63 68 
2623064,46 92 
2623064,46 65 
2623092,46 103 
2623092,46 101 
2623626,46 100 
2623626,46 6
2623626,46 2162
2623626,46 11
2625612,13 25 
2626118,92 75 
2627328,87 72 
2627398,16 70 
2628927,56 80 
2629996,56 83 
2630584,7 64 588
2630813,55 74 204
2630813,55 61 204
2631823,87 150 
2631850,16 68 
2632684,03 249
2633361,86 92 
2633361,86 65 
2633381,4 103 
2633381,4 101 
2633908,64 100 
2633908,64 6
2633908,64 2162
2633908,64 10
2635887,75 25 
2636474,6 75 
2637682,7 72 
2637753,64 70 
2639269,4 80 
2640631,95 83 
2642260,89 64 1629
2642498,2 74 214
2642498,2 63 214
2643009,88 150 
2643032,11 68 
2643743,65 92 
2643743,65 65 
2643763,62 103 
2643763,62 101 
2644290,13 100 
2644290,13 6
2644290,13 2162
2644290,13 10
2646269,89 25 
2647229,91 75 
2648437,71 72 
2648509,08 70 
2650026,42 80 
2650414,52 83 
2651140,99 64 727
2651416,73 74 256
2651416,73 63 256
2652925,77 150 
2652948,68 68 
2653860,78 92 
2653860,78 65 
2653879,29 103 
2653879,29 101 
2654416 100 
2654416 6
2654416 2162
2654416 11
2656398,88 25 
2656985,69 75 
2658194,97 72 
2658264,91 70 
2659782,36 80 
2661143,19 83 
2661520,07 64 377
2661716,77 74 174
2661716,77 61 174
2662227,95 152 
2662251,32 69 
2663763,51 93 
2663781,71 103 
2663781,71 101 
2665809,19 100 
2665809,19 6
2665809,19 2162
2665809,19 11
2667794,15 25 
2674858,07 75 
2676066,01 72 
2676137,2 70 
2677659,7 80 
2678722,31 83 
2679251,18 64 530
2679473,45 74 205
2679473,45 61 205
2680982,79 150 
2681003,43 68 
2681914,67 92 
2681914,67 65 
2681933,92 103 
2681933,92 101 
2682462,53 100 
2682462,53 6
2682462,53 2162
2682462,53 11
2684440,22 25 
2685093,64 75 
2686301,64 72 
2686372,83 70 
2687900,31 80 
2688264,87 83 
2689319,16 64 1055
2689535,39 74 192
2689535,39 61 192
2690545,72 150 
2690572,09 68 
2691047,28 249
2691283,49 92 
2691283,49 65 
2691303,24 103 
2691303,24 101 
2691838,46 100 
2691838,46 6
2691838,46 2162
2691838,46 10
2693823,67 25 
2694422,94 75 
2695630,6 72 
2695702,11 70 
2697218,39 80 
2698273,96 83 
2699634,63 64 1361
2699870,05 74 210
2699870,05 63 210
2700380,57 150 
2700407,51 68 
2701503,82 249
2702414,78 92 
2702414,78 65 
2702431,78 103 
2702431,78 101 
2702962,42 100 
2702962,42 6
2702962,42 2162
2702962,42 11
2704938,18 25 
2705579,01 75 
2706787,36 72 
2706857,44 70 
2708371,09 80 
2709735,67 83 
2710244,61 64 509
2710465,52 74 197
2710465,52 61 197
2711474,3 150 
2711496,07 68 
2712120,1 249
2712207,32 92 
2712207,32 65 
2712227,58 103 
2712227,58 101 
2712756,77 100 
2712756,77 6
2712756,77 2162
2712756,77 10
2714733,86 25 
2715413,99 75 
2716624,81 72 
2716826,42 70 
2718366,08 80 
2718731,89 83 
2719730,75 64 999
2719926,47 74 182
2719926,47 63 182
2721439,33 150 
2721465,13 68 
2721860,96 249
2721905,88 173 
2722373,39 92 
2722373,39 65 
2722396,54 103 
2722396,54 101 
2722930,41 100 
2722930,41 6
2722930,41 2162
2722930,41 11
2724916,18 25 
2725543,03 75 
2726751,72 72 
2726822,16 70 
2728342,97 80 
2729407,23 83 
2730130,74 64 724
2730406,28 74 253
2730406,28 61 253
2730917,19 150 
2730941,97 68 
2731941,57 249
2732453,35 92 
2732453,35 65 
2732472,36 103 
2732472,36 101 
2732999,55 100 
2732999,55 6
2732999,55 2162
2732999,55 10
2734978,55 25 
2735765,33 75 
2736975,67 72 
2737044,41 70 
2738563,4 80 
2739922,79 83 
2740311,32 64 389
2740528,58 74 193
2740528,58 63 193
2742039,18 150 
2742056,4 68 
2743314,63 249
2744068,99 92 
2744068,99 65 
2744093,94 103 
2744093,94 101 
2744622,16 100 
2744622,16 6
2744622,16 2162
2744622,16 10
2746600,25 25 
2756602,97 254 
2756621,83 101 
2758634,29 100 
2758634,29 6
2758634,29 2162
2758634,29 10
2758634,29 25 
2768638,79 254 
2768657,81 75 
2769867,13 72 
2769937,22 70 
2771463,61 80 
2771815,75 83 
2772806,48 64 991
2773025,35 74 197
2773025,35 63 197
2774036,37 150 
2774055,97 68 
2774965,39 92 
2774965,39 65 
2774987,38 103 
2774987,38 101 
2775520,12 100 
2775520,12 6
2775520,12 2162
2775520,12 11
2777507,06 25 
2778080,53 75 
2779287,19 72 
2779359,67 70 
2780882,91 80 
2781958,06 83 
2782521,51 64 564
2782732,9 74 189
2782732,9 61 189
2783243,39 150 
2783266,03 68 
2785275,92 92 
2785275,92 65 
2785289,61 103 
2785289,61 101 
2785817,23 100 
2785817,23 6
2785817,23 2162
2785817,23 10
2787795,9 25 
2788156,12 75 
2789364,59 72 
2789435,29 70 
2790953,23 80 
2791314,07 83 
2792280,5 64 967
2792481,73 74 182
2792481,73 63 182
2793990,37 150 
2794021,41 68 
2794728,89 92 
2794728,89 65 
2794752,21 103 
2794752,21 101 
2795282,22 100 
2795282,22 6
2795282,22 2162
2795282,22 11
2797258,49 25 
2797978,56 75 
2799186,58 72 
2799257,73 70 
2800786,69 80 
2802149,39 83 
2802474,18 64 326
2802683,61 74 188
2802683,61 61 188
2803693,25 150 
2803723,92 68 
2805122,04 249
2805232,24 92 
2805232,24 65 
2805254,36 103 
2805254,36 101 
2805793,72 100 
2805793,72 6
2805793,72 2162
2805793,72 10
2807773,95 25 
2808347,48 75 
2809557,05 72 
2809626,61 70 
2811141,91 80 
2812211,73 83 
2812691,83 64 480
2812898,55 74 194
2812898,55 63 194
2813908,41 150 
2813932,14 68 
2815939,41 92 
2815939,41 65 
2815956,46 103 
2815956,46 101 
2816482,73 100 
2816482,73 6
2816482,73 2162
2816482,73 11
2818462,77 25 
2819116,15 75 
2820323,34 72 
2820635,28 70 
2822382,99 80 
2823020,43 83 
2824182,64 64 1163
2824442,47 74 236
2824442,47 61 236
2825950,97 150 
2825981,06 68 
2826398,5 249
2826491,76 171
2827489,72 92 
2827489,72 65 
2827511,48 103 
2827511,48 101 
2828038,96 100 
2828038,96 6
2828038,96 2162
2828038,96 11
2830017,76 25 
2830164,75 75 
2831374,89 72 
2831563,86 70 
2833179,16 80 
2834722,1 83 
2835025,52 64 304
2835203,88 74 162
2835203,88 61 162
2835712,3 150 
2835736,88 68 
2836446,62 92 
2836446,62 65 
2836467,64 103 
2836467,64 101 
2837001,13 100 
2837001,13 6
2837001,13 2162
2837001,13 10
2838987,26 25 
2839654,03 75 
2840861,79 72 
2841053,18 70 
2842676,7 80 
2843958,13 83 
2844577,96 64 620
2844796,39 74 199
2844796,39 63 199
2845808,57 152 
2845839,18 69 
2846751,04 93 
2846769,98 103 
2846769,98 101 
2848796 100 
2848796 6
2848796 2162
2848796 11
2850782,21 25 
2850809,47 75 
2852018,01 72 
2852088,44 70 
2853618,52 80 
2854980,1 83 
2992691,05 64 137711
2992930,23 74 223
2992930,23 61 223
2993439,36 150 
2993468,95 68 
2994176,63 92 
2994176,63 65 
2994200,06 103 
2994200,06 101 
2994726,68 100 
2994726,68 6
2994726,68 2162
2994726,68 10
2996706,3 25 
2996973,23 75 
2998180,93 72 
2998372,38 70 
2999997,4 80 
3000491,06 83 
3001446,16 64 956
3001662,78 74 199
3001662,78 63 199
3003172,21 150 
3003198,37 68 
3005208,51 92 
3005208,51 65 
3005221,98 103 
3005221,98 101 
3005756,1 100 
3005756,1 2
3005756,1 2162
3005756,1 10
3005756,1 78 
3005756,1 198 
3007741,64 25 
3008355,01 75 
3009563,38 72 
3009634,2 70 
3011154,81 80 
3011526,28 83 
3013879,02 64 2353
3014061,2 74 163
3014061,2 63 163
3015069,42 151 
3015099,57 69 
3016608,75 93 
3016630,4 103 
3016630,4 101 
3018656,81 100 
3018656,81 2
3018656,81 2162
3018656,81 11
3020642,76 25 
3020670,29 75 
3021876,7 72 
3021948,89 70 
3023475,31 80 
3024534,02 83 
3258289,29 64 233756
3258437,71 74 124
3258437,71 62 124
3259947,27 151 
3259968,31 69 
3260879,2 93 
3260899,03 103 
3260899,03 101 
3262927,29 100 
3262927,29 2
3262927,29 2162
3262927,29 11
3264912,29 25 
3264938,72 75 
3266145,51 72 
3266444,1 70 
3268206,2 80 
3269842,19 83 
4132624,19 64 862783
4132777,46 74 132
4132777,46 62 132
4133290,27 151 
4133313,87 69 
4134824,95 93 
4134844,32 103 
4134844,32 101 
4136879,5 100 
4136879,5 2
4136879,5 2162
4136879,5 10
4138856,63 25 
4138884,4 75 
4140091,94 72 
4140282,83 70 
4141828,34 80 
4142881,23 83 
4148325,74 64 5445
4148502,3 74 157
4148502,3 62 157
4149013,97 153 
4149040,52 68 
4149749,72 92 
4149749,72 65 
4149771,23 103 
4149771,23 101 
4150298,45 100 
4150298,45 2
4150298,45 2162
4150298,45 11
4152277,54 25 
4153184,21 75 
4154391,85 72 
4154463,44 70 
4155981,55 80 
4156355,67 83 
4157555,27 64 1200
4157720,33 74 153
4157720,33 62 153
4158732,17 151 
4158756,32 69 
4159668,43 93 
4159687,07 103 
4159687,07 101 
4161713,14 100 
4161713,14 2
4161713,14 2162
4161713,14 10
4163699,29 25 
4163726,58 75 
4164933,91 72 
4165005,58 70 
4166523,54 80 
4167883,83 83 
4177630,19 64 9747
4177845,85 74 193
4177845,85 62 193
4179357,01 151 
4179386,29 69 
4181395,01 93 
4181411,01 103 
4181411,01 101 
4183449,61 100 
4183449,61 2
4183449,61 2162
4183449,61 11
4185436,67 25 
4185463,99 75 
4186672,59 72 
4186742,89 70 
4188277,34 80 
4188635,09 83 
4192887,51 64 4253
4193077,8 74 165
4193077,8 62 165
4193588,9 151 
4193608,22 69 
4195618,35 93 
4195631,61 103 
4195631,61 101 
4197657,89 100 
4197657,89 2
4197657,89 2162
4197657,89 11
4199643,9 25 
4200603,85 75 
4201812,44 72 
4201883,01 70 
4203414,93 80 
4204481,46 83 
4205573,65 64 1093
4205743,54 74 156
4205743,54 62 156
4206756,09 151 
4206775,91 69 
4207683,45 93 
4207693,09 103 
4207693,09 101 
4209719,38 100 
4209719,38 2
4209719,38 2162
4209719,38 10
4211705,41 25 
4211732,79 75 
4212942,22 72 
4213011,56 70 
4214523,9 80 
4215889,97 83 
4217099,57 64 1210
4217330,59 74 215
4217330,59 61 215
4218842,68 150 
4218862,75 68 
4220374,53 92 
4220374,53 65 
4220394,36 103 
4220394,36 101 
4220929,84 100 
4220929,84 2
4220929,84 2162
4220929,84 10
4222913,91 25 
4223620,69 75 
4224830,59 72 
4224899,86 70 
4226426,88 80 
4227498,27 83 
4228230,85 64 733
4228443,12 74 199
4228443,12 61 199
4229952,05 150 
4229979,19 68 
4230688,65 92 
4230688,65 65 
4230709,9 103 
4230709,9 101 
4231237,8 100 
4231237,8 2
4231237,8 2162
4231237,8 10
4233216,2 25 
4234109,6 75 
4235317,64 72 
4235388,65 70 
4236908,97 80 
4237280,8 83 
4239056,45 64 1776
4239087,66 256 
4239148,41 74 69
4239148,41 61 69
4240158,03 152 
4240186,91 69 
4241697,25 93 
4241718,51 103 
4241718,51 101 
4243744,76 100 
4243744,76 2
4243744,76 2162
4243744,76 10
4245730,93 25 
4245758,04 75 
4246965,49 72 
4247196,94 70 
4248781,99 80 
4250288,52 83 
4251483,04 64 1195
4251676,15 74 176
4251676,15 62 176
4252185,96 151 
4252209,28 69 
4254220,94 93 
4254233,12 103 
4254233,12 101 
4256265,55 100 
4256265,55 2
4256265,55 2162
4256265,55 11
4258245,43 25 
4258272,71 75 
4259481,92 72 
4259551,74 70 
4261071,15 80 
4262430,19 83 
4263295,74 64 866
4263505,29 74 196
4263505,29 62 196
4265015,8 151 
4265044,13 69 
4265754,8 93 
4265774,91 103 
4265774,91 101 
4267802,2 100 
4267802,2 2
4267802,2 2162
4267802,2 10
4269787,16 25 
4279103,54 75 
4280312,99 72 
4280382,67 70 
4281900,66 80 
4282261,46 83 
4283120,09 64 859
4283287,91 74 147
4283287,91 62 147
4284296,75 151 
4284315,16 69 
4285224,64 93 
4285246,56 103 
4285246,56 101 
4287275,54 100 
4287275,54 2
4287275,54 2162
4287275,54 11
4289258,82 25 
4289285,98 75 
4290495,06 72 
4290565 70 
4292088,37 80 
4293163,52 83 
4293562,39 64 400
4293763,23 74 187
4293763,23 63 187
4294275,91 150 
4294298,15 68 
4294802,4 249
4295043,59 173 
4295208,88 92 
4295208,88 65 
4295228,86 103 
4295228,86 101 
4298856,12 102 
