71,14 100 
71,14 6
71,14 2139
71,14 11
2033,98 25 
2059,49 75 
3268,4 72 
3524,61 70 
5305,52 80 
5857,25 83 
7580,77 64 1723
7771,13 74 167
7771,13 61 167
8281,32 150 
8309,95 68 
9822,21 92 
9822,21 65 
9843,97 103 
9843,97 101 
10368,71 100 
10368,71 6
10368,71 2139
10368,71 11
12348,24 25 
12375,63 75 
13584,51 72 
13654,44 70 
15316,39 80 
16679,32 83 
17074,34 64 395
17230,19 74 138
17230,19 61 138
18241,6 150 
18266,49 68 
20274,61 92 
20274,61 65 
20290,76 103 
20290,76 101 
20818,73 100 
20818,73 6
20818,73 2139
20818,73 10
22797,05 25 
22824,25 75 
24030,61 72 
24103,39 70 
25622,84 80 
26688,39 83 
27235,12 64 547
27438,07 74 189
27438,07 63 189
28947,92 150 
28968,54 68 
29387,73 249
29678,22 92 
29678,22 65 
29700,09 103 
29700,09 101 
30234,92 100 
30234,92 6
30234,92 2139
30234,92 10
32206,35 25 
32553,26 75 
33762,02 72 
33832,45 70 
35347,35 80 
36417,54 83 
37112,58 64 695
37340,75 74 204
37340,75 63 204
38852,43 150 
38871,03 68 
39778,72 92 
39778,72 65 
39802,4 103 
39802,4 101 
40329,99 100 
40329,99 6
40329,99 2139
40329,99 11
42308,69 25 
42336,02 75 
43543,36 72 
43614,95 70 
45139,16 80 
45493,86 83 
46582,15 64 1089
46833,43 74 234
46833,43 61 234
47341,77 150 
47360,71 68 
48069,22 92 
48069,22 65 
48092,18 103 
48092,18 101 
48618,75 100 
48618,75 6
48618,75 2139
48618,75 10
50598,46 25 
51078,65 75 
52287,19 72 
52357,83 70 
53869,06 80 
55236,18 83 
55567,15 64 331
55802,68 74 221
55802,68 63 221
56811,74 150 
56836,68 68 
57346,46 249
58346,13 92 
58346,13 65 
58367,81 103 
58367,81 101 
58901,12 100 
58901,12 6
58901,12 2139
58901,12 11
60874,19 25 
61141,24 75 
62347,84 72 
62420,22 70 
63934,74 80 
65298,52 83 
65702,78 64 405
65914,65 74 191
65914,65 61 191
67423,35 150 
67445,4 68 
69455,29 92 
69455,29 65 
69469,72 103 
69469,72 101 
69998,03 100 
69998,03 6
69998,03 2139
69998,03 10
71975,96 25 
72336,23 75 
73547,17 72 
73615,38 70 
75132,44 80 
75494,14 83 
76574,79 64 1081
76828,28 74 228
76828,28 63 228
77838,49 150 
77867,59 68 
78331,1 249
78776,23 92 
78776,23 65 
78799,04 103 
78799,04 101 
79327,87 100 
79327,87 6
79327,87 2139
79327,87 11
81305,34 25 
81505,7 75 
82715,96 72 
82784,79 70 
84302,04 80 
85356,55 83 
86194,48 64 838
86462,42 74 253
86462,42 61 253
86973,48 152 
86996,12 69 
88503,87 93 
88515,04 103 
88515,04 101 
90545,55 100 
90545,55 6
90545,55 2139
90545,55 10
92527,14 25 
92554,65 75 
93762,86 72 
93833,4 70 
95354,78 80 
96725,08 83 
97170,92 64 447
97413,4 74 222
97413,4 63 222
98926,42 150 
98951,81 68 
99321,01 249
99662,36 92 
99662,36 65 
99683,39 103 
99683,39 101 
100211,97 100 
100211,97 6
100211,97 2139
100211,97 10
102189,75 25 
102217 75 
103424,31 72 
103495,93 70 
105020,43 80 
106081,05 83 
106815,15 64 735
107040,61 74 212
107040,61 63 212
108052,6 150 
108081,29 68 
108645,99 249
110084,36 173 
110110,44 92 
110110,44 65 
110132,31 103 
110132,31 101 
110660,35 100 
110660,35 6
110660,35 2139
110660,35 10
112638,52 25 
112785,54 75 
113996,4 72 
114078,24 70 
115841,17 80 
116396,65 83 
117967,14 64 1571
118172,19 74 190
118172,19 63 190
118679,78 150 
118704,13 68 
119611,73 92 
119611,73 65 
119634,85 103 
119634,85 101 
120167,46 100 
120167,46 6
120167,46 2139
120167,46 11
122141,23 25 
122541,36 75 
123750,05 72 
123953,77 70 
125572,4 80 
126085,81 83 
127235,94 64 1151
127417,36 74 159
127417,36 61 159
128927,8 150 
128953,34 68 
129664,44 92 
129664,44 65 
129683,87 103 
129683,87 101 
130210,79 100 
130210,79 6
130210,79 2139
130210,79 11
132190,16 25 
132643,7 75 
133851,7 72 
133922,83 70 
135441,46 80 
136508,23 83 
137453,06 64 945
137634,51 74 167
137634,51 61 167
138141,62 150 
138161,7 68 
140172,33 92 
140172,33 65 
140186,23 103 
140186,23 101 
140713,37 100 
140713,37 6
140713,37 2139
140713,37 10
142692,37 25 
142919,26 75 
144127,86 72 
144198,51 70 
145717,58 80 
147090,16 83 
147491,13 64 401
147732,23 74 216
147732,23 63 216
148743,03 152 
148770,67 69 
149682,39 93 
149701,94 103 
149701,94 101 
151737,08 100 
151737,08 6
151737,08 2139
151737,08 11
153714,28 25 
153741,72 75 
154950,59 72 
155020,49 70 
156537,14 80 
157898,85 83 
158348,56 64 450
158565,69 74 201
158565,69 61 201
160073,35 150 
160098,97 68 
161609,72 92 
161609,72 65 
161630,16 103 
161630,16 101 
162157,87 100 
162157,87 6
162157,87 2139
162157,87 11
164136,48 25 
164163,62 75 
165369,76 72 
165442,65 70 
166960,55 80 
167308,1 83 
168558,55 64 1250
168783,74 74 210
168783,74 61 210
169296,9 150 
169321,64 68 
170231,8 92 
170231,8 65 
170253,12 103 
170253,12 101 
170782,54 100 
170782,54 6
170782,54 2139
170782,54 11
172759,41 25 
173026,33 75 
174234,85 72 
174305,51 70 
175830,75 80 
176904 83 
177715,34 64 811
177929,16 74 199
177929,16 61 199
178940,2 150 
178970,87 68 
179681 92 
179681 65 
179702,46 103 
179702,46 101 
180234,61 100 
180234,61 6
180234,61 2139
180234,61 10
182208,82 25 
182542,25 75 
183750,26 72 
183821,44 70 
185340,2 80 
185713,62 83 
186978,94 64 1266
187200,52 74 207
187200,52 63 207
188707,94 150 
188726,84 68 
189154,27 249
190239,38 92 
190239,38 65 
190257,9 103 
190257,9 101 
190784,95 100 
190784,95 6
190784,95 2139
190784,95 10
192764,41 25 
193044,47 75 
194252,71 72 
194323,69 70 
195840,74 80 
197215,27 83 
197548,74 64 334
197790,64 74 230
197790,64 63 230
198299,46 150 
198322,77 68 
198840,96 249
200333,41 92 
200333,41 65 
200346,94 103 
200346,94 101 
200880,82 100 
200880,82 6
200880,82 2139
200880,82 11
202853,21 25 
202893,74 75 
204103,89 72 
204172,75 70 
205695,01 80 
206757,93 83 
207601,57 64 844
207782,11 74 158
207782,11 61 158
208790,65 150 
208811,48 68 
209520,57 92 
209520,57 65 
209542,95 103 
209542,95 101 
210074,69 100 
210074,69 6
210074,69 2139
210074,69 10
212049,27 25 
212596,22 75 
213804,45 72 
213875,18 70 
215396,03 80 
216460,34 83 
217198,99 64 739
217421,78 74 203
217421,78 63 203
217934,21 150 
217954,14 68 
218359,54 249
218861,99 92 
218861,99 65 
218885,83 103 
218885,83 101 
219413,52 100 
219413,52 6
219413,52 2139
219413,52 11
221418,53 25 
221712,11 75 
222919,18 72 
222991,31 70 
224510,57 80 
225869,77 83 
226400,91 64 532
226607,96 74 192
226607,96 61 192
228119,98 150 
228150,04 68 
229660,91 92 
229660,91 65 
229680,96 103 
229680,96 101 
230210,51 100 
230210,51 6
230210,51 2139
230210,51 11
232187,36 25 
232787,38 75 
233994,84 72 
234199,83 70 
235820,49 80 
236411,94 83 
238264,81 64 1854
238458,41 74 181
238458,41 61 181
239469,92 150 
239491,66 68 
241499,93 92 
241499,93 65 
241515,94 103 
241515,94 101 
242052,53 100 
242052,53 6
242052,53 2139
242052,53 11
244035,54 25 
244302,39 75 
245511,33 72 
245714,88 70 
247255,4 80 
247620,32 83 
248965,6 64 1345
249139,53 74 160
249139,53 61 160
250149,45 150 
250167,12 68 
251077,86 92 
251077,86 65 
251098,47 103 
251098,47 101 
251627,53 100 
251627,53 6
251627,53 2139
251627,53 10
253604,72 25 
254164,89 75 
255373,27 72 
255444,15 70 
256962,39 80 
258322,38 83 
258676,75 64 355
258931,14 74 236
258931,14 63 236
260439,71 150 
260469,26 68 
261092,56 249
261181,38 92 
261181,38 65 
261200,77 103 
261200,77 101 
261727,15 100 
261727,15 6
261727,15 2139
261727,15 10
263707,07 25 
263774,11 75 
264981,4 72 
265053,29 70 
266575,73 80 
267638,48 83 
268484,07 64 846
268710,68 74 206
268710,68 63 206
269220,26 150 
269238,94 68 
269758,26 249
271246,8 92 
271246,8 65 
271263,16 103 
271263,16 101 
271792,56 100 
271792,56 6
271792,56 2139
271792,56 10
273769,49 25 
273809,78 75 
275017,81 72 
275088,94 70 
276607,06 80 
277660,98 83 
278296,37 64 636
278562,63 74 250
278562,63 63 250
280075,93 150 
280100,83 68 
280725,29 249
281611,53 92 
281611,53 65 
281632,06 103 
281632,06 101 
282159,91 100 
282159,91 6
282159,91 2139
282159,91 10
284138,4 25 
284938,35 75 
286146,66 72 
286217,56 70 
287735,9 80 
288096,31 83 
289314,03 64 1218
289521,4 74 186
289521,4 63 186
290532,62 150 
290549,97 68 
291261,22 92 
291261,22 65 
291281,22 103 
291281,22 101 
291810,82 100 
291810,82 6
291810,82 2139
291810,82 11
293787,53 25 
293974,51 75 
295185,57 72 
295253,64 70 
296770,47 80 
298132,02 83 
298623,06 64 492
298826,14 74 188
298826,14 61 188
299338,61 152 
299359,27 69 
300268,63 93 
300290,69 103 
300290,69 101 
302325,94 100 
302325,94 6
302325,94 2139
302325,94 10
304303,03 25 
304330,29 75 
305539,96 72 
305609,2 70 
307140,54 80 
308194,29 83 
309309,15 64 1115
309578,81 74 252
309578,81 63 252
310087,77 150 
310115,36 68 
311627,86 92 
311627,86 65 
311645,84 103 
311645,84 101 
312172,22 100 
312172,22 6
312172,22 2139
312172,22 10
314152,11 25 
314192,49 75 
315400,9 72 
315471,61 70 
316995,03 80 
317363,8 83 
318654,99 64 1292
318860,32 74 191
318860,32 63 191
320371,74 150 
320390,49 68 
320803,28 249
322399,17 92 
322399,17 65 
322414,59 103 
322414,59 101 
322942,05 100 
322942,05 6
322942,05 2139
322942,05 10
324920,79 25 
325001,27 75 
326210,96 72 
326280,33 70 
327797,77 80 
329172,03 83 
329681,35 64 510
329922,66 74 218
329922,66 63 218
330932,35 150 
330959,02 68 
331621,2 249
332469,01 92 
332469,01 65 
332490,21 103 
332490,21 101 
333020,48 100 
333020,48 6
333020,48 2139
333020,48 10
334996,48 25 
335330,1 75 
336538,99 72 
336609,23 70 
338129,9 80 
339207,71 83 
339718,75 64 512
339953,41 74 213
339953,41 63 213
340963,03 150 
340981,85 68 
341500,17 249
341893,41 92 
341893,41 65 
341912,89 103 
341912,89 101 
342439,83 100 
342439,83 6
342439,83 2139
342439,83 11
344419,12 25 
344659,45 75 
345868,39 72 
346125,19 70 
347705,46 80 
349270,04 83 
349673,98 64 405
349888,12 74 192
349888,12 61 192
351399,1 150 
351430,21 68 
352141,39 92 
352141,39 65 
352161,8 103 
352161,8 101 
352688,94 100 
352688,94 6
352688,94 2139
352688,94 11
354668,13 25 
355201,51 75 
356409,03 72 
356480,72 70 
358001,21 80 
358372,87 83 
359441,56 64 1069
359619,29 74 154
359619,29 61 154
360127,42 150 
360146,46 68 
360514,33 249
362158,91 92 
362158,91 65 
362184,38 103 
362184,38 101 
362719,18 100 
362719,18 6
362719,18 2139
362719,18 11
364703,75 25 
364944,07 75 
366152,68 72 
366223,3 70 
367747,94 80 
368115,33 83 
369173,73 64 1059
369351,81 74 158
369351,81 61 158
370861,01 150 
370888,56 68 
372399,74 92 
372399,74 65 
372419,75 103 
372419,75 101 
372946,37 100 
372946,37 6
372946,37 2139
372946,37 10
374926,05 25 
375446,17 75 
376654,37 72 
376725,35 70 
378242,6 80 
379297,25 83 
380022,6 64 725
380260,28 74 217
380260,28 63 217
380772,31 152 
380790,96 69 
381702 93 
381722,43 103 
381722,43 101 
383748,77 100 
383748,77 6
383748,77 2139
383748,77 11
385734,71 25 
385762,98 75 
386970,81 72 
387040,98 70 
388563,25 80 
389945,95 83 
390241,44 64 296
390444,47 74 179
390444,47 61 179
391456,03 150 
391479,72 68 
393490,95 92 
393490,95 65 
393504,14 103 
393504,14 101 
394033,86 100 
394033,86 6
394033,86 2139
394033,86 11
396010,32 25 
396037,75 75 
397244,53 72 
397316,52 70 
398839,39 80 
400208,27 83 
400593,91 64 386
400826,03 74 218
400826,03 63 218
401335,85 151 
401355,69 69 
402065,77 93 
402087,05 103 
402087,05 101 
404119,87 100 
404119,87 6
404119,87 2139
404119,87 11
406099,34 25 
406126,72 75 
407333,83 72 
407405,54 70 
408935,57 80 
409297,65 83 
410187,16 64 890
410375,97 74 173
410375,97 61 173
411384,35 150 
411404,52 68 
412313,34 92 
412313,34 65 
412335,96 103 
412335,96 101 
412862,65 100 
412862,65 6
412862,65 2139
412862,65 11
414842,3 25 
415202,47 75 
416411,07 72 
416481,7 70 
418003,42 80 
419080,17 83 
419526,66 64 446
419769,53 74 223
419769,53 63 223
421280,23 151 
421306,9 69 
422479,75 249 
422816,64 93 
422838,13 103 
422838,13 101 
424869,54 100 
424869,54 6
424869,54 2139
424869,54 11
426850,41 25 
426877,8 75 
428084,98 72 
428156,61 70 
429674,52 80 
430741,79 83 
431284,15 64 543
431476,06 74 175
431476,06 61 175
431989,66 150 
432009,08 68 
432717,88 92 
432717,88 65 
432753,97 103 
432753,97 101 
433281,55 100 
433281,55 6
433281,55 2139
433281,55 10
435260,16 25 
435766,93 75 
436976,57 72 
437046,15 70 
438563,09 80 
439924,48 83 
440165,52 64 241
440396,77 74 207
440396,77 63 207
441909,26 150 
441938,07 68 
442579,43 249
443949,1 92 
443949,1 65 
443962,42 103 
443962,42 101 
444492,71 100 
444492,71 6
444492,71 2139
444492,71 10
446468,77 25 
446628,96 75 
447838,33 72 
447908,2 70 
449432,08 80 
449800,28 83 
450725,31 64 925
450946,3 74 200
450946,3 63 200
451957,46 150 
451973,88 68 
453212,35 249
453982,13 92 
453982,13 65 
453998,1 103 
453998,1 101 
454532,27 100 
454532,27 6
454532,27 2139
454532,27 10
456517,75 25 
456757,95 75 
457967,04 72 
458037,19 70 
459558,19 80 
460622,27 83 
461146,32 64 524
461361,63 74 193
461361,63 63 193
462372,69 150 
462396,02 68 
462903,81 249
463905,79 92 
463905,79 65 
463927,21 103 
463927,21 101 
464454,35 100 
464454,35 6
464454,35 2139
464454,35 10
466433,44 25 
466873,62 75 
468082,29 72 
468152,79 70 
469676,42 80 
470044,92 83 
471156,34 64 1112
471413,5 74 236
471413,5 63 236
471923,72 150 
471951,9 68 
472373,83 249
472862,11 92 
472862,11 65 
472883,36 103 
472883,36 101 
473409,75 100 
473409,75 6
473409,75 2139
473409,75 10
475389,72 25 
475696,5 75 
476906,51 72 
476975,72 70 
478490,68 80 
479854,01 83 
480230,52 64 377
480464,65 74 212
480464,65 63 212
481973,33 150 
482000,88 68 
482443,78 249
482711,72 92 
482711,72 65 
482732,41 103 
482732,41 101 
483265,87 100 
483265,87 6
483265,87 2139
483265,87 11
485252,05 25 
485852,16 75 
487060,73 72 
487131,31 70 
488648,93 80 
489010,15 83 
489915,13 64 904
490107,17 74 178
490107,17 61 178
491115,89 152 
491143,65 69 
491854 93 
491875,19 103 
491875,19 101 
493902,87 100 
493902,87 6
493902,87 2139
493902,87 11
495887,5 25 
495915,2 75 
497125,57 72 
497193,67 70 
498713,18 80 
500085,4 83 
500584,1 64 499
500729,85 74 125
500729,85 61 125
502237,95 150 
502258,89 68 
504270,56 92 
504270,56 65 
504296,51 103 
504296,51 101 
504826,38 100 
504826,38 6
504826,38 2139
504826,38 10
506802,84 25 
507136,36 75 
508343,38 72 
508415,56 70 
509931,55 80 
510987,38 83 
511463,47 64 476
511715,88 74 236
511715,88 63 236
512225,17 152 
512254,22 69 
513162,08 93 
513172,73 103 
513172,73 101 
515203,74 100 
515203,74 6
515203,74 2139
515203,74 11
517185,11 25 
517212,56 75 
518420,56 72 
518491,24 70 
520011,59 80 
520370,03 83 
521346,07 64 977
521551,02 74 182
521551,02 61 182
522060,48 150 
522090,35 68 
522137,65 249
522450,35 171
523600,77 92 
523600,77 65 
523621,59 103 
523621,59 101 
524150,51 100 
524150,51 6
524150,51 2139
524150,51 11
526128,74 25 
526687,95 75 
527895,38 72 
527967,14 70 
529486,47 80 
530845,5 83 
531232,28 64 387
531449,11 74 204
531449,11 61 204
532956,88 150 
532979 68 
533552,33 249
534487,51 92 
534487,51 65 
534510,23 103 
534510,23 101 
535036,82 100 
535036,82 6
535036,82 2139
535036,82 10
537016,55 25 
537350,04 75 
538559,65 72 
538629,26 70 
540147,44 80 
541214,35 83 
542035,68 64 822
542280,11 74 227
542280,11 63 227
543290,01 150 
543307,99 68 
543821,36 249
544215,77 92 
544215,77 65 
544239,4 103 
544239,4 101 
544770,56 100 
544770,56 6
544770,56 2139
544770,56 10
546745,71 25 
546866,06 75 
548074,04 72 
548145,16 70 
549668,85 80 
550730,26 83 
551143,49 64 413
551400,96 74 244
551400,96 63 244
552413,42 150 
552437,38 68 
553078,31 249
554446,49 92 
554446,49 65 
554461,68 103 
554461,68 101 
554989,26 100 
554989,26 6
554989,26 2139
554989,26 11
556967,94 25 
557408,15 75 
558616,43 72 
558953,91 70 
560566,56 80 
562138,75 83 
562530,66 64 392
562696,9 74 146
562696,9 61 146
564207,87 150 
564233,37 68 
564721,26 249
564942,44 92 
564942,44 65 
564963,87 103 
564963,87 101 
565491,17 100 
565491,17 6
565491,17 2139
565491,17 10
567470,18 25 
568363,53 75 
569570,8 72 
569775,92 70 
571398,62 80 
571961,19 83 
573043,5 64 1082
573277,41 74 210
573277,41 63 210
573786,21 150 
573814,82 68 
574298,36 249
575825,08 92 
575825,08 65 
575839,18 103 
575839,18 101 
576369,78 100 
576369,78 6
576369,78 2139
576369,78 11
578345,48 25 
578652,36 75 
579861,05 72 
580065,03 70 
581693,95 80 
583263,14 83 
583355,43 64 92
583584,38 74 215
583584,38 61 215
585092,61 150 
585116,7 68 
585547,57 249
585826,86 92 
585826,86 65 
585848,19 103 
585848,19 101 
586374,54 100 
586374,54 6
586374,54 2139
586374,54 11
588354,55 25 
588728,01 75 
589936,88 72 
590140,5 70 
591773,55 80 
592339,15 83 
593347,65 64 1008
593549,04 74 184
593549,04 61 184
594061,96 150 
594086,24 68 
594496,73 249
594995,34 92 
594995,34 65 
595017,64 103 
595017,64 101 
595545,04 100 
595545,04 6
595545,04 2139
595545,04 10
597523,87 25 
598044,06 75 
599252,3 72 
599549,83 70 
601128,68 80 
602348,15 83 
602770,35 64 422
602992,82 74 206
602992,82 63 206
604003,85 150 
604028,56 68 
604576,32 249
605539,28 92 
605539,28 65 
605559,75 103 
605559,75 101 
606099,87 100 
606099,87 6
606099,87 2139
606099,87 11
608079,34 25 
608572,89 75 
609780,74 72 
609852,11 70 
611367,24 80 
612730,47 83 
613092,26 64 362
613292,61 74 176
613292,61 61 176
613802,66 150 
613824,35 68 
615334,51 92 
615334,51 65 
615355,69 103 
615355,69 101 
615882,59 100 
615882,59 6
615882,59 2139
615882,59 11
617861,87 25 
618301,98 75 
619510,82 72 
619581,17 70 
621100,64 80 
622179,67 83 
622761,63 64 582
622941,13 74 162
622941,13 61 162
624451,01 152 
624472,77 69 
625181,79 93 
625191,44 103 
625191,44 101 
627218,11 100 
627218,11 6
627218,11 2139
627218,11 10
629203,64 25 
629231,38 75 
630438,87 72 
630509,88 70 
632026,76 80 
632401,99 83 
633514,02 64 1113
633781,54 74 247
633781,54 63 247
634788,75 150 
634815,52 68 
635228,44 249
636824,4 92 
636824,4 65 
636839,67 103 
636839,67 101 
637371,56 100 
637371,56 6
637371,56 2139
637371,56 10
639346,06 25 
639866,18 75 
641073,09 72 
641145,28 70 
642663,89 80 
644023,68 83 
644354,73 64 332
644588,97 74 219
644588,97 63 219
646098,96 150 
646117,26 68 
646788,08 249
647030,53 92 
647030,53 65 
647048,64 103 
647048,64 101 
647576,34 100 
647576,34 6
647576,34 2139
647576,34 11
649568,27 25 
649848,63 75 
651057,12 72 
651127,73 70 
652655,04 80 
653019,77 83 
654222,14 64 1203
654415,57 74 170
654415,57 61 170
654925,53 150 
654953,44 68 
656464,11 92 
656464,11 65 
656484,63 103 
656484,63 101 
657016,08 100 
657016,08 6
657016,08 2139
657016,08 11
658990,84 25 
659351,17 75 
660557,74 72 
660630,29 70 
662144,73 80 
663202,3 83 
664008,79 64 807
664193,91 74 166
664193,91 61 166
665207,19 150 
665228,94 68 
665677,31 249
665937,97 92 
665937,97 65 
665960,5 103 
665960,5 101 
666493,9 100 
666493,9 6
666493,9 2139
666493,9 10
668466,84 25 
669040,32 75 
670250,45 72 
670319,43 70 
671842,11 80 
673211,11 83 
673540,72 64 330
673807,1 74 250
673807,1 63 250
674816,19 150 
674838,17 68 
675747,62 92 
675747,62 65 
675769,7 103 
675769,7 101 
676297,53 100 
676297,53 6
676297,53 2139
676297,53 10
678275,95 25 
678596,19 75 
679804,79 72 
679875,36 70 
681396,63 80 
682460,66 83 
683058,36 64 598
683310,04 74 237
683310,04 63 237
684818,22 150 
684847,28 68 
685231,95 249
686854,72 92 
686854,72 65 
686871,56 103 
686871,56 101 
687398,07 100 
687398,07 6
687398,07 2139
687398,07 10
689377,86 25 
689578,19 75 
690787,15 72 
690857,26 70 
692388,33 80 
692762,72 83 
694167,55 64 1405
694385,75 74 198
694385,75 63 198
694897,44 150 
694922,89 68 
695506,53 249
696931,88 92 
696931,88 65 
696947,23 103 
696947,23 101 
697481,17 100 
697481,17 6
697481,17 2139
697481,17 11
699453,78 25 
699947,06 75 
701154,31 72 
701226,3 70 
702748,59 80 
704117,87 83 
705206,27 64 1089
705388,78 74 166
705388,78 61 166
705900,75 150 
705918,21 68 
706830,24 92 
706830,24 65 
706849,69 103 
706849,69 101 
707381,06 100 
707381,06 6
707381,06 2139
707381,06 10
709355,97 25 
710009,58 75 
711217,97 72 
711421,78 70 
713044,32 80 
714313,48 83 
714939,91 64 627
715227,29 74 274
715227,29 63 274
716235,67 150 
716261,28 68 
716705,88 249
716972,72 92 
716972,72 65 
716991,97 103 
716991,97 101 
717519,97 100 
717519,97 6
717519,97 2139
717519,97 10
719498,49 25 
719885,21 75 
721092,25 72 
721390,9 70 
722972,21 80 
723522,86 83 
724618,04 64 1096
724852,09 74 210
724852,09 63 210
726361,01 150 
726389,4 68 
726974,87 249
727899,24 92 
727899,24 65 
727920,61 103 
727920,61 101 
728455,35 100 
728455,35 6
728455,35 2139
728455,35 11
730440,24 25 
730693,85 75 
731901,53 72 
732106,28 70 
733638,12 80 
735011,33 83 
735391,23 64 380
735596,63 74 186
735596,63 61 186
737106,21 150 
737131,51 68 
739139,38 92 
739139,38 65 
739155,78 103 
739155,78 101 
739683,71 100 
739683,71 6
739683,71 2139
739683,71 10
741662,06 25 
741995,62 75 
743205,07 72 
743274,76 70 
744791,25 80 
745153,63 83 
746234,7 64 1081
746464,53 74 205
746464,53 63 205
747474,23 150 
747500,45 68 
749012,34 92 
749012,34 65 
749031,53 103 
749031,53 101 
749557,93 100 
749557,93 6
749557,93 2139
749557,93 10
751537,96 25 
751978 75 
753188,13 72 
753257,18 70 
754783,06 80 
755843,28 83 
756324,87 64 483
756622,4 74 274
756622,4 63 274
757130,28 150 
757150,34 68 
758061,55 92 
758061,55 65 
758081 103 
758081 101 
758616,74 100 
758616,74 6
758616,74 2139
758616,74 11
760600,61 25 
761254,03 75 
762463,87 72 
762533,21 70 
764049,73 80 
765105,01 83 
765676,46 64 572
765901,04 74 210
765901,04 61 210
767409,93 150 
767439,21 68 
768151,31 92 
768151,31 65 
768170,01 103 
768170,01 101 
768698,74 100 
768698,74 6
768698,74 2139
768698,74 11
770676,39 25 
771009,82 75 
772218,41 72 
772289,02 70 
773805,99 80 
774167,82 83 
775136,13 64 969
775329,84 74 177
775329,84 61 177
776339,77 150 
776367,6 68 
776569,4 249
776854,11 171
778376,29 92 
778376,29 65 
778392,29 103 
778392,29 101 
778919,14 100 
778919,14 6
778919,14 2139
778919,14 11
780898,56 25 
781338,82 75 
782545,71 72 
782617,93 70 
784141,5 80 
785509,58 83 
785920,1 64 411
786124,85 74 189
786124,85 61 189
786633,58 150 
786657,58 68 
787367,21 92 
787367,21 65 
787388,42 103 
787388,42 101 
787920,47 100 
787920,47 6
787920,47 2139
787920,47 10
789894,77 25 
790228,32 75 
791437,26 72 
791507,44 70 
793031,62 80 
794399,15 83 
794878,34 64 479
795143,19 74 251
795143,19 63 251
796652,21 150 
796680 68 
797158,52 249
798190,3 92 
798190,3 65 
798210,58 103 
798210,58 101 
798736,81 100 
798736,81 6
798736,81 2139
798736,81 11
800716,77 25 
801090,31 75 
802297,17 72 
802369,5 70 
803883,72 80 
804941,22 83 
805473,55 64 532
805687,22 74 200
805687,22 61 200
806195,84 152 
806221,86 69 
807133,04 93 
807153,28 103 
807153,28 101 
809185,76 100 
809185,76 2
809185,76 2139
809185,76 11
809185,76 78 
809185,76 198 
811165,57 25 
814098,01 75 
815304,93 72 
815377,23 70 
816893,82 80 
817255,96 83 
818496,5 64 1241
818687,74 74 166
818687,74 61 166
819700,24 151 
819722,75 69 
821732,59 93 
821747,01 103 
821747,01 101 
823776,45 100 
823776,45 2
823776,45 2139
823776,45 10
825759,32 25 
825787,31 75 
826995,26 72 
827065,52 70 
828579,65 80 
829637,55 83 
830710,88 64 1074
831139,95 74 410
831139,95 63 410
832649,69 151 
832677,95 69 
833587,01 93 
833608,65 103 
833608,65 101 
835634,99 100 
835634,99 2
835634,99 2139
835634,99 11
837621,09 25 
837648,33 75 
838857,12 72 
839060,39 70 
840684,92 80 
841245,71 83 
842086,51 64 841
842257,48 74 146
842257,48 61 146
843266,57 151 
843286,72 69 
844795,27 93 
844817,18 103 
844817,18 101 
846844,24 100 
846844,24 2
846844,24 2139
846844,24 11
848829,42 25 
848859,18 75 
850066,58 72 
850362,23 70 
851952,25 80 
853320,79 83 
854002,7 64 683
854257,43 74 231
854257,43 63 231
854767,17 150 
854787,66 68 
855343,37 249
855496,11 92 
855496,11 65 
855519,18 103 
855519,18 101 
856052,42 100 
856052,42 2
856052,42 2139
856052,42 10
858038,78 25 
858119,18 75 
859328,18 72 
859398,4 70 
860923,13 80 
861303,77 83 
862658,94 64 1356
862885,94 74 210
862885,94 63 210
863896,11 151 
863917,04 69 
865928,52 93 
865941,4 103 
865941,4 101 
867971,07 100 
867971,07 2
867971,07 2139
867971,07 11
869953,69 25 
869981,67 75 
871188,54 72 
871259,88 70 
872773,43 80 
873831,73 83 
874382,06 64 551
874554,39 74 149
874554,39 62 149
875064,81 151 
875086,43 69 
875794,69 93 
875817,17 103 
875817,17 101 
877843,52 100 
877843,52 2
877843,52 2139
877843,52 11
879829,44 25 
879856,76 75 
881063,58 72 
881135,68 70 
882656,82 80 
884027,29 83 
884327,6 64 300
884513,72 74 167
884513,72 61 167
886023,86 151 
886055,03 69 
887566,77 93 
887585,49 103 
887585,49 101 
889617,63 100 
889617,63 2
889617,63 2139
889617,63 10
891597,75 25 
891625,11 75 
892833,99 72 
892903,96 70 
894425,32 80 
895795,58 83 
896732,37 64 937
896969,73 74 215
896969,73 63 215
897980,76 153 
898009,2 68 
898920,04 92 
898920,04 65 
898940,63 103 
898940,63 101 
899468,51 100 
899468,51 2
899468,51 2139
899468,51 10
901446,89 25 
901727,08 75 
902935,67 72 
903006,31 70 
904524,66 80 
905591,4 83 
906061,33 64 470
906274,09 74 190
906274,09 63 190
906781,93 151 
906806,16 69 
906851,97 249 
908085,48 183 
908317,48 93 
908336,58 103 
908336,58 101 
910365,74 100 
910365,74 2
910365,74 2139
910365,74 10
912348,88 25 
912376,28 75 
913584,73 72 
913655,06 70 
915171,8 80 
915533,83 83 
917029,87 64 1497
917238,79 74 186
917238,79 63 186
918750,42 151 
918774,26 69 
919938,96 249 
920784,12 93 
920797,85 103 
920797,85 101 
922832,12 100 
922832,12 2
922832,12 2139
922832,12 10
924810,2 25 
924837,33 75 
926044,38 72 
926116,43 70 
927638,08 80 
929008,01 83 
929460,39 64 453
929653,27 74 179
929653,27 62 179
931163,39 151 
931181,74 69 
931893,8 93 
931913,11 103 
931913,11 101 
933939,69 100 
933939,69 2
933939,69 2139
933939,69 11
935925,43 25 
935966,25 75 
937176,19 72 
937244,93 70 
938774,5 80 
939137,04 83 
940220,33 64 1084
940402,88 74 160
940402,88 62 160
940912,1 151 
940937,83 69 
941848,07 93 
941868,84 103 
941868,84 101 
943899,31 100 
943899,31 2
943899,31 2139
943899,31 10
945881,15 25 
945908,32 75 
947115,03 72 
947187,36 70 
948708,69 80 
949772,49 83 
950696,29 64 924
951019,36 74 301
951019,36 63 301
952027,55 151 
952052,94 69 
953426,18 249 
953554,35 183 
954062,27 93 
954076,9 103 
954076,9 101 
956108,87 100 
956108,87 2
956108,87 2139
956108,87 10
958089,21 25 
958116,58 75 
959324,8 72 
959568,71 70 
961152,65 80 
962420,39 83 
962718,87 64 299
962865,25 74 125
962865,25 61 125
963874,71 150 
963901,56 68 
964810,5 92 
964810,5 65 
964832,33 103 
964832,33 101 
965360,1 100 
965360,1 2
965360,1 2139
965360,1 10
967338,57 25 
967912,08 75 
969122,23 72 
969191,25 70 
970707,51 80 
971070,03 83 
972203,63 64 1135
972400,06 74 171
972400,06 61 171
973910,35 150 
973936,55 68 
975448 92 
975448 65 
975467,74 103 
975467,74 101 
975996,34 100 
975996,34 2
975996,34 2139
975996,34 11
977974,02 25 
978387,61 75 
979595,23 72 
979666,75 70 
981180,58 80 
982545,17 83 
982964,81 64 420
983124,49 74 140
983124,49 61 140
983633,95 151 
983653,29 69 
984366,19 93 
984383,94 103 
984383,94 101 
986418,68 100 
986418,68 2
986418,68 2139
986418,68 11
988396,23 25 
988423,51 75 
989630,46 72 
989702,47 70 
991223,12 80 
992287,56 83 
992851,16 64 564
993071,47 74 198
993071,47 61 198
993580,29 153 
993608,11 68 
994317,86 92 
994317,86 65 
994339,66 103 
994339,66 101 
994866,16 100 
994866,16 2
994866,16 2139
994866,16 11
996845,95 25 
996873,37 75 
998081,84 72 
998152,12 70 
999668,69 80 
1000030,93 83 
1000977,35 64 947
1001134,05 74 144
1001134,05 61 144
1002641,75 151 
1002670,91 69 
1003581,77 93 
1003602,42 103 
1003602,42 101 
1005629,04 100 
1005629,04 2
1005629,04 2139
1005629,04 11
1007614,66 25 
1007641,96 75 
1008849,89 72 
1008920,86 70 
1010442,94 80 
1011812,51 83 
1012191,22 64 379
1012357,93 74 146
1012357,93 61 146
1013366,11 151 
1013385,97 69 
1014894,29 93 
1014904,26 103 
1014904,26 101 
1016936,08 100 
1016936,08 2
1016936,08 2139
1016936,08 10
1018916,47 25 
1018943,75 75 
1020149,74 72 
1020222,76 70 
1021739,21 80 
1023101 83 
1023115,21 64 15
1023421,47 74 281
1023421,47 61 281
1023931,32 150 
1023955,88 68 
1024401,55 249
1025967,64 92 
1025967,64 65 
1025992,74 103 
1025992,74 101 
1026525,82 100 
1026525,82 2
1026525,82 2139
1026525,82 11
1028499,2 25 
1028832,62 75 
1030041,11 72 
1030111,73 70 
1031632,91 80 
1032696,89 83 
1033117,09 64 421
1033295,25 74 159
1033295,25 62 159
1034807,05 151 
1034830,42 69 
1035540,29 93 
1035561,96 103 
1035561,96 101 
1037589,48 100 
1037589,48 2
1037589,48 2139
1037589,48 10
1039574,26 25 
1040774,21 75 
1041980,85 72 
1042053,37 70 
1043579,37 80 
1043945,42 83 
1044864,01 64 919
1045045,98 74 168
1045045,98 61 168
1046056,17 150 
1046078,91 68 
1046544,52 249
1047588,48 92 
1047588,48 65 
1047610,23 103 
1047610,23 101 
1048140,95 100 
1048140,95 2
1048140,95 2139
1048140,95 10
1050116,5 25 
1050330,07 75 
1051539,42 72 
1051609,24 70 
1053140,17 80 
1054500,86 83 
1054865,37 64 365
1055078,96 74 192
1055078,96 61 192
1055590,98 150 
1055621,56 68 
1056483,84 249
1056530,05 92 
1056530,05 65 
1056552,97 103 
1056552,97 101 
1057079,21 100 
1057079,21 2
1057079,21 2139
1057079,21 10
1059059,24 25 
1059352,87 75 
1060559,82 72 
1060631,99 70 
1062149,11 80 
1063203,87 83 
1063618,77 64 416
1063825,51 74 182
1063825,51 61 182
1065335,23 150 
1065363,98 68 
1067374,8 92 
1067374,8 65 
1067401,65 103 
1067401,65 101 
1067929,81 100 
1067929,81 2
1067929,81 2139
1067929,81 10
1069907,94 25 
1070121,52 75 
1071331,14 72 
1071573,96 70 
1073160,82 80 
1073719,32 83 
1074494,26 64 775
1074688,55 74 170
1074688,55 61 170
1075695,81 150 
1075719,54 68 
1077228,46 92 
1077228,46 65 
1077250,8 103 
1077250,8 101 
1077786,04 100 
1077786,04 2
1077786,04 2139
1077786,04 11
1079770,35 25 
1079877,4 75 
1081084,45 72 
1081156,57 70 
1082674,42 80 
1083035,31 83 
1084631,83 64 1597
1084808,52 74 161
1084808,52 62 161
1085817,24 151 
1085835,91 69 
1086745,93 93 
1086766,65 103 
1086766,65 101 
1088794 100 
1088794 2
1088794 2139
1088794 11
1090779 25 
1090819,59 75 
1092028,65 72 
1092098,5 70 
1093611,79 80 
1094670,3 83 
1095193,2 64 523
1095429,61 74 214
1095429,61 63 214
1095938,72 150 
1095964,25 68 
1096676,73 92 
1096676,73 65 
1096695,75 103 
1096695,75 101 
1097222,19 100 
1097222,19 2
1097222,19 2139
1097222,19 10
1099202,03 25 
1099428,96 75 
1100637,19 72 
1100708,19 70 
1102223,22 80 
1103586,52 83 
1103961,12 64 375
1104192,96 74 207
1104192,96 61 207
1105704,62 150 
1105734,15 68 
1107743,99 92 
1107743,99 65 
1107757,67 103 
1107757,67 101 
1108290,85 100 
1108290,85 2
1108290,85 2139
1108290,85 11
1110277,28 25 
1110517,58 75 
1111726,26 72 
1111796,81 70 
1113319,77 80 
1114688,36 83 
1114923,24 64 235
1115109,59 74 168
1115109,59 62 168
1116621,03 151 
1116649,44 69 
1117557,67 93 
1117566,84 103 
1117566,84 101 
1119595,95 100 
1119595,95 2
1119595,95 2139
1119595,95 11
1121579,11 25 
1121606,94 75 
1122814,48 72 
1122885,31 70 
1124401,13 80 
1124750,9 83 
1125350,44 64 600
1125542,73 74 180
1125542,73 61 180
1126552,28 153 
1126578,46 68 
1128088,32 92 
1128088,32 65 
1128108,94 103 
1128108,94 101 
1128638,15 100 
1128638,15 2
1128638,15 2139
1128638,15 11
1130628,54 25 
1130842,12 75 
1132049,35 72 
1132121,34 70 
1133636,91 80 
1134706,55 83 
1135142,82 64 437
1135386,13 74 227
1135386,13 61 227
1135898,27 151 
1135920,75 69 
1136048,4 249 
1136633,31 93 
1136651,95 103 
1136651,95 101 
1138682,91 100 
1138682,91 2
1138682,91 2139
1138682,91 10
1140664,28 25 
1140691,35 75 
1141898,71 72 
1141970,42 70 
1143486,96 80 
1143849,2 83 
1144764,92 64 916
1144950,8 74 169
1144950,8 61 169
1145958,36 150 
1145982,73 68 
1147990,29 92 
1147990,29 65 
1148007,06 103 
1148007,06 101 
1148534,03 100 
1148534,03 2
1148534,03 2139
1148534,03 11
1150526,71 25 
1150713,6 75 
1151920,67 72 
1151992,81 70 
1153512,91 80 
1154577,95 83 
1155195,26 64 618
1155389,6 74 172
1155389,6 62 172
1156898,66 151 
1156924,71 69 
1158432,35 93 
1158442,84 103 
1158442,84 101 
1160469,18 100 
1160469,18 2
1160469,18 2139
1160469,18 10
1162454,87 25 
1162482,34 75 
1163689,5 72 
1163761,09 70 
1165277,79 80 
1166639,43 83 
1167002,41 64 363
1167189,58 74 164
1167189,58 61 164
1167699,63 150 
1167721,1 68 
1168629,95 92 
1168629,95 65 
1168651,52 103 
1168651,52 101 
1169182,53 100 
1169182,53 2
1169182,53 2139
1169182,53 11
1171157,84 25 
1171424,78 75 
1172632,5 72 
1172703,94 70 
1174219,99 80 
1175275,79 83 
1176019,71 64 745
1176208,36 74 173
1176208,36 62 173
1177220,11 151 
1177250,07 69 
1179263,24 93 
1179273,72 103 
1179273,72 101 
1181302,55 100 
1181302,55 2
1181302,55 2139
1181302,55 11
1183285,96 25 
1183313,48 75 
1184521,85 72 
1184765,49 70 
1186345,43 80 
1187950,34 83 
1188272,58 64 322
1188446,35 74 150
1188446,35 61 150
1189955,09 151 
1189977,97 69 
1190686,96 93 
1190708,75 103 
1190708,75 101 
1192738,91 100 
1192738,91 2
1192738,91 2139
1192738,91 10
1194721,05 25 
1194748,35 75 
1195957,6 72 
1196160,51 70 
1197775,73 80 
1198345,85 83 
1199490,74 64 1146
1199684,99 74 180
1199684,99 61 180
1200193,42 150 
1200212,81 68 
1201124,08 92 
1201124,08 65 
1201144,28 103 
1201144,28 101 
1201675,31 100 
1201675,31 2
1201675,31 2139
1201675,31 10
1203650,56 25 
1204197,43 75 
1205408,06 72 
1205609,8 70 
1207156,28 80 
1207528,6 83 
1208700,69 64 1173
1208890,31 74 176
1208890,31 61 176
1209403,61 150 
1209423,16 68 
1210134,48 92 
1210134,48 65 
1210153,76 103 
1210153,76 101 
1210681,65 100 
1210681,65 2
1210681,65 2139
1210681,65 10
1212660,01 25 
1213180,19 75 
1214388,33 72 
1214459,56 70 
1215982,54 80 
1217351,02 83 
1217768,27 64 418
1217981,71 74 192
1217981,71 61 192
1218994,48 150 
1219018,85 68 
1220528,05 92 
1220528,05 65 
1220549,27 103 
1220549,27 101 
1221076,92 100 
1221076,92 2
1221076,92 2139
1221076,92 11
1223055,62 25 
1223362,52 75 
1224570,31 72 
1224641,64 70 
1226164,1 80 
1227226,83 83 
1227672,84 64 447
1227921,95 74 229
1227921,95 63 229
1229432,91 152 
1229453,66 69 
1230493,97 249 
1230548,83 183 
1231464,94 93 
1231477,94 103 
1231477,94 101 
1233515,64 100 
1233515,64 2
1233515,64 2139
1233515,64 10
1235490,24 25 
1235517,41 75 
1236724 72 
1236796,52 70 
1238316,59 80 
1239688,1 83 
1240014,31 64 326
1240208,12 74 174
1240208,12 61 174
1241720,43 150 
1241741,68 68 
1242300,42 249
1242452,53 92 
1242452,53 65 
1242473,22 103 
1242473,22 101 
1243000,63 100 
1243000,63 2
1243000,63 2139
1243000,63 11
1244979,49 25 
1245473,02 75 
1246681,45 72 
1246752,15 70 
1248275,05 80 
1248657,61 83 
1249691,15 64 1034
1249908,14 74 198
1249908,14 63 198
1250415,99 150 
1250444,64 68 
1250884,69 249
1252455,53 92 
1252455,53 65 
1252468,93 103 
1252468,93 101 
1252995,33 100 
1252995,33 2
1252995,33 2139
1252995,33 10
1254975,25 25 
1255375,42 75 
1256584,29 72 
1256654,57 70 
1258177,73 80 
1259239,7 83 
1259689,59 64 450
1259884,2 74 178
1259884,2 61 178
1260894,19 150 
1260920,2 68 
1261073,33 249
1261304,79 171
1262431,85 92 
1262431,85 65 
1262451,32 103 
1262451,32 101 
1262983,05 100 
1262983,05 2
1262983,05 2139
1262983,05 10
1264957,57 25 
1265291,15 75 
1266500,16 72 
1266570,3 70 
1268096,8 80 
1269462,15 83 
1269886,24 64 424
1270080,3 74 179
1270080,3 61 179
1271590,52 150 
1271608,89 68 
1272515,82 92 
1272515,82 65 
1272540,33 103 
1272540,33 101 
1273066,79 100 
1273066,79 2
1273066,79 2139
1273066,79 10
1275046,59 25 
1275593,4 75 
1276800,97 72 
1276875,34 70 
1278398,24 80 
1279471,08 83 
1279912,49 64 442
1280097,1 74 160
1280097,1 61 160
1280605,51 150 
1280633,16 68 
1282642,2 92 
1282642,2 65 
1282669,28 103 
1282669,28 101 
1283199,8 100 
1283199,8 2
1283199,8 2139
1283199,8 10
1285175,59 25 
1285762,42 75 
1286973,07 72 
1287041,6 70 
1288572,89 80 
1288947,05 83 
1290177,95 64 1232
1290376,31 74 177
1290376,31 61 177
1291384,23 150 
1291414,07 68 
1292014,04 249
1292921,65 92 
1292921,65 65 
1292944,89 103 
1292944,89 101 
1293478,48 100 
1293478,48 2
1293478,48 2139
1293478,48 11
1295464,48 25 
1295784,73 75 
1296991,72 72 
1297063,95 70 
1298592,2 80 
1298956,02 83 
1300282,15 64 1327
1300504,55 74 202
1300504,55 63 202
1302018,12 152 
1302049,89 69 
1302761,04 93 
1302780,69 103 
1302780,69 101 
1304807,05 100 
1304807,05 2
1304807,05 2139
1304807,05 11
1306792,96 25 
1306820,65 75 
1308028,24 72 
1308285,76 70 
1309869,66 80 
1311430,69 83 
1312079,79 64 650
1312342,81 74 247
1312342,81 61 247
1312851,02 151 
1312870,88 69 
1313779,59 93 
1313802,64 103 
1313802,64 101 
1315829,87 100 
1315829,87 2
1315829,87 2139
1315829,87 11
1317814,95 25 
1317842,18 75 
1319049,93 72 
1319347,73 70 
1320936,44 80 
1322186,03 83 
1325489,22 64 3304
1325722,4 74 217
1325722,4 63 217
1326730,95 150 
1326758,57 68 
1327393,43 249
1328267,56 92 
1328267,56 65 
1328289,75 103 
1328289,75 101 
1328819,88 100 
1328819,88 2
1328819,88 2139
1328819,88 11
1330796,03 25 
1331289,64 75 
1332497,04 72 
1332568,67 70 
1334097,01 80 
1335153,8 83 
1335753,24 64 600
1335995,55 74 229
1335995,55 63 229
1336504,74 150 
1336527,66 68 
1337439,74 92 
1337439,74 65 
1337459,14 103 
1337459,14 101 
1337987,54 100 
1337987,54 2
1337987,54 2139
1337987,54 10
1339965,4 25 
1340538,86 75 
1341745,85 72 
1341818,1 70 
1343336,87 80 
1343710,21 83 
1344855,23 64 1145
1345053,4 74 184
1345053,4 61 184
1346061,54 150 
1346084,38 68 
1346793,53 92 
1346793,53 65 
1346815,29 103 
1346815,29 101 
1347343,11 100 
1347343,11 2
1347343,11 2139
1347343,11 11
1349321,39 25 
1349854,86 75 
1351063,92 72 
1351134,05 70 
1352651,96 80 
1354012,37 83 
1355520,58 64 1508
1355745,8 74 201
1355745,8 63 201
1357254,2 150 
1357279,48 68 
1357898,58 249
1359289,15 92 
1359289,15 65 
1359303,1 103 
1359303,1 101 
1359837,95 100 
1359837,95 2
1359837,95 2139
1359837,95 11
1361822,7 25 
1362382,91 75 
1363592,43 72 
1363662,02 70 
1365184,81 80 
1365554,28 83 
1366912,38 64 1358
1367151,38 74 225
1367151,38 63 225
1368661,3 150 
1368687,2 68 
1369595,85 92 
1369595,85 65 
1369618,72 103 
1369618,72 101 
1370145,7 100 
1370145,7 2
1370145,7 2139
1370145,7 10
1372124,93 25 
1372325,22 75 
1373534,48 72 
1373604,52 70 
1375126,01 80 
1376202,85 83 
1376771,72 64 570
1376987,8 74 199
1376987,8 61 199
1377995,15 150 
1378017,34 68 
1379196,72 249
1380026,42 92 
1380026,42 65 
1380040,9 103 
1380040,9 101 
1380568,07 100 
1380568,07 2
1380568,07 2139
1380568,07 11
1382547,17 25 
1383040,66 75 
1384246,86 72 
1384319,92 70 
1385849,36 80 
1387211,48 83 
1387612,93 64 402
1387833,42 74 196
1387833,42 63 196
1388344 150 
1388372,21 68 
1389882,67 92 
1389882,67 65 
1389903,29 103 
1389903,29 101 
1390438,19 100 
1390438,19 2
1390438,19 2139
1390438,19 11
1392422,92 25 
1392823,22 75 
1394030,34 72 
1394102,31 70 
1395621,2 80 
1395981,04 83 
1397015,68 64 1036
1397224,7 74 192
1397224,7 63 192
1397733,06 150 
1397755,46 68 
1398467 92 
1398467 65 
1398486,31 103 
1398486,31 101 
1399016,05 100 
1399016,05 2
1399016,05 2139
1399016,05 10
1400992,72 25 
1401326,21 75 
1402535,92 72 
1402605,29 70 
1404127,45 80 
1405496,94 83 
1405973,4 64 477
1406218,13 74 228
1406218,13 61 228
1407729,46 150 
1407750,46 68 
1408658,02 92 
1408658,02 65 
1408681,91 103 
1408681,91 101 
1409210,24 100 
1409210,24 2
1409210,24 2139
1409210,24 10
1411188,29 25 
1411748,41 75 
1412957,61 72 
1413027,51 70 
1414551,09 80 
1415612,62 83 
1416348,11 64 736
1416548,84 74 177
1416548,84 61 177
1417557,01 152 
1417586,97 69 
1419097,31 93 
1419117,45 103 
1419117,45 101 
1421147,36 100 
1421147,36 2
1421147,36 2139
1421147,36 11
1423129,81 25 
1423157,14 75 
1424364,44 72 
1424435,98 70 
1425965,67 80 
1427234,3 83 
1427748,65 64 514
1427958,98 74 192
1427958,98 63 192
1429468,05 150 
1429488,58 68 
1430199,76 92 
1430199,76 65 
1430219,43 103 
1430219,43 101 
1430746,03 100 
1430746,03 2
1430746,03 2139
1430746,03 10
1432725,64 25 
1433405,73 75 
1434614,54 72 
1434818,18 70 
1436439,48 80 
1438003,99 83 
1438339,03 64 337
1438525,73 74 164
1438525,73 61 164
1439034,27 150 
1439057,82 68 
1441067,2 92 
1441067,2 65 
1441081,42 103 
1441081,42 101 
1441611,23 100 
1441611,23 2
1441611,23 2139
1441611,23 11
1443587,71 25 
1445640,5 75 
1446848,09 72 
1446919,74 70 
1448439,75 80 
1448811,75 83 
1449826,48 64 1015
1450063,85 74 213
1450063,85 63 213
1451074,48 150 
1451106,34 68 
1451816,91 92 
1451816,91 65 
1451836,73 103 
1451836,73 101 
1452366,47 100 
1452366,47 2
1452366,47 2139
1452366,47 10
1454343,06 25 
1454769,86 75 
1455979,57 72 
1456049,05 70 
1457567,63 80 
1457941,13 83 
1459208,25 64 1267
1459497,54 74 264
1459497,54 61 264
1460007,15 150 
1460035,49 68 
1461544,66 92 
1461544,66 65 
1461565,89 103 
1461565,89 101 
1462092,7 100 
1462092,7 2
1462092,7 2139
1462092,7 10
1464072,14 25 
1464232,47 75 
1465442,26 72 
1465511,66 70 
1467033,58 80 
1468110,1 83 
1481310,59 64 13200
1481503,65 74 173
1481503,65 61 173
1482513,93 150 
1482532,4 68 
1484542,21 92 
1484542,21 65 
1484556,17 103 
1484556,17 101 
1485083,68 100 
1485083,68 2
1485083,68 2139
1485083,68 11
1487062,33 25 
1487662,41 75 
1488870,61 72 
1488941,63 70 
1490471,19 80 
1491833,26 83 
1492226,1 64 393
1492470,2 74 224
1492470,2 63 224
1493980,91 150 
1494007,56 68 
1494918,1 92 
1494918,1 65 
1494938,25 103 
1494938,25 101 
1495474,34 100 
1495474,34 2
1495474,34 2139
1495474,34 11
1497457,85 25 
1497844,77 75 
1499052,99 72 
1499123,88 70 
1500640,11 80 
1501002,68 83 
1502131,85 64 1130
1502363,42 74 215
1502363,42 63 215
1503874 150 
1503896,58 68 
1504805,57 92 
1504805,57 65 
1504827,34 103 
1504827,34 101 
1505355,11 100 
1505355,11 2
1505355,11 2139
1505355,11 11
1507333,6 25 
1507653,82 75 
1508863,6 72 
1508933,02 70 
1510450 80 
1511504,9 83 
1511923,05 64 419
1512142,64 74 198
1512142,64 63 198
1512649,88 152 
1512679,54 69 
1512803,74 249 
1513631,91 183 
1514693,32 93 
1514716,4 103 
1514716,4 101 
1516744,28 100 
1516744,28 2
1516744,28 2139
1516744,28 10
1518728,76 25 
1518756,07 75 
1519964,72 72 
1520034,98 70 
1521553,56 80 
1522926,61 83 
1530209,56 64 7283
1530423,89 74 194
1530423,89 61 194
1531436,71 150 
1531458,25 68 
1532168,58 92 
1532168,58 65 
1532188,94 103 
1532188,94 101 
1532719,3 100 
1532719,3 2
1532719,3 2139
1532719,3 10
1534695,22 25 
1535388,67 75 
1536598,19 72 
1536669,64 70 
1538185,07 80 
1538546,58 83 
1594917,07 64 56371
1595130,45 74 195
1595130,45 61 195
1595642,25 150 
1595670,57 68 
1597178,91 92 
1597178,91 65 
1597201,09 103 
1597201,09 101 
1597731,27 100 
1597731,27 2
1597731,27 2139
1597731,27 10
1599707,6 25 
1600307,42 75 
1601516,28 72 
1601759,96 70 
1603295,33 80 
1604664,84 83 
1604960,25 64 296
1605144,44 74 160
1605144,44 61 160
1606653,69 150 
1606679,2 68 
1608686,87 92 
1608686,87 65 
1608702,81 103 
1608702,81 101 
1609232,91 100 
1609232,91 2
1609232,91 2139
1609232,91 11
1611209,13 25 
1611596,04 75 
1612804,59 72 
1612875,09 70 
1614396,13 80 
1615460,2 83 
1616056,84 64 597
1616310,91 74 238
1616310,91 63 238
1617322,17 150 
1617341,55 68 
1618853,45 92 
1618853,45 65 
1618871,77 103 
1618871,77 101 
1619405,82 100 
1619405,82 5
1619405,82 2139
1619405,82 10
1619405,82 78 
1619405,82 198 
1621391,33 25 
1621764,95 75 
1622972,77 72 
1623044,07 70 
1624561,12 80 
1625615,93 83 
1626199,65 64 584
1626431,2 74 216
1626431,2 63 216
1626941,29 150 
1626963,84 68 
1627675,03 92 
1627675,03 65 
1627694,63 103 
1627694,63 101 
1628222,69 100 
1628222,69 5
1628222,69 2139
1628222,69 10
1630200,94 25 
1630427,88 75 
1631635,54 72 
1631707,02 70 
1633230,75 80 
1634598,7 83 
1635129,97 64 532
1635375,7 74 231
1635375,7 63 231
1636386,59 150 
1636413,1 68 
1636934,39 249
1637320,78 92 
1637320,78 65 
1637343,87 103 
1637343,87 101 
1637871,68 100 
1637871,68 5
1637871,68 2139
1637871,68 10
1639850,19 25 
1639877,27 75 
1641084,93 72 
1641156,3 70 
1642675,56 80 
1643035,05 83 
1644568,88 64 1534
1644792,07 74 198
1644792,07 63 198
1646301,4 150 
1646328,15 68 
1646812,3 249
1647238,51 92 
1647238,51 65 
1647259,59 103 
1647259,59 101 
1647791,61 100 
1647791,61 5
1647791,61 2139
1647791,61 11
1649765,92 25 
1650259,34 75 
1651467,51 72 
1651538,57 70 
1653052,13 80 
1653417,3 83 
1654982,01 64 1565
1655234,7 74 232
1655234,7 63 232
1655745,92 151 
1655765,14 69 
1656475,62 93 
1656495,63 103 
1656495,63 101 
1658521,96 100 
1658521,96 5
1658521,96 2139
1658521,96 11
1660507,91 25 
1660536,16 75 
1661746,44 72 
1661814,11 70 
1663328,84 80 
1664385,94 83 
1665777,36 64 1392
1665980,16 74 182
1665980,16 62 182
1666989,58 150 
1667012,64 68 
1669021,19 92 
1669021,19 65 
1669036,87 103 
1669036,87 101 
1669565,25 100 
1669565,25 5
1669565,25 2139
1669565,25 11
1671543,27 25 
1671610,19 75 
1672820,22 72 
1672889,35 70 
1674410,37 80 
1675781,04 83 
1676225,05 64 445
1676424,12 74 177
1676424,12 62 177
1677935,02 150 
1677955,34 68 
1679465,05 92 
1679465,05 65 
1679485,75 103 
1679485,75 101 
1680019,54 100 
1680019,54 5
1680019,54 2139
1680019,54 11
1682005,36 25 
1682418,93 75 
1683627,89 72 
1683698,09 70 
1685223,17 80 
1685590,2 83 
1686717,83 64 1128
1686912,04 74 176
1686912,04 62 176
1687920,13 150 
1687951 68 
1689961,75 92 
1689961,75 65 
1689987,92 103 
1689987,92 101 
1690516,46 100 
1690516,46 5
1690516,46 2139
1690516,46 10
1692494,19 25 
1692734,47 75 
1693940,96 72 
1694015,35 70 
1695531,83 80 
1696585,46 83 
1697478,51 64 893
1697770,46 74 279
1697770,46 63 279
1699280,43 152 
1699305,77 69 
1699363,28 249 
1700016,88 93 
1700036,93 103 
1700036,93 101 
1702065,23 100 
1702065,23 5
1702065,23 2139
1702065,23 10
1704049,24 25 
1704076,52 75 
1705285,49 72 
1705488,91 70 
1707107,85 80 
1708660,53 83 
1709362,36 64 702
1709587,14 74 208
1709587,14 63 208
1710097,58 150 
1710128,28 68 
1711037,55 92 
1711037,55 65 
1711058,86 103 
1711058,86 101 
1711590,84 100 
1711590,84 5
1711590,84 2139
1711590,84 11
1713565,16 25 
1713925,38 75 
1715132,73 72 
1715337,87 70 
1716879,21 80 
1718242,84 83 
1718748,67 64 507
1718947,24 74 185
1718947,24 62 185
1719454,72 150 
1719484,11 68 
1720992,27 92 
1720992,27 65 
1721014,66 103 
1721014,66 101 
1721546,05 100 
1721546,05 5
1721546,05 2139
1721546,05 10
1723520,89 25 
1723641,2 75 
1724849,06 72 
1724920,38 70 
1726439,43 80 
1726812,52 83 
1728386,28 64 1574
1728633,58 74 222
1728633,58 63 222
1729644,53 150 
1729666,41 68 
1730193,7 249
1730373,85 92 
1730373,85 65 
1730397,23 103 
1730397,23 101 
1730925,03 100 
1730925,03 5
1730925,03 2139
1730925,03 10
1732903,67 25 
1733490,34 75 
1734696,83 72 
1734769,5 70 
1736287,2 80 
1737354,62 83 
1738032,55 64 678
1738280,35 74 233
1738280,35 63 233
1739790,55 150 
1739808,02 68 
1741816,4 92 
1741816,4 65 
1741832,34 103 
1741832,34 101 
1742364,43 100 
1742364,43 5
1742364,43 2139
1742364,43 10
1744338,6 25 
1744566,01 75 
1745775,05 72 
1745844,74 70 
1747362,19 80 
1748723,06 83 
1749530,03 64 807
1749784 74 235
1749784 63 235
1750791,95 150 
1750817,37 68 
1751729,27 92 
1751729,27 65 
1751748,11 103 
1751748,11 101 
1752274,76 100 
1752274,76 5
1752274,76 2139
1752274,76 10
1754254,43 25 
1754521,27 75 
1755728,99 72 
1755800,46 70 
1757317,96 80 
1758372,25 83 
1759132,2 64 760
1759363,11 74 218
1759363,11 63 218
1759874,47 150 
1759893,96 68 
1761403,79 92 
1761403,79 65 
1761424,03 103 
1761424,03 101 
1761950,26 100 
1761950,26 5
1761950,26 2139
1761950,26 11
1763930,21 25 
1764317,14 75 
1765524,13 72 
1765596,31 70 
1767114,13 80 
1767488,34 83 
1775792,3 64 8304
1775972,6 74 154
1775972,6 62 154
1777483,19 150 
1777512,56 68 
1777818,76 249
1777977,4 172 
1778423,49 92 
1778423,49 65 
1778443,29 103 
1778443,29 101 
1778977,3 100 
1778977,3 5
1778977,3 2139
1778977,3 11
1780962,91 25 
1781469,77 75 
1782678,03 72 
1782748,9 70 
1784264,22 80 
1785640,56 83 
1786120,55 64 480
1786328,72 74 196
1786328,72 62 196
1786837,56 150 
1786868,56 68 
1787325,6 249
1787449,77 172 
1788876,91 92 
1788876,91 65 
1788892,24 103 
1788892,24 101 
1789420,22 100 
1789420,22 5
1789420,22 2139
1789420,22 11
1791398,57 25 
1792051,94 75 
1793261,36 72 
1793331,04 70 
1794846,18 80 
1795209,82 83 
1796322,49 64 1113
1796519,69 74 178
1796519,69 62 178
1797529,09 150 
1797557,34 68 
1798267,48 92 
1798267,48 65 
1798288,12 103 
1798288,12 101 
1798816,86 100 
1798816,86 5
1798816,86 2139
1798816,86 10
1800794,39 25 
1801434,49 75 
1802642,87 72 
1802715,44 70 
1804237,67 80 
1805312,15 83 
1806212,9 64 901
1806474,3 74 243
1806474,3 63 243
1807982,78 152 
1808006,46 69 
1809516,86 93 
1809536,65 103 
1809536,65 101 
1811570,9 100 
1811570,9 5
1811570,9 2139
1811570,9 11
1813549,84 25 
1813576,24 75 
1814784,55 72 
1814855,15 70 
1816375,82 80 
1816947,16 83 
1824951,42 64 8004
1825119,01 74 149
1825119,01 62 149
1825626,93 150 
1825651,96 68 
1827161,63 92 
1827161,63 65 
1827182,38 103 
1827182,38 101 
1827708,99 100 
1827708,99 5
1827708,99 2139
1827708,99 11
1829688,67 25 
1830422,09 75 
1831631,42 72 
1831701,27 70 
1833221,75 80 
1834273,94 83 
1845409,5 64 11137
1845580,74 74 153
1845580,74 62 153
1847093,35 150 
1847122,79 68 
1848032,27 92 
1848032,27 65 
1848053,46 103 
1848053,46 101 
1848581,14 100 
1848581,14 5
1848581,14 2139
1848581,14 10
1850559,75 25 
1851306,43 75 
1852515,54 72 
1852585,63 70 
1854102,97 80 
1855463,99 83 
1855848,67 64 386
1856094,31 74 231
1856094,31 63 231
1857103,29 150 
1857131,72 68 
1858450,86 249
1859141,39 92 
1859141,39 65 
1859155,34 103 
1859155,34 101 
1859688,39 100 
1859688,39 5
1859688,39 2139
1859688,39 11
1861674,95 25 
1861955,22 75 
1863163,19 72 
1863234,4 70 
1864757,48 80 
1865126,45 83 
1866999,48 64 1873
1867187,66 74 170
1867187,66 62 170
1868695,49 150 
1868726,02 68 
1869079,01 249
1869223,65 172 
1869433,16 92 
1869433,16 65 
1869457,61 103 
1869457,61 101 
1869987,43 100 
1869987,43 5
1869987,43 2139
1869987,43 11
1871963,86 25 
1872430,69 75 
1873641,26 72 
1873709,92 70 
1875230,44 80 
1876308,44 83 
1898150,35 64 21842
1898325,35 74 160
1898325,35 62 160
1898835,36 150 
1898860,53 68 
1899568,63 92 
1899568,63 65 
1899591,34 103 
1899591,34 101 
1900119,03 100 
1900119,03 5
1900119,03 2139
1900119,03 11
1902097,59 25 
1902631,08 75 
1903840,17 72 
1903910,36 70 
1905434,48 80 
1906801,94 83 
2011651,58 64 104850
2011895,96 74 220
2011895,96 61 220
2012903,15 151 
2012931,71 69 
2014941,41 93 
2014955,22 103 
2014955,22 101 
2016989,04 100 
2016989,04 5
2016989,04 2139
2016989,04 10
2018967,5 25 
2028968,1 254 
2028976,37 101 
2030988,24 100 
2030988,24 5
2030988,24 2139
2030988,24 10
2030988,24 25 
2040991,77 254 
2041010,6 101 
2043023,14 100 
2043023,14 5
2043023,14 2139
2043023,14 10
2043023,14 25 
2053026,81 254 
2053045,43 101 
2055044,7 100 
2055044,7 5
2055044,7 2139
2055044,7 10
2055044,7 25 
2065046,9 254 
2065066,94 101 
2067079,42 100 
2067079,42 5
2067079,42 2139
2067079,42 10
2067079,42 25 
2077079,5 254 
2077088,49 101 
2079100,93 100 
2079100,93 5
2079100,93 2139
2079100,93 10
2079100,93 25 
2089103,61 254 
2089123,32 101 
2091135,78 100 
2091135,78 5
2091135,78 2139
2091135,78 10
2091135,78 25 
2101135,74 254 
2101144,81 101 
2103157,29 100 
2103157,29 5
2103157,29 2139
2103157,29 10
2103157,29 25 
2113158,01 254 
2113166,38 101 
2115178,81 100 
2115178,81 5
2115178,81 2139
2115178,81 10
2115178,81 25 
2125179,46 254 
2125187,82 101 
2127187,2 100 
2127187,2 5
2127187,2 2139
2127187,2 10
2127187,2 25 
2137188,42 254 
2137196,01 101 
2139208,53 100 
2139208,53 5
2139208,53 2139
2139208,53 10
2139208,53 25 
2149210,95 254 
2149230,84 101 
2151243,31 100 
2151243,31 5
2151243,31 2139
2151243,31 10
2151243,31 25 
2161244,77 254 
2161257,43 101 
2163264,83 100 
2163264,83 5
2163264,83 2139
2163264,83 10
2163264,83 25 
2173264,95 254 
2173273,86 101 
2175286,33 100 
2175286,33 5
2175286,33 2139
2175286,33 10
2175286,33 25 
2183857,2 75 
2185066,62 72 
2185322,89 70 
2186860,83 80 
2188414,45 83 
2189308,91 64 895
2189587,93 74 254
2189587,93 63 254
2190096,19 150 
2190122,28 68 
2191220,96 249
2191510,54 173 
2191631,76 92 
2191631,76 65 
2191652,69 103 
2191652,69 101 
2192180,32 100 
2192180,32 5
2192180,32 2139
2192180,32 10
2194158,98 25 
2194292,65 75 
2195502,12 72 
2195705,1 70 
2197336,08 80 
2198597,67 83 
2199278,86 64 683
2199514,91 74 212
2199514,91 63 212
2201026,9 150 
2201050,92 68 
2201958,96 92 
2201958,96 65 
2201981,64 103 
2201981,64 101 
2202509,37 100 
2202509,37 5
2202509,37 2139
2202509,37 10
2204487,91 25 
2204848,12 75 
2206056,11 72 
2206127,31 70 
2207648,18 80 
2208019,56 83 
2209340,89 64 1322
2209575,52 74 210
2209575,52 63 210
2210584,42 150 
2210606,84 68 
2211316,83 92 
2211316,83 65 
2211337,62 103 
2211337,62 101 
2211868,29 100 
2211868,29 5
2211868,29 2139
2211868,29 10
2213843,94 25 
2214537,46 75 
2215746,55 72 
2215816,47 70 
2217338,15 80 
2218401,58 83 
2219328,39 64 927
2219553,77 74 207
2219553,77 63 207
2220563,46 150 
2220589,33 68 
2221878,7 249
2222098,7 92 
2222098,7 65 
2222119,66 103 
2222119,66 101 
2222647,48 100 
2222647,48 5
2222647,48 2139
2222647,48 11
2224625,92 25 
2225039,87 75 
2226248,52 72 
2226318,69 70 
2227834,09 80 
2228184,08 83 
2229291,4 64 1107
2229459,69 74 144
2229459,69 62 144
2230967,95 150 
2230997,34 68 
2231907,11 92 
2231907,11 65 
2231928,78 103 
2231928,78 101 
2232455,09 100 
2232455,09 5
2232455,09 2139
2232455,09 11
2234435,04 25 
2234955,19 75 
2236164,13 72 
2236234,42 70 
2237752,37 80 
2239112,76 83 
2294933,35 64 55821
2295181,04 74 226
2295181,04 63 226
2295689,19 153 
2295717,19 68 
2297724,92 92 
2297724,92 65 
2297740,55 103 
2297740,55 101 
2298278,97 100 
2298278,97 5
2298278,97 2139
2298278,97 10
2300260,22 25 
2300593,72 75 
2301804,23 72 
2302059,47 70 
2303841,15 80 
2305124,42 83 
2306880 64 1756
2307111,98 74 216
2307111,98 63 216
2307621,95 150 
2307645,19 68 
2308352,83 92 
2308352,83 65 
2308376,02 103 
2308376,02 101 
2308902,47 100 
2308902,47 5
2308902,47 2139
2308902,47 11
2310882,31 25 
2311389,07 75 
2312599,44 72 
2312668,31 70 
2314187,6 80 
2314547,06 83 
2316014,91 64 1469
2316240,37 74 201
2316240,37 63 201
2317750,91 151 
2317773,82 69 
2318684,56 93 
2318704,89 103 
2318704,89 101 
2320731,23 100 
2320731,23 5
2320731,23 2139
2320731,23 11
2322718,09 25 
2322758,05 75 
2323966,24 72 
2324036,78 70 
2325556,06 80 
2326941,7 83 
2327166,02 64 225
2327383,27 74 202
2327383,27 62 202
2328392,8 150 
2328423,08 68 
2329932,73 92 
2329932,73 65 
2329953,41 103 
2329953,41 101 
2330484,11 100 
2330484,11 5
2330484,11 2139
2330484,11 10
2332459,77 25 
2332739,96 75 
2333949,52 72 
2334019,16 70 
2335538,85 80 
2335897,99 83 
2336998,73 64 1102
2337223,31 74 206
2337223,31 63 206
2337730,87 150 
2337752,41 68 
2339761,48 92 
2339761,48 65 
2339775,87 103 
2339775,87 101 
2340302,73 100 
2340302,73 5
2340302,73 2139
2340302,73 10
2342282,13 25 
2342402,46 75 
2343611,15 72 
2343681,67 70 
2345203,74 80 
2346266,75 83 
2557506,88 64 211241
2557764,43 74 242
2557764,43 63 242
2559272,78 150 
2559297,63 68 
2560009,54 92 
2560009,54 65 
2560028,06 103 
2560028,06 101 
2560557,2 100 
2560557,2 5
2560557,2 2139
2560557,2 11
2562534,42 25 
2562894,64 75 
2564105,24 72 
2564320,31 70 
2565861,08 80 
2567225,28 83 
2567542,14 64 317
2567730,26 74 172
2567730,26 62 172
2568737,7 150 
2568759,85 68 
2569148,19 249
2569185,35 172 
2570269,5 92 
2570269,5 65 
2570290,33 103 
2570290,33 101 
2570822,12 100 
2570822,12 5
2570822,12 2139
2570822,12 10
2572796,61 25 
2573103,64 75 
2574311,59 72 
2574382,67 70 
2575905,57 80 
2576274,73 83 
2684281,55 64 108007
2684554,99 74 247
2684554,99 63 247
2685067,67 152 
2685096,63 69 
2686005,64 93 
2686027,37 103 
2686027,37 101 
2688054,86 100 
2688054,86 5
2688054,86 2139
2688054,86 11
2690039,69 25 
2690067,84 75 
2691278,16 72 
2691479,16 70 
2693011,91 80 
2694064,22 83 
3331049,6 64 636985
3331253,49 74 183
3331253,49 62 183
3332765,15 150 
3332792,19 68 
3334801,11 92 
3334801,11 65 
3334815,7 103 
3334815,7 101 
3335342,18 100 
3335342,18 5
3335342,18 2139
3335342,18 11
3337322 25 
3337349,49 75 
3338559,35 72 
3338761,46 70 
3340397,86 80 
3341999,69 83 
3342720,11 64 721
3342892,05 74 147
3342892,05 62 147
3343905,27 150 
3343933,31 68 
3344641,64 92 
3344641,64 65 
3344664,85 103 
3344664,85 101 
3345195,22 100 
3345195,22 5
3345195,22 2139
3345195,22 10
3347171,15 25 
3347238,09 75 
3348445,98 72 
3348650,59 70 
3350277,7 80 
3351835,46 83 
3352357,7 64 523
3352618,84 74 238
3352618,84 63 238
3354129,46 150 
3354155,67 68 
3355066,85 92 
3355066,85 65 
3355087,02 103 
3355087,02 101 
3355615,44 100 
3355615,44 5
3355615,44 2139
3355615,44 11
3357593,39 25 
3357966,87 75 
3359176,04 72 
3359246,05 70 
3360771,06 80 
3361844,5 83 
3363417,38 64 1573
3363613,53 74 170
3363613,53 62 170
3364124,32 152 
3364151,61 69 
3366163,54 93 
3366175,66 103 
3366175,66 101 
3368202,31 100 
3368202,31 5
3368202,31 2139
3368202,31 10
3370187,93 25 
3370215,36 75 
3371422,87 72 
3371494,12 70 
3373017,72 80 
3373386,23 83 
3376269,95 64 2884
3376524,46 74 233
3376524,46 63 233
3377533,51 150 
3377559,58 68 
3379068,65 92 
3379068,65 65 
3379090,07 103 
3379090,07 101 
3379625,39 100 
3379625,39 5
3379625,39 2139
3379625,39 10
3381609,67 25 
3381823,37 75 
3383033,12 72 
3383102,48 70 
3384621,05 80 
3384968,52 83 
3386503,88 64 1536
3386750,18 74 223
3386750,18 63 223
3388260,33 150 
3388288,3 68 
3390298,35 92 
3390298,35 65 
3390325,22 103 
3390325,22 101 
3390853,95 100 
3390853,95 5
3390853,95 2139
3390853,95 11
3392831,64 25 
3393191,76 75 
3394399,47 72 
3394470,92 70 
3395993,96 80 
3397349,26 83 
3397812,74 64 464
3398003,61 74 175
3398003,61 62 175
3399013,35 150 
3399030,48 68 
3399477,01 249
3400541,42 92 
3400541,42 65 
3400560,85 103 
3400560,85 101 
3401087,37 100 
3401087,37 5
3401087,37 2139
3401087,37 10
3403067,22 25 
3403760,62 75 
3404967,81 72 
3405039,72 70 
3406557,18 80 
3407611,73 83 
3409961,26 64 2350
3410202,33 74 219
3410202,33 63 219
3410711,83 150 
3410731,29 68 
3411643,63 92 
3411643,63 65 
3411662,78 103 
3411662,78 101 
3412198,08 100 
3412198,08 5
3412198,08 2139
3412198,08 11
3414182,41 25 
3414862,56 75 
3416070,78 72 
3416141,72 70 
3417670,65 80 
3418033,77 83 
3419509,56 64 1476
3419715,12 74 189
3419715,12 62 189
3420725,32 150 
3420754,42 68 
3421165,68 249
3421462,31 92 
3421462,31 65 
3421485,29 103 
3421485,29 101 
3422011,7 100 
3422011,7 5
3422011,7 2139
3422011,7 10
3423991,55 25 
3424445,07 75 
3425653,27 72 
3425724,22 70 
3427242,59 80 
3428602,53 83 
3429001,77 64 400
3429252,61 74 238
3429252,61 63 238
3430763,3 150 
3430789,4 68 
3432801,11 92 
3432801,11 65 
3432827,05 103 
3432827,05 101 
3433353,67 100 
3433353,67 5
3433353,67 2139
3433353,67 11
3435333,27 25 
3435626,87 75 
3436834,46 72 
3436906,07 70 
3438422,05 80 
3439491,15 83 
3440167,07 64 676
3440360,29 74 176
3440360,29 62 176
3440872,06 150 
3440892,53 68 
3441802,29 92 
3441802,29 65 
3441823,15 103 
3441823,15 101 
3442355,64 100 
3442355,64 5
3442355,64 2139
3442355,64 11
3444342,81 25 
3445089,46 75 
3446296,62 72 
3446368,67 70 
3447885,44 80 
3448967,13 83 
3449667,92 64 701
3449845,26 74 159
3449845,26 62 159
3450354,76 150 
3450381,8 68 
3451090,32 92 
3451090,32 65 
3451112,51 103 
3451112,51 101 
3451639,66 100 
3451639,66 5
3451639,66 2139
3451639,66 10
3453618,83 25 
3453925,68 75 
3455133,81 72 
3455204,85 70 
3456723,9 80 
3457283,55 83 
3461183,72 64 3901
3461371,77 74 171
3461371,77 62 171
3462381,1 151 
3462403,33 69 
3463913,75 93 
3463933,67 103 
3463933,67 101 
3465966,12 100 
3465966,12 5
3465966,12 2139
3465966,12 10
3467946 25 
3467974,11 75 
3469182,06 72 
3469252,16 70 
3470771,43 80 
3472130,48 83 
3473296,54 64 1166
3473627,46 74 311
3473627,46 63 311
3475139,59 150 
3475171,05 68 
3475880,62 92 
3475880,62 65 
3475901,87 103 
3475901,87 101 
3476431,81 100 
3476431,81 5
3476431,81 2139
3476431,81 11
3478408,18 25 
3478955,04 75 
3480165,53 72 
3480234,1 70 
3481746,87 80 
3482819,27 83 
3483297,04 64 478
3483468,38 74 156
3483468,38 62 156
3484480,93 150 
3484500,46 68 
3484916,95 249
3485047,01 172 
3485408,91 92 
3485408,91 65 
3485431,19 103 
3485431,19 101 
3485958,54 100 
3485958,54 5
3485958,54 2139
3485958,54 10
3487937,45 25 
3488337,62 75 
3489545,17 72 
3489616,83 70 
3491147,36 80 
3492508,45 83 
3493655,43 64 1147
3493887,48 74 220
3493887,48 63 220
3494397,49 150 
3494416,29 68 
3495925,26 92 
3495925,26 65 
3495946,57 103 
3495946,57 101 
3496473,55 100 
3496473,55 5
3496473,55 2139
3496473,55 10
3498452,91 25 
3499172,99 75 
3500381,46 72 
3500452,14 70 
3501976,09 80 
3502344,27 83 
3504267,37 64 1923
3504521,76 74 233
3504521,76 63 233
3506031,79 150 
3506052,07 68 
3508063,13 92 
3508063,13 65 
3508088,04 103 
3508088,04 101 
3508621,63 100 
3508621,63 5
3508621,63 2139
3508621,63 11
3510607,65 25 
3511274,45 75 
3512482,63 72 
3512553,58 70 
3514074,57 80 
3515152,05 83 
3515740,72 64 589
3515929,72 74 165
3515929,72 62 165
3516940,4 150 
3516966,48 68 
3517677,18 92 
3517677,18 65 
3517697,27 103 
3517697,27 101 
3518228,52 100 
3518228,52 5
3518228,52 2139
3518228,52 11
3520203,57 25 
3520950,25 75 
3522157,62 72 
3522229,44 70 
3523752,8 80 
3525121,15 83 
3525613,62 64 492
3525790,54 74 161
3525790,54 62 161
3527297,86 150 
3527321,25 68 
3527721,87 249
3527819,1 172 
3528830,35 92 
3528830,35 65 
3528852,48 103 
3528852,48 101 
3529380,97 100 
3529380,97 5
3529380,97 2139
3529380,97 10
3531358,81 25 
3531799,11 75 
3533006,8 72 
3533078,18 70 
3534594,13 80 
3534956,87 83 
3536651,04 64 1695
3536836,65 74 161
3536836,65 62 161
3537350,42 151 
3537371,08 69 
3539384,01 93 
3539394,66 103 
3539394,66 101 
3541425,79 100 
3541425,79 5
3541425,79 2139
3541425,79 11
3543406,96 25 
3543434,68 75 
3544643,3 72 
3544713,1 70 
3546233,85 80 
3547604,78 83 
3548018,4 64 414
3548190,03 74 159
3548190,03 62 159
3549200,35 150 
3549219,26 68 
3550127,8 92 
3550127,8 65 
3550150,03 103 
3550150,03 101 
3550678,37 100 
3550678,37 5
3550678,37 2139
3550678,37 10
3552656,34 25 
3553056,57 75 
3554262,91 72 
3554335,71 70 
3555855,68 80 
3556920,78 83 
3557614,86 64 695
3557857,79 74 231
3557857,79 63 231
3558366,04 150 
3558388,69 68 
3558967,95 249
3559042,11 173 
3559897,99 92 
3559897,99 65 
3559919,16 103 
3559919,16 101 
3560446,76 100 
3560446,76 5
3560446,76 2139
3560446,76 11
3562425,46 25 
3563252,17 75 
3564460,78 72 
3564717,87 70 
3566301,62 80 
3566903,25 83 
3567746,96 64 844
3567936,3 74 167
3567936,3 62 167
3569448,8 152 
3569477,25 69 
3571488,79 93 
3571500,89 103 
3571500,89 101 
3573538,32 100 
3573538,32 5
3573538,32 2139
3573538,32 10
3575513,22 25 
3575540,41 75 
3576749,93 72 
3576965,98 70 
3578591,08 80 
3580150,83 83 
3580645,13 64 495
3580904,28 74 234
3580904,28 63 234
3581413,17 150 
3581432,38 68 
3582344,67 92 
3582344,67 65 
3582362,86 103 
3582362,86 101 
3582889,29 100 
3582889,29 5
3582889,29 2139
3582889,29 10
3584882,52 25 
3585189,47 75 
3586396,9 72 
3586468,58 70 
3587988,87 80 
3589053,71 83 
3589597,01 64 544
3589864,23 74 251
3589864,23 63 251
3591373,5 150 
3591401,24 68 
3592111,35 92 
3592111,35 65 
3592131,98 103 
3592131,98 101 
3592659,78 100 
3592659,78 5
3592659,78 2139
3592659,78 11
3594638,33 25 
3595265,34 75 
3596474,04 72 
3596544,28 70 
3598063,83 80 
3598436,34 83 
3599532,79 64 1097
3599691,76 74 137
3599691,76 62 137
3600701,91 150 
3600730,54 68 
3601088,26 249
3601441,75 92 
3601441,75 65 
3601461,35 103 
3601461,35 101 
3601991,69 100 
3601991,69 5
3601991,69 2139
3601991,69 11
3603967,62 25 
3604301,16 75 
3605510,69 72 
3605580,41 70 
3607094,32 80 
3608458,69 83 
3609533,57 64 1075
3609724,1 74 173
3609724,1 62 173
3610733,69 152 
3610752,87 69 
3612761,95 93 
3612776,5 103 
3612776,5 101 
3614802,86 100 
3614802,86 5
3614802,86 2139
3614802,86 11
3616788,77 25 
3616816,26 75 
3618022,62 72 
3618094,98 70 
3619621,04 80 
3620693,44 83 
3621580,34 64 887
3621792,28 74 193
3621792,28 62 193
3623302,92 150 
3623333,48 68 
3624844,36 92 
3624844,36 65 
3624864,66 103 
3624864,66 101 
3625392,59 100 
3625392,59 5
3625392,59 2139
3625392,59 10
3627370,91 25 
3627757,78 75 
3628965,23 72 
3629036,97 70 
3630555,32 80 
3630915,78 83 
3632221,95 64 1307
3632464,59 74 216
3632464,59 63 216
3632977,1 150 
3632996,07 68 
3633905,53 92 
3633905,53 65 
3633927,4 103 
3633927,4 101 
3634461,62 100 
3634461,62 5
3634461,62 2139
3634461,62 10
3636447 25 
3636687,34 75 
3637895,29 72 
3637966,5 70 
3639486,65 80 
3640564,91 83 
3641517,01 64 953
3641774,41 74 237
3641774,41 63 237
3643282,01 150 
3643312,27 68 
3644822,43 92 
3644822,43 65 
3644842,75 103 
3644842,75 101 
3647269,68 102 
