67,37 100 
67,37 6
67,37 2140
67,37 10
2028,65 25 
2719,75 75 
3927,27 72 
4252,2 70 
5866,79 80 
6225 83 
7497,74 64 1273
7671,08 74 152
7671,08 62 152
9181,24 151 
9210,95 69 
10721,72 93 
10745,01 103 
10745,01 101 
12770,53 100 
12770,53 6
12770,53 2140
12770,53 11
14755,28 25 
14785,65 75 
15994,56 72 
16061,52 70 
17579,84 80 
18953,18 83 
19466,89 64 514
19647,36 74 161
19647,36 61 161
20661,37 150 
20686,1 68 
22698,92 92 
22698,92 65 
22724,63 103 
22724,63 101 
23251,24 100 
23251,24 6
23251,24 2140
23251,24 11
25231,01 25 
25258,38 75 
26469,04 72 
26537,18 70 
28057,07 80 
29122,4 83 
30017,65 64 896
30240,53 74 199
30240,53 61 199
30751,75 150 
30776,39 68 
31487,49 92 
31487,49 65 
31507,71 103 
31507,71 101 
32038,85 100 
32038,85 6
32038,85 2140
32038,85 11
34014,12 25 
34041,58 75 
35250,09 72 
35320,24 70 
36845,7 80 
38211,88 83 
38881,72 64 670
39118,53 74 214
39118,53 61 214
40630,41 150 
40652,01 68 
41560,17 92 
41560,17 65 
41583,49 103 
41583,49 101 
42112,23 100 
42112,23 6
42112,23 2140
42112,23 11
44089,85 25 
44223,53 75 
45431,35 72 
45502,68 70 
47023,12 80 
47394,75 83 
48588,85 64 1194
48757,59 74 150
48757,59 61 150
49770,14 150 
49794,99 68 
50703,73 92 
50703,73 65 
50726,54 103 
50726,54 101 
51253,93 100 
51253,93 6
51253,93 2140
51253,93 10
53232,72 25 
53260,32 75 
54466,06 72 
54538,9 70 
56058,8 80 
57124,13 83 
58033,37 64 910
58251,81 74 195
58251,81 61 195
58761,84 153 
58791,3 68 
59503,72 92 
59503,72 65 
59522,8 103 
59522,8 101 
60052,9 100 
60052,9 6
60052,9 2140
60052,9 10
62029,04 25 
62149,4 75 
63357,54 72 
63428,61 70 
64950,76 80 
66320,25 83 
67176,48 64 857
67401,66 74 202
67401,66 61 202
68910,37 151 
68934,08 69 
70945,3 93 
70958,02 103 
70958,02 101 
72985,65 100 
72985,65 6
72985,65 2140
72985,65 10
74970,36 25 
74997,85 75 
76208,3 72 
76276,64 70 
77795,69 80 
78861,73 83 
79788,4 64 927
80019,95 74 211
80019,95 63 211
80530,63 150 
80555,53 68 
82065,18 92 
82065,18 65 
82086,73 103 
82086,73 101 
82614,55 100 
82614,55 6
82614,55 2140
82614,55 11
84593,06 25 
84620,33 75 
85826,88 72 
85899,46 70 
87422,2 80 
87791,51 83 
88857,52 64 1067
89022,99 74 153
89022,99 61 153
90031,45 150 
90058,44 68 
90766,44 92 
90766,44 65 
90789,8 103 
90789,8 101 
91322,36 100 
91322,36 6
91322,36 2140
91322,36 10
93296,1 25 
93323,27 75 
94533,42 72 
94602,38 70 
96121,93 80 
97187,47 83 
97640,25 64 453
97840,61 74 187
97840,61 61 187
99352,62 151 
99374,45 69 
100884,98 93 
100905,59 103 
100905,59 101 
102934,53 100 
102934,53 6
102934,53 2140
102934,53 11
104918,06 25 
104945,26 75 
106151,23 72 
106464,18 70 
108127,84 80 
109702,3 83 
110155,01 64 454
110324,57 74 156
110324,57 61 156
111338,87 152 
111369,49 69 
112280,45 93 
112300,89 103 
112300,89 101 
114328,55 100 
114328,55 6
114328,55 2140
114328,55 10
116313,26 25 
116340,62 75 
117548,89 72 
117619,48 70 
119141 80 
119524,98 83 
120371,66 64 847
120556,94 74 166
120556,94 61 166
121065,34 151 
121085,5 69 
123094,48 93 
123109,71 103 
123109,71 101 
125142,93 100 
125142,93 6
125142,93 2140
125142,93 11
127122,24 25 
127149,5 75 
128358,65 72 
128428,39 70 
129954,47 80 
130320,43 83 
131190,64 64 870
131357,12 74 144
131357,12 61 144
132369,55 150 
132387,73 68 
133296,76 92 
133296,76 65 
133318,85 103 
133318,85 101 
133846,87 100 
133846,87 6
133846,87 2140
133846,87 11
135825,21 25 
135852,7 75 
137059,25 72 
137131,43 70 
138658,01 80 
140023,07 83 
140451,67 64 429
140663,8 74 188
140663,8 61 188
141175,5 150 
141197,13 68 
141909,43 92 
141909,43 65 
141928,6 103 
141928,6 101 
142456,59 100 
142456,59 6
142456,59 2140
142456,59 10
144435,01 25 
144595,29 75 
145803,13 72 
145874,53 70 
147396,61 80 
148472,95 83 
149203,85 64 731
149421,94 74 203
149421,94 63 203
150932,65 150 
150953,12 68 
151366,77 249
152963,3 92 
152963,3 65 
152977,59 103 
152977,59 101 
153512,47 100 
153512,47 6
153512,47 2140
153512,47 11
155497,08 25 
155750,64 75 
156961,59 72 
157029,85 70 
158548,75 80 
159614,99 83 
160054 64 439
160260,71 74 193
160260,71 61 193
161270,24 150 
161295,48 68 
162805,37 92 
162805,37 65 
162826,63 103 
162826,63 101 
163356,86 100 
163356,86 6
163356,86 2140
163356,86 11
165333,06 25 
165373,37 75 
166583,49 72 
166652,55 70 
168169,43 80 
168531,27 83 
169374,47 64 844
169598,55 74 201
169598,55 61 201
171108,04 150 
171131,33 68 
171840,69 92 
171840,69 65 
171862,88 103 
171862,88 101 
172390,93 100 
172390,93 6
172390,93 2140
172390,93 10
174369,22 25 
174689,45 75 
175898,8 72 
175968,72 70 
177482,26 80 
178847,08 83 
179102,53 64 256
179350,59 74 224
179350,59 63 224
179861,33 150 
179887,73 68 
180796,87 92 
180796,87 65 
180819,18 103 
180819,18 101 
181351,16 100 
181351,16 6
181351,16 2140
181351,16 10
183325,56 25 
183779,07 75 
184989,27 72 
185058,28 70 
186578,87 80 
187950,86 83 
188357,65 64 408
188569,05 74 193
188569,05 63 193
189579,63 150 
189603,69 68 
191114,59 92 
191114,59 65 
191134,9 103 
191134,9 101 
191662,4 100 
191662,4 6
191662,4 2140
191662,4 10
193641,32 25 
193935,16 75 
195144,78 72 
195214,18 70 
196726,49 80 
197092,84 83 
198546,85 64 1454
198722,99 74 165
198722,99 63 165
200234,68 150 
200252,82 68 
202265,06 92 
202265,06 65 
202290,32 103 
202290,32 101 
202826,18 100 
202826,18 6
202826,18 2140
202826,18 11
204797,06 25 
205156,86 75 
206365,27 72 
206436,15 70 
207952,34 80 
209034,51 83 
209414,34 64 380
209623,28 74 190
209623,28 61 190
210135,86 150 
210155,27 68 
212166,71 92 
212166,71 65 
212192,91 103 
212192,91 101 
212725,52 100 
212725,52 6
212725,52 2140
212725,52 10
214699,31 25 
214766,27 75 
215976 72 
216045,42 70 
217562,24 80 
218630,55 83 
219067,41 64 437
219272,64 74 189
219272,64 63 189
220281,93 150 
220310,96 68 
221819,21 92 
221819,21 65 
221842,21 103 
221842,21 101 
222370,93 100 
222370,93 6
222370,93 2140
222370,93 10
224348,53 25 
224508,98 75 
225718,21 72 
225788,04 70 
227310,2 80 
227680,17 83 
228764,07 64 1085
228966,38 74 181
228966,38 63 181
229477,82 152 
229508,25 69 
230416,43 93 
230438,76 103 
230438,76 101 
232465,22 100 
232465,22 6
232465,22 2140
232465,22 10
234451,08 25 
234478,43 75 
235686,42 72 
235757,25 70 
237278,38 80 
238648,95 83 
239162,05 64 514
239393,86 74 212
239393,86 63 212
240904,92 150 
240929,23 68 
241638,35 92 
241638,35 65 
241660,65 103 
241660,65 101 
242194,55 100 
242194,55 6
242194,55 2140
242194,55 11
244180,32 25 
244367,47 75 
245576,82 72 
245646,53 70 
247168,39 80 
248524,86 83 
248811,62 64 287
248991,08 74 160
248991,08 61 160
249998,93 150 
250018,68 68 
250727,56 92 
250727,56 65 
250750,25 103 
250750,25 101 
251278,47 100 
251278,47 6
251278,47 2140
251278,47 11
253256,69 25 
253416,99 75 
254624,59 72 
254696,09 70 
256228,7 80 
257294,61 83 
257910,72 64 616
258157,04 74 224
258157,04 61 224
259668,36 150 
259694,78 68 
260604,58 92 
260604,58 65 
260626,16 103 
260626,16 101 
261154,86 100 
261154,86 6
261154,86 2140
261154,86 10
263132,52 25 
263160,5 75 
264368,01 72 
264438,74 70 
265958,36 80 
266330,83 83 
267422,48 64 1092
267657,68 74 221
267657,68 63 221
268166,51 150 
268184,58 68 
270192,84 92 
270192,84 65 
270208,9 103 
270208,9 101 
270739,34 100 
270739,34 6
270739,34 2140
270739,34 11
272715,19 25 
273115,38 75 
274324,35 72 
274396,2 70 
275918,26 80 
276993,06 83 
277501,39 64 509
277701,01 74 176
277701,01 61 176
278208,94 150 
278233,72 68 
279743,8 92 
279743,8 65 
279764,91 103 
279764,91 101 
280293,29 100 
280293,29 6
280293,29 2140
280293,29 11
282271,45 25 
282618,16 75 
283826,31 72 
283897,32 70 
285417,59 80 
286789,06 83 
287134,78 64 346
287326,47 74 178
287326,47 61 178
288836,68 150 
288856,03 68 
290365,77 92 
290365,77 65 
290387,18 103 
290387,18 101 
290916,9 100 
290916,9 6
290916,9 2140
290916,9 10
292893,57 25 
293187,13 75 
294395,36 72 
294466,32 70 
295982,24 80 
296345,08 83 
297914,91 64 1570
298131,57 74 201
298131,57 63 201
299140,97 150 
299158,67 68 
299640,15 249
300070,75 92 
300070,75 65 
300089,91 103 
300089,91 101 
300628,13 100 
300628,13 6
300628,13 2140
300628,13 10
302609,57 25 
303089,71 75 
304297,38 72 
304368,94 70 
305898,36 80 
306954,02 83 
309021,93 64 2068
309225,44 74 179
309225,44 61 179
310234,5 151 
310260,49 69 
312268,4 93 
312285,72 103 
312285,72 101 
314313,51 100 
314313,51 6
314313,51 2140
314313,51 11
316297,26 25 
316324,45 75 
317533,8 72 
317603,42 70 
319127,02 80 
319495,67 83 
320371,85 64 876
320569,87 74 181
320569,87 61 181
322081,36 150 
322108,87 68 
322819,1 92 
322819,1 65 
322840,43 103 
322840,43 101 
323368,17 100 
323368,17 6
323368,17 2140
323368,17 10
325346,79 25 
325374,88 75 
326584,3 72 
326653,01 70 
328171,1 80 
329531,5 83 
329860,53 64 329
330111,37 74 234
330111,37 63 234
330619,16 150 
330638,71 68 
332148,37 92 
332148,37 65 
332169,87 103 
332169,87 101 
332700,2 100 
332700,2 6
332700,2 2140
332700,2 11
334676,22 25 
335156,45 75 
336363,65 72 
336435,67 70 
337953,37 80 
338314,37 83 
339176,86 64 863
339382,6 74 189
339382,6 61 189
339894,08 150 
339914,83 68 
341922,8 92 
341922,8 65 
341939,22 103 
341939,22 101 
342466,92 100 
342466,92 6
342466,92 2140
342466,92 10
344445,49 25 
344805,8 75 
346014,79 72 
346084,97 70 
347603,78 80 
348670,08 83 
349197,27 64 528
349450,99 74 235
349450,99 63 235
350959,6 150 
350977,18 68 
351635,17 249
351686,76 92 
351686,76 65 
351708,63 103 
351708,63 101 
352238,31 100 
352238,31 6
352238,31 2140
352238,31 11
354214,77 25 
354601,67 75 
355810,15 72 
355882,68 70 
357398,24 80 
358759,21 83 
359017,65 64 259
359225,61 74 187
359225,61 61 187
360234,9 150 
360253,16 68 
361163,58 92 
361163,58 65 
361184,59 103 
361184,59 101 
361718,6 100 
361718,6 6
361718,6 2140
361718,6 11
363704,24 25 
364157,92 75 
365366,9 72 
365436,95 70 
366954,26 80 
367315,77 83 
368395,34 64 1080
368587,62 74 179
368587,62 61 179
369100,51 152 
369129,41 69 
369838,61 93 
369860,96 103 
369860,96 101 
371887,6 100 
371887,6 6
371887,6 2140
371887,6 11
373873,42 25 
373900,78 75 
375109,99 72 
375179,54 70 
376707,72 80 
378071,21 83 
379010,21 64 940
379220,56 74 190
379220,56 61 190
380233,69 150 
380258,15 68 
381767,23 92 
381767,23 65 
381789,41 103 
381789,41 101 
382316,08 100 
382316,08 6
382316,08 2140
382316,08 10
384295,7 25 
384469,3 75 
385679,81 72 
385748,54 70 
387267,2 80 
388320,31 83 
389104,01 64 785
389356,94 74 237
389356,94 63 237
390864,95 150 
390893,71 68 
391895,78 249
392906,41 92 
392906,41 65 
392931,39 103 
392931,39 101 
393463,48 100 
393463,48 6
393463,48 2140
393463,48 10
395437,77 25 
395558,07 75 
396767,76 72 
396837,27 70 
398357,31 80 
399742,26 83 
400146,02 64 405
400415,79 74 247
400415,79 63 247
400927,5 150 
400956,25 68 
401866,93 92 
401866,93 65 
401887,75 103 
401887,75 101 
402418,26 100 
402418,26 6
402418,26 2140
402418,26 10
404394,02 25 
404607,69 75 
405816,47 72 
405886,84 70 
407403,78 80 
408458,86 83 
408972,31 64 514
409191,37 74 200
409191,37 63 200
410702,07 152 
410725,63 69 
411437,19 93 
411457,07 103 
411457,07 101 
413483,74 100 
413483,74 6
413483,74 2140
413483,74 11
415469,45 25 
415498,88 75 
416707,71 72 
417015,62 70 
418692,23 80 
419267,59 83 
420184,35 64 917
420434,38 74 234
420434,38 61 234
421445,79 150 
421467,72 68 
422377,23 92 
422377,23 65 
422399,18 103 
422399,18 101 
422930,02 100 
422930,02 6
422930,02 2140
422930,02 10
424905,6 25 
425345,72 75 
426552,61 72 
426624,98 70 
428141,81 80 
429503,34 83 
430041,26 64 539
430264,84 74 202
430264,84 61 202
430776,83 151 
430798,04 69 
432307,63 93 
432328,48 103 
432328,48 101 
434355,02 100 
434355,02 6
434355,02 2140
434355,02 11
436340,81 25 
436367,94 75 
437576,75 72 
437646,99 70 
439166,51 80 
440232,15 83 
440845,97 64 615
441053,36 74 195
441053,36 61 195
442565,57 150 
442592,34 68 
444602,34 92 
444602,34 65 
444629,99 103 
444629,99 101 
445158,54 100 
445158,54 6
445158,54 2140
445158,54 10
447136,52 25 
447403,27 75 
448612,43 72 
448682,49 70 
450199,64 80 
450561,26 83 
451465,77 64 905
451679,89 74 199
451679,89 63 199
452686,96 150 
452708,11 68 
453149,47 249
453619,43 92 
453619,43 65 
453639,84 103 
453639,84 101 
454175,16 100 
454175,16 6
454175,16 2140
454175,16 11
456159,37 25 
456279,67 75 
457488,43 72 
457558,77 70 
459074,08 80 
460144,04 83 
460986,83 64 843
461205,94 74 196
461205,94 63 196
462216,35 151 
462237,57 69 
464165,17 249 
464245,64 93 
464261,85 103 
464261,85 101 
466290,3 100 
466290,3 6
466290,3 2140
466290,3 10
468275,12 25 
468301,65 75 
469511,42 72 
469580,48 70 
471096,18 80 
472458,99 83 
472789,87 64 331
473047,96 74 244
473047,96 63 244
474557,38 150 
474579,08 68 
474979,56 249
475288,19 92 
475288,19 65 
475310,63 103 
475310,63 101 
475838,01 100 
475838,01 6
475838,01 2140
475838,01 10
477816,95 25 
478083,88 75 
479293,77 72 
479363,17 70 
480878,04 80 
481241,92 83 
482107,29 64 866
482401,44 74 280
482401,44 63 280
482911,56 150 
482935,76 68 
483388,99 249
484445,64 92 
484445,64 65 
484455,78 173 
484480,14 103 
484480,14 101 
485013,69 100 
485013,69 6
485013,69 2140
485013,69 11
486999,86 25 
487440,01 75 
488647,18 72 
488719,24 70 
490241,26 80 
491317,75 83 
491700,11 64 383
491879,49 74 162
491879,49 61 162
492887,01 150 
492905,77 68 
493356,03 249
494916,24 92 
494916,24 65 
494929,29 103 
494929,29 101 
495456,91 100 
495456,91 6
495456,91 2140
495456,91 11
497435,51 25 
497822,7 75 
499035,16 72 
499101,62 70 
500619,32 80 
501979,95 83 
502340,77 64 361
502539,15 74 173
502539,15 61 173
504047,09 150 
504073,52 68 
504984,92 92 
504984,92 65 
505005,04 103 
505005,04 101 
505532,38 100 
505532,38 6
505532,38 2140
505532,38 11
507511,32 25 
507831,62 75 
509039,58 72 
509110,85 70 
510629,28 80 
510989,52 83 
511823,07 64 834
512064,09 74 222
512064,09 61 222
512573,26 150 
512603,36 68 
513018,52 249
514113,42 92 
514113,42 65 
514134,6 103 
514134,6 101 
514665,31 100 
514665,31 6
514665,31 2140
514665,31 10
516654,23 25 
516867,84 75 
518077,83 72 
518147,03 70 
519666,67 80 
520372,37 83 
521400,48 64 1029
521630,76 74 206
521630,76 63 206
523139,38 150 
523159,01 68 
523870,13 92 
523870,13 65 
523890,53 103 
523890,53 101 
524417,21 100 
524417,21 6
524417,21 2140
524417,21 10
526396,94 25 
526864,84 75 
528073,36 72 
528142,94 70 
529658,55 80 
530714,83 83 
531137,18 64 423
531397,08 74 243
531397,08 63 243
531906,57 150 
531928,85 68 
532376,97 249
533940,47 92 
533940,47 65 
533966,34 103 
533966,34 101 
534494,71 100 
534494,71 6
534494,71 2140
534494,71 11
536472,69 25 
536966,36 75 
538175,78 72 
538245,39 70 
539761,87 80 
541123,76 83 
541179,71 64 56
541444,39 74 241
541444,39 61 241
542455,36 150 
542484,37 68 
543070,02 249
543193,68 92 
543193,68 65 
543215,87 103 
543215,87 101 
543747,95 100 
543747,95 6
543747,95 2140
543747,95 10
545722,28 25 
546348,95 75 
547558,27 72 
547628,14 70 
549142,93 80 
550506,54 83 
550881,72 64 375
551163,24 74 258
551163,24 63 258
551675,28 150 
551693,89 68 
552061,59 249
553205,62 92 
553205,62 65 
553225,02 103 
553225,02 101 
553752,85 100 
553752,85 6
553752,85 2140
553752,85 10
555731,38 25 
556398,16 75 
557606,41 72 
557677,33 70 
559196,63 80 
560275,84 83 
560753,61 64 478
560997,54 74 229
560997,54 61 229
562506,77 151 
562529,4 69 
563436,93 93 
563447,51 103 
563447,51 101 
565477,06 100 
565477,06 6
565477,06 2140
565477,06 11
567459,99 25 
567487,33 75 
568697,48 72 
568766,09 70 
570285,13 80 
570658,26 83 
571843,49 64 1186
572043,61 74 186
572043,61 61 186
573054,6 150 
573071,82 68 
574582,58 92 
574582,58 65 
574602,92 103 
574602,92 101 
575133,18 100 
575133,18 6
575133,18 2140
575133,18 11
577109,24 25 
577442,77 75 
578649,06 72 
578722 70 
580236,63 80 
581600,35 83 
581926,82 64 327
582119,7 74 173
582119,7 61 173
583128,58 150 
583147,54 68 
585157,57 92 
585157,57 65 
585171,83 103 
585171,83 101 
585698,38 100 
585698,38 6
585698,38 2140
585698,38 10
587678,14 25 
588025,11 75 
589234,31 72 
589304,3 70 
590834,37 80 
591183,14 83 
592044,77 64 862
592304,41 74 242
592304,41 63 242
593815,85 152 
593836,04 69 
594546,5 93 
594567,94 103 
594567,94 101 
596594,29 100 
596594,29 6
596594,29 2140
596594,29 11
598580,34 25 
598608,27 75 
599816,55 72 
599886,52 70 
601404,91 80 
602471,68 83 
603158,69 64 687
603384 74 206
603384 61 206
603895,77 150 
603925,57 68 
604833,77 92 
604833,77 65 
604857,01 103 
604857,01 101 
605395,86 100 
605395,86 6
605395,86 2140
605395,86 11
607376,72 25 
607963,57 75 
609170,46 72 
609242,68 70 
610758,39 80 
612121,03 83 
612483,77 64 363
612715,48 74 208
612715,48 61 208
613726,52 150 
613748,2 68 
614660,22 92 
614660,22 65 
614679,61 103 
614679,61 101 
615206,1 100 
615206,1 6
615206,1 2140
615206,1 11
617185,95 25 
617573,01 75 
618781,67 72 
618852,01 70 
620376,7 80 
620744,14 83 
621872,21 64 1129
622098,44 74 208
622098,44 61 208
623607,89 150 
623637,39 68 
625148,71 92 
625148,71 65 
625168,6 103 
625168,6 101 
625696,33 100 
625696,33 6
625696,33 2140
625696,33 11
627674,92 25 
628608,54 75 
629817,6 72 
630087,35 70 
631753,39 80 
633019,04 83 
633370 64 351
633583,71 74 192
633583,71 61 192
634094,97 150 
634126,47 68 
634837,29 92 
634837,29 65 
634858,01 103 
634858,01 101 
635390,08 100 
635390,08 6
635390,08 2140
635390,08 10
637378,46 25 
637764,43 75 
638975,01 72 
639043,66 70 
640569,37 80 
641935,36 83 
642281,34 64 347
642497,24 74 202
642497,24 63 202
643507,56 150 
643535,86 68 
644037,34 249
645543,68 92 
645543,68 65 
645560,13 103 
645560,13 101 
646089,72 100 
646089,72 6
646089,72 2140
646089,72 10
648066,52 25 
648266,93 75 
649476,45 72 
649546,01 70 
651063,25 80 
651424,76 83 
652619,92 64 1195
652831,04 74 194
652831,04 63 194
653341,07 150 
653371,75 68 
653798,2 249
654883,42 92 
654883,42 65 
654902,99 103 
654902,99 101 
655430,31 100 
655430,31 6
655430,31 2140
655430,31 10
657409,33 25 
658143,09 75 
659351,7 72 
659421,92 70 
660942,25 80 
662007,04 83 
662474,59 64 468
662708,91 74 209
662708,91 63 209
664219,07 152 
664248,15 69 
665161,18 93 
665178,69 103 
665178,69 101 
667210,42 100 
667210,42 6
667210,42 2140
667210,42 10
669191,06 25 
669218,22 75 
670425,11 72 
670497,31 70 
672018,13 80 
672389,39 83 
673516,61 64 1127
673752,13 74 217
673752,13 61 217
674763,7 151 
674790,37 69 
675502,46 93 
675521,11 103 
675521,11 101 
677550,04 100 
677550,04 6
677550,04 2140
677550,04 11
679533,46 25 
679560,74 75 
680769,42 72 
680839,71 70 
682368,27 80 
683438,19 83 
683759,18 64 322
683970,32 74 186
683970,32 61 186
685480,37 150 
685505,1 68 
685938,21 249
687516,61 92 
687516,61 65 
687542,85 103 
687542,85 101 
688073,62 100 
688073,62 6
688073,62 2140
688073,62 11
690049,12 25 
690316,13 75 
691525,99 72 
691595,26 70 
693114,48 80 
694486,97 83 
694708,23 64 222
694913,53 74 187
694913,53 61 187
695424,34 150 
695447,7 68 
695696,55 249
697456,87 92 
697456,87 65 
697472,03 103 
697472,03 101 
698002,87 100 
698002,87 6
698002,87 2140
698002,87 10
699978,38 25 
702657,75 75 
703867,91 72 
703936,79 70 
705454,48 80 
706828,48 83 
707221,38 64 393
707419,29 74 178
707419,29 61 178
708929,86 151 
708948,9 69 
709856,43 93 
709867,18 103 
709867,18 101 
711897,86 100 
711897,86 6
711897,86 2140
711897,86 11
713879,26 25 
713907,19 75 
715114,84 72 
715185,48 70 
716704,47 80 
717064,26 83 
717979,61 64 916
718223,79 74 227
718223,79 61 227
718736,31 150 
718758,05 68 
720268,33 92 
720268,33 65 
720289,23 103 
720289,23 101 
720817,3 100 
720817,3 6
720817,3 2140
720817,3 10
722795,61 25 
723422,44 75 
724631,8 72 
724701,63 70 
726222,01 80 
727286,73 83 
727691,33 64 405
727929,9 74 217
727929,9 63 217
728940,11 150 
728967,08 68 
729409,42 249
729679,19 92 
729679,19 65 
729698,66 103 
729698,66 101 
730234,89 100 
730234,89 6
730234,89 2140
730234,89 11
732218,4 25 
736110,48 75 
737318,98 72 
737616,23 70 
739231,92 80 
740307,92 83 
741072,6 64 765
741276,31 74 183
741276,31 61 183
742786,81 150 
742814,71 68 
744824,72 92 
744824,72 65 
744839,1 103 
744839,1 101 
745366,6 100 
745366,6 6
745366,6 2140
745366,6 10
747345,4 25 
747852,29 75 
749061,3 72 
749131,44 70 
750650,76 80 
751010,17 83 
752114,19 64 1105
752317,48 74 188
752317,48 63 188
753325,78 150 
753343,92 68 
753827,4 249
754853,85 92 
754853,85 65 
754874,91 103 
754874,91 101 
755401,89 100 
755401,89 6
755401,89 2140
755401,89 10
757381,26 25 
758194,74 75 
759401,43 72 
759473,9 70 
760991,58 80 
762352,27 83 
762567,97 64 216
762827,52 74 236
762827,52 63 236
763339,76 150 
763366,23 68 
763798,93 249
764277,1 92 
764277,1 65 
764297,65 103 
764297,65 101 
764832,09 100 
764832,09 6
764832,09 2140
764832,09 10
766817,37 25 
767217,56 75 
768427,21 72 
768496,76 70 
770017,94 80 
770388,85 83 
771625,58 64 1237
771830,48 74 189
771830,48 61 189
773340,41 151 
773361,76 69 
774071,67 93 
774093,6 103 
774093,6 101 
776120,83 100 
776120,83 6
776120,83 2140
776120,83 11
778105,99 25 
779052,77 75 
780261,12 72 
780331,88 70 
781857,71 80 
782916,97 83 
783398,11 64 482
783571,38 74 148
783571,38 61 148
784080,09 152 
784103,9 69 
786114,01 93 
786128,68 103 
786128,68 101 
788156,23 100 
788156,23 6
788156,23 2140
788156,23 11
790141 25 
790168,3 75 
791378,26 72 
791447,22 70 
792958,16 80 
794325,69 83 
794781,25 64 456
795058,23 74 254
795058,23 61 254
796070,01 150 
796099,36 68 
797009,81 92 
797009,81 65 
797030,81 103 
797030,81 101 
797562,27 100 
797562,27 6
797562,27 2140
797562,27 10
799537,18 25 
800217,2 75 
801426,1 72 
801496,39 70 
803019,08 80 
804081,52 83 
804577,59 64 496
804779,78 74 179
804779,78 63 179
806288,91 150 
806308,45 68 
807018,14 92 
807018,14 65 
807040,03 103 
807040,03 101 
807567,62 100 
807567,62 6
807567,62 2140
807567,62 11
809546,3 25 
809973,17 75 
811180,45 72 
811252,37 70 
812766,38 80 
814117,4 83 
814490,18 64 374
814690,8 74 187
814690,8 61 187
815702,69 150 
815731,2 68 
817242,06 92 
817242,06 65 
817262,47 103 
817262,47 101 
817795,08 100 
817795,08 6
817795,08 2140
817795,08 10
819768,76 25 
820315,6 75 
821522,61 72 
821594,77 70 
823108,78 80 
823473,5 83 
824594,47 64 1121
824809,36 74 190
824809,36 63 190
825319,26 150 
825340,52 68 
825846,22 249
826248,89 92 
826248,89 65 
826272,11 103 
826272,11 101 
826804,07 100 
826804,07 6
826804,07 2140
826804,07 11
828778,35 25 
829232,84 75 
830440,51 72 
830511,04 70 
832033,3 80 
832389,88 83 
833278,78 64 889
833515,66 74 220
833515,66 63 220
834525,31 151 
834550,04 69 
836559,92 93 
836574,39 103 
836574,39 101 
838601,65 100 
838601,65 6
838601,65 2140
838601,65 11
840586,95 25 
840614,13 75 
841823,29 72 
842079,58 70 
843738,86 80 
845331,11 83 
845707,93 64 377
845936,54 74 206
845936,54 61 206
847444,45 150 
847464,73 68 
847500,78 249
848172,46 92 
848172,46 65 
848196,28 103 
848196,28 101 
848723,73 100 
848723,73 6
848723,73 2140
848723,73 10
850702,65 25 
851942,53 75 
853151,6 72 
853221,65 70 
854743,38 80 
855806,78 83 
856337,91 64 531
856584,75 74 232
856584,75 63 232
857093,24 152 
857114,82 69 
858286,4 249 
858368 183 
858627,56 93 
858645,37 103 
858645,37 101 
860680,18 100 
860680,18 6
860680,18 2140
860680,18 11
862657,66 25 
862685,06 75 
863892,04 72 
863963,88 70 
865478,01 80 
865842,63 83 
867064,51 64 1222
867326,91 74 245
867326,91 61 245
867836,44 150 
867856,26 68 
869370,47 92 
869370,47 65 
869387,53 103 
869387,53 101 
869915,39 100 
869915,39 6
869915,39 2140
869915,39 10
871893,82 25 
872428,24 75 
873635,3 72 
873706,54 70 
875224,27 80 
876278,3 83 
876817,01 64 540
877028,68 74 191
877028,68 63 191
878039,96 150 
878065,35 68 
878635,93 249
878773,05 92 
878773,05 65 
878796,94 103 
878796,94 101 
879324,54 100 
879324,54 6
879324,54 2140
879324,54 11
881303,32 25 
881783,47 75 
882991,01 72 
883062,63 70 
884586,01 80 
885954,3 83 
886295,88 64 342
886496,76 256 
886505,74 74 192
886505,74 61 192
888014,71 150 
888034,66 68 
890042,02 92 
890042,02 65 
890058,9 103 
890058,9 101 
890590,53 100 
890590,53 6
890590,53 2140
890590,53 10
892565,43 25 
892605,71 75 
893814,01 72 
893884,81 70 
895402,6 80 
895763,62 83 
896723,62 64 960
896957,19 74 221
896957,19 63 221
897468,27 150 
897497,54 68 
898043,24 249
898408,32 92 
898408,32 65 
898428,81 103 
898428,81 101 
898958,75 100 
898958,75 6
898958,75 2140
898958,75 10
900935,22 25 
901602,16 75 
902809,97 72 
902881,14 70 
904400,03 80 
905466,37 83 
906013,09 64 548
906256,99 74 232
906256,99 61 232
907265,85 151 
907294,06 69 
908204,13 93 
908224,72 103 
908224,72 101 
910251,49 100 
910251,49 6
910251,49 2140
910251,49 11
912237,16 25 
912277,78 75 
913487,44 72 
913556,68 70 
915068,26 80 
916435,02 83 
916911,75 64 477
917148,98 74 222
917148,98 61 222
918658,75 150 
918688,62 68 
920698,32 92 
920698,32 65 
920712,9 103 
920712,9 101 
921249,46 100 
921249,46 6
921249,46 2140
921249,46 10
923232,58 25 
923299,64 75 
924506,82 72 
924578,86 70 
926093 80 
927163,93 83 
927572,63 64 409
927807,24 74 217
927807,24 63 217
928317,96 150 
928337,92 68 
928375,86 249
928719,73 173 
929847,14 92 
929847,14 65 
929869,17 103 
929869,17 101 
930396,59 100 
930396,59 6
930396,59 2140
930396,59 10
932375,48 25 
933028,87 75 
934238,6 72 
934308,12 70 
935828,46 80 
937199,79 83 
937379,54 64 180
937593,74 74 194
937593,74 63 194
938603,8 152 
938627,03 69 
939334,67 93 
939345,34 103 
939345,34 101 
941374,85 100 
941374,85 6
941374,85 2140
941374,85 11
943357,57 25 
943384,99 75 
944593,22 72 
944903,76 70 
946522,03 80 
946889,2 83 
947774,86 64 886
948094,32 74 300
948094,32 61 300
949603,7 150 
949622,54 68 
950535,03 92 
950535,03 65 
950553,85 103 
950553,85 101 
951085,49 100 
951085,49 6
951085,49 2140
951085,49 11
953060,24 25 
953647,06 75 
954856,42 72 
954926,25 70 
956442,32 80 
956805,01 83 
957703,32 64 899
957978,5 74 254
957978,5 61 254
958989,35 150 
959018,52 68 
959288,8 249
961032,39 92 
961032,39 65 
961056,22 103 
961056,22 101 
961582,91 100 
961582,91 6
961582,91 2140
961582,91 10
963562,54 25 
963749,57 75 
964956,57 72 
965028,84 70 
966552,66 80 
967613,87 83 
967927,04 64 314
968139,82 74 193
968139,82 63 193
969653 150 
969680,82 68 
970258,54 249
971189,86 92 
971189,86 65 
971213,03 103 
971213,03 101 
971738,75 100 
971738,75 6
971738,75 2140
971738,75 11
973718,43 25 
974318,5 75 
975525,39 72 
975597,7 70 
977120,26 80 
978502,68 83 
978849,5 64 347
979047,55 74 172
979047,55 61 172
979560,68 150 
979583,41 68 
980295,74 92 
980295,74 65 
980314,91 103 
980314,91 101 
980847,7 100 
980847,7 6
980847,7 2140
980847,7 10
982834,56 25 
983901,26 75 
985111,05 72 
985180,39 70 
986703,21 80 
987072,45 83 
988168,72 64 1096
988397,5 74 206
988397,5 63 206
989909,89 150 
989938,69 68 
990319,95 249
991447,66 92 
991447,66 65 
991471,32 103 
991471,32 101 
991996,96 100 
991996,96 6
991996,96 2140
991996,96 11
993976,67 25 
994603,4 75 
995812,49 72 
995882,62 70 
997402,15 80 
998760,93 83 
999236,2 64 476
999556,52 74 303
999556,52 61 303
1000565,85 150 
1000588,08 68 
1002599,94 92 
1002599,94 65 
1002625,68 103 
1002625,68 101 
1003153,63 100 
1003153,63 6
1003153,63 2140
1003153,63 10
1005131,99 25 
1005772,15 75 
1006980,32 72 
1007051,33 70 
1008573,24 80 
1009636,54 83 
1010084,79 64 448
1010344,66 74 242
1010344,66 63 242
1010853,2 150 
1010877,35 68 
1011281,45 249
1011590,08 92 
1011590,08 65 
1011608,64 103 
1011608,64 101 
1012140,08 100 
1012140,08 6
1012140,08 2140
1012140,08 11
1014114,99 25 
1014621,8 75 
1015831,48 72 
1015901,11 70 
1017413,72 80 
1018779,36 83 
1019103,69 64 325
1019357,54 74 232
1019357,54 61 232
1020869,68 150 
1020899,64 68 
1021811,38 92 
1021811,38 65 
1021831,11 103 
1021831,11 101 
1022364,55 100 
1022364,55 1
1022364,55 2140
1022364,55 10
1022364,55 78 
1022364,55 198 
1024337,61 25 
1024870,92 75 
1026079,43 72 
1026150,1 70 
1027675,9 80 
1028042,21 83 
1029361,64 64 1320
1029575,18 74 201
1029575,18 63 201
1030588,13 151 
1030615,57 69 
1031327,37 93 
1031347,09 103 
1031347,09 101 
1033376,51 100 
1033376,51 1
1033376,51 2140
1033376,51 10
1035359,6 25 
1035386,69 75 
1036597,39 72 
1036665,75 70 
1038184,87 80 
1039264,22 83 
1039708,17 64 445
1039929,39 74 199
1039929,39 63 199
1040438,29 151 
1040465,2 69 
1041377,02 93 
1041396,42 103 
1041396,42 101 
1043426,69 100 
1043426,69 1
1043426,69 2140
1043426,69 10
1045408,72 25 
1045435,96 75 
1046643,62 72 
1046954,81 70 
1048572,07 80 
1049940 83 
1050863,03 64 924
1051084,89 74 199
1051084,89 63 199
1052595,87 151 
1052619,86 69 
1054629,93 93 
1054644,12 103 
1054644,12 101 
1056671,1 100 
1056671,1 1
1056671,1 2140
1056671,1 10
1058656,52 25 
1058684,49 75 
1059893,88 72 
1059962,81 70 
1061479,92 80 
1062547,9 83 
1063129,66 64 582
1063440,57 74 293
1063440,57 61 293
1064451,36 152 
1064481,6 69 
1065993,36 93 
1066013,82 103 
1066013,82 101 
1068040,77 100 
1068040,77 1
1068040,77 2140
1068040,77 10
1070025,18 25 
1070052,4 75 
1071260,3 72 
1071331,36 70 
1072848,34 80 
1073210,14 83 
1074847,61 64 1638
1075036,23 74 174
1075036,23 62 174
1075549,28 151 
1075570,37 69 
1076480,92 93 
1076501,74 103 
1076501,74 101 
1078537,89 100 
1078537,89 1
1078537,89 2140
1078537,89 11
1080514,16 25 
1080541,39 75 
1081750,24 72 
1081820,36 70 
1083340,58 80 
1084418,84 83 
1085057,25 64 639
1085234,43 74 163
1085234,43 61 163
1086242,12 151 
1086273,42 69 
1088281,94 93 
1088296,84 103 
1088296,84 101 
1090324,34 100 
1090324,34 1
1090324,34 2140
1090324,34 11
1092309,27 25 
1092336,52 75 
1093545,04 72 
1093615,5 70 
1095134,52 80 
1096507,14 83 
1096971,96 64 466
1097141,66 74 155
1097141,66 62 155
1097651,14 150 
1097681,98 68 
1099193,7 92 
1099193,7 65 
1099212,67 103 
1099212,67 101 
1099739,38 100 
1099739,38 1
1099739,38 2140
1099739,38 11
1101718,77 25 
1102252,17 75 
1103460,63 72 
1103531,38 70 
1105045,77 80 
1105410,19 83 
1106488,4 64 1079
1106655,55 74 153
1106655,55 62 153
1108164,86 150 
1108184,24 68 
1108895,79 92 
1108895,79 65 
1108914,99 103 
1108914,99 101 
1109452,39 100 
1109452,39 1
1109452,39 2140
1109452,39 11
1111434,73 25 
1111874,94 75 
1113083,99 72 
1113154,13 70 
1114678,55 80 
1116045,75 83 
1116603,4 64 558
1116795,64 74 177
1116795,64 62 177
1118304,57 150 
1118326,74 68 
1119239,01 92 
1119239,01 65 
1119257,45 103 
1119257,45 101 
1119784,31 100 
1119784,31 1
1119784,31 2140
1119784,31 11
1121763,76 25 
1121990,71 75 
1123199,9 72 
1123269,95 70 
1124796,65 80 
1125161,95 83 
1126081,52 64 920
1126285,43 74 191
1126285,43 62 191
1127293,43 150 
1127323,01 68 
1128032,38 92 
1128032,38 65 
1128053,75 103 
1128053,75 101 
1128583,82 100 
1128583,82 1
1128583,82 2140
1128583,82 11
1130560,15 25 
1130946,96 75 
1132154,81 72 
1132226,14 70 
1133743,03 80 
1134797,95 83 
1135237,6 64 440
1135410,78 74 160
1135410,78 62 160
1135921,14 150 
1135946,19 68 
1137456,47 92 
1137456,47 65 
1137476,54 103 
1137476,54 101 
1138009,68 100 
1138009,68 1
1138009,68 2140
1138009,68 11
1139996,19 25 
1140356,5 75 
1141563,18 72 
1141635,6 70 
1143160,54 80 
1144234,06 83 
1144795,31 64 562
1144961,16 74 141
1144961,16 62 141
1145969,63 152 
1145994,59 69 
1148005,55 93 
1148018,83 103 
1148018,83 101 
1150048,54 100 
1150048,54 1
1150048,54 2140
1150048,54 10
1152031,22 25 
1152058,43 75 
1153265,14 72 
1153337,48 70 
1154851,3 80 
1156215,93 83 
1156746,57 64 531
1156959,3 74 198
1156959,3 63 198
1158469,07 151 
1158496,69 69 
1159407,21 93 
1159427,43 103 
1159427,43 101 
1161456,81 100 
1161456,81 1
1161456,81 2140
1161456,81 10
1163439,85 25 
1163467,26 75 
1164678,87 72 
1164746,04 70 
1166265,84 80 
1166638,15 83 
1167715,43 64 1078
1167936,52 74 206
1167936,52 61 206
1168445,69 150 
1168466,04 68 
1168861,35 249
1169178,48 92 
1169178,48 65 
1169196,72 103 
1169196,72 101 
1169729,32 100 
1169729,32 1
1169729,32 2140
1169729,32 10
1171716,41 25 
1171943,31 75 
1173153,92 72 
1173222,55 70 
1174737,7 80 
1175101,33 83 
1175796,19 64 696
1176007,53 74 187
1176007,53 61 187
1177517,72 150 
1177541,46 68 
1179551,08 92 
1179551,08 65 
1179565,84 103 
1179565,84 101 
1180092,4 100 
1180092,4 1
1180092,4 2140
1180092,4 10
1182072,05 25 
1182272,56 75 
1183483,8 72 
1183551,61 70 
1185075,39 80 
1186136,72 83 
1186446,51 64 310
1186684,41 74 215
1186684,41 61 215
1187194,96 150 
1187217,39 68 
1187474,05 249
1188727,32 92 
1188727,32 65 
1188748,62 103 
1188748,62 101 
1189275,14 100 
1189275,14 1
1189275,14 2140
1189275,14 11
1191255,03 25 
1191735,14 75 
1192942,21 72 
1193014,34 70 
1194529,49 80 
1195906,06 83 
1196360,26 64 455
1196548,49 74 163
1196548,49 62 163
1197559,29 150 
1197586,51 68 
1198494,53 92 
1198494,53 65 
1198517,91 103 
1198517,91 101 
1199048,15 100 
1199048,15 1
1199048,15 2140
1199048,15 10
1201024,34 25 
1201597,7 75 
1202805,01 72 
1202876,89 70 
1204396,81 80 
1205462,02 83 
1205899,1 64 438
1206116,24 74 202
1206116,24 61 202
1207624,09 150 
1207649,73 68 
1209159,89 92 
1209159,89 65 
1209180,18 103 
1209180,18 101 
1209709 100 
1209709 1
1209709 2140
1209709 11
1211686,55 25 
1212140,06 75 
1213348,05 72 
1213419,27 70 
1214934,07 80 
1216297,53 83 
1216651,38 64 354
1216849,25 74 179
1216849,25 62 179
1217362,59 150 
1217391,68 68 
1218099,7 92 
1218099,7 65 
1218123,18 103 
1218123,18 101 
1218652,94 100 
1218652,94 1
1218652,94 2140
1218652,94 11
1220629,48 25 
1221229,67 75 
1222441,99 72 
1222508,82 70 
1224032,36 80 
1224387,65 83 
1225397,07 64 1010
1225640,61 74 227
1225640,61 62 227
1226651,94 150 
1226681,88 68 
1228692,27 92 
1228692,27 65 
1228718,73 103 
1228718,73 101 
1229260,4 100 
1229260,4 1
1229260,4 2140
1229260,4 10
1231238,44 25 
1231572,01 75 
1232780,11 72 
1232852,86 70 
1234370,17 80 
1235449,64 83 
1235826,96 64 377
1236059,07 74 210
1236059,07 61 210
1237072,21 150 
1237104,47 68 
1237595,9 249
1238013,51 92 
1238013,51 65 
1238034,86 103 
1238034,86 101 
1238561,69 100 
1238561,69 1
1238561,69 2140
1238561,69 11
1240541,21 25 
1240568,6 75 
1241779,38 72 
1241847,46 70 
1243362,11 80 
1244725,92 83 
1244831,12 64 106
1245067,6 74 222
1245067,6 62 222
1246576,37 150 
1246606,25 68 
1247313,4 92 
1247313,4 65 
1247337,76 103 
1247337,76 101 
1247866,62 100 
1247866,62 1
1247866,62 2140
1247866,62 10
1249844,05 25 
1250257,79 75 
1251468,02 72 
1251776,77 70 
1253450,63 80 
1254041,97 83 
1254968,69 64 927
1255232,03 74 245
1255232,03 61 245
1255741,23 150 
1255763,24 68 
1256279,23 249
1257275,05 92 
1257275,05 65 
1257293,56 103 
1257293,56 101 
1257823,11 100 
1257823,11 1
1257823,11 2140
1257823,11 10
1259799,91 25 
1260414,2 75 
1261623,73 72 
1261692,55 70 
1263213,78 80 
1264585,04 83 
1264790,25 64 207
1265018,86 74 208
1265018,86 61 208
1265530,14 152 
1265557,94 69 
1267569,02 93 
1267582,71 103 
1267582,71 101 
1269611,41 100 
1269611,41 1
1269611,41 2140
1269611,41 10
1271595,05 25 
1271622,33 75 
1272833,91 72 
1272901,27 70 
1274426,36 80 
1274793,35 83 
1275640,6 64 848
1275820,36 74 161
1275820,36 61 161
1277331,68 150 
1277353,47 68 
1277957,56 249
1278261,95 92 
1278261,95 65 
1278284,87 103 
1278284,87 101 
1278814,25 100 
1278814,25 1
1278814,25 2140
1278814,25 11
1280791,2 25 
1280831,66 75 
1282039,93 72 
1282110,81 70 
1283631,25 80 
1284695,89 83 
1285047,46 64 352
1285264,88 74 196
1285264,88 62 196
1286273,13 150 
1286296,48 68 
1287005,83 92 
1287005,83 65 
1287028,01 103 
1287028,01 101 
1287561,8 100 
1287561,8 1
1287561,8 2140
1287561,8 10
1289534,42 25 
1289987,88 75 
1291198,07 72 
1291267,11 70 
1292784,56 80 
1293145,77 83 
1294086,08 64 941
1294343,18 74 239
1294343,18 61 239
1295855,15 150 
1295879,87 68 
1295963,61 249
1296319,02 171
1297890,5 92 
1297890,5 65 
1297916,74 103 
1297916,74 101 
1298443,24 100 
1298443,24 1
1298443,24 2140
1298443,24 11
1300423,09 25 
1300863,3 75 
1302071,96 72 
1302142,49 70 
1303663,97 80 
1304740,95 83 
1305227,78 64 487
1305396 74 149
1305396 62 149
1305908,96 150 
1305928,45 68 
1307439,24 92 
1307439,24 65 
1307459,49 103 
1307459,49 101 
1307988,17 100 
1307988,17 1
1307988,17 2140
1307988,17 11
1309965,88 25 
1310500,37 75 
1311709,89 72 
1311778,48 70 
1313305,59 80 
1314656,87 83 
1314710,77 64 54
1314908,41 74 185
1314908,41 62 185
1315917,39 150 
1315938,34 68 
1316647,24 92 
1316647,24 65 
1316668,98 103 
1316668,98 101 
1317200,96 100 
1317200,96 1
1317200,96 2140
1317200,96 11
1319175,35 25 
1319855,6 75 
1321063,17 72 
1321134,61 70 
1322646,1 80 
1324013,01 83 
1324073,7 64 61
1324272,49 74 180
1324272,49 62 180
1325281,29 150 
1325307,68 68 
1327317,36 92 
1327317,36 65 
1327344,64 103 
1327344,64 101 
1327874,76 100 
1327874,76 1
1327874,76 2140
1327874,76 10
1329864,27 25 
1330024,6 75 
1331232,33 72 
1331303,74 70 
1332832,35 80 
1333888,87 83 
1334295,85 64 407
1334564,29 74 250
1334564,29 61 250
1336076,13 150 
1336103,32 68 
1337615,8 92 
1337615,8 65 
1337633,64 103 
1337633,64 101 
1338162,03 100 
1338162,03 1
1338162,03 2140
1338162,03 11
1340139,98 25 
1340233,65 75 
1341444,71 72 
1341512,89 70 
1343031,87 80 
1343391,59 83 
1344908,68 64 1517
1345082,08 74 159
1345082,08 62 159
1345592,29 150 
1345618,62 68 
1346532,37 92 
1346532,37 65 
1346550,02 103 
1346550,02 101 
1347085,37 100 
1347085,37 1
1347085,37 2140
1347085,37 11
1349069,62 25 
1349736,41 75 
1350944,95 72 
1351015,61 70 
1352534,76 80 
1353587,36 83 
1355077,75 64 1491
1355268,08 74 175
1355268,08 62 175
1356778,41 150 
1356801,28 68 
1358811,68 92 
1358811,68 65 
1358838,19 103 
1358838,19 101 
1359364,9 100 
1359364,9 1
1359364,9 2140
1359364,9 10
1361344,51 25 
1361651,44 75 
1362859,89 72 
1362930,74 70 
1364451,13 80 
1364822,73 83 
1365739,65 64 917
1366026,7 74 271
1366026,7 61 271
1367036,06 150 
1367064,02 68 
1368573 92 
1368573 65 
1368594,17 103 
1368594,17 101 
1369120,7 100 
1369120,7 1
1369120,7 2140
1369120,7 10
1371100,5 25 
1371580,78 75 
1372789,74 72 
1372859,94 70 
1374383,92 80 
1375751,56 83 
1376280,86 64 529
1376491,84 74 194
1376491,84 61 194
1377004,29 150 
1377032,16 68 
1377410,38 249
1377739,91 92 
1377739,91 65 
1377763,68 103 
1377763,68 101 
1378299,21 100 
1378299,21 1
1378299,21 2140
1378299,21 11
1380283,42 25 
1380750,26 75 
1381958,73 72 
1382029,41 70 
1383553,07 80 
1384627,92 83 
1385194,53 64 567
1385373,05 74 160
1385373,05 62 160
1386884,34 150 
1386908,11 68 
1387817,4 92 
1387817,4 65 
1387839,52 103 
1387839,52 101 
1388367,3 100 
1388367,3 1
1388367,3 2140
1388367,3 11
1390345,92 25 
1390799,43 75 
1392007,26 72 
1392078,66 70 
1393598,91 80 
1393970,65 83 
1395131,08 64 1161
1395314,42 74 158
1395314,42 62 158
1396325,32 150 
1396344,9 68 
1397258,08 92 
1397258,08 65 
1397275,72 103 
1397275,72 101 
1397803,9 100 
1397803,9 1
1397803,9 2140
1397803,9 11
1399781,96 25 
1400142,18 75 
1401349,75 72 
1401421,37 70 
1402936,24 80 
1404299,73 83 
1404517,36 64 218
1404707,2 74 168
1404707,2 62 168
1405215,71 152 
1405234,96 69 
1405945,85 93 
1405965,44 103 
1405965,44 101 
1407995,05 100 
1407995,05 1
1407995,05 2140
1407995,05 10
1409977,75 25 
1410005,28 75 
1411213,96 72 
1411283,95 70 
1412800,7 80 
1413162,75 83 
1414337,32 64 1175
1414570,71 74 209
1414570,71 61 209
1415579,86 150 
1415603,79 68 
1417612,86 92 
1417612,86 65 
1417627,25 103 
1417627,25 101 
1418154,72 100 
1418154,72 1
1418154,72 2140
1418154,72 10
1420133,58 25 
1420333,87 75 
1421541,05 72 
1421613,01 70 
1423138,45 80 
1424211,55 83 
1424632,54 64 421
1424894,93 74 245
1424894,93 61 245
1425406,16 150 
1425425,59 68 
1425774,97 249
1426936,6 92 
1426936,6 65 
1426956,73 103 
1426956,73 101 
1427488,64 100 
1427488,64 1
1427488,64 2140
1427488,64 11
1429462,97 25 
1429929,89 75 
1431139,12 72 
1431209,06 70 
1432730,05 80 
1434100,76 83 
1434270,96 64 170
1434473,04 74 187
1434473,04 62 187
1435983,61 150 
1436008,63 68 
1436718,67 92 
1436718,67 65 
1436739,32 103 
1436739,32 101 
1437270,83 100 
1437270,83 1
1437270,83 2140
1437270,83 11
1439245,75 25 
1439712,53 75 
1440923,6 72 
1440991,73 70 
1442514,44 80 
1443576,84 83 
1443943,43 64 367
1444152,25 74 190
1444152,25 62 190
1444664,39 150 
1444684,96 68 
1446694,2 92 
1446694,2 65 
1446708,49 103 
1446708,49 101 
1447237,49 100 
1447237,49 1
1447237,49 2140
1447237,49 11
1449214,83 25 
1449241,98 75 
1450451,97 72 
1450521,07 70 
1452046,57 80 
1452413,31 83 
1453534,36 64 1122
1453766,04 74 208
1453766,04 62 208
1455274,91 150 
1455293,98 68 
1456205,72 92 
1456205,72 65 
1456224,53 103 
1456224,53 101 
1456751 100 
1456751 1
1456751 2140
1456751 10
1458730,88 25 
1459144,56 75 
1460351,72 72 
1460663,5 70 
1462288,99 80 
1463661,82 83 
1463922,88 64 261
1464163,59 74 222
1464163,59 61 222
1465175,03 152 
1465196,5 69 
1466705,63 93 
1466726,89 103 
1466726,89 101 
1468761,97 100 
1468761,97 1
1468761,97 2140
1468761,97 10
1470739,31 25 
1475377,72 75 
1476587,14 72 
1476656,95 70 
1478176,67 80 
1478535,74 83 
1479284,59 64 749
1479490,68 74 182
1479490,68 61 182
1481003,01 150 
1481029,9 68 
1483039,71 92 
1483039,71 65 
1483053,44 103 
1483053,44 101 
1483580,99 100 
1483580,99 1
1483580,99 2140
1483580,99 10
1485559,76 25 
1485706,79 75 
1486916,4 72 
1486986,24 70 
1488517,38 80 
1489836,85 250 
1489850,86 101 
1491863,85 100 
1491863,85 1
1491863,85 2140
1491863,85 10
1491863,85 25 
1491891,24 75 
1493100,59 72 
1493170,14 70 
1494687,81 80 
1496061,71 83 
1496612,26 64 551
1496827,63 74 193
1496827,63 61 193
1497836,38 150 
1497862,12 68 
1498397,59 249
1498569,68 92 
1498569,68 65 
1498593,75 103 
1498593,75 101 
1499121,71 100 
1499121,71 1
1499121,71 2140
1499121,71 11
1501113,34 25 
1501300,38 75 
1502509,03 72 
1502579,49 70 
1504092,79 80 
1505151,33 83 
1505686,22 64 536
1505894,81 74 184
1505894,81 62 184
1506403,48 150 
1506431,99 68 
1507342,47 92 
1507342,47 65 
1507363,36 103 
1507363,36 101 
1507896,43 100 
1507896,43 1
1507896,43 2140
1507896,43 11
1509869,88 25 
1510296,75 75 
1511504,37 72 
1511576 70 
1513095,04 80 
1514147,72 83 
1514499,82 64 352
1514682,77 74 162
1514682,77 62 162
1515192,82 150 
1515215,69 68 
1516725,36 92 
1516725,36 65 
1516746,18 103 
1516746,18 101 
1517273,84 100 
1517273,84 1
1517273,84 2140
1517273,84 10
1519252,56 25 
1519626,1 75 
1520835,51 72 
1520905,26 70 
1522424,54 80 
1522770,77 83 
1523885,94 64 1115
1524106,1 74 203
1524106,1 61 203
1525616,63 150 
1525638,2 68 
1526291,19 249
1527147,25 92 
1527147,25 65 
1527168,52 103 
1527168,52 101 
1527695,82 100 
1527695,82 1
1527695,82 2140
1527695,82 10
1529674,84 25 
1529928,51 75 
1531135,82 72 
1531207,69 70 
1532726,33 80 
1534112,61 83 
1534539,64 64 427
1534765,68 74 200
1534765,68 61 200
1535778,56 150 
1535806,44 68 
1537815,75 92 
1537815,75 65 
1537830,92 103 
1537830,92 101 
1538365,4 100 
1538365,4 1
1538365,4 2140
1538365,4 10
1540350,46 25 
1540843,93 75 
1542051,87 72 
1542123,16 70 
1543645,25 80 
1544708,25 83 
1545324,08 64 617
1545507,83 74 160
1545507,83 61 160
1546018,7 150 
1546042,21 68 
1546952,39 92 
1546952,39 65 
1546973,64 103 
1546973,64 101 
1547501,59 100 
1547501,59 1
1547501,59 2140
1547501,59 11
1549479,98 25 
1549853,55 75 
1551061,47 72 
1551132,74 70 
1552658,14 80 
1554024,44 83 
1554341,08 64 317
1554529,68 74 172
1554529,68 62 172
1556043,36 150 
1556064,78 68 
1556775,59 92 
1556775,59 65 
1556796,22 103 
1556796,22 101 
1557324,18 100 
1557324,18 1
1557324,18 2140
1557324,18 11
1559302,63 25 
1559956,02 75 
1561165,76 72 
1561475,11 70 
1563143,15 80 
1563713,79 83 
1565084,49 64 1371
1565265,6 74 166
1565265,6 62 166
1566276,55 150 
1566301,23 68 
1567812,6 92 
1567812,6 65 
1567831,67 103 
1567831,67 101 
1568362,82 100 
1568362,82 1
1568362,82 2140
1568362,82 11
1570338,01 25 
1570884,85 75 
1572095,95 72 
1572164,06 70 
1573676,81 80 
1574749,18 83 
1575229,59 64 481
1575415,97 74 174
1575415,97 62 174
1576426,64 152 
1576456,38 69 
1577167,07 93 
1577187,8 103 
1577187,8 101 
1579214,28 100 
1579214,28 1
1579214,28 2140
1579214,28 10
1581200,21 25 
1581227,58 75 
1582437,1 72 
1582506,42 70 
1584032,54 80 
1585411,41 83 
1585838,83 64 427
1586088,37 74 224
1586088,37 61 224
1587601 150 
1587625,86 68 
1588535,89 92 
1588535,89 65 
1588556,41 103 
1588556,41 101 
1589083,38 100 
1589083,38 1
1589083,38 2140
1589083,38 11
1591062,76 25 
1591369,84 75 
1592579,41 72 
1592648,89 70 
1594166,77 80 
1594527,67 83 
1596510,32 64 1983
1596764,37 74 238
1596764,37 61 238
1597274,67 151 
1597301,78 69 
1599216,8 249 
1599312,45 93 
1599325,36 103 
1599325,36 101 
1601359,98 100 
1601359,98 1
1601359,98 2140
1601359,98 10
1603337,78 25 
1603364,96 75 
1604573,22 72 
1604643,92 70 
1606158,62 80 
1606522,65 83 
1617770,99 64 11248
1618023,13 74 239
1618023,13 61 239
1618533,32 150 
1618559,6 68 
1619269,16 92 
1619269,16 65 
1619290,39 103 
1619290,39 101 
1619817,08 100 
1619817,08 1
1619817,08 2140
1619817,08 11
1621796,77 25 
1622116,95 75 
1623327,34 72 
1623396,18 70 
1624912,09 80 
1626274,53 83 
1627737,12 64 1463
1627915,58 74 162
1627915,58 62 162
1629428,86 150 
1629448,5 68 
1630957,75 92 
1630957,75 65 
1630978,84 103 
1630978,84 101 
1631505,44 100 
1631505,44 1
1631505,44 2140
1631505,44 10
1633485,29 25 
1633992,04 75 
1635200,36 72 
1635271,24 70 
1636794,51 80 
1637856,55 83 
1638425,32 64 569
1638677,72 74 235
1638677,72 61 235
1639689,85 150 
1639710,95 68 
1639989,84 249
1641719,89 92 
1641719,89 65 
1641734,42 103 
1641734,42 101 
1642264,75 100 
1642264,75 1
1642264,75 2140
1642264,75 10
1644240,78 25 
1644547,71 75 
1645756,41 72 
1645826,92 70 
1647353,55 80 
1648412,08 83 
1650056,56 64 1645
1650297,69 74 220
1650297,69 61 220
1651806,96 150 
1651825,15 68 
1652290,12 249
1652734,85 92 
1652734,85 65 
1652756,54 103 
1652756,54 101 
1653288,65 100 
1653288,65 1
1653288,65 2140
1653288,65 10
1655262,97 25 
1655796,43 75 
1657004,89 72 
1657075,58 70 
1658594,03 80 
1659967,36 83 
1697161,99 64 37196
1697385,44 74 207
1697385,44 61 207
1697894,3 150 
1697912,69 68 
1698824,8 92 
1698824,8 65 
1698844,09 103 
1698844,09 101 
1699370,8 100 
1699370,8 1
1699370,8 2140
1699370,8 10
1701350,48 25 
1701977,22 75 
1703187,32 72 
1703443,09 70 
1704976,08 80 
1705348,41 83 
1707165,05 64 1817
1707350,32 74 163
1707350,32 62 163
1708362,3 151 
1708388,35 69 
1709099,88 93 
1709119,85 103 
1709119,85 101 
1711148,94 100 
1711148,94 1
1711148,94 2140
1711148,94 11
1713132,27 25 
1713159,55 75 
1714367,51 72 
1714438,51 70 
1715969,25 80 
1717036,92 83 
1717553,3 64 517
1717732,8 74 163
1717732,8 62 163
1718740,07 150 
1718771,61 68 
1720781,21 92 
1720781,21 65 
1720795,26 103 
1720795,26 101 
1721322,87 100 
1721322,87 1
1721322,87 2140
1721322,87 10
1723301,37 25 
1724021,49 75 
1725230,92 72 
1725300,67 70 
1726823,94 80 
1727192,74 83 
1728323,24 64 1131
1728592,4 74 254
1728592,4 61 254
1729104,81 150 
1729127,2 68 
1730637,41 92 
1730637,41 65 
1730657,63 103 
1730657,63 101 
1731188,94 100 
1731188,94 1
1731188,94 2140
1731188,94 11
1733163,97 25 
1733191,31 75 
1734399,77 72 
1734470,13 70 
1735983,87 80 
1737361,85 83 
1738163,61 64 802
1738365,03 74 178
1738365,03 62 178
1739872,89 150 
1739896,02 68 
1740805,76 92 
1740805,76 65 
1740826,73 103 
1740826,73 101 
1741359,67 100 
1741359,67 1
1741359,67 2140
1741359,67 10
1743346,43 25 
1743706,7 75 
1744914,02 72 
1744985,89 70 
1746509,04 80 
1747584,3 83 
1748419,5 64 836
1748634,16 74 198
1748634,16 61 198
1749146,13 150 
1749172,27 68 
1750222,98 249
1751182,4 92 
1751182,4 65 
1751209,13 103 
1751209,13 101 
1751736,51 100 
1751736,51 1
1751736,51 2140
1751736,51 11
1753715,51 25 
1754049,03 75 
1755256,18 72 
1755328,21 70 
1756850,41 80 
1758220,01 83 
1758644,38 64 425
1758941,39 74 282
1758941,39 62 282
1759952,53 150 
1759980,3 68 
1761492,2 92 
1761492,2 65 
1761511,56 103 
1761511,56 101 
1762041,53 100 
1762041,53 1
1762041,53 2140
1762041,53 10
1764017,85 25 
1764671,49 75 
1765881,42 72 
1765950,5 70 
1767468,51 80 
1767829,35 83 
1769530,45 64 1702
1769812,39 74 264
1769812,39 61 264
1771321,55 150 
1771349,76 68 
1772060,42 92 
1772060,42 65 
1772080,52 103 
1772080,52 101 
1772614,76 100 
1772614,76 1
1772614,76 2140
1772614,76 11
1774600,11 25 
1775160,29 75 
1776370,73 72 
1776439,44 70 
1777950,82 80 
1778318,23 83 
1779545,93 64 1228
1779732,95 74 162
1779732,95 62 162
1780744,87 150 
1780772,42 68 
1781680,03 92 
1781680,03 65 
1781703,14 103 
1781703,14 101 
1782231,23 100 
1782231,23 1
1782231,23 2140
1782231,23 11
1784209,54 25 
1784849,62 75 
1786058,26 72 
1786128,8 70 
1787651,8 80 
1788727,26 83 
1789222,64 64 496
1789417,8 74 171
1789417,8 62 171
1790929,81 152 
1790954,77 69 
1791667,67 93 
1791685,71 103 
1791685,71 101 
1793715,87 100 
1793715,87 1
1793715,87 2140
1793715,87 10
1795698,2 25 
1795725,37 75 
1796934,25 72 
1797004,28 70 
1798526,06 80 
1799909,36 83 
1801039,09 64 1131
1801287,15 74 232
1801287,15 61 232
1801798,4 150 
1801830,4 68 
1803346,21 92 
1803346,21 65 
1803360,96 103 
1803360,96 101 
1803892,14 100 
1803892,14 1
1803892,14 2140
1803892,14 10
1805867,17 25 
1806387,39 75 
1807595,48 72 
1807853,11 70 
1809383,79 80 
1810744,78 83 
1811190,78 64 446
1811455,84 74 245
1811455,84 61 245
1811963,76 150 
1811985,58 68 
1813993,04 92 
1813993,04 65 
1814009,75 103 
1814009,75 101 
1814537,48 100 
1814537,48 1
1814537,48 2140
1814537,48 11
1816516,16 25 
1817049,61 75 
1818259,33 72 
1818328,78 70 
1819853,4 80 
1820927,28 83 
1821641,61 64 715
1821802,3 74 143
1821802,3 62 143
1823312,08 150 
1823341,56 68 
1824052,48 92 
1824052,48 65 
1824072,23 103 
1824072,23 101 
1824600,22 100 
1824600,22 1
1824600,22 2140
1824600,22 11
1826578,6 25 
1826952,14 75 
1828162,94 72 
1828231,32 70 
1829754,09 80 
1830123,48 83 
1831064,42 64 941
1831293,6 74 211
1831293,6 61 211
1832302,83 151 
1832324,52 69 
1833232,02 93 
1833242,05 103 
1833242,05 101 
1835274,42 100 
1835274,42 1
1835274,42 2140
1835274,42 11
1837254,24 25 
1837281,79 75 
1838492,06 72 
1838560,44 70 
1840083,74 80 
1841145,74 83 
1850835,46 64 9690
1851050,37 74 203
1851050,37 62 203
1851561,75 150 
1851583,26 68 
1851957,65 249
1852236,32 172 
1853091,58 92 
1853091,58 65 
1853113,59 103 
1853113,59 101 
1853642,5 100 
1853642,5 1
1853642,5 2140
1853642,5 11
1855619,95 25 
1856260,2 75 
1857468,72 72 
1857539,37 70 
1859054,26 80 
1859418,17 83 
1860544,92 64 1127
1860816,92 74 253
1860816,92 61 253
1861825,75 151 
1861844,95 69 
1862194,4 249 
1862871,45 181 
1863852,06 93 
1863869,12 103 
1863869,12 101 
1865898,12 100 
1865898,12 1
1865898,12 2140
1865898,12 11
1867881,49 25 
1867909,01 75 
1869118,56 72 
1869187,76 70 
1870704,13 80 
1872066,13 83 
1994431,93 64 122366
1994729,92 74 274
1994729,92 61 274
1996242,62 151 
1996270,04 69 
1996978,39 93 
1997000,64 103 
1997000,64 101 
1999032,25 100 
1999032,25 1
1999032,25 2140
1999032,25 10
2001013,04 25 
2001040,59 75 
2002248,81 72 
2002319,3 70 
2003849,22 80 
2004224,71 83 
2006665,77 64 2441
2006882,06 74 193
2006882,06 61 193
2007395,05 150 
2007425,35 68 
2008935,18 92 
2008935,18 65 
2008955,73 103 
2008955,73 101 
2009484,18 100 
2009484,18 1
2009484,18 2140
2009484,18 10
2011462,05 25 
2011942,32 75 
2013152,64 72 
2013221,4 70 
2014740,03 80 
2016099,91 83 
2017162,77 64 1063
2017385,07 74 207
2017385,07 61 207
2018893,85 152 
2018914,21 69 
2020924,14 93 
2020937,45 103 
2020937,45 101 
2022964,83 100 
2022964,83 1
2022964,83 2140
2022964,83 10
2024949,8 25 
2024977,21 75 
2026186,25 72 
2026256,09 70 
2027778,73 80 
2028841,19 83 
2381343,66 64 352503
2381610,85 74 249
2381610,85 61 249
2382622,3 150 
2382643,36 68 
2383553,35 92 
2383553,35 65 
2383574,01 103 
2383574,01 101 
2384111,21 100 
2384111,21 1
2384111,21 2140
2384111,21 10
2386093,66 25 
2386333,88 75 
2387542,34 72 
2387799,64 70 
2389471,59 80 
2391037,99 83 
2391345,55 64 308
2391574,76 74 204
2391574,76 61 204
2392082,63 152 
2392105,73 69 
2393015,42 93 
2393036,73 103 
2393036,73 101 
2395064,6 100 
2395064,6 1
2395064,6 2140
2395064,6 11
2397049,17 25 
2397090,64 75 
2398300,16 72 
2398368,79 70 
2399895,98 80 
2400953,76 83 
2425027,34 64 24074
2425236,99 74 186
2425236,99 61 186
2426248,37 151 
2426278,56 69 
2427790,43 93 
2427808,98 103 
2427808,98 101 
2429837,38 100 
2429837,38 1
2429837,38 2140
2429837,38 10
2431821,4 25 
2441821,82 254 
2441829,89 101 
2443842,27 100 
2443842,27 1
2443842,27 2140
2443842,27 10
2443842,27 25 
2453612,94 75 
2454821,19 72 
2454891,87 70 
2456420,57 80 
2456783,97 83 
2459649,61 64 2866
2459925,3 74 263
2459925,3 61 263
2461434,92 150 
2461463,98 68 
2463474,16 92 
2463474,16 65 
2463500,85 103 
2463500,85 101 
2464031,37 100 
2464031,37 1
2464031,37 2140
2464031,37 10
2466007,22 25 
2466127,62 75 
2467335,51 72 
2467406,85 70 
2468932,62 80 
2469312,12 83 
2470361,23 64 1050
2470628,31 74 251
2470628,31 61 251
2471136,87 150 
2471166,75 68 
2471878,06 92 
2471878,06 65 
2471897,45 103 
2471897,45 101 
2472424,74 100 
2472424,74 1
2472424,74 2140
2472424,74 10
2474403,76 25 
2474817,27 75 
2476024,57 72 
2476096,45 70 
2477612,29 80 
2478974,89 83 
2479561,69 64 587
2479785,83 74 198
2479785,83 61 198
2481293,52 150 
2481322,04 68 
2482033,67 92 
2482033,67 65 
2482053,18 103 
2482053,18 101 
2482581,27 100 
2482581,27 1
2482581,27 2140
2482581,27 11
2484559,55 25 
2485053,02 75 
2486259,67 72 
2486332,21 70 
2487857,01 80 
2488917,42 83 
2489329,29 64 413
2489520,87 74 177
2489520,87 62 177
2490530,92 150 
2490558,18 68 
2492067,89 92 
2492067,89 65 
2492089,02 103 
2492089,02 101 
2492621,58 100 
2492621,58 1
2492621,58 2140
2492621,58 11
2494608,73 25 
2495262,26 75 
2496469,21 72 
2496767,93 70 
2498392,04 80 
2498753,35 83 
2499586 64 834
2499781,12 74 176
2499781,12 62 176
2501288,92 150 
2501314,18 68 
2501735,97 249
2501758,9 172 
2502223,62 92 
2502223,62 65 
2502244,82 103 
2502244,82 101 
2502771,7 100 
2502771,7 1
2502771,7 2140
2502771,7 11
2504751,3 25 
2505058,09 75 
2506267,26 72 
2506337,3 70 
2507854,34 80 
2508922,44 83 
2509588,48 64 666
2509778,94 74 177
2509778,94 62 177
2510786,1 150 
2510816,93 68 
2512830,06 92 
2512830,06 65 
2512853,75 103 
2512853,75 101 
2513381,19 100 
2513381,19 1
2513381,19 2140
2513381,19 10
2515360,1 25 
2515946,92 75 
2517157 72 
2517226,23 70 
2518755,18 80 
2520117,82 83 
2520540,31 64 423
2520772,12 74 215
2520772,12 61 215
2521281,72 150 
2521305,9 68 
2523317,23 92 
2523317,23 65 
2523342,75 103 
2523342,75 101 
2523873,14 100 
2523873,14 1
2523873,14 2140
2523873,14 11
2525849,15 25 
2525969,4 75 
2527177,46 72 
2527248,74 70 
2528770,02 80 
2529847,06 83 
2530481,68 64 635
2530706,59 74 207
2530706,59 62 207
2531218,14 150 
2531248,44 68 
2531959,4 92 
2531959,4 65 
2531979,17 103 
2531979,17 101 
2532509,57 100 
2532509,57 1
2532509,57 2140
2532509,57 10
2534485,54 25 
2535032,36 75 
2536239,9 72 
2536311,51 70 
2537828,06 80 
2538190,34 83 
2539249,84 64 1060
2539444,3 74 175
2539444,3 61 175
2540951,13 150 
2540977,86 68 
2541889,52 92 
2541889,52 65 
2541908,41 103 
2541908,41 101 
2542435,89 100 
2542435,89 1
2542435,89 2140
2542435,89 10
2544414,82 25 
2545081,5 75 
2546289,16 72 
2546360,69 70 
2547881,68 80 
2549252,6 83 
2550316,47 64 1065
2550528,98 74 198
2550528,98 61 198
2551537,56 150 
2551560,07 68 
2553071,58 92 
2553071,58 65 
2553090,41 103 
2553090,41 101 
2553625,26 100 
2553625,26 1
2553625,26 2140
2553625,26 11
2555610,15 25 
2556303,57 75 
2557512,08 72 
2557582,7 70 
2559099,51 80 
2559461,54 83 
2561117,42 64 1656
2561333,67 74 193
2561333,67 62 193
2562844,24 150 
2562862,01 68 
2563570,06 92 
2563570,06 65 
2563592,82 103 
2563592,82 101 
2564119,62 100 
2564119,62 1
2564119,62 2140
2564119,62 11
2566099,14 25 
2566525,95 75 
2567734,95 72 
2567805,15 70 
2569333,68 80 
2570696,82 83 
2571455,52 64 759
2571652,89 74 183
2571652,89 62 183
2572163,77 150 
2572191,47 68 
2574199,66 92 
2574199,66 65 
2574215,03 103 
2574215,03 101 
2574742,32 100 
2574742,32 1
2574742,32 2140
2574742,32 10
2576721,39 25 
2577374,84 75 
2578582,16 72 
2578653,97 70 
2580180,01 80 
2581239,1 83 
2581839,43 64 601
2582084,73 74 233
2582084,73 61 233
2583094,48 150 
2583120,3 68 
2584628,88 92 
2584628,88 65 
2584650,68 103 
2584650,68 101 
2585188,15 100 
2585188,15 1
2585188,15 2140
2585188,15 11
2587170,4 25 
2587743,85 75 
2588951,71 72 
2589023,16 70 
2590544,26 80 
2591914,7 83 
2592377,48 64 463
2592597,15 74 203
2592597,15 62 203
2594106,13 150 
2594129,08 68 
2595037,48 92 
2595037,48 65 
2595059,73 103 
2595059,73 101 
2595589,77 100 
2595589,77 1
2595589,77 2140
2595589,77 11
2597566,09 25 
2598246,29 75 
2599455,3 72 
2599765,25 70 
2601391,2 80 
2602457,08 83 
2603034,68 64 578
2603219,41 74 163
2603219,41 62 163
2604231,73 150 
2604258,23 68 
2604704,22 249
2604729,4 172 
2604966,56 92 
2604966,56 65 
2604988,95 103 
2604988,95 101 
2605517,51 100 
2605517,51 1
2605517,51 2140
2605517,51 10
2607495,27 25 
2608188,7 75 
2609397,92 72 
2609468,01 70 
2610996,57 80 
2611359,98 83 
2612946,98 64 1588
2613194,15 74 222
2613194,15 61 222
2613704,31 150 
2613734,24 68 
2615243,4 92 
2615243,4 65 
2615264,68 103 
2615264,68 101 
2615795,68 100 
2615795,68 1
2615795,68 2140
2615795,68 10
2617771,19 25 
2618291,3 75 
2619498,23 72 
2619570,36 70 
2621089,59 80 
2622168,82 83 
2622998,78 64 830
2623255,51 74 234
2623255,51 61 234
2624765,72 152 
2624796,41 69 
2626808,08 93 
2626819,97 103 
2626819,97 101 
2628847,27 100 
2628847,27 1
2628847,27 2140
2628847,27 11
2630832,31 25 
2630861,63 75 
2632071,42 72 
2632140,16 70 
2633657,24 80 
2635043,61 83 
2635160,86 64 117
2635385,69 74 209
2635385,69 62 209
2635897,07 150 
2635925,07 68 
2636315,66 249
2636419,74 172 
2636834,45 92 
2636834,45 65 
2636855,77 103 
2636855,77 101 
2637386,44 100 
2637386,44 3
2637386,44 2140
2637386,44 10
2637386,44 78 
2637386,44 198 
2639362,16 25 
2640721,91 75 
2641930,52 72 
2642001,1 70 
2643519,74 80 
2643879,89 83 
2644718,82 64 839
2644975,99 74 244
2644975,99 61 244
2645985,14 151 
2646014,29 69 
2646923,5 93 
2646945,09 103 
2646945,09 101 
2648974,66 100 
2648974,66 3
2648974,66 2140
2648974,66 11
2650957,3 25 
2650985,17 75 
2652192,15 72 
2652263,52 70 
2653783,22 80 
2654155,7 83 
2655150,67 64 995
2655359,31 74 191
2655359,31 62 191
2656369,11 151 
2656396,59 69 
2657107,36 93 
2657127,38 103 
2657127,38 101 
2659153,81 100 
2659153,81 3
2659153,81 2140
2659153,81 11
2661139,73 25 
2661167,96 75 
2662377,2 72 
2662445,97 70 
2663967,04 80 
2665031,12 83 
2725905,61 64 60875
2726153,65 74 228
2726153,65 61 228
2727663,89 151 
2727686,8 69 
2729695,62 93 
2729710,64 103 
2729710,64 101 
2731737,92 100 
2731737,92 3
2731737,92 2140
2731737,92 10
2733723,02 25 
2733751,18 75 
2734959,36 72 
2735029,23 70 
2736547,23 80 
2737920,97 83 
2738921,23 64 1001
2739101,16 74 155
2739101,16 61 155
2739611,73 153 
2739642,16 68 
2741152,4 92 
2741152,4 65 
2741172,53 103 
2741172,53 101 
2741706,92 100 
2741706,92 3
2741706,92 2140
2741706,92 10
2743692,27 25 
2743799,34 75 
2745007,91 72 
2745078,45 70 
2746601,05 80 
2747663,58 83 
2748474,22 64 811
2748690,34 74 201
2748690,34 61 201
2749697,58 151 
2749718,02 69 
2751726,37 93 
2751741,52 103 
2751741,52 101 
2753773,11 100 
2753773,11 3
2753773,11 2140
2753773,11 10
2755753,93 25 
2755781,21 75 
2756992,28 72 
2757060,16 70 
2758584,69 80 
2759951,8 83 
2760942,16 64 991
2761166,55 74 202
2761166,55 62 202
2762678,29 150 
2762699,2 68 
2763105,47 249
2763187,7 172 
2764207,79 92 
2764207,79 65 
2764229,72 103 
2764229,72 101 
2764756,56 100 
2764756,56 3
2764756,56 2140
2764756,56 10
2766736,04 25 
2767163,97 75 
2768374,07 72 
2768442,06 70 
2769961,05 80 
2770334,23 83 
2771395,62 64 1062
2771598,77 74 185
2771598,77 62 185
2772109,37 150 
2772135,59 68 
2772847,4 92 
2772847,4 65 
2772866,08 103 
2772866,08 101 
2773396,88 100 
2773396,88 3
2773396,88 2140
2773396,88 11
2775372,53 25 
2775666,13 75 
2776876,67 72 
2776945,32 70 
2778476,53 80 
2779836,94 83 
2780301,08 64 465
2780516,34 74 200
2780516,34 61 200
2782027,73 151 
2782051,24 69 
2782960,47 93 
2782981,92 103 
2782981,92 101 
2785009,68 100 
2785009,68 3
2785009,68 2140
2785009,68 11
2786994,4 25 
2787021,55 75 
2788229,42 72 
2788300,52 70 
2789822,01 80 
2790192,6 83 
2793598,71 64 3406
2793806,58 74 189
2793806,58 62 189
2794318,85 151 
2794339,52 69 
2795249,53 93 
2795270,16 103 
2795270,16 101 
2797296,92 100 
2797296,92 3
2797296,92 2140
2797296,92 11
2799282,56 25 
2799309,74 75 
2800518,72 72 
2800588,81 70 
2802104,53 80 
2803160,57 83 
2805010,49 64 1850
2805315,14 74 289
2805315,14 61 289
2806325,71 151 
2806347,57 69 
2807328,32 249 
2807557,94 256 
2818321,34 183 
2833885,59 93 
2833907,5 103 
2833907,5 101 
2835943,77 100 
2835943,77 3
2835943,77 2140
2835943,77 10
2837919,87 25 
2837947,34 75 
2839155,71 72 
2839412,68 70 
2841070,97 80 
2842344,34 83 
2842748,07 64 405
2842996,49 74 226
2842996,49 61 226
2843507,39 151 
2843533,16 69 
2844244,48 93 
2844263,28 103 
2844263,28 101 
2846289,94 100 
2846289,94 3
2846289,94 2140
2846289,94 11
2848275,65 25 
2848302,91 75 
2849510,75 72 
2849581,84 70 
2851111,76 80 
2852486,81 83 
2853095,73 64 609
2853295,79 74 183
2853295,79 62 183
2854304,93 151 
2854327,83 69 
2855836,79 93 
2855858,41 103 
2855858,41 101 
2857886,43 100 
2857886,43 3
2857886,43 2140
2857886,43 10
2859870,8 25 
2859898,33 75 
2861105,11 72 
2861177,05 70 
2862696,42 80 
2863069,21 83 
2863966,56 64 898
2864211,36 74 223
2864211,36 61 223
2865720,23 151 
2865749,9 69 
2867259,87 93 
2867280,36 103 
2867280,36 101 
2869310,29 100 
2869310,29 3
2869310,29 2140
2869310,29 10
2871292,8 25 
2871320,81 75 
2872527,11 72 
2872598,99 70 
2874112,68 80 
2874477,7 83 
2875729,99 64 1253
2875942,53 74 199
2875942,53 62 199
2876452,09 152 
2876479,01 69 
2877190,39 93 
2877209,61 103 
2877209,61 101 
2879237,72 100 
2879237,72 3
2879237,72 2140
2879237,72 11
2881221,96 25 
2881263,46 75 
2882472,33 72 
2882541,51 70 
2884059,97 80 
2885433,15 83 
2885920,69 64 488
2886144,57 74 205
2886144,57 63 205
2887655,19 150 
2887674,34 68 
2887905,82 249
2887988,93 173 
2888584,17 92 
2888584,17 65 
2888605,19 103 
2888605,19 101 
2889133,94 100 
2889133,94 3
2889133,94 2140
2889133,94 10
2891111,18 25 
2891484,74 75 
2892692,85 72 
2892764,08 70 
2894291,78 80 
2895349,1 83 
2895887,85 64 539
2896122,38 74 214
2896122,38 63 214
2897135,78 151 
2897163,69 69 
2898480,25 249 
2898995,33 183 
2899176,49 93 
2899187,12 103 
2899187,12 101 
2901221,96 100 
2901221,96 3
2901221,96 2140
2901221,96 11
2903199,5 25 
2903226,74 75 
2904433,7 72 
2904505,71 70 
2906037,83 80 
2907104,24 83 
2907703,01 64 600
2907943,93 74 227
2907943,93 61 227
2908953,17 151 
2908972,25 69 
2909884,9 93 
2909902,74 103 
2909902,74 101 
2911930,76 100 
2911930,76 3
2911930,76 2140
2911930,76 11
2913915,14 25 
2913942,35 75 
2915152,93 72 
2915221,41 70 
2916749,39 80 
2917126,79 83 
2933828,91 64 16702
2934030,9 74 178
2934030,9 62 178
2934539,92 151 
2934561,46 69 
2936570,27 93 
2936584,96 103 
2936584,96 101 
2938611,77 100 
2938611,77 3
2938611,77 2140
2938611,77 11
2940597,4 25 
2940624,72 75 
2941831,94 72 
2942143,48 70 
2943758,8 80 
2945128,51 83 
3276821,22 64 331693
3277070,18 74 226
3277070,18 61 226
3277905,3 256 
3279457,36 151 
3279485,25 69 
3280193,27 93 
3280216,02 103 
3280216,02 101 
3282246,23 100 
3282246,23 3
3282246,23 2140
3282246,23 10
3284228,42 25 
3284257,03 75 
3285465,9 72 
3285734,57 70 
3287400,65 80 
3287973,19 83 
3850553,25 64 562581
3850840,62 74 274
3850840,62 62 274
3851352,54 150 
3851381,05 68 
3852893,44 92 
3852893,44 65 
3852912,29 103 
3852912,29 101 
3853445,42 100 
3853445,42 3
3853445,42 2140
3853445,42 10
3855418,78 25 
3855925,44 75 
3857132,98 72 
3857431,2 70 
3859045,2 80 
3860122,98 83 
3860172,19 64 50
3860372,53 74 183
3860372,53 62 183
3861385,64 150 
3861403,95 68 
3862913,86 92 
3862913,86 65 
3862934,8 103 
3862934,8 101 
3863462,03 100 
3863462,03 3
3863462,03 2140
3863462,03 11
3865442 25 
3865854,91 75 
3867063,9 72 
3867133,89 70 
3868654,95 80 
3870025,56 83 
3870980,33 64 955
3871237,44 74 239
3871237,44 61 239
3872747,41 151 
3872772,75 69 
3874781,57 93 
3874796,56 103 
3874796,56 101 
3876828,92 100 
3876828,92 3
3876828,92 2140
3876828,92 11
3878809,76 25 
3878836,7 75 
3880044,26 72 
3880115,16 70 
3881636,35 80 
3882007,23 83 
3936268,07 67 
3938561,22 64 56555
3938827,24 74 244
3938827,24 61 244
3939338,89 153 
3939358,17 68 
3940068,57 92 
3940068,57 65 
3940089,56 103 
3940089,56 101 
3940616,87 100 
3940616,87 3
3940616,87 2140
3940616,87 10
3942595,82 25 
3943222,73 75 
3944431 72 
3944501,82 70 
3946029,93 80 
3947087,25 83 
3948059,04 64 972
3948255,03 74 183
3948255,03 62 183
3949765,75 150 
3949794,41 68 
3950702,97 92 
3950702,97 65 
3950725,1 103 
3950725,1 101 
3951251,99 100 
3951251,99 3
3951251,99 2140
3951251,99 11
3953231,47 25 
3953724,93 75 
3954933,9 72 
3955004,17 70 
3956520,32 80 
3957895,85 83 
3958793,46 64 898
3958965,38 74 150
3958965,38 62 150
3959973,99 151 
3960003,22 69 
3960914,72 93 
3960934,29 103 
3960934,29 101 
3962971,17 100 
3962971,17 3
3962971,17 2140
3962971,17 10
3964946,7 25 
3964973,78 75 
3966180,34 72 
3966252,8 70 
3967772,81 80 
3969144,53 83 
3969619,22 64 475
3969869,07 74 232
3969869,07 61 232
3971380,46 151 
3971398,43 69 
3972908,46 93 
3972929,25 103 
3972929,25 101 
3974956,66 100 
3974956,66 3
3974956,66 2140
3974956,66 11
3976941,6 25 
3976968,97 75 
3978176,21 72 
3978247,91 70 
3979767,12 80 
3980126,6 83 
3981184,94 64 1058
3981421,75 74 216
3981421,75 62 216
3981929,48 151 
3981954,54 69 
3983963,25 93 
3983978,05 103 
3983978,05 101 
3986006,15 100 
3986006,15 3
3986006,15 2140
3986006,15 11
3987990,45 25 
3988017,97 75 
3989227,91 72 
3989296,61 70 
3990816,23 80 
3991895,09 83 
3992781,07 64 887
3992958,25 74 158
3992958,25 62 158
3993969,34 151 
3993989,18 69 
3994700,47 93 
3994720,37 103 
3994720,37 101 
3996756,72 100 
3996756,72 3
3996756,72 2140
3996756,72 10
3998732,58 25 
3998759,7 75 
3999966,64 72 
4000038,85 70 
4001557,22 80 
4002917,25 83 
4003258,01 64 342
4003479,68 74 203
4003479,68 61 203
4004988,44 151 
4005011,22 69 
4005922,21 93 
4005942,25 103 
4005942,25 101 
4007969,9 100 
4007969,9 3
4007969,9 2140
4007969,9 10
4009954,67 25 
4009982,13 75 
4011191,56 72 
4011260,83 70 
4012785,3 80 
4013152,95 83 
4014611,11 64 1459
4014873,32 74 242
4014873,32 63 242
4015881,66 151 
4015900,49 69 
4017410,96 93 
4017430,88 103 
4017430,88 101 
4019460,2 100 
4019460,2 3
4019460,2 2140
4019460,2 11
4021443,26 25 
4022203,33 75 
4023410,97 72 
4023482,54 70 
4025004,45 80 
4026067,61 83 
4027561,92 64 1494
4027789,43 74 203
4027789,43 62 203
4028299,46 151 
4028321,86 69 
4029033,96 93 
4029052,71 103 
4029052,71 101 
4031081,81 100 
4031081,81 3
4031081,81 2140
4031081,81 10
4033065,1 25 
4033093,14 75 
4034302,27 72 
4034371,27 70 
4035889,62 80 
4036236,77 83 
4036971,36 64 735
4037205,22 74 209
4037205,22 61 209
4038713,61 151 
4038744,26 69 
4040755,34 93 
4040767,83 103 
4040767,83 101 
4042796 100 
4042796 3
4042796 2140
4042796 11
4044780,23 25 
4044809,61 75 
4046017,68 72 
4046086,42 70 
4047601,98 80 
4048964,77 83 
4049497,32 64 533
4049657,42 74 133
4049657,42 62 133
4050665,01 151 
4050686,03 69 
4051462,37 249 
4051795,09 182 
4052197,95 93 
4052216,44 103 
4052216,44 101 
4054244,62 100 
4054244,62 3
4054244,62 2140
4054244,62 11
4056228,82 25 
4056988,85 75 
4058198,14 72 
4058268,08 70 
4059795,54 80 
4060866,49 83 
4062160,43 64 1294
4062192,17 256 
4062493,49 74 308
4062493,49 63 308
4063002,93 152 
4063027,71 69 
4064572,74 249 
4064714,94 256 
4067834,46 182 
4103804,88 93 
4103821,76 103 
4103821,76 101 
4105853,59 100 
4105853,59 3
4105853,59 2140
4105853,59 10
4107834,13 25 
4107861,4 75 
4109070,09 72 
4109140,34 70 
4110659,22 80 
4111725,42 83 
4112416,55 64 691
4112606,55 74 175
4112606,55 62 175
4113119,44 150 
4113140,17 68 
4113850,59 92 
4113850,59 65 
4113870,87 103 
4113870,87 101 
4114399,26 100 
4114399,26 3
4114399,26 2140
4114399,26 10
4116378,07 25 
4116777,44 75 
4117987,16 72 
4118056,61 70 
4119580,14 80 
4119948,74 83 
4121038,09 64 1090
4121232,72 74 178
4121232,72 62 178
4122241,47 150 
4122269,4 68 
4123179,17 92 
4123179,17 65 
4123200,4 103 
4123200,4 101 
4123728,89 100 
4123728,89 3
4123728,89 2140
4123728,89 11
4125706,73 25 
4126120,24 75 
4127329,36 72 
4127399,44 70 
4128921,24 80 
4130291,12 83 
4130658,83 64 368
4130882,62 74 205
4130882,62 61 205
4132392,24 151 
4132412,66 69 
4133120,95 93 
4133142,94 103 
4133142,94 101 
4135175,83 100 
4135175,83 3
4135175,83 2140
4135175,83 10
4137155,27 25 
4137196,2 75 
4138403,94 72 
4138474,93 70 
4139992,47 80 
4141353,16 83 
4141938,38 64 586
4142131,48 74 179
4142131,48 62 179
4143141,22 150 
4143167,42 68 
4144677,2 92 
4144677,2 65 
4144698,12 103 
4144698,12 101 
4145224,99 100 
4145224,99 3
4145224,99 2140
4145224,99 10
4147204,57 25 
4147684,62 75 
4148892,28 72 
4148963,93 70 
4150482,43 80 
4151562,28 83 
4152699,23 64 1138
4152877,36 74 156
4152877,36 62 156
4154386,94 150 
4154416,46 68 
4155325,4 92 
4155325,4 65 
4155347,02 103 
4155347,02 101 
4155873,67 100 
4155873,67 3
4155873,67 2140
4155873,67 11
4157854,18 25 
4158293,59 75 
4159503,42 72 
4159572,78 70 
4161092,79 80 
4161464,84 83 
4164215,79 64 2751
4164447,51 74 211
4164447,51 61 211
4164955,97 151 
4164984,88 69 
4166994,39 93 
4167008,87 103 
4167008,87 101 
4169050,84 100 
4169050,84 3
4169050,84 2140
4169050,84 10
4171034,58 25 
4171062,25 75 
4172269,25 72 
4172340,86 70 
4173855,83 80 
4174925,98 83 
4176140,08 64 1215
4176309,1 74 144
4176309,1 62 144
4177321,29 150 
4177340,52 68 
4178252,68 92 
4178252,68 65 
4178270,87 103 
4178270,87 101 
4178799,78 100 
4178799,78 3
4178799,78 2140
4178799,78 10
4180777,2 25 
4181390,7 75 
4182598,45 72 
4182669,85 70 
4184187,52 80 
4185561,69 83 
4185870,75 64 309
4186070,43 74 176
4186070,43 62 176
4186580,68 150 
4186603,09 68 
4188612,86 92 
4188612,86 65 
4188626,62 103 
4188626,62 101 
4189153,42 100 
4189153,42 3
4189153,42 2140
4189153,42 10
4191133,01 25 
4191826,36 75 
4193035,15 72 
4193105,58 70 
4194632,96 80 
4194997,66 83 
4195898,5 64 901
4196096,88 74 180
4196096,88 62 180
4197605,26 150 
4197624,37 68 
4198005,96 249
4198156,08 172 
4199136,84 92 
4199136,84 65 
4199155,58 103 
4199155,58 101 
4199687,68 100 
4199687,68 3
4199687,68 2140
4199687,68 11
4201662,12 25 
4201955,54 75 
4203164,41 72 
4203234,66 70 
4204750,48 80 
4205113,5 83 
4206164,42 64 1051
4206334,38 74 155
4206334,38 61 155
4207343,36 151 
4207367,86 69 
4208079,27 93 
4208098,55 103 
4208098,55 101 
4210128,51 100 
4210128,51 3
4210128,51 2140
4210128,51 11
4212111,03 25 
4212138,37 75 
4213347,56 72 
4213643,72 70 
4215266,24 80 
4216322,27 83 
4216809,54 64 488
4217031,55 74 203
4217031,55 63 203
4218543,88 150 
4218563,16 68 
4220075,46 92 
4220075,46 65 
4220093,57 103 
4220093,57 101 
4220622,42 100 
4220622,42 3
4220622,42 2140
4220622,42 10
4222599,96 25 
4223000,1 75 
4224208,65 72 
4224279,43 70 
4225801,76 80 
4227170,98 83 
4228318,71 64 1148
4228584,75 74 241
4228584,75 63 241
4229094,47 151 
4229118,89 69 
4231128,49 93 
4231142,38 103 
4231142,38 101 
4233174,26 100 
4233174,26 3
4233174,26 2140
4233174,26 10
4235154,72 25 
4240459,52 75 
4241667,55 72 
4241738,78 70 
4243257,52 80 
4244630,43 83 
4244930,15 64 300
4245093,18 74 144
4245093,18 62 144
4245604,15 150 
4245631,92 68 
4246543,2 92 
4246543,2 65 
4246562,64 103 
4246562,64 101 
4247089,38 100 
4247089,38 3
4247089,38 2140
4247089,38 11
4249068,96 25 
4249682,53 75 
4250889,78 72 
4250961,59 70 
4252488,79 80 
4252853,7 83 
4253604,68 64 751
4253823,29 74 197
4253823,29 63 197
4255334,27 150 
4255360,49 68 
4256072,64 92 
4256072,64 65 
4256092,02 103 
4256092,02 101 
4256620,26 100 
4256620,26 3
4256620,26 2140
4256620,26 11
4258598,31 25 
4259145,16 75 
4260355,26 72 
4260424,41 70 
4261935,28 80 
4263009,47 83 
4264153,7 64 1144
4264352,82 74 184
4264352,82 63 184
4265363,35 152 
4265383,82 69 
4267397,73 93 
4267420,66 103 
4267420,66 101 
4269454,12 100 
4269454,12 3
4269454,12 2140
4269454,12 11
4271433,05 25 
4271460,89 75 
4272667,97 72 
4272739,22 70 
4274255,66 80 
4275324,38 83 
4276277,23 64 954
4276510,06 74 214
4276510,06 63 214
4277521,77 150 
4277552,09 68 
4278261,01 92 
4278261,01 65 
4278282,93 103 
4278282,93 101 
4278811,17 100 
4278811,17 3
4278811,17 2140
4278811,17 10
4280789,15 25 
4281269,58 75 
4282476,32 72 
4282548,62 70 
4284070,57 80 
4284440,71 83 
4285356,94 64 916
4285553,56 74 180
4285553,56 62 180
4287061,19 150 
4287081,52 68 
4287993,02 92 
4287993,02 65 
4288012,14 103 
4288012,14 101 
4288538,69 100 
4288538,69 3
4288538,69 2140
4288538,69 11
4290518,44 25 
4291251,99 75 
4292460,34 72 
4292531,03 70 
4294055,65 80 
4295422,81 83 
4296656,61 64 1234
4296872,21 74 197
4296872,21 63 197
4297382,33 150 
4297410,57 68 
4298921,89 92 
4298921,89 65 
4298941 103 
4298941 101 
4299476,33 100 
4299476,33 3
4299476,33 2140
4299476,33 11
4301460,58 25 
4301861,09 75 
4303069,12 72 
4303140,03 70 
4304657,12 80 
4305711,88 83 
4306595,04 64 884
4306812,9 74 195
4306812,9 63 195
4307321,63 150 
4307339,88 68 
4309347,45 92 
4309347,45 65 
4309363,28 103 
4309363,28 101 
4309890,81 100 
4309890,81 3
4309890,81 2140
4309890,81 10
4311869,65 25 
4312443,13 75 
4313652,02 72 
4313962,18 70 
4315579,41 80 
4315947,59 83 
4316716,31 64 769
4316903,73 74 170
4316903,73 62 170
4317915 150 
4317935,38 68 
4319444,07 92 
4319444,07 65 
4319465,77 103 
4319465,77 101 
4319994,72 100 
4319994,72 3
4319994,72 2140
4319994,72 11
4321985,5 25 
4322772,21 75 
4323980,32 72 
4324051,48 70 
4325572,66 80 
4326943,08 83 
4328266,56 64 1324
4328490,06 74 202
4328490,06 63 202
4329999,9 150 
4330023,73 68 
4330733,51 92 
4330733,51 65 
4330754,42 103 
4330754,42 101 
4334208,35 102 
