80,1 100 
80,1 6
80,1 1851
80,1 10
2032,06 25 
2110,17 75 
3317,95 72 
3576,28 70 
4283,94 80 
4922,38 83 
5191,52 64 269
5233,18 256 
5519,57 74 303
5519,57 61 303
6331,92 153 
6362,15 68 
7571,85 92 
7571,85 65 
7589,57 103 
7589,57 101 
8119,84 100 
8119,84 6
8119,84 1851
8119,84 10
10093,94 25 
10427,48 75 
11635,44 72 
11719,99 70 
12209,25 80 
12692,49 83 
13173,83 64 481
13351,92 74 154
13351,92 61 154
13759,94 151 
13785,73 69 
14598,69 93 
14611,39 103 
14611,39 101 
17645,03 100 
17645,03 6
17645,03 1851
17645,03 10
19623,2 25 
19650,9 75 
20858,46 72 
20942,8 70 
21424,07 80 
21955,23 83 
22365,49 64 411
22564,78 74 182
22564,78 63 182
22976,47 150 
22996,63 68 
23506,79 92 
23506,79 65 
23527,58 103 
23527,58 101 
24065,05 100 
24065,05 6
24065,05 1851
24065,05 10
26033,81 25 
26061,73 75 
27269,42 72 
27353,41 70 
27839,12 80 
28325,97 83 
28615,75 64 290
28775,98 74 144
28775,98 63 144
29583,04 150 
29607,08 68 
29992,2 249
30070,93 173 
30817,93 92 
30817,93 65 
30831,08 103 
30831,08 101 
31368,51 100 
31368,51 6
31368,51 1851
31368,51 11
33337,46 25 
33444,35 75 
34651,63 72 
34736,9 70 
35222,54 80 
35656,1 83 
36107,47 64 452
36329,61 74 206
36329,61 62 206
37141,95 151 
37164,73 69 
38175,85 93 
38187,98 103 
38187,98 101 
41222,46 100 
41222,46 6
41222,46 1851
41222,46 11
43200,01 25 
43227,04 75 
44434,8 72 
44519,37 70 
45003,74 80 
45545,2 83 
46055,1 64 511
46294,06 74 216
46294,06 63 216
46704,66 151 
46732,45 69 
47131,52 249 
47244,24 93 
47264,13 103 
47264,13 101 
50311,84 100 
50311,84 6
50311,84 1851
50311,84 11
52289,32 25 
52317,13 75 
53523,1 72 
53608,84 70 
54094,53 80 
54568,02 83 
55228,82 64 661
55470,49 74 223
55470,49 63 223
56281,99 151 
56301,7 69 
56596,03 249 
56649,34 256 
57450,4 183 
57502,1 93 
57513,07 103 
57513,07 101 
60546,4 100 
60546,4 6
60546,4 1851
60546,4 11
62524,92 25 
62552,13 75 
63761,84 72 
63844,53 70 
64331,84 80 
64872,01 83 
65237,41 64 367
65494,54 74 238
65494,54 63 238
65905,54 151 
65925 69 
66626,22 249 
66933,07 93 
66949,07 103 
66949,07 101 
69985,86 100 
69985,86 6
69985,86 1851
69985,86 11
71961 25 
71988,58 75 
73195,35 72 
73280,47 70 
73764,46 80 
74199,69 83 
74752,33 64 553
75062,37 74 290
75062,37 61 290
75871,96 150 
75894,13 68 
76665,17 256 
77483,53 92 
77483,53 65 
77504,57 103 
77504,57 101 
78045,37 100 
78045,37 6
78045,37 1851
78045,37 10
80024,31 25 
80664,27 75 
80923,72 250 
80943,02 101 
82969,62 100 
82969,62 6
82969,62 1851
82969,62 10
82969,62 25 
84022,12 75 
85230 72 
85315,42 70 
85806,65 80 
86287,92 83 
86610,29 64 323
86854,01 74 220
86854,01 63 220
87263,06 150 
87289,42 68 
87799,04 92 
87799,04 65 
87820,18 103 
87820,18 101 
88352,99 100 
88352,99 6
88352,99 1851
88352,99 11
90326,45 25 
90353,82 75 
91560,78 72 
91645,98 70 
92132,04 80 
92565,21 83 
93183,09 64 619
93390,55 74 186
93390,55 61 186
93797,96 150 
93819,82 68 
95028,59 92 
95028,59 65 
95043,78 103 
95043,78 101 
95575,94 100 
95575,94 6
95575,94 1851
95575,94 11
97550,03 25 
98310,09 75 
99516,92 72 
99602,61 70 
100084,43 80 
100615,2 83 
101064,16 64 450
101234,26 74 153
101234,26 61 153
102043,91 150 
102069,58 68 
102879,04 92 
102879,04 65 
102893,78 103 
102893,78 101 
103444,16 100 
103444,16 6
103444,16 1851
103444,16 11
105413,43 25 
106479,92 75 
106508,63 250 
106518,46 101 
108532,04 100 
108532,04 6
108532,04 1851
108532,04 11
108532,04 25 
108558,51 75 
109767,84 72 
110024,9 70 
110664,18 80 
111143,91 83 
113149,31 64 2006
113526,21 256 
116403,48 74 3234
116403,48 62 3234
117211,86 151 
117235,82 69 
117621,55 249 
117946,63 182 
118949,32 93 
118966,94 103 
118966,94 101 
121998,92 100 
121998,92 6
121998,92 1851
121998,92 10
123978,8 25 
124006,08 75 
125215,58 72 
125298,3 70 
125784,85 80 
126324,18 83 
126569,81 64 246
126597,3 256 
126776,41 74 186
126776,41 63 186
127186,97 152 
127205,56 69 
127516,15 249 
127546 256 
128132,66 183 
128154,28 93 
128176,41 103 
128176,41 101 
131212,29 100 
131212,29 6
131212,29 1851
131212,29 10
133188,26 25 
133215,88 75 
134423,05 72 
134507,72 70 
135001,05 80 
135480,28 83 
135907,45 64 428
136168,88 74 250
136168,88 63 250
136579,69 150 
136601,6 68 
137111,36 92 
137111,36 65 
137132,54 103 
137132,54 101 
137674,36 100 
137674,36 6
137674,36 1851
137674,36 11
139652,15 25 
139679,32 75 
140887,76 72 
140971,72 70 
141459,01 80 
141890,83 83 
142335,12 64 445
142516,25 74 159
142516,25 61 159
143324,59 150 
143345,5 68 
144554,62 92 
144554,62 65 
144569,35 103 
144569,35 101 
145104,69 100 
145104,69 6
145104,69 1851
145104,69 11
147075,72 25 
147302,57 75 
148511,57 72 
148595,22 70 
149086,08 80 
149567,58 83 
149871,01 64 304
150043,97 74 157
150043,97 61 157
150452,89 150 
150489,09 68 
151301,36 92 
151301,36 65 
151326,48 103 
151326,48 101 
151858,95 100 
151858,95 6
151858,95 1851
151858,95 10
153832,75 25 
156192,83 75 
157401,36 72 
157484,64 70 
157976,52 80 
158497,19 83 
158860,12 64 364
159041,58 74 158
159041,58 63 158
159851,42 150 
159871,66 68 
160381,78 92 
160381,78 65 
160402,64 103 
160402,64 101 
160948,96 100 
160948,96 6
160948,96 1851
160948,96 10
162922,26 25 
163922,28 75 
165128,59 72 
165214,67 70 
165697,07 80 
166187,18 83 
166479,64 64 293
166500,18 256 
166703,37 74 210
166703,37 63 210
167113,27 150 
167135,22 68 
167780,35 249
168100,65 173 
168348,19 92 
168348,19 65 
168372,61 103 
168372,61 101 
168905,71 100 
168905,71 6
168905,71 1851
168905,71 10
170878,84 25 
171452,3 75 
171459,59 250 
171477,59 101 
173491,11 100 
173491,11 6
173491,11 1851
173491,11 10
173491,11 25 
174077,08 75 
175286,62 72 
175370,34 70 
175863,2 80 
176289,59 83 
176811,88 64 523
177221,22 256 
177240,43 74 405
177240,43 61 405
178051,61 151 
178077,23 69 
178885,74 93 
178901,42 103 
178901,42 101 
181939,63 100 
181939,63 6
181939,63 1851
181939,63 10
183913,31 25 
183940,56 75 
185147,98 72 
185219,59 70 
185721,33 80 
186258,65 83 
186783,24 64 525
187038,65 74 234
187038,65 63 234
187448,3 150 
187473,25 68 
188284,5 92 
188284,5 65 
188310,78 103 
188310,78 101 
188850,38 100 
188850,38 6
188850,38 1851
188850,38 10
190830,35 25 
191257,17 75 
192465,51 72 
192549,71 70 
193042,26 80 
193468,89 83 
193682,34 64 214
193873,27 256 
193914,32 74 219
193914,32 63 219
194723,81 150 
194750,23 68 
195257,1 92 
195257,1 65 
195281,11 103 
195281,11 101 
195813,11 100 
195813,11 6
195813,11 1851
195813,11 11
197787,37 25 
197987,65 75 
199194,07 72 
199280,16 70 
199771,4 80 
200252,69 83 
200770,2 64 518
200801,94 256 
201188,54 74 403
201188,54 61 403
201598,62 150 
201627,33 68 
202437,24 92 
202437,24 65 
202451,45 103 
202451,45 101 
202983,42 100 
202983,42 6
202983,42 1851
202983,42 10
204957,75 25 
204984,98 75 
206193,49 72 
206277,24 70 
206771,06 80 
207289,68 83 
207646,64 64 357
207674,74 256 
208179,6 74 517
208179,6 63 517
208987,77 150 
209010,79 68 
210219,23 92 
210219,23 65 
210234,77 103 
210234,77 101 
210783,65 100 
210783,65 6
210783,65 1851
210783,65 11
212754,35 25 
212781,86 75 
213989,21 72 
214233,82 70 
214874,84 80 
215499,5 83 
215750,91 64 252
215776,31 256 
215996,71 74 231
215996,71 61 231
216805,78 150 
216834,11 68 
217642,32 92 
217642,32 65 
217658,28 103 
217658,28 101 
218191,24 100 
218191,24 6
218191,24 1851
218191,24 10
220164,55 25 
220191,77 75 
221398,71 72 
221604,03 70 
222102,64 80 
222589,82 83 
222879,67 64 290
223160,81 74 264
223160,81 61 264
223569,12 151 
223591,22 69 
224602,52 93 
224615,43 103 
224615,43 101 
227647,86 100 
227647,86 6
227647,86 1851
227647,86 11
229627,15 25 
234185,58 75 
235396,47 72 
235478,1 70 
235973 80 
236410,6 83 
237515,31 64 1105
238990,87 74 1462
238990,87 63 1462
239399,8 151 
239424,46 69 
240470,22 93 
240488,58 103 
240488,58 101 
243526,07 100 
243526,07 6
243526,07 1851
243526,07 11
245500,46 25 
245527,69 75 
246734,87 72 
246819,95 70 
247308,75 80 
247739,1 83 
248071,6 64 333
248223,82 256 
248231,56 74 146
248231,56 63 146
249039,46 151 
249060,4 69 
250068,1 93 
250084,46 103 
250084,46 101 
253120,55 100 
253120,55 6
253120,55 1851
253120,55 10
255096,35 25 
255123,52 75 
256331,19 72 
256415,88 70 
256906,62 80 
257388,36 83 
257843,41 64 455
258029,16 74 162
258029,16 63 162
258837,47 152 
258856,25 69 
259136,17 249 
259503,95 256 
260572,65 181 
266831,38 93 
266850,65 103 
266850,65 101 
269882,65 100 
269882,65 6
269882,65 1851
269882,65 11
271862,65 25 
271889,79 75 
273096,66 72 
273182,07 70 
273668,36 80 
274221,24 83 
274732,97 64 513
275084,03 74 330
275084,03 62 330
275599,85 151 
275622,82 69 
275925,36 249 
277280,65 182 
277725,01 93 
277739,35 103 
277739,35 101 
280783,71 100 
280783,71 6
280783,71 1851
280783,71 11
282751,25 25 
282778,42 75 
283986,18 72 
284070,74 70 
284562,43 80 
284989,94 83 
285581,36 64 592
285961,67 74 359
285961,67 63 359
286370,37 151 
286390,42 69 
286852,7 249 
287370,46 183 
291219,08 256 
313608,02 93 
313617,49 103 
313617,49 101 
316649,21 100 
316649,21 6
316649,21 1851
316649,21 10
318629,28 25 
318656,54 75 
319864,45 72 
319948,83 70 
320461,56 80 
321014,61 83 
321402,19 64 388
321545,21 74 131
321545,21 62 131
322354,48 151 
322376,2 69 
323637,14 93 
323653,14 103 
323653,14 101 
326690,91 100 
326690,91 6
326690,91 1851
326690,91 10
328665,01 25 
328692,32 75 
329901,45 72 
330104,64 70 
330788,39 80 
331383,53 83 
331531,43 64 148
331563,32 256 
331795,71 74 239
331795,71 61 239
332207,86 151 
332237,62 69 
332745,64 93 
332755,94 103 
332755,94 101 
335796,26 100 
335796,26 6
335796,26 1851
335796,26 11
337767,81 25 
337795,62 75 
339002,91 72 
339207,26 70 
339853,22 80 
340393,05 83 
340734,39 64 342
341087,86 74 336
341087,86 63 336
341897,1 153 
341927,51 68 
343138,9 92 
343138,9 65 
343164,85 103 
343164,85 101 
343697,15 100 
343697,15 6
343697,15 1851
343697,15 11
345671,19 25 
345698,58 75 
346906,05 72 
346990,65 70 
347471,87 80 
348016,43 83 
348305,11 64 289
348506,51 74 184
348506,51 63 184
349314,76 151 
349336,99 69 
349649,21 249 
349686,5 256 
350176,18 183 
350506,18 93 
350521,71 103 
350521,71 101 
353554,77 100 
353554,77 6
353554,77 1851
353554,77 10
355533,71 25 
355561,51 75 
356770,66 72 
356853,08 70 
357340,16 80 
357772,3 83 
359463,01 64 1691
359491,54 256 
359722,18 74 243
359722,18 61 243
360132,59 151 
360159,76 69 
361130,5 249 
361170,11 93 
361183,9 103 
361183,9 101 
364228,31 100 
364228,31 6
364228,31 1851
364228,31 11
366209,04 25 
366249,97 75 
367458,75 72 
367541,94 70 
368034,98 80 
368569,52 83 
369073,45 64 506
369729,13 74 642
369729,13 63 642
370138,8 151 
370154,94 69 
370666,76 93 
370686,46 103 
370686,46 101 
373719,2 100 
373719,2 6
373719,2 1851
373719,2 11
375698,34 25 
376658,29 75 
377865,81 72 
377950,79 70 
378441,74 80 
378923,28 83 
379359,28 64 436
380546,95 74 1171
380546,95 62 1171
381357,14 151 
381377,5 69 
382259 249 
382826,71 182 
384726,3 256 
411034,06 93 
411055,96 103 
411055,96 101 
414090,69 100 
414090,69 6
414090,69 1851
414090,69 10
416067,91 25 
416641,31 75 
417851,32 72 
417933,8 70 
418420,83 80 
418852,94 83 
419957,55 64 1105
420316,38 74 344
420316,38 62 344
421125,39 151 
421148,88 69 
421486,72 249 
423409,02 182 
423963,48 93 
423983,77 103 
423983,77 101 
427025,58 100 
427025,58 6
427025,58 1851
427025,58 10
428995,63 25 
429022,75 75 
430231,72 72 
430315,2 70 
430809,21 80 
431301,02 83 
432066,32 64 766
432342,05 74 255
432342,05 63 255
432753,24 150 
432782,26 68 
433289,1 92 
433289,1 65 
433313,15 103 
433313,15 101 
433849,02 100 
433849,02 6
433849,02 1851
433849,02 10
435819,71 25 
435886,42 75 
437093,23 72 
437165,62 70 
437652,05 80 
438191,44 83 
438441,44 64 250
438606,48 74 149
438606,48 63 149
439414,78 150 
439432,64 68 
439840,67 249
440644,21 92 
440644,21 65 
440656,68 103 
440656,68 101 
441188,72 100 
441188,72 6
441188,72 1851
441188,72 10
443162,98 25 
443523,32 75 
444732,3 72 
444988,92 70 
445636,6 80 
446121,32 83 
446393,46 64 272
446552,2 74 138
446552,2 63 138
446964,16 150 
446988,75 68 
447389,5 249
447798,05 92 
447798,05 65 
447813,64 103 
447813,64 101 
448355,27 100 
448355,27 6
448355,27 1851
448355,27 10
450333,22 25 
450440,2 75 
450727,69 250 
450745,26 101 
452758,87 100 
452758,87 6
452758,87 1851
452758,87 10
452758,87 25 
452785,45 75 
453993,83 72 
454078,38 70 
454566,47 80 
455050,86 83 
455277,05 64 227
455452,3 74 162
455452,3 63 162
456263,04 150 
456291,44 68 
456673,86 249
457127,29 173 
457500,85 92 
457500,85 65 
457516,17 103 
457516,17 101 
458049,25 100 
458049,25 6
458049,25 1851
458049,25 11
460022,45 25 
461768,78 75 
462977,32 72 
463061,24 70 
463551,22 80 
464087,04 83 
464537,86 64 451
464565,04 256 
464834,05 74 281
464834,05 62 281
465245,28 151 
465275,05 69 
465566,53 249 
466501,77 182 
466907,86 93 
466925,5 103 
466925,5 101 
469964,21 100 
469964,21 6
469964,21 1851
469964,21 11
471937,35 25 
473163,88 75 
474372,12 72 
474456,36 70 
474942,88 80 
475375,6 83 
475713,36 64 338
477217,08 74 1482
477217,08 62 1482
477628,49 151 
477655,68 69 
478041,36 249 
478941,53 181 
480333,79 256 
491990,39 93 
492008,14 103 
492008,14 101 
495045,82 100 
495045,82 6
495045,82 1851
495045,82 11
497020,07 25 
497233,61 75 
497266,27 250 
497272,18 101 
499285,71 100 
499285,71 6
499285,71 1851
499285,71 11
499285,71 25 
499618,56 75 
500827,66 72 
500911,81 70 
501397,75 80 
501830,95 83 
502628,53 64 798
502860,7 74 217
502860,7 63 217
503670,85 151 
503699,4 69 
503993,35 249 
504295,22 183 
504507,95 93 
504522,82 103 
504522,82 101 
507554,88 100 
507554,88 6
507554,88 1851
507554,88 10
509534,67 25 
509562,22 75 
510769,2 72 
510854,27 70 
511339,26 80 
511866,67 83 
512647,18 64 781
515075,36 74 2409
515075,36 62 2409
515886,25 151 
515906,89 69 
516151,94 249 
517409,61 93 
517423,99 103 
517423,99 101 
520472,13 100 
520472,13 6
520472,13 1851
520472,13 11
522449,16 25 
523143,59 75 
524350,86 72 
524435,1 70 
524920,07 80 
525407,58 83 
525681,41 64 274
525884,47 74 183
525884,47 63 183
526296,68 153 
526315,66 68 
526804,58 249
527125,06 92 
527125,06 65 
527139,88 103 
527139,88 101 
527687,58 100 
527687,58 6
527687,58 1851
527687,58 11
529672,89 25 
530019,68 75 
531226,92 72 
531312,18 70 
531802,51 80 
532284,66 83 
532579,61 64 295
532714,08 256 
532727,2 74 123
532727,2 63 123
533537,76 151 
533565,2 69 
534037,23 249 
534576,78 93 
534590,02 103 
534590,02 101 
537622,97 100 
537622,97 6
537622,97 1851
537622,97 10
539601,92 25 
539629,32 75 
540837,89 72 
540921,46 70 
541409,97 80 
541947,25 83 
542701,45 64 755
543049,01 74 330
543049,01 63 330
543456,75 150 
543480,98 68 
544690,74 92 
544690,74 65 
544705,71 103 
544705,71 101 
545240,18 100 
545240,18 6
545240,18 1851
545240,18 11
547212,04 25 
548598,45 75 
549806,76 72 
550010,91 70 
550666 80 
551223,31 83 
551794,4 64 571
551820,57 256 
552045,38 74 236
552045,38 61 236
552454,55 150 
552477,91 68 
553285,07 92 
553285,07 65 
553302,08 103 
553302,08 101 
553841,99 100 
553841,99 6
553841,99 1851
553841,99 10
555821,66 25 
555848,87 75 
557057,49 72 
557141,19 70 
557626,16 80 
558113,7 83 
558344,35 64 231
558515,35 74 149
558515,35 61 149
559325,02 151 
559354,28 69 
559688,55 249 
559889,73 181 
561661,72 93 
561671,83 103 
561671,83 101 
564706,11 100 
564706,11 6
564706,11 1851
564706,11 10
566683,72 25 
566711,19 75 
567920,1 72 
568003,22 70 
568490,51 80 
568935,73 83 
569979,93 64 1045
570172,56 74 171
570172,56 61 171
570580,33 151 
570603,52 69 
571111,71 93 
571134,48 103 
571134,48 101 
574168,11 100 
574168,11 6
574168,11 1851
574168,11 10
576146,32 25 
576187,13 75 
577396,16 72 
577479,24 70 
577968,17 80 
578504,99 83 
579209 64 705
579514,67 74 290
579514,67 63 290
580324,39 150 
580346,08 68 
580789,56 249
580857,11 92 
580857,11 65 
580864,78 173 
580890,3 103 
580890,3 101 
581434,93 100 
581434,93 6
581434,93 1851
581434,93 10
583409,89 25 
583796,76 75 
585005,39 72 
585089,32 70 
585581,99 80 
586101,78 83 
587149,99 64 1049
587342,63 74 174
587342,63 61 174
587752,06 153 
587782,86 68 
588591,13 92 
588591,13 65 
588607,03 103 
588607,03 101 
589140,63 100 
589140,63 6
589140,63 1851
589140,63 11
591114,24 25 
591540,11 75 
592747,01 72 
592832,66 70 
593320,67 80 
593805,15 83 
594118,32 64 314
594161,99 256 
594342,94 74 205
594342,94 63 205
595152,25 151 
595179,82 69 
595496,75 249 
596123,03 183 
596189,7 93 
596203,86 103 
596203,86 101 
599241,62 100 
599241,62 6
599241,62 1851
599241,62 11
601215,67 25 
601243,59 75 
602450,76 72 
602535,2 70 
603022,44 80 
603454,47 83 
604109,44 64 655
604283,57 74 150
604283,57 61 150
605093,87 150 
605122,14 68 
606330,57 92 
606330,57 65 
606346,13 103 
606346,13 101 
606891,91 100 
606891,91 6
606891,91 1851
606891,91 11
608865,74 25 
608893,29 75 
610101,52 72 
610185,32 70 
610673,37 80 
611104,48 83 
611268,17 64 164
611471,77 74 181
611471,77 61 181
611883,22 150 
611905,92 68 
613119,4 92 
613119,4 65 
613143,28 103 
613143,28 101 
613676,37 100 
613676,37 6
613676,37 1851
613676,37 11
615649,53 25 
616103 75 
617310,69 72 
617395,53 70 
617887,54 80 
618354,83 83 
618872,29 64 518
619034,29 256 
619042,63 74 155
619042,63 63 155
619853,63 151 
619876,92 69 
620221,86 249 
620251,3 256 
620510,85 183 
627204,7 93 
627217,24 103 
627217,24 101 
630249,1 100 
630249,1 6
630249,1 1851
630249,1 10
632229,11 25 
633002,46 75 
634210,06 72 
634295,06 70 
634782,73 80 
635320,79 83 
635697,46 64 377
635871,3 74 151
635871,3 61 151
636280,29 151 
636309,64 69 
636658,41 249 
637287,82 181 
638912,67 93 
638932,28 103 
638932,28 101 
641980,7 100 
641980,7 6
641980,7 1851
641980,7 11
643957,45 25 
643985,29 75 
645193,23 72 
645277,03 70 
645773 80 
646262,81 83 
647721,52 64 1459
648726,79 74 985
648726,79 63 985
649536,49 151 
649556,84 69 
649879,56 249 
650057,71 183 
650568,51 93 
650580,63 103 
650580,63 101 
653613,33 100 
653613,33 6
653613,33 1851
653613,33 10
655592,51 25 
655619,74 75 
656828,41 72 
657085,3 70 
657886,17 80 
658524,22 83 
659016,9 64 494
659185,3 74 155
659185,3 61 155
659599,79 151 
659618,96 69 
660129,92 93 
660149,91 103 
660149,91 101 
663184,7 100 
663184,7 6
663184,7 1851
663184,7 10
665161,76 25 
665189,24 75 
666398,78 72 
666654,55 70 
667454,07 80 
668293,42 83 
668319,06 64 26
668369,49 256 
668964,04 74 631
668964,04 62 631
669775,49 151 
669801,37 69 
670087,7 249 
670944,51 256 
672233,93 93 
672251,44 103 
672251,44 101 
675292,25 100 
675292,25 6
675292,25 1851
675292,25 11
677263,29 25 
677290,49 75 
678497,18 72 
678822,7 70 
679436,85 80 
680075,18 83 
680335,85 64 261
681398,59 74 1044
681398,59 62 1044
681809,43 153 
681836,1 68 
682346,53 92 
682346,53 65 
682367,13 103 
682367,13 101 
682905,22 100 
682905,22 6
682905,22 1851
682905,22 10
684873,34 25 
685207,07 75 
686582,92 250 
686591,53 101 
688591,9 100 
688591,9 6
688591,9 1851
688591,9 10
688591,9 25 
691323,56 75 
692533,32 72 
692616,92 70 
693109,27 80 
693535,98 83 
693975,16 64 440
694165,96 74 178
694165,96 61 178
694974,46 151 
695003,17 69 
695446,14 249 
696068,28 181 
696324,14 256 
697526,87 93 
697547,33 103 
697547,33 101 
700579,1 100 
700579,1 6
700579,1 1851
700579,1 11
702559,15 25 
703079,38 75 
704286,55 72 
704358,51 70 
704848,64 80 
705330,97 83 
705682,74 64 352
705861,72 74 158
705861,72 61 158
706274,61 150 
706292,42 68 
707502,98 92 
707502,98 65 
707529,72 103 
707529,72 101 
708072,97 100 
708072,97 6
708072,97 1851
708072,97 10
710049,33 25 
710836,02 75 
712044,26 72 
712128,53 70 
712620,09 80 
713154,33 83 
713329,51 64 175
713508,07 74 155
713508,07 61 155
713919 151 
713942,47 69 
714432,24 249 
715062,21 181 
715864,3 93 
715886,18 103 
715886,18 101 
718920,81 100 
718920,81 6
718920,81 1851
718920,81 11
720898,04 25 
721658,04 75 
722866,94 72 
722950,6 70 
723433,46 80 
723869,75 83 
725007,62 64 1138
725590,92 74 562
725590,92 62 562
726400,12 151 
726430,47 69 
726665,97 249 
728264,77 93 
728280,88 103 
728280,88 101 
731318 100 
731318 6
731318 1851
731318 10
733292,75 25 
733320,15 75 
734530,55 72 
734612,27 70 
735101,69 80 
735584,85 83 
735782,42 64 198
735996,97 74 200
735996,97 63 200
736805,23 150 
736826,01 68 
737636,24 92 
737636,24 65 
737650,29 103 
737650,29 101 
738190,55 100 
738190,55 6
738190,55 1851
738190,55 11
740169,88 25 
741183,15 75 
742391,43 72 
742475,6 70 
742959,12 80 
743501,38 83 
744203,42 64 702
744431,91 74 212
744431,91 61 212
744841,52 150 
744862,59 68 
745673,01 92 
745673,01 65 
745686,83 103 
745686,83 101 
746220,83 100 
746220,83 6
746220,83 1851
746220,83 10
748193,11 25 
748913,21 75 
750118,85 72 
750192,66 70 
750678,83 80 
751164,83 83 
751407,34 64 243
751438,04 256 
751615,3 74 184
751615,3 63 184
752427,37 150 
752446,04 68 
752953,92 92 
752953,92 65 
752977,06 103 
752977,06 101 
753510,04 100 
753510,04 6
753510,04 1851
753510,04 11
755483,4 25 
756190,02 75 
757398,03 72 
757482,55 70 
757965,79 80 
758388,45 83 
759221,37 64 833
759405,98 74 165
759405,98 62 165
759819,4 151 
759842,24 69 
760128,13 249 
760750,29 182 
760890,9 256 
762590,7 93 
762612,93 103 
762612,93 101 
765658,49 100 
765658,49 6
765658,49 1851
765658,49 10
767638,14 25 
768651,38 75 
769858,59 72 
769943,93 70 
770433,06 80 
770863,06 83 
772804,57 64 1942
772956,77 74 135
772956,77 63 135
773365,95 150 
773397,24 68 
774207,41 92 
774207,41 65 
774221,5 103 
774221,5 101 
774753,14 100 
774753,14 6
774753,14 1851
774753,14 11
776740,91 25 
778514,13 75 
779721,05 72 
779806,37 70 
780296,14 80 
780778,9 83 
781195,04 64 417
781225,11 256 
781567,38 74 349
781567,38 63 349
782376,78 151 
782405,94 69 
782777,64 249 
782857,25 183 
785244,04 256 
788284,52 93 
788308,74 103 
788308,74 101 
791341,05 100 
791341,05 6
791341,05 1851
791341,05 10
793320,54 25 
794520,36 75 
794581,51 250 
794598,88 101 
796612,5 100 
796612,5 6
796612,5 1851
796612,5 10
796612,5 25 
797478,4 75 
798686,42 72 
798891,6 70 
799398,79 80 
799944,03 83 
800655,33 64 712
800844,69 74 168
800844,69 63 168
801654,98 150 
801678,43 68 
802605,95 249
802889,46 92 
802889,46 65 
802915,77 103 
802915,77 101 
803458,6 100 
803458,6 6
803458,6 1851
803458,6 11
805435,38 25 
806328,73 75 
807536,46 72 
807621,17 70 
808102,13 80 
808620,38 83 
808987,24 64 367
809019,02 256 
809182,64 74 176
809182,64 61 176
809591,61 150 
809621,02 68 
810833,58 92 
810833,58 65 
810859,07 103 
810859,07 101 
811395,72 100 
811395,72 6
811395,72 1851
811395,72 11
813378,64 25 
814085,4 75 
815294,31 72 
815377,88 70 
815865,19 80 
816350,37 83 
816797,87 64 447
817049,45 74 233
817049,45 61 233
817459,98 150 
817485,06 68 
817810,2 249
817879,64 171
818296,01 92 
818296,01 65 
818322,56 103 
818322,56 101 
818854,55 100 
818854,55 6
818854,55 1851
818854,55 10
820828,82 25 
821149,9 75 
822359,63 72 
822441,59 70 
822929,19 80 
823360,72 83 
823727,92 64 368
824207,71 74 461
824207,71 63 461
825017,31 150 
825041,77 68 
825549,38 92 
825549,38 65 
825572,8 103 
825572,8 101 
826116,59 100 
826116,59 6
826116,59 1851
826116,59 10
828092,44 25 
829652,08 75 
830860,42 72 
830944,65 70 
831427,73 80 
831877,27 83 
832532,65 64 656
832755,31 74 199
832755,31 63 199
833564,83 152 
833584,93 69 
834392,14 93 
834409,12 103 
834409,12 101 
837441,78 100 
837441,78 6
837441,78 1851
837441,78 11
839420,93 25 
839581,21 75 
840790,89 72 
840873,75 70 
841354,21 80 
841846,25 83 
842384,35 64 539
842566,5 74 161
842566,5 61 161
842977,2 150 
842994,26 68 
843502,79 92 
843502,79 65 
843525,16 103 
843525,16 101 
844071,48 100 
844071,48 6
844071,48 1851
844071,48 11
846044,76 25 
846072,2 75 
847280,08 72 
847364,37 70 
847856,67 80 
848390,09 83 
848516,08 64 127
848677,09 74 141
848677,09 61 141
849087,63 150 
849111,58 68 
849920,5 92 
849920,5 65 
849935,77 103 
849935,77 101 
850474,67 100 
850474,67 6
850474,67 1851
850474,67 10
852455,34 25 
852482,83 75 
853688,95 72 
853761,58 70 
854246,7 80 
854680,82 83 
854929,95 64 250
855117,84 74 170
855117,84 61 170
855927,48 151 
855948,67 69 
856325,06 249 
856482,48 181 
857618,14 93 
857639,13 103 
857639,13 101 
860673,38 100 
860673,38 6
860673,38 1851
860673,38 11
862650,97 25 
862679,05 75 
863887,31 72 
863970,58 70 
864459,96 80 
864943,03 83 
865337,85 64 395
865596,19 74 241
865596,19 61 241
866403,86 150 
866424,17 68 
866934,58 92 
866934,58 65 
866955,18 103 
866955,18 101 
867487,7 100 
867487,7 6
867487,7 1851
867487,7 10
869461,44 25 
869488,64 75 
870695,74 72 
870780,97 70 
871266,16 80 
871793,43 83 
872033,65 64 240
872199,81 74 153
872199,81 61 153
872609,64 151 
872634,95 69 
872977,09 249 
873144,78 181 
874911,11 93 
874925,15 103 
874925,15 101 
877971,71 100 
877971,71 6
877971,71 1851
877971,71 10
879950,35 25 
879978,42 75 
881187,45 72 
881269,85 70 
881765,51 80 
882295,86 83 
882696,33 64 401
882914,27 74 206
882914,27 63 206
883725,87 150 
883750,12 68 
884451,41 249
884528,01 173 
884560,12 92 
884560,12 65 
884574,36 103 
884574,36 101 
885107,24 100 
885107,24 2
885107,24 1851
885107,24 11
885107,24 78 
885107,24 198 
887080,61 25 
888320,44 75 
889528,76 72 
889612,96 70 
890097,96 80 
890585,5 83 
891025,44 64 440
891059,5 256 
891276,26 74 238
891276,26 61 238
891686,77 151 
891706,74 69 
892228,75 249 
893016,99 181 
894018,54 93 
894036,99 103 
894036,99 101 
897070,2 100 
897070,2 2
897070,2 1851
897070,2 11
899048,87 25 
900302,03 75 
901511,46 72 
901767,76 70 
902572,61 80 
903313,36 83 
903560,95 64 248
905744,75 74 2165
905744,75 62 2165
906154,4 153 
906180,59 68 
906446,15 249
906708,9 172 
907101,76 92 
907101,76 65 
907124,74 103 
907124,74 101 
907663,97 100 
907663,97 2
907663,97 1851
907663,97 10
909644,31 25 
910044,51 75 
911252,53 72 
911337,03 70 
912035,91 80 
912642,72 83 
913442,35 64 800
913616,49 74 161
913616,49 61 161
914428,94 150 
914457,18 68 
914968,67 92 
914968,67 65 
914988,08 103 
914988,08 101 
915526,67 100 
915526,67 2
915526,67 1851
915526,67 11
917494,35 25 
917521,98 75 
918730,31 72 
918813,93 70 
919300,38 80 
919826,36 83 
920110,37 64 284
920277,53 74 145
920277,53 61 145
920684,74 151 
920707,94 69 
921088,87 249 
921151,59 181 
922446,88 256 
923472,75 93 
923492,15 103 
923492,15 101 
926524,64 100 
926524,64 2
926524,64 1851
926524,64 10
928502,98 25 
928530,58 75 
929739,27 72 
929822,5 70 
930312,84 80 
930741,73 83 
931108,97 64 368
931382,73 74 255
931382,73 63 255
932193,31 151 
932222,86 69 
932558,02 249 
932640,82 183 
933033,94 93 
933047,02 103 
933047,02 101 
936092,2 100 
936092,2 2
936092,2 1851
936092,2 10
938072,24 25 
938672,32 75 
939879,38 72 
939964,85 70 
940463,61 80 
940950,68 83 
941469,83 64 519
941499,23 256 
941716,33 74 233
941716,33 61 233
942128,24 152 
942151,35 69 
942683,33 249 
943710,66 181 
944709,2 93 
944722,07 103 
944722,07 101 
947754,29 100 
947754,29 2
947754,29 1851
947754,29 10
949733,92 25 
949761,46 75 
950969,7 72 
951053,48 70 
951544,15 80 
951972,68 83 
952503,54 64 531
952530,01 256 
953316,86 74 799
953316,86 63 799
954126,72 151 
954146,92 69 
954422,03 249 
954552,27 183 
955339,46 93 
955357,53 103 
955357,53 101 
958396,01 100 
958396,01 2
958396,01 1851
958396,01 11
960369,41 25 
964194,78 75 
965404,46 72 
965487,43 70 
965974,06 80 
966513,1 83 
966866,95 64 355
967103,71 256 
967125,86 74 240
967125,86 61 240
967535,03 151 
967554,46 69 
968064,47 93 
968085,47 103 
968085,47 101 
971124,08 100 
971124,08 2
971124,08 1851
971124,08 10
973097,35 25 
973177,64 75 
973189,09 250 
973202,91 101 
975216,39 100 
975216,39 2
975216,39 1851
975216,39 10
975216,39 25 
975549,22 75 
976756,88 72 
976842,48 70 
977335,95 80 
977815 83 
978502,62 64 688
978527,71 256 
978809,29 74 288
978809,29 62 288
979619,09 151 
979642,64 69 
981771,21 93 
981786,28 103 
981786,28 101 
984822,25 100 
984822,25 2
984822,25 1851
984822,25 11
986798,2 25 
986826,19 75 
988033,71 72 
988117,79 70 
988604,01 80 
989143,57 83 
989873,16 64 730
990100,53 74 211
990100,53 61 211
990913,87 151 
990930,58 69 
991938,9 93 
991955,31 103 
991955,31 101 
994987,35 100 
994987,35 2
994987,35 1851
994987,35 11
996967,15 25 
997194,07 75 
998401,78 72 
998486,68 70 
998972,56 80 
999405,81 83 
999717,75 64 312
999749,87 256 
999969,7 74 231
999969,7 61 231
1000378,15 151 
1000407,16 69 
1000919,82 249 
1001480,24 181 
1001846,65 256 
1002395,32 93 
1002404,26 103 
1002404,26 101 
1005451,81 100 
1005451,81 2
1005451,81 1851
1005451,81 11
1007429,38 25 
1007456,74 75 
1008664,45 72 
1008748,97 70 
1009247,15 80 
1009775,12 83 
1009892,16 64 118
1009924,34 256 
1010132,65 74 225
1010132,65 61 225
1010541,05 151 
1010562,87 69 
1011372,02 93 
1011387,02 103 
1011387,02 101 
1014419,03 100 
1014419,03 2
1014419,03 1851
1014419,03 10
1016398,88 25 
1016426,21 75 
1017633,35 72 
1017891,68 70 
1018692,8 80 
1019430,85 250 
1019450,17 101 
1021463,38 100 
1021463,38 2
1021463,38 1851
1021463,38 10
1021463,38 25 
1021716,99 75 
1022925,06 72 
1023182,77 70 
1023994,32 80 
1024781,64 83 
1025347,77 64 566
1025597,83 74 230
1025597,83 61 230
1026407,94 150 
1026436,04 68 
1027644,06 92 
1027644,06 65 
1027660,15 103 
1027660,15 101 
1028193,39 100 
1028193,39 2
1028193,39 1851
1028193,39 11
1030166,34 25 
1030193,49 75 
1031401 72 
1031605,87 70 
1032270,73 80 
1032804,89 83 
1033216,18 64 412
1033260,94 256 
1033918,07 74 687
1033918,07 63 687
1034328,58 150 
1034352,66 68 
1034864,48 92 
1034864,48 65 
1034883,69 103 
1034883,69 101 
1035426,01 100 
1035426,01 2
1035426,01 1851
1035426,01 10
1037403,26 25 
1037430,48 75 
1038637,48 72 
1038842,74 70 
1039342,61 80 
1039775,27 83 
1040075,52 64 301
1040120,69 256 
1040324,67 74 230
1040324,67 61 230
1041135,35 150 
1041163,14 68 
1041975,04 92 
1041975,04 65 
1042000,64 103 
1042000,64 101 
1042538,62 100 
1042538,62 2
1042538,62 1851
1042538,62 10
1044506,94 25 
1046079,93 75 
1047288,7 72 
1047372,48 70 
1047856,11 80 
1048398,28 83 
1048558,22 64 161
1048583,54 256 
1048749,09 74 178
1048749,09 61 178
1049559,18 150 
1049586,23 68 
1050096,59 92 
1050096,59 65 
1050117,18 103 
1050117,18 101 
1050650,12 100 
1050650,12 2
1050650,12 1851
1050650,12 11
1052623,44 25 
1053183,65 75 
1054390,21 72 
1054476,07 70 
1054960,73 80 
1055448,56 83 
1055735,91 64 288
1055770,66 256 
1055970,99 74 217
1055970,99 63 217
1056381,66 150 
1056409,95 68 
1057617,21 92 
1057617,21 65 
1057634,05 103 
1057634,05 101 
1058177,12 100 
1058177,12 2
1058177,12 1851
1058177,12 11
1060153,57 25 
1060247,37 75 
1061455,7 72 
1061539,78 70 
1062030,39 80 
1062565,57 83 
1062683,59 64 118
1062889,86 74 191
1062889,86 63 191
1063697,7 150 
1063726,82 68 
1064235,36 92 
1064235,36 65 
1064257,84 103 
1064257,84 101 
1064790,18 100 
1064790,18 2
1064790,18 1851
1064790,18 10
1066764,11 25 
1067124,3 75 
1068331,67 72 
1068416,87 70 
1068904,35 80 
1069336,05 83 
1069834,01 64 499
1070121,3 74 266
1070121,3 63 266
1070533,54 151 
1070563,97 69 
1071083,1 249 
1071575,23 93 
1071588,02 103 
1071588,02 101 
1074622,84 100 
1074622,84 2
1074622,84 1851
1074622,84 11
1076600,75 25 
1076627,28 75 
1077833,59 72 
1077919,46 70 
1078402,97 80 
1078891,95 83 
1079081,06 64 190
1081638,61 74 2534
1081638,61 61 2534
1082445,79 151 
1082464,9 69 
1082717,84 249 
1083199,16 181 
1084236,38 256 
1085337,95 93 
1085355,51 103 
1085355,51 101 
1088395,85 100 
1088395,85 2
1088395,85 1851
1088395,85 11
1090367,37 25 
1090834,2 75 
1092041,22 72 
1092126,72 70 
1092610,72 80 
1093099,29 83 
1093989,85 64 890
1094024,28 256 
1094317,1 74 312
1094317,1 63 312
1094724,49 152 
1094753,72 69 
1095181,89 249 
1095312,93 183 
1095764,27 93 
1095777,74 103 
1095777,74 101 
1098809,71 100 
1098809,71 2
1098809,71 1851
1098809,71 10
1100789,66 25 
1102535,87 75 
1103742,36 72 
1103828,44 70 
1104311,74 80 
1104747,62 83 
1104959,42 64 212
1104998,6 256 
1105224,83 74 251
1105224,83 61 251
1105635,35 150 
1105655,7 68 
1106464,03 92 
1106464,03 65 
1106479,88 103 
1106479,88 101 
1107011,79 100 
1107011,79 2
1107011,79 1851
1107011,79 11
1108986,21 25 
1109039,85 75 
1110249,85 72 
1110332,29 70 
1110815,27 80 
1111358,15 83 
1111644,34 64 287
1111892,49 74 228
1111892,49 63 228
1112703,92 150 
1112732,71 68 
1113887,66 249
1113942,58 92 
1113942,58 65 
1113956,67 103 
1113956,67 101 
1114504,06 100 
1114504,06 2
1114504,06 1851
1114504,06 10
1116476,28 25 
1116596,58 75 
1117803,57 72 
1117889,13 70 
1118374,68 80 
1118808,31 83 
1119173,44 64 365
1119202,1 256 
1119462,24 74 268
1119462,24 61 268
1120273,97 150 
1120302,14 68 
1120814,37 92 
1120814,37 65 
1120833,79 103 
1120833,79 101 
1121381,34 100 
1121381,34 2
1121381,34 1851
1121381,34 10
1123353,35 25 
1124060,03 75 
1125269,76 72 
1125352,59 70 
1125836,45 80 
1126378,42 83 
1126411,43 64 33
1126599,53 74 168
1126599,53 61 168
1127007,06 150 
1127033,23 68 
1127842,52 92 
1127842,52 65 
1127857,42 103 
1127857,42 101 
1128392,57 100 
1128392,57 2
1128392,57 1851
1128392,57 10
1130363,68 25 
1130391,45 75 
1130864,59 250 
1130882,38 101 
1132895,97 100 
1132895,97 2
1132895,97 1851
1132895,97 10
1132895,97 25 
1133788,51 75 
1134995,79 72 
1135081,76 70 
1135568,94 80 
1136054,28 83 
1136200,45 64 146
1136227,28 256 
1136412,65 74 199
1136412,65 61 199
1137223,63 150 
1137242,19 68 
1138450,21 92 
1138450,21 65 
1138466,32 103 
1138466,32 101 
1139007,46 100 
1139007,46 2
1139007,46 1851
1139007,46 11
1140985,84 25 
1141226,11 75 
1142433,51 72 
1142678,57 70 
1143485,93 80 
1144277,45 83 
1144493,21 64 216
1144664,98 256 
1144678,13 74 161
1144678,13 63 161
1145088,21 150 
1145105,81 68 
1146137,45 249
1146316,04 92 
1146316,04 65 
1146324,42 173 
1146356,24 103 
1146356,24 101 
1146891,35 100 
1146891,35 2
1146891,35 1851
1146891,35 10
1148862,52 25 
1149249,45 75 
1150457,9 72 
1150728,46 70 
1151284,57 80 
1151780,9 83 
1152079,93 64 300
1152277,4 74 177
1152277,4 61 177
1153087,3 150 
1153116,31 68 
1153924,73 92 
1153924,73 65 
1153939,7 103 
1153939,7 101 
1154472,45 100 
1154472,45 2
1154472,45 1851
1154472,45 11
1156445,94 25 
1156606,24 75 
1157814,05 72 
1157898,76 70 
1158631,56 80 
1159217,73 83 
1159281,12 64 64
1159525,26 74 228
1159525,26 63 228
1159933,75 150 
1159952,66 68 
1160423,21 249
1160461,42 92 
1160461,42 65 
1160483,56 103 
1160483,56 101 
1161027,05 100 
1161027,05 2
1161027,05 1851
1161027,05 11
1163003,18 25 
1163724,2 75 
1164933,17 72 
1165135,65 70 
1165637,54 80 
1166161,45 83 
1166571,56 64 410
1166748,16 256 
1166932,56 74 345
1166932,56 63 345
1167341,8 150 
1167362,03 68 
1167872,66 92 
1167872,66 65 
1167893,74 103 
1167893,74 101 
1168425,41 100 
1168425,41 2
1168425,41 1851
1168425,41 11
1170400,02 25 
1172106,3 75 
1172223,87 250 
1172238,09 101 
1174251,67 100 
1174251,67 2
1174251,67 1851
1174251,67 11
1174251,67 25 
1176650,28 75 
1177857,27 72 
1177930,3 70 
1178419,73 80 
1178849,39 83 
1179169,07 64 320
1179344,21 74 162
1179344,21 63 162
1180154,95 150 
1180183,93 68 
1180556,99 249
1180612,45 173 
1181392,71 92 
1181392,71 65 
1181407,96 103 
1181407,96 101 
1181943,62 100 
1181943,62 2
1181943,62 1851
1181943,62 10
1183914,23 25 
1185527,2 75 
1186735,61 72 
1186819,76 70 
1187303,08 80 
1187792,25 83 
1188393,6 64 602
1188598,14 74 180
1188598,14 61 180
1189006,93 150 
1189033,46 68 
1189844,32 92 
1189844,32 65 
1189871,04 103 
1189871,04 101 
1190410,88 100 
1190410,88 2
1190410,88 1851
1190410,88 11
1192390,62 25 
1192937,38 75 
1194146,17 72 
1194229,96 70 
1194712,13 80 
1195256,68 83 
1195413,38 64 158
1195680,6 74 252
1195680,6 63 252
1196487,99 150 
1196511,22 68 
1197719,11 92 
1197719,11 65 
1197734,4 103 
1197734,4 101 
1198267,3 100 
1198267,3 2
1198267,3 1851
1198267,3 10
1200240,64 25 
1204212,59 75 
1205418,44 72 
1205505,15 70 
1205988,73 80 
1206424,28 83 
1206999,02 64 575
1207035,34 256 
1207270,7 74 247
1207270,7 61 247
1207680,84 152 
1207705,59 69 
1208717,31 93 
1208729,67 103 
1208729,67 101 
1211762,67 100 
1211762,67 2
1211762,67 1851
1211762,67 10
1213741,53 25 
1213769,75 75 
1214978,37 72 
1215061,08 70 
1215552,91 80 
1216033,55 83 
1217171,87 64 1139
1217363,85 74 172
1217363,85 61 172
1218175,34 150 
1218194,75 68 
1218704,57 92 
1218704,57 65 
1218725,39 103 
1218725,39 101 
1219282,8 100 
1219282,8 2
1219282,8 1851
1219282,8 11
1221258,36 25 
1221365,3 75 
1222573,7 72 
1222657,83 70 
1223146,22 80 
1223630,33 83 
1224264,01 64 634
1224529,13 74 246
1224529,13 63 246
1224937,93 150 
1224964,93 68 
1225471,04 92 
1225471,04 65 
1225495,9 103 
1225495,9 101 
1226028,72 100 
1226028,72 2
1226028,72 1851
1226028,72 10
1228002,16 25 
1228029,54 75 
1229236,66 72 
1229321,65 70 
1229807,1 80 
1230347,44 83 
1230554,31 64 207
1230757,03 74 184
1230757,03 63 184
1231568,26 151 
1231588,85 69 
1231883,88 249 
1231915,81 256 
1232260,52 183 
1232768,32 93 
1232786,07 103 
1232786,07 101 
1235821,31 100 
1235821,31 2
1235821,31 1851
1235821,31 11
1237797,93 25 
1239624,17 75 
1240832,99 72 
1240916,76 70 
1241407,24 80 
1241836,16 83 
1242147,34 64 312
1242315,76 74 147
1242315,76 61 147
1242725,36 151 
1242744,14 69 
1243754,14 93 
1243768,08 103 
1243768,08 101 
1246806,47 100 
1246806,47 2
1246806,47 1851
1246806,47 11
1248779,94 25 
1248807,89 75 
1250015,76 72 
1250099,47 70 
1250580,98 80 
1251058,62 83 
1251495,64 64 437
1251708,46 74 197
1251708,46 63 197
1252519,04 150 
1252539,8 68 
1253346,68 92 
1253346,68 65 
1253364,02 103 
1253364,02 101 
1253898,23 100 
1253898,23 2
1253898,23 1851
1253898,23 11
1255870,37 25 
1256203,84 75 
1257412,67 72 
1257496,33 70 
1257988,66 80 
1258522,15 83 
1258840,87 64 320
1258861,97 256 
1259563,19 74 708
1259563,19 61 708
1259969,86 151 
1259990,01 69 
1260999,45 93 
1261014,06 103 
1261014,06 101 
1264048,81 100 
1264048,81 2
1264048,81 1851
1264048,81 11
1266025,94 25 
1266053,22 75 
1267261,07 72 
1267518,87 70 
1268363,4 80 
1269104,28 83 
1269993,35 64 889
1270015,7 256 
1270353,28 74 343
1270353,28 61 343
1271164,22 153 
1271185,25 68 
1272394,54 92 
1272394,54 65 
1272409,24 103 
1272409,24 101 
1272951,86 100 
1272951,86 2
1272951,86 1851
1272951,86 10
1274928,79 25 
1276395,21 75 
1277603,04 72 
1277887,7 70 
1278509,73 80 
1279046,7 83 
1279714,8 64 668
1279754,69 256 
1280001,31 74 262
1280001,31 62 262
1280410,21 151 
1280434,67 69 
1280705,13 249 
1282039,01 182 
1283003,79 93 
1283018,05 103 
1283018,05 101 
1286049,75 100 
1286049,75 2
1286049,75 1851
1286049,75 10
1288029,89 25 
1293414,6 75 
1294621,78 72 
1294707,13 70 
1295197,58 80 
1295732,95 83 
1295952,13 64 220
1295987,55 256 
1296216,43 74 244
1296216,43 61 244
1297026,99 150 
1297054,15 68 
1298265,39 92 
1298265,39 65 
1298278,23 103 
1298278,23 101 
1298814,57 100 
1298814,57 2
1298814,57 1851
1298814,57 10
1300784,5 25 
1300811,98 75 
1302020,56 72 
1302104,01 70 
1302594,46 80 
1303089,85 83 
1303260,04 64 171
1303282,77 256 
1303453,84 74 178
1303453,84 61 178
1303862,1 150 
1303892,34 68 
1304701,5 92 
1304701,5 65 
1304717,61 103 
1304717,61 101 
1305256,69 100 
1305256,69 2
1305256,69 1851
1305256,69 10
1307235,07 25 
1308928,04 75 
1310136,49 72 
1310220,59 70 
1310713,25 80 
1311259,68 83 
1311320,84 64 61
1311356,76 256 
1311550,62 74 211
1311550,62 61 211
1312359,91 150 
1312380,97 68 
1313588,48 92 
1313588,48 65 
1313605,01 103 
1313605,01 101 
1314137,66 100 
1314137,66 2
1314137,66 1851
1314137,66 10
1316111,26 25 
1316551,44 75 
1317759,28 72 
1317843,99 70 
1318334,23 80 
1318776,47 83 
1318807,8 64 31
1318835,63 256 
1319098,3 74 269
1319098,3 61 269
1319506,37 150 
1319524,65 68 
1320035,28 92 
1320035,28 65 
1320055,63 103 
1320055,63 101 
1320587,69 100 
1320587,69 2
1320587,69 1851
1320587,69 11
1322561,85 25 
1322590,57 75 
1323795,94 72 
1323881,4 70 
1324371,76 80 
1324867,22 83 
1325060,35 64 194
1325263,15 74 183
1325263,15 63 183
1326074,24 152 
1326094,44 69 
1326398,7 249 
1326534,71 256 
1326779,43 183 
1327777,17 93 
1327798,97 103 
1327798,97 101 
1330843,51 100 
1330843,51 2
1330843,51 1851
1330843,51 11
1332824,15 25 
1333011,11 75 
1334219,69 72 
1334303,66 70 
1334800,9 80 
1335342,77 83 
1335549,32 64 207
1335765,39 74 196
1335765,39 61 196
1336178,8 151 
1336197,58 69 
1336709,14 93 
1336728,54 103 
1336728,54 101 
1339761,59 100 
1339761,59 2
1339761,59 1851
1339761,59 10
1341740,37 25 
1341767,54 75 
1342974,7 72 
1343059,91 70 
1343559,44 80 
1344005,72 83 
1344047,71 64 42
1344245,37 74 173
1344245,37 61 173
1345056,03 150 
1345087,11 68 
1345898,32 92 
1345898,32 65 
1345924,59 103 
1345924,59 101 
1346457,74 100 
1346457,74 2
1346457,74 1851
1346457,74 11
1348430,84 25 
1348964,3 75 
1350171,61 72 
1350256,82 70 
1350753,29 80 
1351242,65 83 
1351573,88 64 331
1351776,96 74 189
1351776,96 63 189
1352584,71 150 
1352603,86 68 
1353815,1 92 
1353815,1 65 
1353841,24 103 
1353841,24 101 
1354382,24 100 
1354382,24 2
1354382,24 1851
1354382,24 11
1356374,12 25 
1357094,18 75 
1358302,21 72 
1358386,69 70 
1358885,37 80 
1359372,54 83 
1359585,24 64 213
1359768,05 256 
1359776,58 74 178
1359776,58 63 178
1360188,18 150 
1360213,98 68 
1360721,15 92 
1360721,15 65 
1360744,94 103 
1360744,94 101 
1361288,59 100 
1361288,59 2
1361288,59 1851
1361288,59 10
1363264,5 25 
1363291,82 75 
1363428,75 250 
1363436,68 101 
1365450,28 100 
1365450,28 2
1365450,28 1851
1365450,28 10
1365450,28 25 
1365476,75 75 
1365542,56 250 
1365555,82 101 
1367569,35 100 
1367569,35 2
1367569,35 1851
1367569,35 10
1367569,35 25 
1367597,84 75 
1368806,1 72 
1368888,89 70 
1369384,08 80 
1369928,02 83 
1370040,11 64 113
1370227,8 74 166
1370227,8 61 166
1370635,95 150 
1370662,82 68 
1371873,15 92 
1371873,15 65 
1371900,2 103 
1371900,2 101 
1372433,83 100 
1372433,83 2
1372433,83 1851
1372433,83 11
1374406,42 25 
1374926,61 75 
1376135,03 72 
1376219,1 70 
1376715,83 80 
1377178,31 83 
1377495,03 64 317
1377725,34 74 214
1377725,34 63 214
1378535,97 150 
1378566,19 68 
1379378,74 92 
1379378,74 65 
1379403,67 103 
1379403,67 101 
1379947,44 100 
1379947,44 2
1379947,44 1851
1379947,44 10
1381923,25 25 
1383069,79 75 
1384278,06 72 
1384362,34 70 
1384851,83 80 
1385388,12 83 
1385521,49 64 134
1385546 256 
1385745,57 74 211
1385745,57 61 211
1386554,64 150 
1386576,07 68 
1387387,44 92 
1387387,44 65 
1387413,59 103 
1387413,59 101 
1387946,58 100 
1387946,58 2
1387946,58 1851
1387946,58 10
1389919,87 25 
1397783,53 75 
1398992,59 72 
1399076,28 70 
1399492,36 250 
1399501,84 101 
1401514,96 100 
1401514,96 2
1401514,96 1851
1401514,96 10
1401514,96 25 
1402728,27 75 
1403936,62 72 
1403953,15 70 
1404062,56 80 
1404513,32 83 
1404913,43 64 400
1405392,18 74 466
1405392,18 61 466
1405800,99 150 
1405821,25 68 
1407030,38 92 
1407030,38 65 
1407045,24 103 
1407045,24 101 
1407599,46 100 
1407599,46 2
1407599,46 1851
1407599,46 10
1409578,18 25 
1411191,14 75 
1412401,54 72 
1412483,71 70 
1412976,42 80 
1413456,15 83 
1413623,79 64 168
1413804,82 74 162
1413804,82 61 162
1414216,04 150 
1414244,24 68 
1414753,08 92 
1414753,08 65 
1414775,29 103 
1414775,29 101 
1415312,6 100 
1415312,6 2
1415312,6 1851
1415312,6 11
1417281,64 25 
1417309,12 75 
1418518,44 72 
1418601,14 70 
1419095,35 80 
1419533,55 83 
1420101,63 64 568
1420277,48 74 158
1420277,48 63 158
1421088,69 150 
1421121,36 68 
1421583,02 249
1421630,18 92 
1421630,18 65 
1421652,36 103 
1421652,36 101 
1422186,71 100 
1422186,71 2
1422186,71 1851
1422186,71 11
1424158,63 25 
1424812 75 
1426019,92 72 
1426104,55 70 
1426597,08 80 
1427090,36 83 
1427255,78 64 165
1427447,47 74 171
1427447,47 63 171
1428256,15 150 
1428277,64 68 
1428904,89 249
1429038,09 173 
1429493,95 92 
1429493,95 65 
1429530,29 103 
1429530,29 101 
1430062,48 100 
1430062,48 2
1430062,48 1851
1430062,48 11
1432035,34 25 
1433768,22 75 
1433773,91 250 
1433780,21 101 
1435793,62 100 
1435793,62 2
1435793,62 1851
1435793,62 11
1435793,62 25 
1435886,58 75 
1437095,1 72 
1437179,86 70 
1437672,16 80 
1438205,64 83 
1439151,16 64 946
1439180,58 256 
1439406,07 74 242
1439406,07 61 242
1439815,51 151 
1439833,58 69 
1440345,28 93 
1440364,37 103 
1440364,37 101 
1443411,15 100 
1443411,15 2
1443411,15 1851
1443411,15 10
1445389,58 25 
1445417,09 75 
1446625,56 72 
1446709,16 70 
1447202,06 80 
1447681,62 83 
1447826,89 64 146
1448022,13 74 181
1448022,13 61 181
1448829,91 150 
1448856,22 68 
1449366,53 92 
1449366,53 65 
1449387,2 103 
1449387,2 101 
1449919,37 100 
1449919,37 2
1449919,37 1851
1449919,37 10
1451893,5 25 
1452613,48 75 
1453820,82 72 
1453906,02 70 
1454404,8 80 
1454838,61 83 
1455035,58 64 197
1455058,24 256 
1455244,64 74 193
1455244,64 61 193
1455657,7 152 
1455680,07 69 
1456143,33 249 
1456326,24 181 
1457869,7 93 
1457890,28 103 
1457890,28 101 
1460925,55 100 
1460925,55 2
1460925,55 1851
1460925,55 10
1462902,13 25 
1467820,4 75 
1469028,71 72 
1469112,89 70 
1469612,24 80 
1470152,1 83 
1470787,25 64 636
1470811,54 256 
1471669,76 74 865
1471669,76 61 865
1472077,01 150 
1472099,6 68 
1473308,98 92 
1473308,98 65 
1473323,68 103 
1473323,68 101 
1473861,57 100 
1473861,57 2
1473861,57 1851
1473861,57 10
1475830 25 
1475857,38 75 
1477063,97 72 
1477149,47 70 
1477641,08 80 
1478175,36 83 
1478186,92 64 11
1478359,93 74 146
1478359,93 61 146
1479170,44 150 
1479189,95 68 
1479698,38 92 
1479698,38 65 
1479720,98 103 
1479720,98 101 
1480258,2 100 
1480258,2 2
1480258,2 1851
1480258,2 11
1482227,26 25 
1482560,74 75 
1483772,09 72 
1484026,53 70 
1484735 80 
1485425,53 83 
1485626,55 64 201
1485802,05 256 
1485821,29 74 183
1485821,29 63 183
1486630,72 150 
1486653,45 68 
1487462,86 92 
1487462,86 65 
1487477,65 103 
1487477,65 101 
1488010,62 100 
1488010,62 2
1488010,62 1851
1488010,62 11
1489983,91 25 
1491583,61 75 
1491661,7 250 
1491675,41 101 
1493689 100 
1493689 2
1493689 1851
1493689 11
1493689 25 
1494315,03 75 
1495521 72 
1495781,54 70 
1496496,81 250 
1496513,78 101 
1498526,96 100 
1498526,96 2
1498526,96 1851
1498526,96 11
1498526,96 25 
1499380,3 75 
1499794,41 250 
1499805,32 101 
1501818,86 100 
1501818,86 2
1501818,86 1851
1501818,86 11
1501818,86 25 
1502005,1 75 
1502011,97 250 
1502017,68 101 
1504019,06 100 
1504019,06 2
1504019,06 1851
1504019,06 11
1504019,06 25 
1507402,83 75 
1507466,77 250 
1507482,03 101 
1509495,6 100 
1509495,6 2
1509495,6 1851
1509495,6 11
1509495,6 25 
1510428,07 75 
1511637,89 72 
1511653,96 70 
1511763,6 80 
1512574,36 83 
1513065,31 64 492
1513259,02 74 179
1513259,02 61 179
1513669,58 151 
1513695,32 69 
1514207,24 93 
1514226,3 103 
1514226,3 101 
1517269,83 100 
1517269,83 2
1517269,83 1851
1517269,83 11
1519238,26 25 
1519705,81 75 
1520913,86 72 
1521170,72 70 
1521990,12 80 
1522623,02 83 
1523862,19 64 1240
1524280,4 74 405
1524280,4 62 405
1524689,71 151 
1524717,3 69 
1525525,25 93 
1525541,44 103 
1525541,44 101 
1528574,96 100 
1528574,96 2
1528574,96 1851
1528574,96 10
1530553,3 25 
1531380 75 
1532589,08 72 
1532672,52 70 
1533406,06 80 
1533934,71 250 
1533951,18 101 
1535964,34 100 
1535964,34 2
1535964,34 1851
1535964,34 10
1535964,34 25 
1535991,82 75 
1537201,09 72 
1537283,97 70 
1537776,04 80 
1538269,69 83 
1538981,33 64 712
1539167,7 74 165
1539167,7 61 165
1539978,94 150 
1540004,07 68 
1541216,8 92 
1541216,8 65 
1541241,43 103 
1541241,43 101 
1541775,61 100 
1541775,61 2
1541775,61 1851
1541775,61 11
1543747,69 25 
1544534,36 75 
1545740,97 72 
1545813,88 70 
1546306,48 80 
1546839,4 83 
1547091,91 64 253
1547113,63 256 
1547300,56 74 195
1547300,56 63 195
1548110,27 150 
1548133,96 68 
1548943,37 92 
1548943,37 65 
1548958,17 103 
1548958,17 101 
1549499,78 100 
1549499,78 2
1549499,78 1851
1549499,78 11
1551477,71 25 
1552784,19 75 
1553990,97 72 
1554076,75 70 
1554572,6 80 
1555115,85 83 
1555329,59 64 214
1555520,86 74 179
1555520,86 63 179
1555930,76 150 
1555957,29 68 
1556768,35 92 
1556768,35 65 
1556781,5 103 
1556781,5 101 
1557314,16 100 
1557314,16 2
1557314,16 1851
1557314,16 10
1559287,83 25 
1560114,43 75 
1561322,02 72 
1561406,98 70 
1561897,89 80 
1562339,42 83 
1562641,89 64 303
1562824,29 74 165
1562824,29 63 165
1563636,39 151 
1563659,97 69 
1564025,59 249 
1564217,46 183 
1564468,23 93 
1564484,9 103 
1564484,9 101 
1567517,77 100 
1567517,77 2
1567517,77 1851
1567517,77 10
1569496,71 25 
1569923,55 75 
1571131,45 72 
1571216,11 70 
1571710,21 80 
1572201,93 83 
1572539,9 64 339
1572717,25 74 156
1572717,25 61 156
1573128,24 150 
1573150,01 68 
1573285,94 249
1573479,72 171
1574360,69 92 
1574360,69 65 
1574374,04 103 
1574374,04 101 
1574920,52 100 
1574920,52 2
1574920,52 1851
1574920,52 11
1576893,56 25 
1583264,55 75 
1584821,57 72 
1584903,61 70 
1585405,65 80 
1585942,71 83 
1586051,21 64 109
1586271,74 74 196
1586271,74 61 196
1586682,57 153 
1586704,15 68 
1587918 92 
1587918 65 
1587941,57 103 
1587941,57 101 
1588476,89 100 
1588476,89 2
1588476,89 1851
1588476,89 10
1590447,82 25 
1591381,13 75 
1592588,73 72 
1592673,63 70 
1593171,34 80 
1593619,49 83 
1593731,95 64 113
1593935,4 74 183
1593935,4 61 183
1594744,67 150 
1594767,48 68 
1595276,04 92 
1595276,04 65 
1595298,41 103 
1595298,41 101 
1595831,09 100 
1595831,09 2
1595831,09 1851
1595831,09 11
1597804,78 25 
1598378,1 75 
1599584,37 72 
1599670,69 70 
1600172,85 80 
1600656,44 83 
1601033,8 64 377
1601211,91 256 
1601220,2 74 164
1601220,2 63 164
1602028,7 150 
1602057,66 68 
1602866,76 92 
1602866,76 65 
1602895,19 103 
1602895,19 101 
1603438,64 100 
1603438,64 2
1603438,64 1851
1603438,64 10
1605414,77 25 
1608360,63 75 
1609569,15 72 
1609653,08 70 
1610155,16 80 
1610598,89 83 
1610605,68 64 7
1610632,91 256 
1610854,32 74 229
1610854,32 61 229
1611262,82 150 
1611281,86 68 
1612092,3 92 
1612092,3 65 
1612117,95 103 
1612117,95 101 
1612653,82 100 
1612653,82 2
1612653,82 1851
1612653,82 11
1614624,2 25 
1614651,68 75 
1615859,54 72 
1615943,72 70 
1616434,72 80 
1616916,27 83 
1617254,21 64 339
1617431,83 74 156
1617431,83 61 156
1617845,04 151 
1617864,33 69 
1618491,96 249 
1619309,14 256 
1619479,47 181 
1620462,19 93 
1620474,37 103 
1620474,37 101 
1623506,12 100 
1623506,12 2
1623506,12 1851
1623506,12 11
1625486,21 25 
1628018,82 75 
1629226,2 72 
1629311,38 70 
1629803,14 80 
1630337,16 83 
1630608,15 64 272
1630810,28 74 180
1630810,28 63 180
1631617,83 150 
1631645,95 68 
1632853,71 92 
1632853,71 65 
1632869,07 103 
1632869,07 101 
1633410,95 100 
1633410,95 2
1633410,95 1851
1633410,95 10
1635388,72 25 
1640933,43 75 
1642142,22 72 
1642399,14 70 
1643115,69 80 
1643798,09 83 
1643961,18 64 164
1644145,67 74 161
1644145,67 61 161
1644957,28 150 
1644986,05 68 
1645784,81 249
1645814,96 92 
1645814,96 65 
1645836,91 103 
1645836,91 101 
1646369,4 100 
1646369,4 2
1646369,4 1851
1646369,4 10
1648343,24 25 
1648889,98 75 
1650095,94 72 
1650342,39 70 
1651146,99 80 
1651926,39 250 
1651940,96 101 
1653941,09 100 
1653941,09 2
1653941,09 1851
1653941,09 10
1653941,09 25 
1654754,16 75 
1654859,31 250 
1654872,6 101 
1656886,2 100 
1656886,2 2
1656886,2 1851
1656886,2 10
1656886,2 25 
1656912,62 75 
1658119,71 72 
1658365,66 70 
1659017,24 80 
1659592,62 250 
1659604,27 101 
1661617,51 100 
1661617,51 2
1661617,51 1851
1661617,51 10
1661617,51 25 
1664469,97 75 
1665678,52 72 
1665935,8 70 
1666552,88 80 
1667188,15 83 
1667211,96 64 25
1667245,91 256 
1667702,83 74 476
1667702,83 61 476
1668113,7 150 
1668135,53 68 
1668646,49 92 
1668646,49 65 
1668667,18 103 
1668667,18 101 
1669203,9 100 
1669203,9 2
1669203,9 1851
1669203,9 10
1671173,41 25 
1671200,68 75 
1672409,3 72 
1672612,9 70 
1673270,76 80 
1673825,33 83 
1674137,28 64 312
1674317,01 74 159
1674317,01 61 159
1674727,92 150 
1674746,66 68 
1674998,48 249
1675127,56 171
1675954,28 92 
1675954,28 65 
1675970,74 103 
1675970,74 101 
1676511,55 100 
1676511,55 2
1676511,55 1851
1676511,55 11
1678490,31 25 
1679410,27 75 
1680617,36 72 
1680689,56 70 
1681174,93 80 
1681661,99 83 
1681915,95 64 255
1682111,38 74 183
1682111,38 63 183
1682920,85 150 
1682943,2 68 
1683899,39 249
1684153,66 92 
1684153,66 65 
1684167,3 103 
1684167,3 101 
1684700,08 100 
1684700,08 2
1684700,08 1851
1684700,08 10
1686673,51 25 
1689086,19 75 
1690294,28 72 
1690378,69 70 
1690864,96 80 
1691404,48 83 
1691569,39 64 165
1691765,85 74 175
1691765,85 61 175
1692173,22 150 
1692191,98 68 
1692699,3 92 
1692699,3 65 
1692723,62 103 
1692723,62 101 
1693255,54 100 
1693255,54 2
1693255,54 1851
1693255,54 11
1695229,9 25 
1696443,1 75 
1697651,38 72 
1697735,54 70 
1698222,19 80 
1698654,75 83 
1698910,59 64 256
1699098,33 74 164
1699098,33 63 164
1699907,28 150 
1699935,98 68 
1700745,69 92 
1700745,69 65 
1700760,18 103 
1700760,18 101 
1701310,04 100 
1701310,04 2
1701310,04 1851
1701310,04 11
1703279,93 25 
1704213,07 75 
1705419,49 72 
1705496,23 70 
1705983,58 80 
1706464,79 83 
1706871,95 64 408
1707074,19 74 184
1707074,19 61 184
1707482,67 151 
1707506,28 69 
1708317,32 93 
1708330,3 103 
1708330,3 101 
1711364,85 100 
1711364,85 2
1711364,85 1851
1711364,85 10
1713342,15 25 
1715355,02 75 
1716563,82 72 
1716647,57 70 
1717130,24 80 
1717673,31 83 
1717980,41 64 307
1718142,7 256 
1718156,99 74 165
1718156,99 63 165
1718968,38 153 
1718994,51 68 
1719751,05 249
1720202,4 92 
1720202,4 65 
1720218,59 103 
1720218,59 101 
1720753,71 100 
1720753,71 4
1720753,71 1851
1720753,71 11
1720753,71 78 
1720753,71 198 
1722724,88 25 
1724084,62 75 
1724134,43 250 
1724149,78 101 
1726150,06 100 
1726150,06 4
1726150,06 1851
1726150,06 11
1726150,06 25 
1727335,8 75 
1727369,43 250 
1727388,39 101 
1729402 100 
1729402 4
1729402 1851
1729402 11
1729402 25 
1737678,23 75 
1738884,34 72 
1738971,38 70 
1739458,5 80 
1739890,52 83 
1740224,31 64 334
1740375,64 74 139
1740375,64 63 139
1741185,6 151 
1741211,83 69 
1741856,9 249 
1743071,89 256 
1748013,09 182 
1760692,1 93 
1760708,01 103 
1760708,01 101 
1763747,42 100 
1763747,42 4
1763747,42 1851
1763747,42 11
1765719,89 25 
1767706 75 
1768914,2 72 
1768998,6 70 
1769489,71 80 
1769931,04 83 
1770687,93 64 757
1770874,05 256 
1770939,51 74 236
1770939,51 61 236
1771350,2 150 
1771371,49 68 
1772182,3 92 
1772182,3 65 
1772196,46 103 
1772196,46 101 
1772731,57 100 
1772731,57 4
1772731,57 1851
1772731,57 10
1774702,85 25 
1774730,04 75 
1775939,65 72 
1776022,26 70 
1776507,6 80 
1777061,45 83 
1777294,72 64 233
1777330,56 256 
1777734,19 74 420
1777734,19 62 420
1778145,47 150 
1778169,32 68 
1779384,73 92 
1779384,73 65 
1779406,81 103 
1779406,81 101 
1779939,91 100 
1779939,91 4
1779939,91 1851
1779939,91 11
1781913 25 
1781940,41 75 
1782099,81 250 
1782111,76 101 
1784112,11 100 
1784112,11 4
1784112,11 1851
1784112,11 11
1784112,11 25 
1784138,66 75 
1785349,25 72 
1785431,54 70 
1785925,42 80 
1786404,07 83 
1786618,85 64 215
1786814,47 74 171
1786814,47 61 171
1787622,06 150 
1787645,26 68 
1788154,75 92 
1788154,75 65 
1788176,29 103 
1788176,29 101 
1788720,29 100 
1788720,29 4
1788720,29 1851
1788720,29 10
1790695,87 25 
1793028,59 75 
1794236,9 72 
1794321,1 70 
1794809,71 80 
1795346,93 83 
1795706,03 64 360
1795914,07 74 195
1795914,07 61 195
1796721,7 151 
1796748,47 69 
1797755,15 93 
1797772,2 103 
1797772,2 101 
1800804,64 100 
1800804,64 4
1800804,64 1851
1800804,64 11
1802784,07 25 
1802811,39 75 
1804021,74 72 
1804103,6 70 
1804592,3 80 
1805022,79 83 
1805609,85 64 587
1805820,45 74 198
1805820,45 63 198
1806228,99 151 
1806250,76 69 
1806952,3 249 
1807058,63 93 
1807074,96 103 
1807074,96 101 
1810110,98 100 
1810110,98 4
1810110,98 1851
1810110,98 10
1812086,81 25 
1814246,22 75 
1815456,67 72 
1815538,73 70 
1816024,67 80 
1816511,26 83 
1816855,42 64 345
1816886,64 256 
1817115,52 74 245
1817115,52 61 245
1817526,95 151 
1817551,92 69 
1818063,4 93 
1818083,58 103 
1818083,58 101 
1821122,54 100 
1821122,54 4
1821122,54 1851
1821122,54 10
1823095,45 25 
1824628,46 75 
1825837,45 72 
1825920,98 70 
1826406,98 80 
1826893,47 83 
1827276,55 64 383
1827550,12 74 257
1827550,12 62 257
1828360,33 150 
1828387,96 68 
1828689,6 249
1828897,75 92 
1828897,75 65 
1828918,97 103 
1828918,97 101 
1829450,9 100 
1829450,9 4
1829450,9 1851
1829450,9 11
1831425,23 25 
1832251,94 75 
1833461,81 72 
1833544,47 70 
1834039,84 80 
1834583,52 83 
1834689,91 64 107
1834709,42 256 
1834910,04 74 207
1834910,04 61 207
1835322,3 152 
1835344,98 69 
1836355,53 93 
1836369,12 103 
1836369,12 101 
1839401,89 100 
1839401,89 4
1839401,89 1851
1839401,89 10
1841380,98 25 
1844166,82 75 
1845373,07 72 
1845459,4 70 
1845955,67 80 
1846391,85 83 
1846725,61 64 334
1846963,95 74 226
1846963,95 63 226
1847773,26 151 
1847793,1 69 
1848302,21 93 
1848324,05 103 
1848324,05 101 
1851371,15 100 
1851371,15 4
1851371,15 1851
1851371,15 11
1853349,19 25 
1859160,44 75 
1860369,49 72 
1860452,96 70 
1860935,45 80 
1861465,42 83 
1862071,22 64 606
1862102,62 256 
1862326,75 74 235
1862326,75 61 235
1862735,21 150 
1862759,28 68 
1863569,59 92 
1863569,59 65 
1863597,55 103 
1863597,55 101 
1864130,32 100 
1864130,32 4
1864130,32 1851
1864130,32 10
1866104,61 25 
1866877,15 75 
1868087,87 72 
1868169,76 70 
1868658,98 80 
1869088,87 83 
1869525,27 64 437
1869552,7 256 
1869825,62 74 284
1869825,62 62 284
1870633,85 150 
1870663,36 68 
1871007,31 249
1871102,33 172 
1871172,31 92 
1871172,31 65 
1871194,29 103 
1871194,29 101 
1871727,8 100 
1871727,8 4
1871727,8 1851
1871727,8 10
1873700,59 25 
1873780,84 75 
1874989,14 72 
1875073,38 70 
1875560,94 80 
1876045,88 83 
1876313,41 64 268
1876345,4 256 
1876551,51 74 226
1876551,51 62 226
1877361,49 152 
1877380,42 69 
1877606,01 249 
1878818,49 93 
1878831,04 103 
1878831,04 101 
1881872,65 100 
1881872,65 4
1881872,65 1851
1881872,65 11
1883843,01 25 
1886468,84 75 
1887675,68 72 
1887934,58 70 
1888596,78 80 
1889280,24 83 
1889313,01 64 34
1889496,18 74 163
1889496,18 61 163
1889908,91 150 
1889935,05 68 
1890746,72 92 
1890746,72 65 
1890772,65 103 
1890772,65 101 
1891310,54 100 
1891310,54 4
1891310,54 1851
1891310,54 11
1893292,2 25 
1894625,31 75 
1895834,72 72 
1896037,8 70 
1896545,27 80 
1897050,39 83 
1897307,99 64 258
1897503,92 74 175
1897503,92 63 175
1898312,3 151 
1898330,83 69 
1898761,31 249 
1898818,45 256 
1899347,54 183 
1899868,62 93 
1899888,74 103 
1899888,74 101 
1902920,64 100 
1902920,64 4
1902920,64 1851
1902920,64 11
1904900,76 25 
1905700,6 75 
1905778,78 250 
1905792,45 101 
1907806,05 100 
1907806,05 4
1907806,05 1851
1907806,05 11
1907806,05 25 
1908778,55 75 
1909986,38 72 
1910071,82 70 
1910554,66 80 
1910991 83 
1911242,34 64 252
1911264,05 256 
1911486,21 74 229
1911486,21 61 229
1911898,06 150 
1911925,71 68 
1912432,42 92 
1912432,42 65 
1912456,76 103 
1912456,76 101 
1912999,15 100 
1912999,15 4
1912999,15 1851
1912999,15 11
1914976,28 25 
1915563,1 75 
1916770,64 72 
1916855,6 70 
1917334,31 80 
1917761,46 83 
1917941,7 64 180
1918141,84 74 180
1918141,84 61 180
1918548,97 150 
1918576,2 68 
1919786,25 92 
1919786,25 65 
1919800,37 103 
1919800,37 101 
1920335,42 100 
1920335,42 4
1920335,42 1851
1920335,42 10
1922306,48 25 
1923573,01 75 
1924781,15 72 
1924865,53 70 
1925346,51 80 
1925778,27 250 
1925799,39 101 
1927810,83 100 
1927810,83 4
1927810,83 1851
1927810,83 10
1927810,83 25 
1928930,75 75 
1928959,38 250 
1928969,25 101 
1930982,84 100 
1930982,84 4
1930982,84 1851
1930982,84 10
1930982,84 25 
1932715,04 75 
1933924,16 72 
1934008,29 70 
1934494,19 80 
1934980,82 83 
1935236,23 64 256
1935405,73 74 145
1935405,73 61 145
1936217,5 151 
1936248,7 69 
1936758,91 93 
1936779,72 103 
1936779,72 101 
1939816,37 100 
1939816,37 4
1939816,37 1851
1939816,37 10
1941791,52 25 
1944950,55 75 
1945402,45 250 
1945415,57 101 
1947429,14 100 
1947429,14 4
1947429,14 1851
1947429,14 10
1947429,14 25 
1948121,8 75 
1949328,52 72 
1949415,05 70 
1949905,11 80 
1950427,53 83 
1950888,86 64 461
1950918,63 256 
1951118,86 74 212
1951118,86 61 212
1951928,7 151 
1951948,86 69 
1952757,64 93 
1952772,88 103 
1952772,88 101 
1955812,46 100 
1955812,46 4
1955812,46 1851
1955812,46 10
1957784,76 25 
1961890,05 75 
1961942,41 250 
1961955,18 101 
1963968,78 100 
1963968,78 4
1963968,78 1851
1963968,78 10
1963968,78 25 
1963995,18 75 
1964828,47 250 
1964847,29 101 
1966860,89 100 
1966860,89 4
1966860,89 1851
1966860,89 10
1966860,89 25 
1967433,6 75 
1967473,51 250 
1967486,18 101 
1969499,79 100 
1969499,79 4
1969499,79 1851
1969499,79 10
1969499,79 25 
1970685,59 75 
1971893,14 72 
1971978,81 70 
1972471,62 80 
1973004,7 83 
1973280,94 64 277
1973490,84 74 193
1973490,84 61 193
1973901,81 151 
1973926 69 
1974433,86 93 
1974443,66 103 
1974443,66 101 
1977477,54 100 
1977477,54 4
1977477,54 1851
1977477,54 11
1979455,52 25 
1980042,33 75 
1981251,71 72 
1981334,8 70 
1981817,97 80 
1982293,97 83 
1982439,25 64 146
1982639,42 74 186
1982639,42 61 186
1983451,14 150 
1983468,66 68 
1984280,17 92 
1984280,17 65 
1984306,13 103 
1984306,13 101 
1984837,99 100 
1984837,99 4
1984837,99 1851
1984837,99 11
1986812,43 25 
1988158,93 75 
1989367,61 72 
1989451,38 70 
1989939,96 80 
1990370,61 83 
1990554,54 64 184
1990719,22 74 149
1990719,22 61 149
1991128,02 152 
1991145,5 69 
1991953,44 93 
1991969,55 103 
1991969,55 101 
1995014,73 100 
1995014,73 4
1995014,73 1851
1995014,73 11
1996995,55 25 
1999287,5 75 
2000496,82 72 
2000753,21 70 
2001409,74 80 
2002005,58 83 
2002048,43 64 43
2002202,76 74 131
2002202,76 61 131
2002615,79 150 
2002633,83 68 
2003442,72 92 
2003442,72 65 
2003457,95 103 
2003457,95 101 
2003989,82 100 
2003989,82 4
2003989,82 1851
2003989,82 11
2005964,26 25 
2006724,26 75 
2007933,35 72 
2008203,4 70 
2008833,73 80 
2009367,29 250 
2009388,73 101 
2011401,9 100 
2011401,9 4
2011401,9 1851
2011401,9 11
2011401,9 25 
2011429,04 75 
2012637,31 72 
2012841,4 70 
2013349,6 80 
2013893,88 83 
2013966,86 64 73
2014135,08 74 149
2014135,08 61 149
2014946 150 
2014975,18 68 
2016184,62 92 
2016184,62 65 
2016199,2 103 
2016199,2 101 
2016731,9 100 
2016731,9 4
2016731,9 1851
2016731,9 11
2018705,45 25 
2019652,18 75 
2020861,62 72 
2020944,6 70 
2021437,79 80 
2021917,15 83 
2022057,31 64 141
2022248,84 74 172
2022248,84 61 172
2022660,01 150 
2022678,62 68 
2023185,65 92 
2023185,65 65 
2023209,57 103 
2023209,57 101 
2023749,49 100 
2023749,49 4
2023749,49 1851
2023749,49 10
2025729,2 25 
2026583,43 75 
2027792,23 72 
2027875,01 70 
2028367,1 80 
2028807,51 83 
2029297,26 64 490
2029591,89 74 279
2029591,89 62 279
2030403,39 150 
2030421,94 68 
2030798,2 249
2030930,7 92 
2030930,7 65 
2030952,97 103 
2030952,97 101 
2031489,13 100 
2031489,13 4
2031489,13 1851
2031489,13 10
2033459,28 25 
2033832,75 75 
2035041,95 72 
2035125,29 70 
2035623,53 80 
2036164,38 83 
2036345,49 64 181
2036582,93 256 
2036596,85 74 232
2036596,85 61 232
2037406,58 151 
2037432,3 69 
2037943,85 93 
2037963,35 103 
2037963,35 101 
2040996,19 100 
2040996,19 4
2040996,19 1851
2040996,19 10
2042975,16 25 
2043002,46 75 
2044210,42 72 
2044294,7 70 
2044789,54 80 
2045280,5 83 
2045464,54 64 184
2045635,88 74 156
2045635,88 61 156
2046047,13 151 
2046068,67 69 
2047078,71 93 
2047092,73 103 
2047092,73 101 
2050135,29 100 
2050135,29 4
2050135,29 1851
2050135,29 10
2052104,61 25 
2053317,76 75 
2054525,01 72 
2054610,29 70 
2055103,03 80 
2055556,15 83 
2055841,86 64 286
2056008,14 74 146
2056008,14 61 146
2056818,37 151 
2056837,43 69 
2057847,13 93 
2057861,58 103 
2057861,58 101 
2060893,46 100 
2060893,46 4
2060893,46 1851
2060893,46 10
2062873,36 25 
2064486,32 75 
2065695,19 72 
2065778,9 70 
2066267 80 
2066804,68 83 
2067071,21 64 267
2067090,85 256 
2067304,15 74 220
2067304,15 62 220
2067714,42 150 
2067738,68 68 
2068125,42 249
2068249,53 92 
2068249,53 65 
2068270,37 103 
2068270,37 101 
2068807,72 100 
2068807,72 4
2068807,72 1851
2068807,72 10
2070776,65 25 
2071323,41 75 
2072529,53 72 
2072615,96 70 
2073116,57 80 
2073601,81 83 
2073940,18 64 339
2073973,19 256 
2074192,32 74 231
2074192,32 61 231
2075003,11 151 
2075029,63 69 
2075839,95 93 
2075853,84 103 
2075853,84 101 
2078892,82 100 
2078892,82 4
2078892,82 1851
2078892,82 10
2080865,72 25 
2081892,26 75 
2083100,63 72 
2083184,78 70 
2083681 80 
2084223,93 83 
2084526,06 64 303
2084725,44 74 182
2084725,44 63 182
2085135,74 151 
2085158,72 69 
2086170,6 93 
2086182,74 103 
2086182,74 101 
2089216,57 100 
2089216,57 4
2089216,57 1851
2089216,57 10
2091194,64 25 
2091728,09 75 
2092937,66 72 
2093020,62 70 
2093513 80 
2093993,1 83 
2094290,96 64 299
2094486,89 74 175
2094486,89 61 175
2095296,82 151 
2095327,68 69 
2095837,41 93 
2095858,65 103 
2095858,65 101 
2098890,59 100 
2098890,59 4
2098890,59 1851
2098890,59 11
2100870,49 25 
2103483,07 75 
2104690,38 72 
2104775,61 70 
2105162,38 250 
2105174,57 101 
2107174,64 100 
2107174,64 4
2107174,64 1851
2107174,64 11
2107174,64 25 
2109694 75 
2110902,83 72 
2110918,83 70 
2111027,29 80 
2111479,07 83 
2111821,65 64 343
2112016,6 74 178
2112016,6 61 178
2112426,27 150 
2112452,99 68 
2112681,94 249
2112808,75 171
2113263,44 92 
2113263,44 65 
2113277,89 103 
2113277,89 101 
2113830,19 100 
2113830,19 4
2113830,19 1851
2113830,19 11
2115797,5 25 
2116530,88 75 
2117737,88 72 
2117996,64 70 
2118703,09 80 
2119335,88 250 
2119355,23 101 
2121368,44 100 
2121368,44 4
2121368,44 1851
2121368,44 11
2121368,44 25 
2122635,06 75 
2123845,44 72 
2124100,77 70 
2124752,31 80 
2125286,43 83 
2125735,85 64 449
2125910,86 74 158
2125910,86 61 158
2126319,39 150 
2126341,12 68 
2127149,56 92 
2127149,56 65 
2127165,34 103 
2127165,34 101 
2127697,06 100 
2127697,06 4
2127697,06 1851
2127697,06 11
2129671,58 25 
2131044,65 75 
2132252,38 72 
2132337,22 70 
2132830,86 80 
2133363,02 83 
2133400,51 64 38
2133423,44 256 
2133599,89 74 184
2133599,89 61 184
2134411 150 
2134431 68 
2134942,39 92 
2134942,39 65 
2134962,02 103 
2134962,02 101 
2135494,16 100 
2135494,16 4
2135494,16 1851
2135494,16 11
2137468,28 25 
2138801,39 75 
2140007,81 72 
2140080,75 70 
2140564,6 80 
2140999,78 83 
2141270,78 64 271
2141464,63 74 172
2141464,63 61 172
2142273,74 150 
2142294,28 68 
2143504,99 92 
2143504,99 65 
2143518,36 103 
2143518,36 101 
2144056,02 100 
2144056,02 4
2144056,02 1851
2144056,02 10
2146024,76 25 
2150596,32 75 
2151806,44 72 
2151888,87 70 
2152281,58 250 
2152301,31 101 
2154314,38 100 
2154314,38 4
2154314,38 1851
2154314,38 10
2154314,38 25 
2154341,46 75 
2154371,69 250 
2154379,94 101 
2156393,53 100 
2156393,53 4
2156393,53 1851
2156393,53 10
2156393,53 25 
2156419,79 75 
2157627,12 72 
2157645,63 70 
2157755,42 80 
2158245,73 83 
2158514,52 64 269
2158834,58 256 
2158946,42 74 408
2158946,42 62 408
2159356,3 150 
2159380,44 68 
2159888,68 92 
2159888,68 65 
2159911,37 103 
2159911,37 101 
2160446,83 100 
2160446,83 4
2160446,83 1851
2160446,83 10
2162417,62 25 
2168255,53 75 
2169462,27 72 
2169548,05 70 
2170033,69 80 
2170573,83 83 
2171002,97 64 430
2171181,76 74 155
2171181,76 61 155
2171591,29 151 
2171615,22 69 
2172036,44 249 
2172070,57 256 
2172378,56 182 
2215064,47 93 
2215074,53 103 
2215074,53 101 
2218107,03 100 
2218107,03 4
2218107,03 1851
2218107,03 11
2220086,4 25 
2220114,14 75 
2221323,36 72 
2221405,95 70 
2221895,63 80 
2222338,47 83 
2222686,87 64 348
2222852,28 74 141
2222852,28 61 141
2223659,95 152 
2223686,48 69 
2223804 249 
2223926,62 181 
2224695,64 93 
2224710,45 103 
2224710,45 101 
2227755,88 100 
2227755,88 4
2227755,88 1851
2227755,88 10
2229722,37 25 
2231815,11 75 
2233024,79 72 
2233280,9 70 
2234084,54 80 
2234613,21 83 
2234947,06 64 335
2234966,19 256 
2235185,36 74 226
2235185,36 61 226
2235996,31 151 
2236027,85 69 
2236538,49 93 
2236558,76 103 
2236558,76 101 
2239592,5 100 
2239592,5 4
2239592,5 1851
2239592,5 11
2241570,57 25 
2242490,53 75 
2243698,44 72 
2243783,06 70 
2244167,69 250 
2244182,09 101 
2246195,3 100 
2246195,3 4
2246195,3 1851
2246195,3 11
2246195,3 25 
2246222,88 75 
2247430,41 72 
2247447,36 70 
2247558,05 80 
2248047,5 83 
2248450,24 64 403
2248703,85 74 231
2248703,85 63 231
2249114,24 151 
2249142,12 69 
2249756,61 249 
2249957,85 183 
2250152,77 93 
2250166,25 103 
2250166,25 101 
2253201,23 100 
2253201,23 4
2253201,23 1851
2253201,23 11
2255178,14 25 
2257790,68 75 
2258999,07 72 
2259083,23 70 
2259566,98 80 
2260002,64 83 
2260411,46 64 409
2260612,38 74 184
2260612,38 61 184
2261422,61 150 
2261443,63 68 
2262651,88 92 
2262651,88 65 
2262667,63 103 
2262667,63 101 
2263207,68 100 
2263207,68 4
2263207,68 1851
2263207,68 11
2265173,9 25 
2265800,67 75 
2267010,34 72 
2267093,16 70 
2267577,81 80 
2268065,66 83 
2268199,25 64 134
2268219,05 256 
2268393,84 74 183
2268393,84 61 183
2268803,21 150 
2268828,12 68 
2269337,63 92 
2269337,63 65 
2269358,1 103 
2269358,1 101 
2269889,77 100 
2269889,77 4
2269889,77 1851
2269889,77 10
2271864,41 25 
2271891,59 75 
2273100,67 72 
2273183,91 70 
2273666,63 80 
2274103,29 83 
2274377,13 64 275
2274594,91 74 199
2274594,91 63 199
2275404,96 151 
2275424,35 69 
2275939,05 93 
2275955,31 103 
2275955,31 101 
2278987,12 100 
2278987,12 4
2278987,12 1851
2278987,12 10
2280967,24 25 
2283273,31 75 
2284480,56 72 
2284552,42 70 
2285035,97 80 
2285578,17 83 
2285801,88 64 224
2286019,3 74 202
2286019,3 61 202
2286428,69 153 
2286459,61 68 
2287669,15 92 
2287669,15 65 
2287683,63 103 
2287683,63 101 
2288229,8 100 
2288229,8 4
2288229,8 1851
2288229,8 10
2290203,23 25 
2290230,42 75 
2291438,97 72 
2291522,73 70 
2292013,93 80 
2292495,24 83 
2292685,53 64 191
2292847,1 74 139
2292847,1 61 139
2293657,96 151 
2293683,25 69 
2294049,93 256 
2294068,48 249 
2294219,05 181 
2296299,63 93 
2296319,95 103 
2296319,95 101 
2299351,93 100 
2299351,93 4
2299351,93 1851
2299351,93 10
2301331,84 25 
2301518,8 75 
2302728,24 72 
2302811,29 70 
2303303,07 80 
2303730,49 83 
2303989,6 64 259
2304175,97 74 166
2304175,97 61 166
2304587,06 151 
2304611,88 69 
2305034,24 249 
2305150,83 181 
2305993,35 256 
2306515,27 93 
2306542,31 103 
2306542,31 101 
2309577,26 100 
2309577,26 4
2309577,26 1851
2309577,26 11
2311567,43 25 
2314819,74 75 
2316025,89 72 
2316112,27 70 
2316607,99 80 
2317151,45 83 
2317234,74 64 83
2317422,89 74 166
2317422,89 61 166
2318231,78 150 
2318259,4 68 
2318767,56 92 
2318767,56 65 
2318790,39 103 
2318790,39 101 
2319329,32 100 
2319329,32 4
2319329,32 1851
2319329,32 11
2321309,97 25 
2321776,82 75 
2322983,65 72 
2323069,36 70 
2323549,97 80 
2324028,55 83 
2324115,94 64 88
2324298,81 74 164
2324298,81 61 164
2324707,23 150 
2324736,64 68 
2325547,3 92 
2325547,3 65 
2325560,99 103 
2325560,99 101 
2326097,24 100 
2326097,24 4
2326097,24 1851
2326097,24 11
2328067,23 25 
2338074,74 254 
2338088,75 101 
2340101,26 100 
2340101,26 4
2340101,26 1851
2340101,26 11
2340101,26 25 
2340488,91 75 
2340736,27 250 
2340753,94 101 
2342767,49 100 
2342767,49 4
2342767,49 1851
2342767,49 11
2342767,49 25 
2343180,28 75 
2343832,74 250 
2343846,01 101 
2345859,57 100 
2345859,57 4
2345859,57 1851
2345859,57 11
2345859,57 25 
2346325,71 75 
2346638,12 250 
2346644,74 101 
2348658,39 100 
2348658,39 4
2348658,39 1851
2348658,39 11
2348658,39 25 
2353256,17 75 
2353582,77 250 
2353601,78 101 
2355615,37 100 
2355615,37 4
2355615,37 1851
2355615,37 11
2355615,37 25 
2357014,39 75 
2357128,43 250 
2357146,94 101 
2359147,34 100 
2359147,34 4
2359147,34 1851
2359147,34 11
2359147,34 25 
2362425,47 75 
2362468,95 250 
2362478,02 101 
2364491,58 100 
2364491,58 4
2364491,58 1851
2364491,58 11
2364491,58 25 
2365144,26 75 
2366353,42 72 
2366610,81 70 
2367417,22 80 
2368156,39 83 
2368163,05 64 7
2368339,71 74 157
2368339,71 61 157
2368746,93 150 
2368771,2 68 
2369280,67 92 
2369280,67 65 
2369302,23 103 
2369302,23 101 
2369833,94 100 
2369833,94 4
2369833,94 1851
2369833,94 10
2371808,46 25 
2372808,41 75 
2374017,34 72 
2374274,2 70 
2375081,8 80 
2375833,13 83 
2376039,29 64 207
2376096,66 256 
2376362,5 74 303
2376362,5 63 303
2377170,05 153 
2377194,3 68 
2378402,06 92 
2378402,06 65 
2378418,36 103 
2378418,36 101 
2378969,17 100 
2378969,17 4
2378969,17 1851
2378969,17 10
2380937,91 25 
2384070,28 75 
2385278,35 72 
2385482,76 70 
2386143 80 
2386841,73 83 
2386921,05 64 80
2386953,48 256 
2387272,03 74 338
2387272,03 61 338
2387682,37 151 
2387709,86 69 
2388717,8 93 
2388733,94 103 
2388733,94 101 
2391765,56 100 
2391765,56 4
2391765,56 1851
2391765,56 11
2393745,84 25 
2395518,73 75 
2396046,07 250 
2396063,7 101 
2398077,33 100 
2398077,33 4
2398077,33 1851
2398077,33 11
2398077,33 25 
2398103,59 75 
2399312,46 72 
2399396,81 70 
2399879,59 80 
2400369,37 83 
2400806,8 64 437
2400836,16 256 
2403259,91 74 2438
2403259,91 61 2438
2403762,96 251 
2403762,96 242 
2403780,76 101 
2405780,9 100 
2405780,9 4
2405780,9 1851
2405780,9 11
2405780,9 25 
2408859,7 75 
2410066,26 72 
2410138,9 70 
2410623,18 80 
2411111,49 83 
2411340,1 64 229
2411380,96 256 
2411564,1 74 200
2411564,1 61 200
2412371,38 150 
2412392,7 68 
2412901,41 92 
2412901,41 65 
2412923,65 103 
2412923,65 101 
2413459,79 100 
2413459,79 4
2413459,79 1851
2413459,79 11
2415429,97 25 
2421601,04 75 
2422807,24 72 
2422893,49 70 
2423379,91 80 
2423812,67 83 
2424951,84 64 1139
2425143,83 74 172
2425143,83 63 172
2425955,14 151 
2425973,51 69 
2426487,19 249 
2426785,65 93 
2426797,73 103 
2426797,73 101 
2429844,71 100 
2429844,71 4
2429844,71 1851
2429844,71 10
2431822,9 25 
2433582,66 75 
2434075,8 250 
2434087,52 101 
2436101,14 100 
2436101,14 4
2436101,14 1851
2436101,14 10
2436101,14 25 
2436127,62 75 
2437118,73 250 
2437126,22 101 
2439126,69 100 
2439126,69 4
2439126,69 1851
2439126,69 10
2439126,69 25 
2441178,64 75 
2442388,46 72 
2442471,88 70 
2442963,16 80 
2443444,36 83 
2443675,84 64 231
2443833,59 74 136
2443833,59 61 136
2444243,17 151 
2444271,74 69 
2444780,91 93 
2444803,39 103 
2444803,39 101 
2447836,55 100 
2447836,55 4
2447836,55 1851
2447836,55 11
2449815,25 25 
2450335,39 75 
2452098,05 72 
2452174,34 70 
2452664,69 80 
2453200,15 83 
2453353,17 64 154
2453384,17 256 
2453568,38 74 195
2453568,38 61 195
2454378,6 150 
2454400,73 68 
2455608,17 92 
2455608,17 65 
2455625,48 103 
2455625,48 101 
2456157,19 100 
2456157,19 4
2456157,19 1851
2456157,19 10
2458131,7 25 
2459384,87 75 
2460592,15 72 
2460677,4 70 
2461166,49 80 
2461596,62 83 
2461900,85 64 304
2462139,4 74 223
2462139,4 61 223
2462550,55 151 
2462571,27 69 
2463578,92 93 
2463595,42 103 
2463595,42 101 
2466642,8 100 
2466642,8 4
2466642,8 1851
2466642,8 10
2468620,59 25 
2469140,73 75 
2469561,33 250 
2469579,06 101 
2471592,67 100 
2471592,67 4
2471592,67 1851
2471592,67 10
2471592,67 25 
2472725,11 75 
2473933,16 72 
2474018,38 70 
2474499,72 80 
2474924,24 83 
2475175,29 64 252
2475365,57 74 175
2475365,57 63 175
2476177,11 151 
2476205,48 69 
2476722,81 249 
2476919,66 183 
2477216,15 93 
2477229,6 103 
2477229,6 101 
2480262,87 100 
2480262,87 4
2480262,87 1851
2480262,87 11
2482241,44 25 
2486373,39 75 
2487580,85 72 
2487839,17 70 
2488639,19 80 
2489478,06 83 
2489674,07 64 197
2489890,06 74 199
2489890,06 61 199
2490300,3 150 
2490319,52 68 
2490829,24 92 
2490829,24 65 
2490850,49 103 
2490850,49 101 
2491384,81 100 
2491384,81 4
2491384,81 1851
2491384,81 11
2493356,77 25 
2500315,69 75 
2501525,59 72 
2501779,95 70 
2502506,62 80 
2503205,58 83 
2503218,73 64 13
2503384,25 74 153
2503384,25 61 153
2504196,07 150 
2504220,2 68 
2505429,6 92 
2505429,6 65 
2505444,24 103 
2505444,24 101 
2505985,66 100 
2505985,66 4
2505985,66 1851
2505985,66 11
2507963,84 25 
2517693,6 75 
2518158,97 250 
2518171,73 101 
2520185,34 100 
2520185,34 4
2520185,34 1851
2520185,34 11
2520185,34 25 
2521331,11 75 
2522071,66 250 
2522090,05 101 
2524090,43 100 
2524090,43 4
2524090,43 1851
2524090,43 11
2524090,43 25 
2534089,81 254 
2534098,63 101 
2536112,14 100 
2536112,14 4
2536112,14 1851
2536112,14 11
2536112,14 25 
2540429,78 75 
2541228,72 250 
2541241,89 101 
2543242,36 100 
2543242,36 4
2543242,36 1851
2543242,36 11
2543242,36 25 
2550518,7 75 
2550657,93 250 
2550664,56 101 
2552678,12 100 
2552678,12 4
2552678,12 1851
2552678,12 11
2552678,12 25 
2554143,78 75 
2554338,65 250 
2554356,33 101 
2556369,92 100 
2556369,92 4
2556369,92 1851
2556369,92 11
2556369,92 25 
2565432,68 75 
2566642,13 72 
2566898,86 70 
2567707,13 250 
2567724,33 101 
2569724,26 100 
2569724,26 4
2569724,26 1851
2569724,26 11
2569724,26 25 
2570990,69 75 
2572198,96 72 
2572215,77 70 
2572323,49 80 
2573149,09 83 
2573156,03 64 8
2573258,73 74 83
2573258,73 61 83
2573670,24 150 
2573697,28 68 
2573747,38 249
2574016,18 171
2574909,96 92 
2574909,96 65 
2574934,67 103 
2574934,67 101 
2575474,36 100 
2575474,36 4
2575474,36 1851
2575474,36 10
2577454,24 25 
2577481,5 75 
2578689,23 72 
2578933,72 70 
2579750,82 80 
2580426 83 
2580666,17 64 241
2580879,18 256 
2580888,39 74 209
2580888,39 61 209
2581699,62 151 
2581720,54 69 
2582531,96 93 
2582544,8 103 
2582544,8 101 
2585576,61 100 
2585576,61 4
2585576,61 1851
2585576,61 11
2587556,67 25 
2590609,11 75 
2591816,45 72 
2591901,6 70 
2592393,57 80 
2592940,66 83 
2593023,88 64 83
2593196,86 74 150
2593196,86 61 150
2593290,13 256 
2593698,98 152 
2593728,75 69 
2594736,16 93 
2594752,93 103 
2594752,93 101 
2597795,07 100 
2597795,07 4
2597795,07 1851
2597795,07 10
2599764,76 25 
2600219,16 75 
2601428,37 72 
2601510,84 70 
2602006,71 80 
2602443,29 83 
2602716,06 64 273
2602879,6 256 
2602888,04 74 152
2602888,04 61 152
2603696,16 151 
2603724,51 69 
2604535,64 93 
2604548,78 103 
2604548,78 101 
2607580,83 100 
2607580,83 5
2607580,83 1851
2607580,83 11
2607580,83 78 
2607580,83 198 
2609560,58 25 
2611226,88 75 
2611271,02 250 
2611278,78 101 
2613292,37 100 
2613292,37 5
2613292,37 1851
2613292,37 11
2613292,37 25 
2615091,18 75 
2615097,11 250 
2615103,77 101 
2617117,42 100 
2617117,42 5
2617117,42 1851
2617117,42 11
2617117,42 25 
2617943,3 75 
2617949,41 250 
2617956,04 101 
2619969,46 100 
2619969,46 5
2619969,46 1851
2619969,46 11
2619969,46 25 
2622034,89 75 
2623243,29 72 
2623328,13 70 
2623723,96 250 
2623740,47 101 
2625754,59 100 
2625754,59 5
2625754,59 1851
2625754,59 11
2625754,59 25 
2625781,09 75 
2626988,88 72 
2627005,82 70 
2627113,73 80 
2627592,61 83 
2627889,31 64 297
2628016,92 256 
2628371,1 74 459
2628371,1 61 459
2629895,83 251 
2629895,83 242 
2629911,16 101 
2631924,42 100 
2631924,42 5
2631924,42 1851
2631924,42 11
2631924,42 25 
2639668,12 75 
2640877,1 72 
2640960,65 70 
2641458,18 80 
2641946,48 83 
2642196,54 64 250
2642380,63 74 168
2642380,63 61 168
2642789,37 151 
2642814,56 69 
2643824,12 93 
2643838,7 103 
2643838,7 101 
2646873,86 100 
2646873,86 5
2646873,86 1851
2646873,86 11
2648850,56 25 
2656714,2 75 
2656969,09 250 
2656979,28 101 
2658992,89 100 
2658992,89 5
2658992,89 1851
2658992,89 11
2658992,89 25 
2659952,09 75 
2659982,9 250 
2659991,36 101 
2662004,94 100 
2662004,94 5
2662004,94 1851
2662004,94 11
2662004,94 25 
2672004,72 254 
2672013,31 101 
2674025,9 100 
2674025,9 5
2674025,9 1851
2674025,9 11
2674025,9 25 
2674052,77 75 
2675145,75 250 
2675158,22 101 
2677171,79 100 
2677171,79 5
2677171,79 1851
2677171,79 11
2677171,79 25 
2679210,55 75 
2679267,02 250 
2679276,53 101 
2681290,08 100 
2681290,08 5
2681290,08 1851
2681290,08 11
2681290,08 25 
2681316,38 75 
2682524,17 72 
2682609,6 70 
2683104,22 80 
2683648,73 83 
2683804,65 64 156
2683967,6 74 146
2683967,6 61 146
2684377,63 151 
2684396,93 69 
2684906,81 93 
2684927,85 103 
2684927,85 101 
2687970,9 100 
2687970,9 5
2687970,9 1851
2687970,9 10
2689939,68 25 
2696097,43 75 
2697303,33 72 
2697496,55 70 
2697905,05 250 
2697922,24 101 
2699922,29 100 
2699922,29 5
2699922,29 1851
2699922,29 10
2699922,29 25 
2699949,5 75 
2700104,13 250 
2700121,09 101 
2702134,5 100 
2702134,5 5
2702134,5 1851
2702134,5 10
2702134,5 25 
2707505,19 75 
2707550,63 250 
2707557,75 101 
2709571,35 100 
2709571,35 5
2709571,35 1851
2709571,35 10
2709571,35 25 
2711570,11 75 
2711612,96 250 
2711622,7 101 
2713623,19 100 
2713623,19 5
2713623,19 1851
2713623,19 10
2713623,19 25 
2717714,17 75 
2718922,14 72 
2718939,98 70 
2719050,63 80 
2719486,79 83 
2720209,97 64 724
2720240,55 256 
2720352,64 74 120
2720352,64 62 120
2721160,1 151 
2721181,26 69 
2722194,55 93 
2722205,31 103 
2722205,31 101 
2725239,73 100 
2725239,73 5
2725239,73 1851
2725239,73 10
2727217,18 25 
2730909,32 75 
2732117,36 72 
2732201,85 70 
2732691,33 80 
2733214,26 83 
2733378,46 64 164
2733554,44 74 154
2733554,44 63 154
2733962,79 150 
2733989,03 68 
2735200,22 92 
2735200,22 65 
2735226,43 103 
2735226,43 101 
2735759,37 100 
2735759,37 5
2735759,37 1851
2735759,37 10
2737746,13 25 
2737826,3 75 
2739033,94 72 
2739118,89 70 
2739606,19 80 
2740091,36 83 
2740349,26 64 258
2740384,55 256 
2740543,83 74 173
2740543,83 63 173
2741355,51 150 
2741372,67 68 
2741882,7 92 
2741882,7 65 
2741903,62 103 
2741903,62 101 
2742451,15 100 
2742451,15 5
2742451,15 1851
2742451,15 11
2744423,2 25 
2744450,57 75 
2745659,58 72 
2745742,7 70 
2746239,56 80 
2746675,21 83 
2746807,99 64 134
2746976,63 74 155
2746976,63 61 155
2747786,54 151 
2747809,91 69 
2748817,39 93 
2748834,05 103 
2748834,05 101 
2751865,75 100 
2751865,75 5
2751865,75 1851
2751865,75 11
2753845,8 25 
2753873,02 75 
2755079,47 72 
2755165,36 70 
2755650,97 80 
2756137,86 83 
2756391,55 64 254
2756563 74 159
2756563 63 159
2756970,87 151 
2756992,73 69 
2757501,82 93 
2757523,6 103 
2757523,6 101 
2760558,36 100 
2760558,36 5
2760558,36 1851
2760558,36 10
2762535,45 25 
2765987,71 75 
2767196,52 72 
2767280,17 70 
2767768,57 80 
2768292,74 83 
2768669,49 64 377
2768936,07 74 244
2768936,07 63 244
2769743,3 150 
2769773,82 68 
2770983,87 92 
2770983,87 65 
2771011,2 103 
2771011,2 101 
2771550,24 100 
2771550,24 5
2771550,24 1851
2771550,24 11
2773530,78 25 
2774770,6 75 
2775977,17 72 
2776063,19 70 
2776549,73 80 
2777037,28 83 
2777338,78 64 303
2777378,63 256 
2777860,99 74 506
2777860,99 61 506
2778269,39 151 
2778290,23 69 
2778798,71 93 
2778807,89 103 
2778807,89 101 
2781843,82 100 
2781843,82 5
2781843,82 1851
2781843,82 11
2783819,71 25 
2784046,68 75 
2785255,78 72 
2785339,2 70 
2785827,88 80 
2786258,35 83 
2786558,22 64 300
2786768,81 74 191
2786768,81 63 191
2787576,45 153 
2787606,22 68 
2788117,71 92 
2788117,71 65 
2788137,23 103 
2788137,23 101 
2788669,41 100 
2788669,41 5
2788669,41 1851
2788669,41 10
2790643,53 25 
2791736,84 75 
2792945,32 72 
2793029,23 70 
2793526,62 80 
2794068,37 83 
2794137,64 64 69
2794304,19 74 143
2794304,19 61 143
2794712,14 151 
2794736,58 69 
2795743,46 93 
2795760,69 103 
2795760,69 101 
2798804,08 100 
2798804,08 5
2798804,08 1851
2798804,08 10
2800772,75 25 
2805490,98 75 
2806697,32 72 
2806956,63 70 
2807768,27 80 
2808544,82 250 
2808555,14 101 
2810568,37 100 
2810568,37 5
2810568,37 1851
2810568,37 10
2810568,37 25 
2811341,71 75 
2812550,51 72 
2812794,21 70 
2813496 80 
2814126,5 83 
2814390,48 64 264
2814589,07 74 183
2814589,07 63 183
2815401,48 150 
2815421,09 68 
2816234,21 92 
2816234,21 65 
2816258,59 103 
2816258,59 101 
2816790,55 100 
2816790,55 5
2816790,55 1851
2816790,55 10
2818764,85 25 
2819551,55 75 
2820759,12 72 
2820844,06 70 
2821329,74 80 
2821816,53 83 
2822495,42 64 678
2822520,35 256 
2822742,23 74 233
2822742,23 61 233
2823155,06 151 
2823177,74 69 
2823989,96 93 
2824002,01 103 
2824002,01 101 
2827038,86 100 
2827038,86 5
2827038,86 1851
2827038,86 11
2829013,96 25 
2829187,47 75 
2829275,85 250 
2829292,61 101 
2831306,19 100 
2831306,19 5
2831306,19 1851
2831306,19 11
2831306,19 25 
2831333,81 75 
2832541,07 72 
2832625,75 70 
2833114,45 80 
2833544,91 83 
2833952,24 64 408
2834096,03 74 125
2834096,03 62 125
2835082,04 150 
2835106,18 68 
2835614,79 92 
2835614,79 65 
2835637,04 103 
2835637,04 101 
2836179,54 100 
2836179,54 5
2836179,54 1851
2836179,54 10
2838156,59 25 
2841568,84 75 
2842777,09 72 
2842861,33 70 
2843344,61 80 
2843780,54 83 
2843983,72 64 203
2844188,71 74 182
2844188,71 63 182
2844596,84 150 
2844621,98 68 
2845133,56 92 
2845133,56 65 
2845152,97 103 
2845152,97 101 
2848041,37 102 
