87,31 100 
87,31 4
87,31 1889
87,31 10
2026,87 25 
2052,29 75 
3258,98 72 
3517,8 70 
4318,9 80 
5010,59 83 
5019,15 64 8
5200,65 74 149
5200,65 62 149
6016,98 150 
6037,19 68 
6454,29 249
6846,7 92 
6846,7 65 
6864,68 103 
6864,68 101 
7396,19 100 
7396,19 4
7396,19 1889
7396,19 10
9369,21 25 
9436,2 75 
10645,74 72 
10902 70 
11550,75 80 
12034,36 83 
12172,58 64 139
12337,79 74 144
12337,79 62 144
12750,25 150 
12768,59 68 
13337,07 249
13979,21 92 
13979,21 65 
13993,18 103 
13993,18 101 
14528,12 100 
14528,12 4
14528,12 1889
14528,12 11
16499,53 25 
16526,82 75 
17736,65 72 
17819,13 70 
18321,57 80 
18858,15 83 
18952,54 64 95
19161,72 74 196
19161,72 63 196
19975,8 151 
20004,63 69 
20813,46 93 
20830,28 103 
20830,28 101 
24370,03 100 
24370,03 4
24370,03 1889
24370,03 11
26348,68 25 
26375,99 75 
27586,3 72 
27668,3 70 
28154,04 80 
28627,48 83 
28752,73 64 126
28944,1 74 169
28944,1 61 169
29357,02 150 
29375,04 68 
29887,13 92 
29887,13 65 
29906,48 103 
29906,48 101 
30441,9 100 
30441,9 4
30441,9 1889
30441,9 10
32412,92 25 
32440,13 75 
33649,46 72 
33732,32 70 
34222,14 80 
34688,56 250 
34704,72 101 
36717,63 100 
36717,63 4
36717,63 1889
36717,63 10
36717,63 25 
36745,71 75 
37953,32 72 
38037,24 70 
38521,33 80 
39063 83 
39070,39 64 8
39248,16 74 159
39248,16 62 159
40058,51 150 
40077,7 68 
40379,44 249
40566,75 172 
40888,91 92 
40888,91 65 
40915,2 103 
40915,2 101 
41448,56 100 
41448,56 4
41448,56 1889
41448,56 11
43421,53 25 
43448,82 75 
44657,85 72 
44741,08 70 
45231,39 80 
45660,25 83 
45837,23 64 178
46000,77 74 141
46000,77 61 141
46408,92 150 
46434,31 68 
47643,77 92 
47643,77 65 
47659,03 103 
47659,03 101 
48202,35 100 
48202,35 4
48202,35 1889
48202,35 11
50178,69 25 
50205,93 75 
51412,52 72 
51498,2 70 
51980,11 80 
52404,03 83 
52511,94 64 108
52663,52 74 140
52663,52 61 140
53072,66 150 
53098,91 68 
53907,9 92 
53907,9 65 
53923,05 103 
53923,05 101 
54456,27 100 
54456,27 4
54456,27 1889
54456,27 11
56429,39 25 
56456,72 75 
57665,91 72 
57748,88 70 
58240,24 80 
58761,37 83 
58926,43 64 166
59098,9 74 151
59098,9 61 151
59906,17 150 
59936,03 68 
60447,75 92 
60447,75 65 
60466,93 103 
60466,93 101 
61003,65 100 
61003,65 4
61003,65 1889
61003,65 10
62986,59 25 
63014,33 75 
64223,07 72 
64306,17 70 
64792,86 80 
65278,6 83 
65472,89 64 195
65631,74 74 140
65631,74 62 140
66045,01 150 
66066,82 68 
66305,82 249
67276,87 92 
67276,87 65 
67290,74 103 
67290,74 101 
67830,53 100 
67830,53 4
67830,53 1889
67830,53 10
69810,41 25 
69837,79 75 
71047,6 72 
71129,92 70 
71616,27 80 
72089,04 83 
72188,52 64 100
72350,72 74 142
72350,72 62 142
73161,21 152 
73183,78 69 
73693,07 93 
73714,7 103 
73714,7 101 
77249,3 100 
77249,3 4
77249,3 1889
77249,3 10
79219,73 25 
79247,08 75 
80454,69 72 
80539,29 70 
81018,19 80 
81445,09 83 
81704,72 64 260
81890,59 74 166
81890,59 61 166
82300,59 151 
82326,6 69 
83337,17 93 
83350,62 103 
83350,62 101 
86883,39 100 
86883,39 4
86883,39 1889
86883,39 11
88855,67 25 
88882,96 75 
90090,49 72 
90175,24 70 
90668,95 80 
91187,67 83 
91331,19 64 143
91510,14 74 162
91510,14 61 162
92318,26 150 
92335,07 68 
93143,19 92 
93143,19 65 
93159,85 103 
93159,85 101 
93706,59 100 
93706,59 4
93706,59 1889
93706,59 11
95679,44 25 
95706,67 75 
96914,55 72 
96999,05 70 
97484,81 80 
98011,5 83 
98049,42 64 39
98205,3 74 141
98205,3 61 141
98617,35 150 
98639,75 68 
99450,24 92 
99450,24 65 
99463,95 103 
99463,95 101 
99996,04 100 
99996,04 4
99996,04 1889
99996,04 10
101970,95 25 
101997,41 75 
103203,39 72 
103276,46 70 
103766,92 80 
104248,84 83 
104489,62 64 241
104687,24 74 173
104687,24 63 173
105498,86 151 
105516,96 69 
106093,11 249 
106236,38 183 
106527,99 93 
106540,88 103 
106540,88 101 
110073,64 100 
110073,64 4
110073,64 1889
110073,64 10
112045,94 25 
112073,33 75 
113282,39 72 
113632,03 70 
114395,38 80 
115031,01 83 
115812,84 64 782
116090,49 74 260
116090,49 62 260
116500,25 152 
116525,54 69 
117037,77 93 
117056,4 103 
117056,4 101 
120595,35 100 
120595,35 4
120595,35 1889
120595,35 10
122574,77 25 
122588,56 75 
123797,24 72 
124014,31 70 
124516,21 80 
124946,77 83 
125640,94 64 694
127864,79 74 2212
127864,79 63 2212
128675,91 151 
128705,91 69 
129243,8 249 
129308,61 183 
129715,12 93 
129731,09 103 
129731,09 101 
133268,13 100 
133268,13 4
133268,13 1889
133268,13 11
135236,16 25 
135383,43 75 
136590,55 72 
136675,69 70 
137165,31 80 
137648,09 83 
137757,37 64 110
137908,93 74 128
137908,93 61 128
138319,33 150 
138343,02 68 
139553,33 92 
139553,33 65 
139566,94 103 
139566,94 101 
140098,6 100 
140098,6 4
140098,6 1889
140098,6 10
142073,23 25 
142100,5 75 
143307,9 72 
143392,81 70 
143889,9 80 
144418,61 83 
145307,5 64 890
145602,87 74 278
145602,87 62 278
146411,81 150 
146433 68 
146687,23 249
147304,73 92 
147304,73 65 
147323,67 103 
147323,67 101 
147866,87 100 
147866,87 4
147866,87 1889
147866,87 11
149843,32 25 
149870,61 75 
151081,12 72 
151162,85 70 
151655,62 80 
152082,1 83 
152194,45 64 113
152345,95 74 131
152345,95 61 131
153154 150 
153176,31 68 
153292,84 249
153383,36 171
154388,65 92 
154388,65 65 
154414,05 103 
154414,05 101 
154945,84 100 
154945,84 4
154945,84 1889
154945,84 11
156920,33 25 
156947,51 75 
158155,02 72 
158239,9 70 
158723,72 80 
159212,36 83 
159358,05 64 146
159496,32 74 125
159496,32 61 125
159907,98 150 
159933,96 68 
160745,87 92 
160745,87 65 
160771,34 103 
160771,34 101 
161307,68 100 
161307,68 4
161307,68 1889
161307,68 10
163277,7 25 
163305,81 75 
164511,19 72 
164597,2 70 
165084,25 80 
165623,01 83 
165826,13 64 203
165856,43 256 
165883,11 74 34
165883,11 62 34
166694,6 150 
166717,81 68 
167009,7 249
167227,3 92 
167227,3 65 
167248,63 103 
167248,63 101 
167790,06 100 
167790,06 4
167790,06 1889
167790,06 11
169768,32 25 
169796,29 75 
171003,35 72 
171087,83 70 
171571,19 80 
172086,94 83 
172167,66 64 80
172328,3 74 149
172328,3 61 149
172737,97 150 
172767,89 68 
173580,19 92 
173580,19 65 
173605,96 103 
173605,96 101 
174137,41 100 
174137,41 4
174137,41 1889
174137,41 11
176112,43 25 
176139,54 75 
177348,47 72 
177431,77 70 
177920,17 80 
178404,28 83 
178664,95 64 261
178843,67 74 160
178843,67 61 160
179251,97 150 
179272,5 68 
179785,96 92 
179785,96 65 
179803,33 103 
179803,33 101 
180338,48 100 
180338,48 4
180338,48 1889
180338,48 11
182309,62 25 
182337,07 75 
183543,56 72 
183615,91 70 
184101,31 80 
184535,01 83 
184806,62 64 272
184956,87 74 129
184956,87 61 129
185765,98 150 
185789,78 68 
186998,57 92 
186998,57 65 
187013,6 103 
187013,6 101 
187577,15 100 
187577,15 4
187577,15 1889
187577,15 10
189546,64 25 
189573,95 75 
190782,44 72 
190866,16 70 
191350,08 80 
191838,62 83 
191930,51 64 92
191960,46 256 
192129,98 74 185
192129,98 62 185
192538,77 152 
192560,13 69 
193071,05 93 
193091,04 103 
193091,04 101 
196625,52 100 
196625,52 4
196625,52 1889
196625,52 11
198596,3 25 
198624,18 75 
199833,93 72 
199915,65 70 
200403,62 80 
200941,47 83 
200947,73 64 7
201088,91 74 121
201088,91 61 121
201897,34 150 
201916,25 68 
203125,13 92 
203125,13 65 
203140,15 103 
203140,15 101 
203673,13 100 
203673,13 4
203673,13 1889
203673,13 10
205646,46 25 
205687,33 75 
206895,67 72 
206979,3 70 
207462,56 80 
207898,55 83 
208150,49 64 253
208305,6 74 141
208305,6 62 141
209116,01 150 
209139,9 68 
209443,32 249
209478,7 172 
209647,84 92 
209647,84 65 
209670,91 103 
209670,91 101 
210210 100 
210210 4
210210 1889
210210 11
212190,37 25 
212217,48 75 
213424,6 72 
213496,6 70 
213978,52 80 
214402,46 83 
214620,47 64 219
214779,87 74 138
214779,87 61 138
215187,19 150 
215216,63 68 
215726,24 92 
215726,24 65 
215748,23 103 
215748,23 101 
216285,02 100 
216285,02 4
216285,02 1889
216285,02 10
218254,52 25 
218282,86 75 
219492,82 72 
219574,04 70 
220059,03 80 
220573,29 83 
220800,15 64 227
220975,07 74 161
220975,07 62 161
221385,47 150 
221414,7 68 
221652,27 249
222224,52 92 
222224,52 65 
222238,78 103 
222238,78 101 
222771,11 100 
222771,11 4
222771,11 1889
222771,11 10
224745,09 25 
224772,61 75 
225980,11 72 
226237,92 70 
227037,53 80 
227836,92 83 
227844,23 64 7
228019,26 74 157
228019,26 62 157
228830,89 150 
228850,84 68 
229087,27 249
229183,9 172 
230062,04 92 
230062,04 65 
230075,57 103 
230075,57 101 
230621,4 100 
230621,4 4
230621,4 1889
230621,4 11
232595,12 25 
232622,32 75 
233830,58 72 
234087,99 70 
234881,6 80 
235660,16 83 
235822,34 64 163
236001,41 74 155
236001,41 61 155
236813,48 150 
236834,91 68 
238044,55 92 
238044,55 65 
238058,77 103 
238058,77 101 
238591,5 100 
238591,5 4
238591,5 1889
238591,5 10
240565,12 25 
240592,35 75 
241801,01 72 
242057,98 70 
242867,58 80 
243403,55 83 
243567,63 64 165
243762,03 74 172
243762,03 62 172
244174,02 150 
244191,78 68 
244716,29 249
245004,2 92 
245004,2 65 
245029,28 103 
245029,28 101 
245565,85 100 
245565,85 4
245565,85 1889
245565,85 11
247535,48 25 
247562,71 75 
248771,12 72 
249028,38 70 
249831,4 80 
250520,64 83 
250661,52 64 142
250818,39 74 139
250818,39 61 139
251226,98 150 
251254,69 68 
251769,43 92 
251769,43 65 
251786,35 103 
251786,35 101 
252325,32 100 
252325,32 4
252325,32 1889
252325,32 11
254305,99 25 
254333,98 75 
255540,89 72 
255625,51 70 
256107,81 80 
256544,71 83 
256710,72 64 166
256871,12 74 140
256871,12 61 140
257681,05 150 
257706,12 68 
258514,09 92 
258514,09 65 
258530,17 103 
258530,17 101 
259063,31 100 
259063,31 4
259063,31 1889
259063,31 11
261036,55 25 
261063,68 75 
262270,54 72 
262342,83 70 
262823,24 80 
263341,83 83 
263515,08 64 173
263661,05 74 133
263661,05 61 133
264471,91 150 
264503,18 68 
265011,88 92 
265011,88 65 
265034,07 103 
265034,07 101 
265567,43 100 
265567,43 4
265567,43 1889
265567,43 10
267540,35 25 
267567,83 75 
268775,4 72 
268859,94 70 
269353,94 80 
269832,44 83 
269920,96 64 89
270081,88 74 143
270081,88 62 143
270491,26 150 
270514,01 68 
270930,98 249
271721,32 92 
271721,32 65 
271737,9 103 
271737,9 101 
272286,31 100 
272286,31 4
272286,31 1889
272286,31 10
274257,66 25 
274284,87 75 
275494,12 72 
275577,1 70 
276059,18 80 
276576,26 83 
276631,72 64 56
276808,99 74 153
276808,99 62 153
277620,77 150 
277643,54 68 
278153,69 92 
278153,69 65 
278175,18 103 
278175,18 101 
278707,08 100 
278707,08 4
278707,08 1889
278707,08 10
280681,57 25 
280709,38 75 
281917,67 72 
282001,08 70 
282484,58 80 
282973,56 83 
283199,51 64 227
283376,1 74 163
283376,1 62 163
283786,99 150 
283815,14 68 
285026,82 92 
285026,82 65 
285052,34 103 
285052,34 101 
285586,16 100 
285586,16 4
285586,16 1889
285586,16 10
287558,63 25 
287589,43 75 
288797,91 72 
288878,17 70 
289368,24 80 
289797,33 83 
290049,6 64 253
290079,88 256 
290267,49 74 204
290267,49 62 204
290677,93 152 
290704,76 69 
291004,31 249 
291514,26 93 
291529,61 103 
291529,61 101 
295069,94 100 
295069,94 4
295069,94 1889
295069,94 11
297047,99 25 
297076,03 75 
298283,57 72 
298367,53 70 
298852,44 80 
299379,95 83 
299571,05 64 191
299725,72 74 133
299725,72 61 133
300537,95 150 
300567,29 68 
301077,95 92 
301077,95 65 
301098,88 103 
301098,88 101 
301634,88 100 
301634,88 4
301634,88 1889
301634,88 10
303605,2 25 
303632,36 75 
304841,21 72 
304924,79 70 
305409,43 80 
305843,94 83 
306113,6 64 270
306303,76 74 167
306303,76 62 167
307113,35 150 
307138,59 68 
307730,37 249
307949,18 92 
307949,18 65 
307962,77 103 
307962,77 101 
308496,24 100 
308496,24 4
308496,24 1889
308496,24 11
310468,98 25 
310496,17 75 
311703,15 72 
311788,5 70 
312280,86 80 
312747,7 83 
312937,65 64 190
313089,9 74 129
313089,9 61 129
313497,19 150 
313521,81 68 
314729,59 92 
314729,59 65 
314746,49 103 
314746,49 101 
315292,18 100 
315292,18 4
315292,18 1889
315292,18 11
317266,28 25 
317307,04 75 
318514,98 72 
318599,05 70 
319080,11 80 
319544,78 83 
319737,6 64 193
319892,59 74 135
319892,59 61 135
320302,45 150 
320332,95 68 
320841,64 92 
320841,64 65 
320863,88 103 
320863,88 101 
321395,78 100 
321395,78 4
321395,78 1889
321395,78 10
323370,19 25 
323398,06 75 
324604,3 72 
324676,48 70 
325164,35 80 
325688,86 83 
325897,81 64 209
326069,06 74 154
326069,06 62 154
326877,59 150 
326903,51 68 
327352,75 249
328111,53 92 
328111,53 65 
328127,48 103 
328127,48 101 
328663,4 100 
328663,4 4
328663,4 1889
328663,4 11
330633,83 25 
330661,12 75 
331870,84 72 
331953,4 70 
332444,93 80 
332872,5 83 
332976,66 64 105
333161,98 74 170
333161,98 61 170
333972,88 150 
333993,18 68 
334803,99 92 
334803,99 65 
334818 103 
334818 101 
335357,7 100 
335357,7 4
335357,7 1889
335357,7 10
337337,66 25 
337365,03 75 
338573,51 72 
338657,2 70 
339146,23 80 
339682,95 83 
339908,85 64 226
339930,44 256 
340053,34 74 131
340053,34 62 131
340464,31 150 
340485,55 68 
340739,64 249
340856,15 172 
340994,72 92 
340994,72 65 
341015,41 103 
341015,41 101 
341547,2 100 
341547,2 4
341547,2 1889
341547,2 10
343521,76 25 
343549,87 75 
344757,27 72 
344841,28 70 
345328,87 80 
345760,5 83 
345954,22 64 195
346113,15 74 139
346113,15 62 139
346922,55 152 
346947,73 69 
347459,22 93 
347479,34 103 
347479,34 101 
351011,28 100 
351011,28 4
351011,28 1889
351011,28 10
352984,47 25 
353011,9 75 
354221,6 72 
354423,98 70 
354916,51 80 
355396,35 83 
356137,04 64 741
356380,5 74 225
356380,5 62 225
356789,87 150 
356810,27 68 
357087,78 249
358021,25 92 
358021,25 65 
358035,1 103 
358035,1 101 
358582,45 100 
358582,45 4
358582,45 1889
358582,45 11
360554,53 25 
360581,97 75 
361790,6 72 
361874,13 70 
362361,27 80 
362900,01 83 
363006,39 64 107
363175,7 74 156
363175,7 61 156
363583,61 150 
363607,32 68 
364816,62 92 
364816,62 65 
364832,05 103 
364832,05 101 
365365,68 100 
365365,68 4
365365,68 1889
365365,68 11
367338,33 25 
367831,81 75 
369041 72 
369124,51 70 
369621,32 80 
370057,06 83 
370260,68 64 204
370407,23 74 125
370407,23 61 125
371217,22 150 
371244,87 68 
372053,2 92 
372053,2 65 
372068,97 103 
372068,97 101 
372603,15 100 
372603,15 4
372603,15 1889
372603,15 11
374575,29 25 
374602,74 75 
375811,69 72 
375894,84 70 
376380,12 80 
376867,31 83 
377048,35 64 182
377219,98 74 153
377219,98 61 153
377630,39 150 
377655,56 68 
378166,6 92 
378166,6 65 
378186,42 103 
378186,42 101 
378736,19 100 
378736,19 4
378736,19 1889
378736,19 11
380706,1 25 
380733,52 75 
381941,23 72 
382012,31 70 
382501,15 80 
382984,82 83 
383147,95 64 163
383297,28 74 126
383297,28 61 126
384105,89 150 
384132,76 68 
384939,93 92 
384939,93 65 
384956,91 103 
384956,91 101 
385494,04 100 
385494,04 4
385494,04 1889
385494,04 10
387463,27 25 
387490,8 75 
388700,8 72 
388782,71 70 
389277,28 80 
389808,55 83 
389940,29 64 132
390120,77 74 166
390120,77 62 166
390531,2 150 
390556,79 68 
390942,7 249
391041,5 172 
391066,45 92 
391066,45 65 
391087,69 103 
391087,69 101 
391619,78 100 
391619,78 4
391619,78 1889
391619,78 10
393594,05 25 
393621,26 75 
394828,19 72 
394913,51 70 
395399,37 80 
395832,67 83 
396064,93 64 232
396220,57 74 135
396220,57 62 135
397031,7 150 
397060,73 68 
397322,24 249
397413,52 172 
398269,17 92 
398269,17 65 
398284,61 103 
398284,61 101 
398827,84 100 
398827,84 4
398827,84 1889
398827,84 10
400804,27 25 
400832,12 75 
402040,19 72 
402123,81 70 
402606,93 80 
403096,3 83 
403189,29 64 94
403359,8 74 157
403359,8 62 157
403770,87 150 
403790,58 68 
404598,36 92 
404598,36 65 
404615,31 103 
404615,31 101 
405148,25 100 
405148,25 4
405148,25 1889
405148,25 10
407121,58 25 
407149,08 75 
408359,08 72 
408441,16 70 
408928,87 80 
409360,31 83 
409500,13 64 140
409684,97 74 165
409684,97 62 165
410493,96 152 
410520,5 69 
411029,49 93 
411052,58 103 
411052,58 101 
414589,42 100 
414589,42 4
414589,42 1889
414589,42 10
416557,87 25 
416598,57 75 
416608,84 250 
416623,11 101 
418636,84 100 
418636,84 4
418636,84 1889
418636,84 10
418636,84 25 
418663,31 75 
419871,64 72 
419943,04 70 
420427,61 80 
420955,48 83 
421548,82 64 594
421779,08 74 211
421779,08 62 211
422189,11 150 
422211,04 68 
423422,1 92 
423422,1 65 
423447,37 103 
423447,37 101 
423987,98 100 
423987,98 4
423987,98 1889
423987,98 11
425966,96 25 
425994,19 75 
427202,17 72 
427286,56 70 
427778,45 80 
428312,31 83 
428399,63 64 88
428574,86 74 156
428574,86 61 156
429384,43 150 
429406,35 68 
430614,94 92 
430614,94 65 
430631,05 103 
430631,05 101 
431165,86 100 
431165,86 4
431165,86 1889
431165,86 11
433137,3 25 
433164,73 75 
434372,58 72 
434456,84 70 
434938,82 80 
435376,11 83 
435645,59 64 270
435806,69 74 138
435806,69 61 138
436616,75 150 
436643,95 68 
437453,7 92 
437453,7 65 
437468,13 103 
437468,13 101 
437999,68 100 
437999,68 4
437999,68 1889
437999,68 11
439974,41 25 
440041,47 75 
441249,95 72 
441333,95 70 
441833,31 80 
442319,8 83 
442409 64 89
442573,79 74 148
442573,79 61 148
442984,87 150 
443014,7 68 
443525,6 92 
443525,6 65 
443545,53 103 
443545,53 101 
444094,13 100 
444094,13 4
444094,13 1889
444094,13 10
446065,18 25 
446092,86 75 
447300,39 72 
447384,93 70 
447872,74 80 
448303,87 83 
448525,49 64 222
448554,76 256 
448591,47 74 47
448591,47 62 47
449401,42 152 
449425,49 69 
449933,59 93 
449956,16 103 
449956,16 101 
453489,62 100 
453489,62 4
453489,62 1889
453489,62 11
455461,23 25 
455488,74 75 
456696,09 72 
456967,37 70 
457774,2 80 
458459,61 83 
458616,14 64 157
458791,64 74 159
458791,64 61 159
459203,19 150 
459221,43 68 
460432,14 92 
460432,14 65 
460458,46 103 
460458,46 101 
460991,99 100 
460991,99 4
460991,99 1889
460991,99 11
462964,7 25 
462991,92 75 
464200,14 72 
464404,23 70 
464894,64 80 
465416,68 83 
465493,91 64 77
465665,69 74 156
465665,69 61 156
466074,67 150 
466098,31 68 
466610,81 92 
466610,81 65 
466629,13 103 
466629,13 101 
467167,94 100 
467167,94 4
467167,94 1889
467167,94 10
469148,82 25 
469176,17 75 
470382,62 72 
470468,31 70 
470950,32 80 
471387,52 83 
471566,67 64 180
471594,62 256 
471834 74 247
471834 62 247
472644,11 150 
472668,84 68 
472960,84 249
472992,78 172 
473477,92 92 
473477,92 65 
473492,89 103 
473492,89 101 
474031,03 100 
474031,03 4
474031,03 1889
474031,03 10
476012,55 25 
476040,43 75 
477247,11 72 
477332,09 70 
477815,76 80 
478304,63 83 
478451,14 64 147
478637,48 74 174
478637,48 62 174
479444,98 150 
479465,33 68 
479879,76 249
479975,57 92 
479975,57 65 
479996,92 103 
479996,92 101 
480529,76 100 
480529,76 4
480529,76 1889
480529,76 11
482516,51 25 
482543,68 75 
483752,33 72 
483836,08 70 
484318,86 80 
484848,54 83 
485053,95 64 206
485231,5 74 157
485231,5 61 157
485639,82 150 
485662,6 68 
486872,38 92 
486872,38 65 
486887,32 103 
486887,32 101 
487428,55 100 
487428,55 4
487428,55 1889
487428,55 11
489406,92 25 
489434,34 75 
490641,41 72 
490726,45 70 
491208,84 80 
491739,01 83 
491842,82 64 104
492018,52 74 160
492018,52 61 160
492828,55 150 
492846,95 68 
494057,75 92 
494057,75 65 
494084,23 103 
494084,23 101 
494615,9 100 
494615,9 4
494615,9 1889
494615,9 10
496590,58 25 
496617,77 75 
497825,74 72 
497910,18 70 
498393,75 80 
498829,28 83 
498988,81 64 160
499009,28 256 
499129,37 74 128
499129,37 62 128
499537,55 150 
499564,14 68 
499853,48 249
500372,98 92 
500372,98 65 
500388,24 103 
500388,24 101 
500925,52 100 
500925,52 4
500925,52 1889
500925,52 11
502894,71 25 
502922,55 75 
504130,22 72 
504214,14 70 
504699,55 80 
505173,33 83 
505370,82 64 198
505555,28 74 170
505555,28 61 170
506366,01 150 
506387,21 68 
506897,95 92 
506897,95 65 
506918,86 103 
506918,86 101 
507457,19 100 
507457,19 4
507457,19 1889
507457,19 10
509425,19 25 
509452,92 75 
510661,34 72 
510744,66 70 
511226,39 80 
511663,83 83 
511825,15 64 160
511960,45 74 111
511960,45 62 111
512370,63 150 
512398,71 68 
513207,39 92 
513207,39 65 
513222,82 103 
513222,82 101 
513756,5 100 
513756,5 4
513756,5 1889
513756,5 11
515729,15 25 
515756,71 75 
516962,98 72 
517048,75 70 
517538,42 80 
518021,15 83 
518109,4 64 89
518298,62 74 171
518298,62 61 171
519107,03 150 
519128,48 68 
519636,97 92 
519636,97 65 
519660,1 103 
519660,1 101 
520191,92 100 
520191,92 4
520191,92 1889
520191,92 10
522166,43 25 
522193,81 75 
523402,82 72 
523486 70 
523968,12 80 
524498,49 83 
524630,5 64 133
524812,6 74 168
524812,6 62 168
525222,62 150 
525248,58 68 
525642,01 249
526460,22 92 
526460,22 65 
526483,91 103 
526483,91 101 
527028,08 100 
527028,08 4
527028,08 1889
527028,08 11
529003,53 25 
529936,86 75 
531145 72 
531229,43 70 
531712,55 80 
532201,87 83 
532329,41 64 128
532492,27 74 144
532492,27 61 144
532900,85 150 
532922,72 68 
534131,72 92 
534131,72 65 
534160,74 103 
534160,74 101 
534694,43 100 
534694,43 4
534694,43 1889
534694,43 11
536667,99 25 
536694,63 75 
536821,66 250 
536839,13 101 
538839,58 100 
538839,58 4
538839,58 1889
538839,58 11
538839,58 25 
538865,89 75 
540074,99 72 
540158,96 70 
540641,72 80 
541078,23 83 
541290,58 64 213
541467,75 74 163
541467,75 61 163
542277,7 150 
542306,19 68 
542814,52 92 
542814,52 65 
542837,03 103 
542837,03 101 
543369,72 100 
543369,72 4
543369,72 1889
543369,72 10
545343,33 25 
545370,88 75 
546579,29 72 
546662,94 70 
547143,79 80 
547675,33 83 
547712,67 64 38
547862,59 74 134
547862,59 62 134
548674,69 150 
548703,43 68 
549513,74 92 
549513,74 65 
549529,86 103 
549529,86 101 
550067,81 100 
550067,81 1
550067,81 1889
550067,81 11
550067,81 78 
550067,81 198 
552047,15 25 
552074,44 75 
553282,44 72 
553366,74 70 
553847,17 80 
554325,85 83 
554676,8 64 351
554874,51 74 176
554874,51 61 176
555287,39 151 
555313,29 69 
556038,26 249 
557975,93 256 
557981 181 
558999,82 93 
559016,88 103 
559016,88 101 
562554,36 100 
562554,36 1
562554,36 1889
562554,36 11
564535,3 25 
564562,76 75 
565770,84 72 
566041,39 70 
566858,08 80 
567493,64 83 
567743,28 64 250
567943,98 74 184
567943,98 61 184
568353,12 151 
568375,21 69 
568885,5 93 
568906,07 103 
568906,07 101 
572439,02 100 
572439,02 1
572439,02 1889
572439,02 10
574411,07 25 
574638,01 75 
575846,98 72 
576103,88 70 
576741,35 80 
577422,81 83 
577942,66 64 520
578297,17 74 329
578297,17 62 329
579105,27 153 
579129,91 68 
579417,29 249
579641,56 92 
579641,56 65 
579661,49 103 
579661,49 101 
580204,56 100 
580204,56 1
580204,56 1889
580204,56 10
582181,26 25 
582208,33 75 
583416,77 72 
583500,67 70 
584180,34 80 
584673,05 83 
584880,85 64 208
585035,23 74 136
585035,23 62 136
585846,23 151 
585874,47 69 
588213,14 93 
588231,28 103 
588231,28 101 
591764,11 100 
591764,11 1
591764,11 1889
591764,11 10
593736,36 25 
593763,78 75 
594972,69 72 
595175,89 70 
595672,24 80 
596214,88 83 
596965,47 64 751
597530,74 74 543
597530,74 62 543
597940,99 151 
597961,95 69 
598280,9 249 
599718,68 93 
599733,05 103 
599733,05 101 
603269,29 100 
603269,29 1
603269,29 1889
603269,29 11
605238,11 25 
605267,69 75 
606475,26 72 
606557,7 70 
607046,77 80 
607530,18 83 
607771,2 64 242
607978,16 74 182
607978,16 61 182
608786,52 151 
608810,66 69 
609320,56 93 
609342,35 103 
609342,35 101 
612880,57 100 
612880,57 1
612880,57 1889
612880,57 10
614860,69 25 
614888,38 75 
616095,2 72 
616180,24 70 
616666,72 80 
617152,78 83 
619208,75 64 2056
619570,89 74 339
619570,89 61 339
619978,68 150 
620006,05 68 
621215,52 92 
621215,52 65 
621230,64 103 
621230,64 101 
621764,48 100 
621764,48 1
621764,48 1889
621764,48 11
623737,03 25 
623764,35 75 
624971,39 72 
625056,49 70 
625540,52 80 
626068,95 83 
626683,52 64 615
627019,59 74 311
627019,59 63 311
627429,88 151 
627457,04 69 
628464,82 93 
628480,94 103 
628480,94 101 
632014,13 100 
632014,13 1
632014,13 1889
632014,13 10
633986,2 25 
634013,43 75 
635220,83 72 
635305,55 70 
635788,99 80 
636224,69 83 
637616 64 1391
639816,29 74 2180
639816,29 62 2180
640628,19 151 
640651,31 69 
641442,36 249 
641696,14 256 
642534,9 93 
642554,99 103 
642554,99 101 
646102,3 100 
646102,3 1
646102,3 1889
646102,3 11
648073,37 25 
648100,77 75 
649307,21 72 
649392,93 70 
649876,11 80 
650312,24 83 
651832,49 64 1521
652454,51 74 610
652454,51 62 610
653268,03 150 
653299,44 68 
653552,54 249
654488,28 92 
654488,28 65 
654509,95 103 
654509,95 101 
655042,24 100 
655042,24 1
655042,24 1889
655042,24 11
657016,27 25 
657044,3 75 
658251,22 72 
658335,84 70 
658833,76 80 
659321,67 83 
659700,61 64 379
659876,93 74 156
659876,93 62 156
660285,99 150 
660308,96 68 
660630,74 249
661518,38 92 
661518,38 65 
661533,68 103 
661533,68 101 
662065,34 100 
662065,34 1
662065,34 1889
662065,34 10
664040,02 25 
664067,15 75 
665275,07 72 
665359,6 70 
665842,75 80 
666372,04 83 
666476,76 64 105
668071,52 74 1580
668071,52 62 1580
669695,56 251 
669695,56 241 
669716,81 101 
671730,11 100 
671730,11 1
671730,11 1889
671730,11 10
671730,11 25 
671771,28 75 
672979,42 72 
673062,94 70 
673551,12 80 
674088,75 83 
674201,69 64 113
674416,5 74 195
674416,5 61 195
675223,82 150 
675249,38 68 
675761,26 92 
675761,26 65 
675781 103 
675781 101 
676322,21 100 
676322,21 1
676322,21 1889
676322,21 10
678300,67 25 
678328,13 75 
679535,23 72 
679620,25 70 
680103,71 80 
680539,38 83 
680781,5 64 243
681014,9 74 209
681014,9 61 209
681422,29 150 
681447,54 68 
682257,73 92 
682257,73 65 
682271,6 103 
682271,6 101 
682806,52 100 
682806,52 1
682806,52 1889
682806,52 11
684777,92 25 
684805,39 75 
686014,81 72 
686097,46 70 
686584,29 80 
687069,94 83 
688763,95 64 1694
689112,06 74 323
689112,06 62 323
689922,49 150 
689950,69 68 
690294,24 249
691162,36 92 
691162,36 65 
691187,86 103 
691187,86 101 
691720,74 100 
691720,74 1
691720,74 1889
691720,74 10
693694,16 25 
693721,39 75 
694927,29 72 
695013,76 70 
695511,6 80 
696052,82 83 
696390,97 64 338
696630,36 74 218
696630,36 61 218
697042,77 152 
697066,8 69 
697954,32 249 
698279,83 181 
699384,9 93 
699397,78 103 
699397,78 101 
702942,42 100 
702942,42 1
702942,42 1889
702942,42 11
704916,1 25 
704943,37 75 
706152,84 72 
706235,63 70 
706721,64 80 
707248,21 83 
708030,49 64 783
708443,83 74 396
708443,83 62 396
708853,59 150 
708875,2 68 
709168,79 249
709769,46 92 
709769,46 65 
709793,35 103 
709793,35 101 
710326,95 100 
710326,95 1
710326,95 1889
710326,95 10
712299,67 25 
712326,88 75 
713533,48 72 
713619,24 70 
714103,81 80 
714591,64 83 
715374,31 64 783
715642,11 74 251
715642,11 63 251
716454,22 153 
716472,09 68 
717282,46 92 
717282,46 65 
717296,83 103 
717296,83 101 
717833,75 100 
717833,75 1
717833,75 1889
717833,75 10
719803,2 25 
719830,5 75 
721038,43 72 
721122,73 70 
721614,79 80 
722041,88 83 
722332,3 64 291
722525,32 74 178
722525,32 63 178
722936,4 151 
722963,43 69 
723675,17 249 
723772,21 93 
723787,46 103 
723787,46 101 
727327,23 100 
727327,23 1
727327,23 1889
727327,23 10
729305,82 25 
729333,03 75 
730541,92 72 
730625,4 70 
731107,32 80 
731637,83 83 
731897,73 64 260
732102,28 74 185
732102,28 63 185
732910,92 151 
732931,7 69 
733303,18 249 
733441,88 93 
733463,35 103 
733463,35 101 
736995,59 100 
736995,59 1
736995,59 1889
736995,59 10
738968,39 25 
739449,75 75 
740657,63 72 
740741,25 70 
741225,74 80 
741660,28 83 
743800,36 64 2141
744167,99 74 349
744167,99 62 349
744579,31 151 
744606,82 69 
745375,61 249 
746395,23 93 
746404,54 103 
746404,54 101 
749936,79 100 
749936,79 1
749936,79 1889
749936,79 11
751909,61 25 
751937,75 75 
753144,61 72 
753229,17 70 
753714,96 80 
754201,65 83 
755439,16 64 1237
755630,18 74 177
755630,18 61 177
756439,96 151 
756468,53 69 
757477,72 93 
757493,31 103 
757493,31 101 
761039,75 100 
761039,75 1
761039,75 1889
761039,75 11
763011,62 25 
763039,04 75 
764245,97 72 
764331,15 70 
764821,08 80 
765343,65 83 
766039,08 64 695
767428,84 74 1366
767428,84 61 1366
768241,24 151 
768264,33 69 
769072,42 93 
769088,35 103 
769088,35 101 
772619,99 100 
772619,99 1
772619,99 1889
772619,99 11
774593,37 25 
774620,65 75 
774759,24 250 
774765,56 101 
776765,83 100 
776765,83 1
776765,83 1889
776765,83 11
776765,83 25 
776792,19 75 
777998,78 72 
778085,38 70 
778568,85 80 
779004,57 83 
780364,69 64 1361
780795,19 256 
780804,16 74 414
780804,16 63 414
781216,35 151 
781245,48 69 
781869,38 249 
782018,54 183 
782254,74 93 
782282,9 103 
782282,9 101 
785817,31 100 
785817,31 1
785817,31 1889
785817,31 11
787787,87 25 
787816,05 75 
789022,61 72 
789107,41 70 
789595,31 80 
790079,85 83 
790584,87 64 505
791127,51 74 528
791127,51 61 528
791939,42 151 
791960,94 69 
792472,03 93 
792491,82 103 
792491,82 101 
796030,55 100 
796030,55 1
796030,55 1889
796030,55 10
798010,19 25 
798037,44 75 
799245,74 72 
799516,34 70 
800325,33 80 
801021,9 83 
802748,72 64 1727
803972,41 74 1205
803972,41 61 1205
804383,34 150 
804409 68 
805967,86 92 
805967,86 65 
805992,79 103 
805992,79 101 
806541,28 100 
806541,28 1
806541,28 1889
806541,28 10
808512,47 25 
808539,66 75 
809745,94 72 
810005,28 70 
810803,21 80 
811444,2 83 
811988,13 64 544
812190,89 74 187
812190,89 61 187
812602,96 150 
812636,14 68 
813448,03 92 
813448,03 65 
813469,76 103 
813469,76 101 
814001,07 100 
814001,07 1
814001,07 1889
814001,07 10
815976,02 25 
816003,49 75 
817209,22 72 
817415,49 70 
817910,17 80 
818427,89 83 
818596,47 64 169
818762,09 74 148
818762,09 61 148
819570,79 152 
819589,28 69 
820186,92 249 
820355,38 181 
821731,94 93 
821746,21 103 
821746,21 101 
825287,62 100 
825287,62 1
825287,62 1889
825287,62 11
827264,59 25 
827305,77 75 
828514,73 72 
828597,4 70 
829085,15 80 
829609,85 83 
830429,93 64 820
830821,57 74 373
830821,57 61 373
831633,26 151 
831664,14 69 
833670,64 93 
833687,82 103 
833687,82 101 
837219,66 100 
837219,66 1
837219,66 1889
837219,66 11
839192,83 25 
839233,2 75 
839239,91 250 
839258,41 101 
841271,96 100 
841271,96 1
841271,96 1889
841271,96 11
841271,96 25 
841298,59 75 
842505,92 72 
842591,52 70 
843092,45 80 
843524 83 
844161,01 64 637
844439,79 74 263
844439,79 63 263
844850,8 151 
844871,97 69 
845382,88 93 
845402,87 103 
845402,87 101 
848939,52 100 
848939,52 1
848939,52 1889
848939,52 11
850907,87 25 
852147,79 75 
853355,1 72 
853440,27 70 
853926,2 80 
854399,56 83 
855835,48 64 1437
855858,91 256 
856234,07 74 382
856234,07 62 382
857043,52 150 
857066,85 68 
857365,06 249
857575,64 92 
857575,64 65 
857597,72 103 
857597,72 101 
858137,88 100 
858137,88 1
858137,88 1889
858137,88 11
860117,38 25 
860144,58 75 
861353,12 72 
861436,96 70 
861921,49 80 
862356,09 83 
862528,64 64 173
862676,4 74 134
862676,4 62 134
863085,91 150 
863103,83 68 
863391,48 249
864316,3 92 
864316,3 65 
864341,55 103 
864341,55 101 
864875,28 100 
864875,28 1
864875,28 1889
864875,28 10
866847,86 25 
866876,24 75 
868084,81 72 
868167,49 70 
868656,27 80 
869193,22 83 
869257,03 64 64
869429,89 74 157
869429,89 61 157
869839,17 150 
869860,64 68 
870372,15 92 
870372,15 65 
870392,33 103 
870392,33 101 
870925,72 100 
870925,72 1
870925,72 1889
870925,72 10
872898,66 25 
872925,95 75 
874135,17 72 
874218,19 70 
874700,38 80 
875177,34 83 
875316,32 64 138
875453,86 74 117
875453,86 61 117
876261,67 150 
876285,46 68 
877092,28 92 
877092,28 65 
877109,5 103 
877109,5 101 
877655,93 100 
877655,93 1
877655,93 1889
877655,93 11
879629,16 25 
879656,64 75 
880863,38 72 
880935,4 70 
881420,08 80 
881947,79 83 
882099,2 64 152
882280,57 74 160
882280,57 62 160
882688,22 150 
882709,36 68 
882925,29 249
883218,79 92 
883218,79 65 
883240,25 103 
883240,25 101 
883773,48 100 
883773,48 1
883773,48 1889
883773,48 10
885746,63 25 
885773,76 75 
886979,7 72 
887066,09 70 
887549,36 80 
888038,6 83 
888069,68 64 32
888230,44 74 139
888230,44 61 139
889038,62 150 
889065,98 68 
890277,02 92 
890277,02 65 
890290,65 103 
890290,65 101 
890826,01 100 
890826,01 1
890826,01 1889
890826,01 11
892797,01 25 
892824,49 75 
894031,63 72 
894116,46 70 
894600,94 80 
895035,67 83 
895272,83 64 237
895445,48 74 157
895445,48 62 157
896256,97 150 
896276,95 68 
897084,53 92 
897084,53 65 
897101,07 103 
897101,07 101 
897638,52 100 
897638,52 1
897638,52 1889
897638,52 11
899607,41 25 
899634,75 75 
900842,15 72 
900926,94 70 
901414,75 80 
901899,47 83 
901982,73 64 84
902160,75 74 155
902160,75 62 155
902572,39 150 
902593,55 68 
903802,55 92 
903802,55 65 
903818,25 103 
903818,25 101 
904354,08 100 
904354,08 1
904354,08 1889
904354,08 11
906324,54 25 
906352,25 75 
907560,55 72 
907644,07 70 
908125,52 80 
908549,93 83 
908740,14 64 190
908913,7 74 151
908913,7 62 151
909321,57 152 
909351,53 69 
910137,45 256 
911606,34 93 
911628,29 103 
911628,29 101 
915159,97 100 
915159,97 1
915159,97 1889
915159,97 10
917133,32 25 
917160,58 75 
917336,69 250 
917345,41 101 
919359,11 100 
919359,11 1
919359,11 1889
919359,11 10
919359,11 25 
919385,48 75 
920597,12 72 
920931,85 70 
921696,46 80 
922224,15 83 
922419,81 64 196
922587,45 74 151
922587,45 61 151
923395,83 150 
923424,76 68 
924233,48 92 
924233,48 65 
924249,61 103 
924249,61 101 
924791,46 100 
924791,46 1
924791,46 1889
924791,46 11
926769,31 25 
927276,06 75 
928485,09 72 
928568,6 70 
929048,83 80 
929487,82 83 
929759,53 64 272
929943,71 74 163
929943,71 62 163
930752,27 150 
930782,52 68 
931060 249
931169,61 172 
931292,51 92 
931292,51 65 
931313,35 103 
931313,35 101 
931845,19 100 
931845,19 1
931845,19 1889
931845,19 10
933819,6 25 
933846,91 75 
935053,79 72 
935139,2 70 
935622,68 80 
936164,99 83 
936257,94 64 93
936415,4 74 145
936415,4 61 145
936827,43 150 
936846,58 68 
936970,57 249
937044,22 171
937656,94 92 
937656,94 65 
937670,7 103 
937670,7 101 
938206,27 100 
938206,27 1
938206,27 1889
938206,27 10
940176,94 25 
940603,8 75 
941812,93 72 
941896,46 70 
942382,37 80 
942868,83 83 
942990,42 64 122
943185,17 74 170
943185,17 61 170
943996,97 150 
944016,87 68 
945226,22 92 
945226,22 65 
945240,77 103 
945240,77 101 
945790,34 100 
945790,34 1
945790,34 1889
945790,34 10
947760,42 25 
948520,6 75 
949728,98 72 
949813,01 70 
950298,56 80 
950785,45 83 
950930,01 64 145
951093,93 74 149
951093,93 61 149
951503,63 150 
951534,7 68 
952345,88 92 
952345,88 65 
952371,12 103 
952371,12 101 
952902,6 100 
952902,6 1
952902,6 1889
952902,6 10
954877,52 25 
954905,26 75 
956114,54 72 
956196,95 70 
956682,2 80 
957116,14 83 
957317,7 64 202
957465,63 74 123
957465,63 61 123
957876,75 150 
957904,48 68 
959114,56 92 
959114,56 65 
959128,3 103 
959128,3 101 
959665,72 100 
959665,72 1
959665,72 1889
959665,72 11
961647,93 25 
961675,41 75 
962884,03 72 
962967,49 70 
963448,71 80 
963966,65 83 
964247,77 64 282
964394,7 74 122
964394,7 62 122
965206,77 150 
965234,62 68 
965518,34 249
965745,54 92 
965745,54 65 
965765,47 103 
965765,47 101 
966313,65 100 
966313,65 1
966313,65 1889
966313,65 11
968285,14 25 
968312,38 75 
969519,09 72 
969604,66 70 
970101,78 80 
970590,46 83 
970683,13 64 93
970867,78 74 171
970867,78 62 171
971277,35 150 
971297,94 68 
972110,18 92 
972110,18 65 
972136,24 103 
972136,24 101 
972668,69 100 
972668,69 1
972668,69 1889
972668,69 10
974642,59 25 
974669,5 75 
975875,33 72 
975948,7 70 
976437,96 80 
976974,47 83 
977076,99 64 103
977237,19 74 144
977237,19 61 144
978047,47 150 
978069,6 68 
979279,03 92 
979279,03 65 
979293,17 103 
979293,17 101 
979827,43 100 
979827,43 1
979827,43 1889
979827,43 10
981799,6 25 
982679,4 75 
983887,79 72 
983971,96 70 
984457,76 80 
984891,1 83 
985110,25 64 220
985266,86 74 136
985266,86 61 136
986076,04 150 
986105,81 68 
986615,23 92 
986615,23 65 
986636,66 103 
986636,66 101 
987176,17 100 
987176,17 1
987176,17 1889
987176,17 11
989156,29 25 
989982,99 75 
991189,74 72 
991275,51 70 
991759,53 80 
992194,68 83 
992327,53 64 133
992527,82 74 187
992527,82 62 187
992936,16 150 
992956,28 68 
993347,02 249
993466,28 92 
993466,28 65 
993487,1 103 
993487,1 101 
994024,56 100 
994024,56 1
994024,56 1889
994024,56 10
995993,45 25 
996020,74 75 
997229,2 72 
997312,96 70 
997800 80 
998338,81 83 
998399,51 64 60
998566,74 74 148
998566,74 61 148
998974,33 150 
998993,94 68 
999804,66 92 
999804,66 65 
999831,12 103 
999831,12 101 
1000362,95 100 
1000362,95 1
1000362,95 1889
1000362,95 11
1002337,42 25 
1002964,16 75 
1004170,27 72 
1004243,46 70 
1004742,39 80 
1005229,18 83 
1005363,15 64 134
1005553,61 74 178
1005553,61 62 178
1006365,16 150 
1006390,62 68 
1007601,29 92 
1007601,29 65 
1007614,5 103 
1007614,5 101 
1008157,05 100 
1008157,05 1
1008157,05 1889
1008157,05 10
1010134,12 25 
1010161,74 75 
1011369,17 72 
1011453,75 70 
1011937,34 80 
1012466,18 83 
1012598,01 64 132
1012762,47 74 150
1012762,47 61 150
1013575,05 150 
1013600,23 68 
1014810,57 92 
1014810,57 65 
1014824,8 103 
1014824,8 101 
1015356,4 100 
1015356,4 1
1015356,4 1889
1015356,4 11
1017331,2 25 
1018304,47 75 
1019512,4 72 
1019596,92 70 
1020091,85 80 
1020529,46 83 
1020768,82 64 240
1020925,76 74 130
1020925,76 62 130
1021338,37 150 
1021357,59 68 
1021743,21 249
1021870,06 92 
1021870,06 65 
1021888,47 103 
1021888,47 101 
1022424,56 100 
1022424,56 1
1022424,56 1889
1022424,56 10
1024396,04 25 
1024422 75 
1025630,98 72 
1025847,63 70 
1026341,11 80 
1026820,08 83 
1026954,48 64 135
1027141,52 74 175
1027141,52 61 175
1027953,72 150 
1027980,76 68 
1028792,65 92 
1028792,65 65 
1028818,91 103 
1028818,91 101 
1029358,56 100 
1029358,56 1
1029358,56 1889
1029358,56 11
1031338,53 25 
1031898,69 75 
1033107,43 72 
1033191,16 70 
1033677,74 80 
1034163,66 83 
1034333,11 64 169
1034548,89 74 199
1034548,89 62 199
1034957,95 152 
1034978,51 69 
1035786,03 93 
1035802,66 103 
1035802,66 101 
1039336,58 100 
1039336,58 1
1039336,58 1889
1039336,58 10
1041307,64 25 
1041335,16 75 
1042542,92 72 
1042627,26 70 
1043113,57 80 
1043639,7 83 
1043741,91 64 102
1043922,26 74 163
1043922,26 61 163
1044735,94 150 
1044761,04 68 
1045968,52 92 
1045968,52 65 
1045985,14 103 
1045985,14 101 
1046517,52 100 
1046517,52 1
1046517,52 1889
1046517,52 11
1048491,29 25 
1049691,15 75 
1050897,29 72 
1050983,74 70 
1051466,35 80 
1051902,86 83 
1052036,02 64 133
1052206,46 74 158
1052206,46 62 158
1052616,62 150 
1052637,8 68 
1052903,3 249
1053145,86 92 
1053145,86 65 
1053168,62 103 
1053168,62 101 
1053714,93 100 
1053714,93 1
1053714,93 1889
1053714,93 11
1055688,32 25 
1055715,55 75 
1056924,97 72 
1057007,82 70 
1057495,6 80 
1058033,6 83 
1058172,9 64 139
1058351,85 74 159
1058351,85 62 159
1058763,71 150 
1058781,21 68 
1059375,3 249
1059590,77 92 
1059590,77 65 
1059605,93 103 
1059605,93 101 
1060138,78 100 
1060138,78 1
1060138,78 1889
1060138,78 11
1062112,24 25 
1062139,45 75 
1063347,01 72 
1063431,82 70 
1063919,27 80 
1064350,94 83 
1064494,08 64 143
1064656,94 74 146
1064656,94 62 146
1065464,52 152 
1065485,02 69 
1066532,51 249 
1067624,75 93 
1067642,51 103 
1067642,51 101 
1071174,26 100 
1071174,26 1
1071174,26 1889
1071174,26 10
1073147,61 25 
1073188,16 75 
1074396,04 72 
1074480,46 70 
1074973,77 80 
1075453,19 83 
1075516,83 64 64
1075691,66 74 159
1075691,66 61 159
1076500,05 150 
1076520,25 68 
1077729,91 92 
1077729,91 65 
1077744,95 103 
1077744,95 101 
1078286,18 100 
1078286,18 1
1078286,18 1889
1078286,18 10
1080264,7 25 
1080891,57 75 
1082098,39 72 
1082183,95 70 
1082665,97 80 
1083103,07 83 
1083224,81 64 122
1083400,28 74 151
1083400,28 61 151
1083808,22 150 
1083837,99 68 
1085048,14 92 
1085048,14 65 
1085061,85 103 
1085061,85 101 
1085597,61 100 
1085597,61 1
1085597,61 1889
1085597,61 11
1087568,17 25 
1087595,49 75 
1088802,35 72 
1088887,74 70 
1089368,78 80 
1089846,85 83 
1090099,46 64 253
1090276,22 74 164
1090276,22 62 164
1091085,77 150 
1091115,01 68 
1091364,56 249
1091627,15 92 
1091627,15 65 
1091645,8 103 
1091645,8 101 
1092177,99 100 
1092177,99 1
1092177,99 1889
1092177,99 10
1094152,14 25 
1094179,55 75 
1095389,18 72 
1095471,6 70 
1095957,38 80 
1096497,4 83 
1096550,86 64 54
1096734,67 74 171
1096734,67 61 171
1097144,49 150 
1097164,93 68 
1097975,18 92 
1097975,18 65 
1097989,74 103 
1097989,74 101 
1098532,34 100 
1098532,34 1
1098532,34 1889
1098532,34 11
1100509,51 25 
1101576,01 75 
1102785,28 72 
1102868,47 70 
1103351,4 80 
1103841 83 
1103997,09 64 156
1104193,24 74 180
1104193,24 62 180
1104606,49 150 
1104629,17 68 
1104860,61 249
1105837,32 92 
1105837,32 65 
1105853,17 103 
1105853,17 101 
1106385,07 100 
1106385,07 1
1106385,07 1889
1106385,07 10
1108359,45 25 
1108386,91 75 
1109594,49 72 
1109678,99 70 
1110160,28 80 
1110678,09 83 
1110831,53 64 154
1110977,97 74 127
1110977,97 61 127
1111784,51 150 
1111812,07 68 
1111845,73 249
1112024,35 171
1112623,02 92 
1112623,02 65 
1112650,24 103 
1112650,24 101 
1113188,66 100 
1113188,66 6
1113188,66 1889
1113188,66 11
1113188,66 78 
1113188,66 198 
1115169,84 25 
1115690,01 75 
1116897,38 72 
1116982,52 70 
1117461,88 80 
1117888,42 83 
1118081,08 64 193
1118254,26 74 153
1118254,26 61 153
1118662,44 150 
1118689,9 68 
1119198,12 92 
1119198,12 65 
1119220,78 103 
1119220,78 101 
1119759,76 100 
1119759,76 6
1119759,76 1889
1119759,76 10
1121740,44 25 
1121767,67 75 
1122975,09 72 
1123046,76 70 
1123531,27 80 
1123965,85 83 
1124141,34 64 176
1124348,41 74 183
1124348,41 61 183
1125160,66 153 
1125180,45 68 
1125689,13 92 
1125689,13 65 
1125711,4 103 
1125711,4 101 
1126244,14 100 
1126244,14 6
1126244,14 1889
1126244,14 11
1128217,76 25 
1128298,06 75 
1129507,74 72 
1129763,88 70 
1130568,72 80 
1131308,46 250 
1131322,25 101 
1133335,57 100 
1133335,57 6
1133335,57 1889
1133335,57 11
1133335,57 25 
1133363,05 75 
1134572,84 72 
1134828,34 70 
1135632,43 80 
1136307,3 83 
1136421,22 64 114
1136446,74 256 
1136660,18 74 220
1136660,18 61 220
1137470,03 150 
1137495,33 68 
1138707,27 92 
1138707,27 65 
1138732,57 103 
1138732,57 101 
1139264,12 100 
1139264,12 6
1139264,12 1889
1139264,12 11
1141238,85 25 
1141679,08 75 
1142885,25 72 
1143091,6 70 
1143579,98 80 
1144104,15 83 
1144476,61 64 373
1144650,46 74 161
1144650,46 61 161
1145059,34 150 
1145078,74 68 
1145889,59 92 
1145889,59 65 
1145916,25 103 
1145916,25 101 
1146462,78 100 
1146462,78 6
1146462,78 1889
1146462,78 10
1148435,83 25 
1148463 75 
1149672,22 72 
1149755,41 70 
1150247,08 80 
1150767,89 83 
1150818,73 64 51
1150855,52 256 
1151052,34 74 219
1151052,34 61 219
1151864,88 151 
1151888,47 69 
1152699,84 93 
1152713,43 103 
1152713,43 101 
1156245,16 100 
1156245,16 6
1156245,16 1889
1156245,16 11
1158218,45 25 
1158245,75 75 
1159456,06 72 
1159537,93 70 
1160028,27 80 
1160457,09 83 
1160616,3 64 160
1160810,15 74 180
1160810,15 61 180
1161218,97 150 
1161245,38 68 
1161755,9 92 
1161755,9 65 
1161776,19 103 
1161776,19 101 
1162307,9 100 
1162307,9 6
1162307,9 1889
1162307,9 10
1164282,48 25 
1165535,85 75 
1166744,46 72 
1166828,26 70 
1167311,9 80 
1167800,71 83 
1168844,45 64 1044
1169123,49 74 257
1169123,49 62 257
1169933,32 151 
1169961,7 69 
1170474,09 93 
1170492,52 103 
1170492,52 101 
1174033,09 100 
1174033,09 6
1174033,09 1889
1174033,09 10
1176010,9 25 
1176504,59 75 
1177712,53 72 
1177796,96 70 
1178285,25 80 
1178769,41 83 
1179117,16 64 348
1179338,07 74 196
1179338,07 61 196
1179748,76 151 
1179770,42 69 
1180581,16 93 
1180594,98 103 
1180594,98 101 
1184130,83 100 
1184130,83 6
1184130,83 1889
1184130,83 10
1186100,24 25 
1186180,34 75 
1187388,58 72 
1187472,83 70 
1187957,78 80 
1188498,69 83 
1189140,7 64 642
1189750,56 74 586
1189750,56 63 586
1190162,6 150 
1190193,2 68 
1191005,85 92 
1191005,85 65 
1191031,5 103 
1191031,5 101 
1191564,67 100 
1191564,67 6
1191564,67 1889
1191564,67 11
1193536,86 25 
1194670,05 75 
1195880,1 72 
1195962,59 70 
1196451,56 80 
1196881,79 83 
1197146,87 64 265
1197343,2 74 182
1197343,2 61 182
1198154,22 150 
1198176,4 68 
1199387,33 92 
1199387,33 65 
1199413,67 103 
1199413,67 101 
1199958,23 100 
1199958,23 6
1199958,23 1889
1199958,23 11
1201933,29 25 
1202666,71 75 
1203875,17 72 
1203959,23 70 
1204440,43 80 
1204918,36 83 
1205038,43 64 121
1205207,69 74 156
1205207,69 61 156
1205620,03 150 
1205640,04 68 
1206850,35 92 
1206850,35 65 
1206877,22 103 
1206877,22 101 
1207408,64 100 
1207408,64 6
1207408,64 1889
1207408,64 10
1209383,54 25 
1210303,45 75 
1211512,46 72 
1211596,01 70 
1212085,16 80 
1212515,16 83 
1214253,52 64 1739
1214281,18 256 
1214690,01 74 416
1214690,01 63 416
1215497,93 150 
1215515,77 68 
1216327,71 92 
1216327,71 65 
1216353,2 103 
1216353,2 101 
1216887,77 100 
1216887,77 6
1216887,77 1889
1216887,77 10
1218859,48 25 
1219926,06 75 
1221135,38 72 
1221218,6 70 
1221699,86 80 
1222231,05 83 
1222332,38 64 102
1222540 74 189
1222540 63 189
1222949,13 152 
1222979,25 69 
1223694,6 249 
1223977,26 183 
1223994,98 93 
1224016,63 103 
1224016,63 101 
1227558,23 100 
1227558,23 6
1227558,23 1889
1227558,23 11
1229535,04 25 
1229562,2 75 
1230769,97 72 
1230854,56 70 
1231344,82 80 
1231773,83 83 
1231947,01 64 173
1232131,94 74 172
1232131,94 61 172
1232940,05 150 
1232961,73 68 
1234171,58 92 
1234171,58 65 
1234198,99 103 
1234198,99 101 
1234734,51 100 
1234734,51 6
1234734,51 1889
1234734,51 11
1236705,32 25 
1237318,75 75 
1238525,85 72 
1238611,31 70 
1239094,58 80 
1239583,75 83 
1239732,25 64 149
1239903,07 74 146
1239903,07 61 146
1240314,74 150 
1240332,01 68 
1241140,72 92 
1241140,72 65 
1241156,13 103 
1241156,13 101 
1241688,66 100 
1241688,66 6
1241688,66 1889
1241688,66 11
1243662,38 25 
1244289,2 75 
1245496,4 72 
1245768,34 70 
1246577,28 80 
1247313,82 83 
1247333,17 64 19
1247493,25 74 140
1247493,25 61 140
1248301,28 150 
1248328,73 68 
1248837,92 92 
1248837,92 65 
1248859,5 103 
1248859,5 101 
1249406,19 100 
1249406,19 6
1249406,19 1889
1249406,19 11
1251379,2 25 
1252059,2 75 
1253266,8 72 
1253525,02 70 
1254335,08 80 
1254977,27 83 
1255114,65 64 138
1255289,91 74 153
1255289,91 61 153
1256099,42 150 
1256125,4 68 
1257336,12 92 
1257336,12 65 
1257349,27 103 
1257349,27 101 
1257880,9 100 
1257880,9 6
1257880,9 1889
1257880,9 10
1259855,55 25 
1260415,73 75 
1261623,01 72 
1261708,23 70 
1262193,64 80 
1262627,4 83 
1262976,13 64 349
1263208,2 74 209
1263208,2 62 209
1263618,71 151 
1263642,18 69 
1264095,09 249 
1265276 93 
1265292,66 103 
1265292,66 101 
1268826,13 100 
1268826,13 6
1268826,13 1889
1268826,13 10
1270797,62 25 
1270824,99 75 
1272031,8 72 
1272117,16 70 
1272596,74 80 
1273076,29 83 
1273729,06 64 653
1273984,5 74 242
1273984,5 63 242
1274794,39 150 
1274824,28 68 
1275297,31 249
1275333,28 92 
1275333,28 65 
1275341,56 173 
1275368,31 103 
1275368,31 101 
1275907,36 100 
1275907,36 6
1275907,36 1889
1275907,36 10
1277887,95 25 
1277915,49 75 
1279123,61 72 
1279207,54 70 
1279689,12 80 
1280113,37 83 
1280264,6 64 152
1280464,4 74 178
1280464,4 63 178
1280875,62 150 
1280901,53 68 
1281409,09 92 
1281409,09 65 
1281432,47 103 
1281432,47 101 
1281970,76 100 
1281970,76 6
1281970,76 1889
1281970,76 10
1283938,78 25 
1284565,67 75 
1285773,31 72 
1285858,04 70 
1286346,48 80 
1286817,25 83 
1286921,99 64 105
1287108,62 74 172
1287108,62 63 172
1287919,19 150 
1287938,61 68 
1288751,22 92 
1288751,22 65 
1288776,06 103 
1288776,06 101 
1289308,62 100 
1289308,62 6
1289308,62 1889
1289308,62 10
1291282,35 25 
1291535,92 75 
1292744,58 72 
1292828,43 70 
1293309,61 80 
1293827,52 83 
1293834,78 64 8
1294000,04 74 146
1294000,04 63 146
1294410,69 150 
1294429,18 68 
1295638,25 92 
1295638,25 65 
1295653,07 103 
1295653,07 101 
1296196,21 100 
1296196,21 6
1296196,21 1889
1296196,21 10
1298172,81 25 
1298199,98 75 
1299406,71 72 
1299479 70 
1299962,41 80 
1300451,47 83 
1300474,51 64 24
1300673,25 74 183
1300673,25 63 183
1301484,84 152 
1301505,43 69 
1301984,54 249 
1302026,78 183 
1302943,32 256 
1306037,03 93 
1306048,71 103 
1306048,71 101 
1309581,17 100 
1309581,17 6
1309581,17 1889
1309581,17 11
1311553,8 25 
1311740,83 75 
1312949,17 72 
1313020,03 70 
1313500,65 80 
1313925,74 83 
1314237,96 64 312
1314415,38 74 157
1314415,38 61 157
1314823,92 150 
1314847,41 68 
1316060,99 92 
1316060,99 65 
1316084,5 103 
1316084,5 101 
1316623,32 100 
1316623,32 6
1316623,32 1889
1316623,32 10
1318590,81 25 
1319177,64 75 
1320385,58 72 
1320456,92 70 
1320944,9 80 
1321469,29 83 
1321568,93 64 100
1321765,79 74 177
1321765,79 63 177
1322578,21 150 
1322603,95 68 
1323412,98 92 
1323412,98 65 
1323428,07 103 
1323428,07 101 
1323969,57 100 
1323969,57 6
1323969,57 1889
1323969,57 11
1325947,75 25 
1327134,4 75 
1328343,15 72 
1328426,77 70 
1328912,09 80 
1329399,24 83 
1329504,94 64 106
1329708,81 74 190
1329708,81 61 190
1330115,19 150 
1330134,12 68 
1330642,53 92 
1330642,53 65 
1330665,04 103 
1330665,04 101 
1331198,36 100 
1331198,36 6
1331198,36 1889
1331198,36 11
1333171,38 25 
1333878,07 75 
1335084,34 72 
1335170,57 70 
1335652,72 80 
1336089,77 83 
1336275,42 64 186
1336447,42 74 158
1336447,42 61 158
1336859,84 150 
1336891,31 68 
1338103,15 92 
1338103,15 65 
1338128,55 103 
1338128,55 101 
1338661,48 100 
1338661,48 6
1338661,48 1889
1338661,48 11
1340634,85 25 
1341434,88 75 
1342644,95 72 
1342727,46 70 
1343209,81 80 
1343739,88 83 
1343897,36 64 158
1344076,77 74 164
1344076,77 61 164
1344888,98 150 
1344914,62 68 
1345723,99 92 
1345723,99 65 
1345738,67 103 
1345738,67 101 
1346284,64 100 
1346284,64 6
1346284,64 1889
1346284,64 11
1348258,3 25 
1348751,82 75 
1349961,65 72 
1350044,34 70 
1350532,82 80 
1350963,5 83 
1351146,21 64 184
1351318,02 74 155
1351318,02 61 155
1352126,77 150 
1352151,53 68 
1352961,08 92 
1352961,08 65 
1352975,6 103 
1352975,6 101 
1353513,65 100 
1353513,65 6
1353513,65 1889
1353513,65 10
1355481,95 25 
1355962,15 75 
1357171,38 72 
1357387,91 70 
1357895,73 80 
1358427,31 83 
1358499,28 64 73
1358699,22 74 180
1358699,22 63 180
1359110,12 150 
1359135,35 68 
1360346,85 92 
1360346,85 65 
1360372,49 103 
1360372,49 101 
1360906,04 100 
1360906,04 6
1360906,04 1889
1360906,04 10
1362878,79 25 
1364198,65 75 
1365407,39 72 
1365491,28 70 
1365973,04 80 
1366450,48 83 
1366628,62 64 179
1366820,16 74 170
1366820,16 63 170
1367631,98 152 
1367651,62 69 
1368089,98 249 
1368397,88 183 
1368660 93 
1368675,67 103 
1368675,67 101 
1372217,03 100 
1372217,03 6
1372217,03 1889
1372217,03 10
1374194,05 25 
1374221,28 75 
1375428,66 72 
1375513,68 70 
1375993,97 80 
1376419,47 83 
1376512,83 64 94
1376720,8 74 195
1376720,8 63 195
1377128,42 150 
1377154,35 68 
1377661,49 92 
1377661,49 65 
1377685,21 103 
1377685,21 101 
1378221 100 
1378221 6
1378221 1889
1378221 11
1380191,54 25 
1380245,18 75 
1381451,47 72 
1381537,7 70 
1382020,74 80 
1382496,84 83 
1382647,77 64 151
1382824,14 74 154
1382824,14 61 154
1383234,26 150 
1383258,37 68 
1384068,7 92 
1384068,7 65 
1384082,68 103 
1384082,68 101 
1384616,11 100 
1384616,11 6
1384616,11 1889
1384616,11 10
1386588,92 25 
1387242,22 75 
1388450,17 72 
1388534,81 70 
1389031,04 80 
1389560,53 83 
1389600,7 64 41
1389806,98 74 193
1389806,98 63 193
1390617,08 150 
1390642,02 68 
1391853,6 92 
1391853,6 65 
1391879,23 103 
1391879,23 101 
1392423,29 100 
1392423,29 6
1392423,29 1889
1392423,29 10
1394398,92 25 
1395052,28 75 
1396259,36 72 
1396331,57 70 
1396817,94 80 
1397303,97 83 
1397360,64 64 57
1397546,49 74 163
1397546,49 63 163
1398356,87 150 
1398385,36 68 
1399592,26 92 
1399592,26 65 
1399609,32 103 
1399609,32 101 
1400141,11 100 
1400141,11 6
1400141,11 1889
1400141,11 11
1402115,58 25 
1402955,62 75 
1404163,43 72 
1404248,17 70 
1404736,61 80 
1405260,71 83 
1405390,17 64 129
1405568,95 74 162
1405568,95 61 162
1405977,93 150 
1406008,9 68 
1406821,68 92 
1406821,68 65 
1406846,3 103 
1406846,3 101 
1407381,84 100 
1407381,84 6
1407381,84 1889
1407381,84 11
1409352,64 25 
1410112,58 75 
1411319,47 72 
1411405,16 70 
1411886,23 80 
1412310,99 83 
1412461,38 64 151
1412619,81 74 136
1412619,81 61 136
1413428,46 150 
1413459,16 68 
1413969,12 92 
1413969,12 65 
1413989,92 103 
1413989,92 101 
1414530,88 100 
1414530,88 6
1414530,88 1889
1414530,88 11
1416509,61 25 
1417336,23 75 
1418544,19 72 
1418628,79 70 
1419110,84 80 
1419641,22 83 
1420083,74 64 443
1420227,5 74 120
1420227,5 61 120
1420636,61 150 
1420655,99 68 
1421465,62 92 
1421465,62 65 
1421493,39 103 
1421493,39 101 
1422027,28 100 
1422027,28 6
1422027,28 1889
1422027,28 11
1423999,74 25 
1424653,33 75 
1425861,73 72 
1425945,72 70 
1426441,99 80 
1426931,54 83 
1427061,92 64 131
1427225,7 74 148
1427225,7 61 148
1428036,12 150 
1428066,27 68 
1429273,65 92 
1429273,65 65 
1429290,13 103 
1429290,13 101 
1429822,66 100 
1429822,66 6
1429822,66 1889
1429822,66 10
1431796,54 25 
1432356,77 75 
1433564,97 72 
1433649,11 70 
1434131,65 80 
1434581,62 83 
1434778,25 64 198
1434990,29 74 196
1434990,29 63 196
1435399,73 150 
1435423,99 68 
1435936,36 92 
1435936,36 65 
1435953,97 103 
1435953,97 101 
1436502,99 100 
1436502,99 6
1436502,99 1889
1436502,99 11
1438473,59 25 
1439407,08 75 
1440615,79 72 
1440699,46 70 
1441181,34 80 
1441711,9 83 
1441774,73 64 63
1441952,47 74 161
1441952,47 61 161
1442361,6 152 
1442380,34 69 
1443192,16 93 
1443204,27 103 
1443204,27 101 
1446735,68 100 
1446735,68 6
1446735,68 1889
1446735,68 10
1448709,28 25 
1448736,5 75 
1448851,74 250 
1448868,08 101 
1450881,84 100 
1450881,84 6
1450881,84 1889
1450881,84 10
1450881,84 25 
1450908,17 75 
1452116,21 72 
1452201,26 70 
1452683,09 80 
1453120,44 83 
1453390,29 64 271
1453585,2 74 172
1453585,2 63 172
1454394,24 150 
1454415,11 68 
1454811,85 249
1454851,21 173 
1455624,75 92 
1455624,75 65 
1455639,02 103 
1455639,02 101 
1456173,82 100 
1456173,82 6
1456173,82 1889
1456173,82 11
1458145,4 25 
1458638,84 75 
1459847,3 72 
1460117,95 70 
1460768,4 80 
1461343,67 83 
1461456,29 64 113
1461640,45 74 164
1461640,45 61 164
1462048,43 150 
1462078,62 68 
1462889,24 92 
1462889,24 65 
1462915,98 103 
1462915,98 101 
1463455,07 100 
1463455,07 6
1463455,07 1889
1463455,07 10
1465435,63 25 
1467088,63 75 
1468296,75 72 
1468581,04 70 
1469131,23 80 
1469660,36 83 
1469797,19 64 137
1469832,56 256 
1470004,75 74 185
1470004,75 63 185
1470815,81 150 
1470834,9 68 
1471343,49 92 
1471343,49 65 
1471365,74 103 
1471365,74 101 
1471902,87 100 
1471902,87 6
1471902,87 1889
1471902,87 10
1473872,06 25 
1474738,78 75 
1475945,48 72 
1476031,23 70 
1476518,85 80 
1477056,99 83 
1477232,81 64 176
1477448,54 74 192
1477448,54 63 192
1477859,22 150 
1477885,2 68 
1478272,69 249
1478304,07 173 
1478697,81 92 
1478697,81 65 
1478722,61 103 
1478722,61 101 
1479254,99 100 
1479254,99 6
1479254,99 1889
1479254,99 11
1481228,97 25 
1481935,66 75 
1483145,34 72 
1483228,24 70 
1483709,26 80 
1484134,08 83 
1484379,28 64 246
1484567,56 74 168
1484567,56 61 168
1485378,63 150 
1485402,02 68 
1485457,93 249
1485619,59 171
1486614,79 92 
1486614,79 65 
1486639,32 103 
1486639,32 101 
1487182,38 100 
1487182,38 6
1487182,38 1889
1487182,38 11
1489158,96 25 
1491025,26 75 
1492234,47 72 
1492317,79 70 
1492800,68 80 
1493223,58 83 
1493355,44 64 133
1493509,81 74 140
1493509,81 61 140
1494320,55 150 
1494344,96 68 
1494853,92 92 
1494853,92 65 
1494875,85 103 
1494875,85 101 
1495408,17 100 
1495408,17 6
1495408,17 1889
1495408,17 10
1497382,13 25 
1497929,01 75 
1499137,93 72 
1499221,46 70 
1499708,34 80 
1500247,25 83 
1500254,59 64 8
1500420,75 74 147
1500420,75 63 147
1500832,16 150 
1500862,24 68 
1501673,23 92 
1501673,23 65 
1501699,61 103 
1501699,61 101 
1502238,25 100 
1502238,25 6
1502238,25 1889
1502238,25 10
1504219,28 25 
1504486,22 75 
1505697,46 72 
1505778,74 70 
1506269,1 80 
1506751,19 83 
1506784,59 64 34
1506993,14 74 189
1506993,14 63 189
1507801,95 150 
1507832,59 68 
1509043,03 92 
1509043,03 65 
1509056,5 103 
1509056,5 101 
1509595,08 100 
1509595,08 6
1509595,08 1889
1509595,08 11
1511576,15 25 
1511603,4 75 
1512810,34 72 
1512895,76 70 
1513381,02 80 
1513921,48 83 
1513936,97 64 16
1514094,37 74 134
1514094,37 61 134
1514507,64 150 
1514536,47 68 
1515746,12 92 
1515746,12 65 
1515760,37 103 
1515760,37 101 
1519600,92 102 
