72,83 100 
72,83 1
72,83 1869
72,83 11
2033,66 25 
2511,47 75 
2564,49 250 
2577,83 101 
4591,02 100 
4591,02 1
4591,02 1869
4591,02 11
4591,02 25 
5137,09 75 
6343,81 72 
6602,81 70 
7414,36 80 
8162,55 83 
8413,3 64 251
8455,02 256 
8690,83 74 247
8690,83 62 247
9499,96 150 
9522,32 68 
9806,76 249
9867,62 172 
10333,58 92 
10333,58 65 
10363,15 103 
10363,15 101 
10892,68 100 
10892,68 1
10892,68 1869
10892,68 11
12867,52 25 
12895,21 75 
14105,21 72 
14320,36 70 
14815,75 80 
15346,26 83 
15379,38 64 33
15415,8 256 
15638,12 74 239
15638,12 62 239
16047,17 150 
16067,68 68 
16351,42 249
16378,38 172 
16580,84 92 
16580,84 65 
16598,59 103 
16598,59 101 
17134,92 100 
17134,92 1
17134,92 1869
17134,92 11
19104,97 25 
19132,82 75 
20338,42 72 
20424,44 70 
20908,36 80 
21383,7 83 
21507,28 64 124
21668,86 74 139
21668,86 62 139
22078,07 150 
22105,27 68 
23315,01 92 
23315,01 65 
23342,45 103 
23342,45 101 
23883 100 
23883 1
23883 1869
23883 11
25862,03 25 
25889,61 75 
27096,52 72 
27181,57 70 
27664,16 80 
28100,69 83 
28192,23 64 92
28236,66 256 
28416,31 74 209
28416,31 62 209
29224,19 150 
29248,72 68 
29541,84 249
29572,7 172 
29759,34 92 
29759,34 65 
29779,67 103 
29779,67 101 
30316,95 100 
30316,95 1
30316,95 1869
30316,95 10
32285,94 25 
32313,97 75 
33520,97 72 
33605,51 70 
34092,35 80 
34564,67 83 
34912,55 64 349
35081,12 74 142
35081,12 63 142
35494,39 153 
35512,76 68 
35880,31 249
36325,25 92 
36325,25 65 
36336,92 103 
36336,92 101 
36868,29 100 
36868,29 1
36868,29 1869
36868,29 10
38843,13 25 
38870,66 75 
40078,41 72 
40162,74 70 
40646,8 80 
41188,54 83 
41806,29 64 618
41995,96 74 168
41995,96 62 168
42805,15 151 
42828,21 69 
43204,72 249 
43637,28 93 
43653,76 103 
43653,76 101 
46696,09 100 
46696,09 1
46696,09 1869
46696,09 10
48665,66 25 
48694,18 75 
49022,48 250 
49037,71 101 
51051,3 100 
51051,3 1
51051,3 1869
51051,3 10
51051,3 25 
51077,9 75 
52286,89 72 
52370,83 70 
52852,22 80 
53383,61 83 
54117,98 64 735
54333,66 74 191
54333,66 63 191
54742,4 151 
54770,44 69 
55069,51 249 
55154,39 183 
55280,96 93 
55302,18 103 
55302,18 101 
58334,65 100 
58334,65 1
58334,65 1869
58334,65 10
60314,02 25 
60354,97 75 
61562,81 72 
61646,87 70 
62136,26 80 
62606,14 83 
63796,27 64 1190
64174,42 74 356
64174,42 62 356
64982,57 151 
65007,82 69 
65514,1 249 
65785,16 256 
66843,31 93 
66857,26 103 
66857,26 101 
69892,72 100 
69892,72 1
69892,72 1869
69892,72 11
71869,23 25 
71896,95 75 
73103,22 72 
73188,73 70 
73670,61 80 
74107,8 83 
74219,98 64 112
74369,67 74 129
74369,67 62 129
74778,8 150 
74802,03 68 
75134,14 249
75192,41 172 
75313,94 92 
75313,94 65 
75333,64 103 
75333,64 101 
75874,62 100 
75874,62 1
75874,62 1869
75874,62 10
77853,25 25 
77881,23 75 
79089,55 72 
79172,81 70 
79658,63 80 
80198,67 83 
80447,85 64 250
80610,57 74 146
80610,57 63 146
81419,84 151 
81439,22 69 
81717,3 249 
82247,08 93 
82264,04 103 
82264,04 101 
85298,66 100 
85298,66 1
85298,66 1869
85298,66 10
87275,89 25 
87303,34 75 
88511,03 72 
88595,46 70 
89083,03 80 
89554,63 83 
90500,05 64 946
91108,21 74 594
91108,21 62 594
91918,1 151 
91941,37 69 
92213,32 249 
92367,44 182 
93365,56 93 
93379,33 103 
93379,33 101 
96411,69 100 
96411,69 1
96411,69 1869
96411,69 10
98391,21 25 
98419,35 75 
99628,81 72 
99710,71 70 
100193,83 80 
100629,93 83 
102041,57 64 1412
102600,46 74 545
102600,46 63 545
103010,2 151 
103030,09 69 
103540,1 93 
103561,64 103 
103561,64 101 
106606,76 100 
106606,76 1
106606,76 1869
106606,76 11
108586,89 25 
108614,83 75 
109824,03 72 
109906,49 70 
110390,98 80 
110878,93 83 
110946,65 64 68
111096,73 74 125
111096,73 62 125
111506,28 150 
111533,86 68 
111850,9 249
111895,17 172 
112043,03 92 
112043,03 65 
112064,79 103 
112064,79 101 
112596 100 
112596 1
112596 1869
112596 11
114571,02 25 
114598,54 75 
115805,33 72 
116077,1 70 
116876,94 80 
117609,34 83 
117879,65 64 271
117909,16 256 
118057,08 74 155
118057,08 62 155
118865,67 152 
118890,67 69 
119668,64 249 
119705,67 93 
119714,83 103 
119714,83 101 
122749,85 100 
122749,85 1
122749,85 1869
122749,85 10
124726,65 25 
124754,01 75 
125963,17 72 
126166,19 70 
126666,79 80 
127098,7 83 
127462,74 64 365
127658,59 74 174
127658,59 63 174
128468,6 151 
128499,16 69 
128901,23 249 
129008 183 
129511,54 93 
129523,97 103 
129523,97 101 
132562,39 100 
132562,39 1
132562,39 1869
132562,39 10
134535,86 25 
134563,22 75 
135770,41 72 
135855,37 70 
136341,35 80 
136827,89 83 
137150,07 64 322
137722,28 74 548
137722,28 62 548
138373,97 151 
138402,44 69 
138669,37 249 
139088,96 256 
140469,83 93 
140479,48 103 
140479,48 101 
143513,3 100 
143513,3 1
143513,3 1869
143513,3 11
145491,18 25 
145531,72 75 
146743,15 72 
146824,02 70 
147312,15 80 
147743,25 83 
147938 64 195
148086,17 74 130
148086,17 62 130
148894,47 150 
148917,89 68 
149197,07 249
149229,06 172 
150126,42 92 
150126,42 65 
150141,88 103 
150141,88 101 
150673,25 100 
150673,25 1
150673,25 1869
150673,25 11
152648,11 25 
152675,24 75 
153882,97 72 
153967,65 70 
154451,26 80 
154980,11 83 
154997,19 64 17
155026,81 256 
155213,16 74 193
155213,16 62 193
155625,2 150 
155647,66 68 
155936,01 249
155972,36 172 
156156,32 92 
156156,32 65 
156179,3 103 
156179,3 101 
156723,5 100 
156723,5 1
156723,5 1869
156723,5 11
158698,93 25 
158739,82 75 
159949,17 72 
160031,75 70 
160526,67 80 
161070,91 83 
161135,77 64 65
161156,95 256 
161333,74 74 183
161333,74 62 183
162144,42 150 
162165,65 68 
162447,23 249
162500,83 172 
162677,38 92 
162677,38 65 
162696,54 103 
162696,54 101 
163229,88 100 
163229,88 1
163229,88 1869
163229,88 10
165202,77 25 
165230,69 75 
166436,61 72 
166522,53 70 
167021,04 80 
167508,12 83 
167736,46 64 229
167897,82 74 137
167897,82 63 137
168308,1 151 
168335,59 69 
168834,36 249 
169145,03 93 
169160,5 103 
169160,5 101 
172199,28 100 
172199,28 1
172199,28 1869
172199,28 11
174172,3 25 
174199,86 75 
175408,76 72 
175492 70 
175978,75 80 
176411,1 83 
176593,94 64 183
176736,78 74 126
176736,78 62 126
177143,73 150 
177172,67 68 
177444,75 249
177483,21 172 
178383,42 92 
178383,42 65 
178409,9 103 
178409,9 101 
178951,04 100 
178951,04 1
178951,04 1869
178951,04 10
180929,45 25 
180970,19 75 
182179,33 72 
182262,32 70 
182752,42 80 
183288,12 83 
184333,17 64 1045
184372,42 256 
184563,25 74 209
184563,25 62 209
185372,93 151 
185395,03 69 
185749,7 249 
186206,1 93 
186219,84 103 
186219,84 101 
189253,63 100 
189253,63 1
189253,63 1869
189253,63 11
191231,72 25 
191258,98 75 
192469 72 
192551,27 70 
193036,73 80 
193470,55 83 
193672,63 64 203
193811,65 74 115
193811,65 62 115
194620,48 150 
194645,2 68 
194902,25 249
194961,62 172 
195452,24 92 
195452,24 65 
195469,28 103 
195469,28 101 
196000,67 100 
196000,67 1
196000,67 1869
196000,67 10
197975,57 25 
198003 75 
199209,38 72 
199295,07 70 
199780,05 80 
200267,59 83 
201556,04 64 1289
201904,93 74 331
201904,93 61 331
202315,45 150 
202334,54 68 
203545,85 92 
203545,85 65 
203572,54 103 
203572,54 101 
204115,88 100 
204115,88 1
204115,88 1869
204115,88 10
206092,18 25 
206119,29 75 
207327,04 72 
207411,71 70 
207899,34 80 
208437,41 83 
208496,53 64 60
208523,9 256 
208690,05 74 173
208690,05 61 173
209502,73 150 
209532,3 68 
210043,15 92 
210043,15 65 
210063,07 103 
210063,07 101 
210594,38 100 
210594,38 1
210594,38 1869
210594,38 10
212569,49 25 
212769,6 75 
213978,96 72 
214062,15 70 
214549,02 80 
215034,7 83 
215140,17 64 106
215330,26 74 176
215330,26 61 176
215740,59 150 
215769,47 68 
216579,27 92 
216579,27 65 
216593,68 103 
216593,68 101 
217125,04 100 
217125,04 1
217125,04 1869
217125,04 11
219099,89 25 
219127,09 75 
220333,82 72 
220419,54 70 
220905,95 80 
221325,3 83 
221582,26 64 257
221746,91 74 142
221746,91 62 142
222555,52 150 
222579,88 68 
222846,77 249
222883,03 172 
223789,43 92 
223789,43 65 
223803,99 103 
223803,99 101 
224342,23 100 
224342,23 1
224342,23 1869
224342,23 11
226323,59 25 
226351,07 75 
227559,19 72 
227882,97 70 
228491,32 80 
229042,14 83 
229049,53 64 8
229182,52 74 115
229182,52 62 115
229591,6 150 
229616,97 68 
230389,29 249
230626,69 172 
230827,42 92 
230827,42 65 
230840,92 103 
230840,92 101 
231376,86 100 
231376,86 1
231376,86 1869
231376,86 11
233347,22 25 
233400,91 75 
234609,7 72 
234693,45 70 
235193,68 80 
235679,3 83 
235816,57 64 138
235845,82 256 
236017,05 74 178
236017,05 62 178
236825,45 152 
236853,17 69 
237864,27 93 
237877,91 103 
237877,91 101 
240910,77 100 
240910,77 1
240910,77 1869
240910,77 10
242889,8 25 
242917,09 75 
244123,47 72 
244209,36 70 
244698,84 80 
245248,47 83 
245442,46 64 195
245610,54 74 150
245610,54 61 150
246019,59 150 
246050,14 68 
246859,38 92 
246859,38 65 
246874,07 103 
246874,07 101 
247419,71 100 
247419,71 1
247419,71 1869
247419,71 10
249393,77 25 
249420,96 75 
250629,54 72 
250713,27 70 
251206,08 80 
251685,75 83 
251766,82 64 82
251909,94 74 118
251909,94 61 118
252719,34 152 
252740,56 69 
253552,11 93 
253564,65 103 
253564,65 101 
256596,56 100 
256596,56 1
256596,56 1869
256596,56 11
258576,46 25 
258604,54 75 
259811,88 72 
259896,04 70 
260391,69 80 
260935,24 83 
261151,11 64 216
261311,61 74 137
261311,61 62 137
261719,87 150 
261750 68 
262026 249
262072,11 172 
262558,81 92 
262558,81 65 
262574,29 103 
262574,29 101 
263110,39 100 
263110,39 1
263110,39 1869
263110,39 11
265080,42 25 
265107,81 75 
266316,58 72 
266399,97 70 
266895,37 80 
267332,45 83 
267465,39 64 133
267612,92 74 134
267612,92 62 134
268023,24 150 
268053,26 68 
268338,2 249
268393,63 172 
268564,36 92 
268564,36 65 
268584,89 103 
268584,89 101 
269125,65 100 
269125,65 1
269125,65 1869
269125,65 11
271104,51 25 
271198,3 75 
272406,89 72 
272490,67 70 
272989,95 80 
273529,84 83 
273563,75 64 34
273589,85 256 
273749,55 74 167
273749,55 62 167
274558,55 150 
274584,62 68 
274948,26 249
275095,93 92 
275095,93 65 
275115,5 103 
275115,5 101 
275647,24 100 
275647,24 1
275647,24 1869
275647,24 11
277621,97 25 
277650,09 75 
278858,66 72 
278941,25 70 
279437,92 80 
279940,45 83 
280237,21 64 297
280272,23 256 
280433,03 74 173
280433,03 62 173
280842,78 150 
280861,15 68 
281145,73 249
281212,98 172 
282073,37 92 
282073,37 65 
282085,83 103 
282085,83 101 
282618,32 100 
282618,32 1
282618,32 1869
282618,32 10
284592,1 25 
284619,4 75 
285828,29 72 
285911,67 70 
286403,42 80 
286844,16 83 
287092,5 64 249
287267,18 74 157
287267,18 61 157
288074,7 150 
288098,92 68 
288464,36 249
288647,4 171
288911,93 92 
288911,93 65 
288936,26 103 
288936,26 101 
289484,42 100 
289484,42 1
289484,42 1869
289484,42 10
291455,81 25 
291483,17 75 
292689,75 72 
292775,46 70 
293265,4 80 
293694,58 83 
293821,23 64 127
293984,61 74 144
293984,61 61 144
294396,2 150 
294416,53 68 
294793,54 249
294926,97 92 
294926,97 65 
294946,99 103 
294946,99 101 
295480,16 100 
295480,16 1
295480,16 1869
295480,16 10
297453,34 25 
297986,81 75 
299195,11 72 
299279,28 70 
299771,85 80 
300305,06 83 
300323,5 64 18
300503,86 74 159
300503,86 61 159
301315,48 150 
301345,85 68 
301750,78 249
301811,87 171
302157,13 92 
302157,13 65 
302170,73 103 
302170,73 101 
302704,07 100 
302704,07 1
302704,07 1869
302704,07 10
304676,97 25 
304744,06 75 
305951,15 72 
306036,48 70 
306527,85 80 
307008,97 83 
307079,85 64 71
307110,63 256 
307264,94 74 163
307264,94 61 163
307672,63 150 
307704,01 68 
308088,43 249
308237,9 171
308915,27 92 
308915,27 65 
308941,07 103 
308941,07 101 
309483,51 100 
309483,51 1
309483,51 1869
309483,51 11
311460,77 25 
311701,05 75 
312908,49 72 
312993,53 70 
313495,39 80 
313979,24 83 
314131,27 64 152
314302,53 74 151
314302,53 62 151
315113,99 150 
315140,72 68 
315397,65 249
315456,6 172 
315948,11 92 
315948,11 65 
315964,88 103 
315964,88 101 
316500,92 100 
316500,92 1
316500,92 1869
316500,92 10
318471,17 25 
318498,34 75 
319705,82 72 
319790,66 70 
320283,42 80 
320736,42 83 
320828,59 64 93
321009,67 74 167
321009,67 61 167
321817,93 152 
321844,66 69 
322228,87 249 
322368,63 181 
322870,91 256 
323401,54 93 
323414,95 103 
323414,95 101 
326449,56 100 
326449,56 1
326449,56 1869
326449,56 11
328427,68 25 
328467,37 75 
329677,75 72 
329932,96 70 
330581,53 80 
331265,28 83 
331331,92 64 67
331492,94 74 148
331492,94 62 148
331899,86 150 
331920,16 68 
332372,95 249
332430,22 92 
332430,22 65 
332451,05 103 
332451,05 101 
332994,23 100 
332994,23 1
332994,23 1869
332994,23 11
334970,74 25 
334997,98 75 
336205,49 72 
336410,16 70 
336910,75 80 
337342,72 83 
337518,94 64 177
337691,29 74 149
337691,29 62 149
338103,28 150 
338130,11 68 
338421,47 249
338475,54 172 
338641,22 92 
338641,22 65 
338661,78 103 
338661,78 101 
339193,74 100 
339193,74 1
339193,74 1869
339193,74 11
341168,07 25 
341195,45 75 
342406,24 72 
342487,59 70 
342974,76 80 
343447,01 83 
343681,79 64 235
343833,43 74 134
343833,43 62 134
344642,9 150 
344661,59 68 
344981,56 249
345022,71 172 
345471,27 92 
345471,27 65 
345525,48 103 
345525,48 101 
346062,9 100 
346062,9 1
346062,9 1869
346062,9 10
348031,99 25 
348059,19 75 
349268,35 72 
349351,39 70 
349834,43 80 
350377,15 83 
350495,87 64 119
350522,64 256 
350710,39 74 201
350710,39 61 201
351522,72 150 
351551,16 68 
352759,53 92 
352759,53 65 
352775,75 103 
352775,75 101 
353315,23 100 
353315,23 1
353315,23 1869
353315,23 10
355295,41 25 
355323,33 75 
356532,39 72 
356614,94 70 
357102,08 80 
357534,11 83 
357621,36 64 87
357771,32 74 131
357771,32 61 131
358182,93 150 
358202,35 68 
358641,22 249
358687,61 171
359013,06 92 
359013,06 65 
359026,57 103 
359026,57 101 
359558,24 100 
359558,24 1
359558,24 1869
359558,24 10
361532,77 25 
361759,77 75 
362967,82 72 
363052,2 70 
363533,44 80 
364064,66 83 
364071,18 64 7
364210,14 74 119
364210,14 61 119
364619,63 150 
364639,64 68 
365100,86 249
365136,85 171
365850,84 92 
365850,84 65 
365876,86 103 
365876,86 101 
366408,89 100 
366408,89 1
366408,89 1869
366408,89 11
368383,26 25 
368414,07 75 
369623,2 72 
369702,68 70 
370193,92 80 
370675,19 83 
370833,27 64 158
370983,49 74 136
370983,49 62 136
371794,55 150 
371823,38 68 
372028,11 249
372146,73 172 
372333,8 92 
372333,8 65 
372354,1 103 
372354,1 101 
372903,9 100 
372903,9 1
372903,9 1869
372903,9 10
374875,27 25 
374954,11 75 
376163,3 72 
376246,59 70 
376735,26 80 
377165,77 83 
377353,88 64 189
377505,73 74 127
377505,73 61 127
378316,64 150 
378340,66 68 
379150,89 92 
379150,89 65 
379164,6 103 
379164,6 101 
379696,38 100 
379696,38 1
379696,38 1869
379696,38 11
381670,9 25 
381713,41 75 
382920,2 72 
383003,75 70 
383489,06 80 
383976,21 83 
384172,33 64 196
384345,17 74 156
384345,17 62 156
384756,15 150 
384777,72 68 
385066,91 249
385102,23 172 
385288,19 92 
385288,19 65 
385308,62 103 
385308,62 101 
385841,83 100 
385841,83 1
385841,83 1869
385841,83 10
387814,93 25 
387842,7 75 
389051,65 72 
389134,47 70 
389620,2 80 
390147,02 83 
390262,44 64 116
390445,59 74 166
390445,59 61 166
390856,03 150 
390881,93 68 
391281,96 249
391416,02 171
392093,07 92 
392093,07 65 
392119,04 103 
392119,04 101 
392658,22 100 
392658,22 1
392658,22 1869
392658,22 10
394638,66 25 
394666,68 75 
395875,56 72 
395958,24 70 
396441,81 80 
396877,37 83 
397130,77 64 254
397302,25 74 158
397302,25 61 158
398110,74 150 
398132,18 68 
398505,92 249
398582,6 171
399343,91 92 
399343,91 65 
399369,28 103 
399369,28 101 
399907,11 100 
399907,11 1
399907,11 1869
399907,11 10
401875,78 25 
401903,04 75 
403109,44 72 
403181,96 70 
403666,7 80 
404154,31 83 
404320,32 64 166
404347,29 256 
404525,43 74 185
404525,43 61 185
405337,33 150 
405369,04 68 
405795,16 249
405845 171
406180,63 92 
406180,63 65 
406206,4 103 
406206,4 101 
406739,7 100 
406739,7 1
406739,7 1869
406739,7 11
408712,74 25 
408740,72 75 
409947,49 72 
410032,36 70 
410516,01 80 
411058,05 83 
411065,28 64 7
411245,16 74 161
411245,16 62 161
411655,66 152 
411686,38 69 
411984,64 249 
412254,12 256 
413816,61 93 
413829,86 103 
413829,86 101 
416871,32 100 
416871,32 1
416871,32 1869
416871,32 10
418841,76 25 
418868,98 75 
420075,69 72 
420161,28 70 
420652,65 80 
421187,02 83 
421301,46 64 115
421466,79 74 147
421466,79 61 147
422279 150 
422308,46 68 
422739,82 249
422970,82 171
423118,39 92 
423118,39 65 
423132,59 103 
423132,59 101 
423665,8 100 
423665,8 1
423665,8 1869
423665,8 11
425638,81 25 
425667,07 75 
426874,08 72 
426958,41 70 
427447,25 80 
427877,61 83 
428105,11 64 228
428252,55 74 123
428252,55 62 123
428664,79 150 
428692,42 68 
428962,78 249
429020,24 172 
429902,33 92 
429902,33 65 
429916,32 103 
429916,32 101 
430455,67 100 
430455,67 1
430455,67 1869
430455,67 11
432422,64 25 
432449,94 75 
433660,74 72 
433742,18 70 
434227,73 80 
434714,6 83 
434779,19 64 65
434801,45 256 
434936,23 74 142
434936,23 62 142
435743,78 150 
435769,43 68 
436041,95 249
436080,58 172 
436280,41 92 
436280,41 65 
436300,26 103 
436300,26 101 
436845,38 100 
436845,38 1
436845,38 1869
436845,38 11
438819,9 25 
438847,78 75 
440057,09 72 
440312,73 70 
441117,62 80 
441844,91 83 
442007,69 64 163
442038,42 256 
442224,21 74 193
442224,21 62 193
442632,48 150 
442659,94 68 
442927,41 249
443006,81 172 
443173,12 92 
443173,12 65 
443190,68 103 
443190,68 101 
443723,96 100 
443723,96 1
443723,96 1869
443723,96 10
445696,97 25 
445724,46 75 
446931,8 72 
447189,75 70 
448002,75 80 
448682,06 83 
448867,6 64 186
449057,78 74 176
449057,78 61 176
449466,38 150 
449496,91 68 
449615,18 249
449823,15 171
450707,89 92 
450707,89 65 
450734,13 103 
450734,13 101 
451265,77 100 
451265,77 1
451265,77 1869
451265,77 11
453240,41 25 
453520,8 75 
454728,36 72 
454933,2 70 
455595,13 80 
456078,9 83 
456240,87 64 162
456419,01 74 154
456419,01 62 154
457230,69 150 
457253,6 68 
457522,76 249
457565,73 172 
458065,82 92 
458065,82 65 
458091,11 103 
458091,11 101 
458637,83 100 
458637,83 1
458637,83 1869
458637,83 11
460610,68 25 
460637,9 75 
461847,53 72 
462050,16 70 
462545,42 80 
463089,2 83 
463110,82 64 22
463153,58 256 
463339,96 74 211
463339,96 62 211
463751,38 150 
463770,84 68 
464056,66 249
464106,39 172 
464981,8 92 
464981,8 65 
465008,1 103 
465008,1 101 
465539,7 100 
465539,7 1
465539,7 1869
465539,7 11
467514,34 25 
467541,53 75 
468749,28 72 
468833,98 70 
469320,44 80 
469806,4 83 
469960,43 64 155
470113,22 74 134
470113,22 62 134
470924,41 150 
470954,5 68 
471233,29 249
471286,91 172 
471762,79 92 
471762,79 65 
471778,58 103 
471778,58 101 
472312 100 
472312 1
472312 1869
472312 11
474284,83 25 
474685,02 75 
475892,04 72 
475964,32 70 
476451 80 
476883,39 83 
477016,54 64 134
477163,5 74 134
477163,5 62 134
477972,3 150 
477991,72 68 
478279,12 249
478384,05 172 
478498,51 92 
478498,51 65 
478522,34 103 
478522,34 101 
479062,12 100 
479062,12 1
479062,12 1869
479062,12 10
481041,99 25 
481602,18 75 
481722,83 250 
481733,82 101 
483747,44 100 
483747,44 1
483747,44 1869
483747,44 10
483747,44 25 
483773,7 75 
484985,48 72 
485067,05 70 
485546,51 80 
485986,19 83 
486221,71 64 236
486365,19 74 126
486365,19 61 126
486772,8 150 
486801,08 68 
486899,13 249
487086,88 171
487610,53 92 
487610,53 65 
487625,13 103 
487625,13 101 
488162,59 100 
488162,59 1
488162,59 1869
488162,59 10
490131,45 25 
490158,58 75 
491366,51 72 
491450,97 70 
491939,38 80 
492423,41 83 
492512,37 64 89
492672,76 74 143
492672,76 61 143
493485,12 150 
493504,91 68 
493899,13 249
493988,93 171
494714,28 92 
494714,28 65 
494731 103 
494731 101 
495261,54 100 
495261,54 4
495261,54 1869
495261,54 10
495261,54 78 
495261,54 198 
497235,09 25 
497276,02 75 
498484,07 72 
498568,06 70 
499055,16 80 
499580,46 83 
499603,55 64 23
499760,94 74 141
499760,94 61 141
500170,64 153 
500195,47 68 
500706,71 92 
500706,71 65 
500726,31 103 
500726,31 101 
501270,67 100 
501270,67 4
501270,67 1869
501270,67 11
503245,87 25 
503273,08 75 
504482,19 72 
504565,42 70 
505049,46 80 
505591,17 83 
505812,92 64 222
505988,99 74 158
505988,99 62 158
506397,17 151 
506418,64 69 
506893,44 249 
506928,62 93 
506936,92 103 
506936,92 101 
509969,91 100 
509969,91 4
509969,91 1869
509969,91 10
511948,82 25 
511976,8 75 
513185,65 72 
513268,38 70 
513754,09 80 
514240,94 83 
514393,92 64 153
514563,7 74 150
514563,7 61 150
515371,81 151 
515401,44 69 
516212,97 93 
516226,3 103 
516226,3 101 
519260,46 100 
519260,46 4
519260,46 1869
519260,46 11
521238,23 25 
521266,44 75 
522476,86 72 
522557,78 70 
523040,43 80 
523476,9 83 
524750,89 64 1274
525773,45 74 1005
525773,45 62 1005
526180,8 151 
526211,02 69 
527222,19 93 
527235 103 
527235 101 
530273,39 100 
530273,39 4
530273,39 1869
530273,39 10
532246,84 25 
532274,21 75 
533481,23 72 
533566,49 70 
534060,05 80 
534538,93 83 
536736,31 64 2197
538111,08 74 1360
538111,08 62 1360
538921,31 150 
538952,2 68 
539218,28 249
539284,32 172 
540085,79 92 
540085,79 65 
540109,52 103 
540109,52 101 
540643,6 100 
540643,6 4
540643,6 1869
540643,6 11
542615,89 25 
542643,16 75 
543853,43 72 
543935,31 70 
544421,66 80 
544961,13 83 
545475,72 64 515
545500,96 256 
546243,11 74 749
546243,11 61 749
546653,41 150 
546682,32 68 
546834,25 249
547085,72 171
547193,7 92 
547193,7 65 
547213,13 103 
547213,13 101 
547745,06 100 
547745,06 4
547745,06 1869
547745,06 11
549719,53 25 
550239,61 75 
551449,48 72 
551532,18 70 
552023,6 80 
552451,4 83 
552774,14 64 323
552954,62 74 158
552954,62 61 158
553766,29 150 
553786,41 68 
554997,09 92 
554997,09 65 
555023,15 103 
555023,15 101 
555569,47 100 
555569,47 4
555569,47 1869
555569,47 10
557542,75 25 
558022,91 75 
559231,99 72 
559315,45 70 
559806,37 80 
560287,9 83 
561157,92 64 870
561187,82 256 
561420,35 74 239
561420,35 62 239
561830,94 150 
561849,37 68 
562175,46 249
562218,62 172 
562657,46 92 
562657,46 65 
562673,23 103 
562673,23 101 
563207,65 100 
563207,65 4
563207,65 1869
563207,65 10
565179,54 25 
565206,97 75 
566418,14 72 
566672,31 70 
567473,43 80 
568217,99 83 
568262,46 64 45
568412,32 74 128
568412,32 62 128
569220,48 150 
569245,97 68 
569542,29 249
569571,57 172 
570456,69 92 
570456,69 65 
570483,23 103 
570483,23 101 
571016,48 100 
571016,48 4
571016,48 1869
571016,48 11
572989,55 25 
573017,42 75 
574227,62 72 
574495,66 70 
575299,95 80 
575934,62 83 
576172,22 64 238
576348,82 74 161
576348,82 61 161
576757,5 150 
576789,5 68 
577300,4 92 
577300,4 65 
577320,34 103 
577320,34 101 
577858,8 100 
577858,8 4
577858,8 1869
577858,8 10
579840,04 25 
580173,51 75 
581385,2 72 
581466,08 70 
581949,5 80 
582478,61 83 
582652,96 64 175
582819,11 74 141
582819,11 61 141
583631,5 151 
583652,79 69 
584161,14 93 
584184,09 103 
584184,09 101 
587221,33 100 
587221,33 4
587221,33 1869
587221,33 11
589195,98 25 
589223,35 75 
590432,31 72 
590515,55 70 
590998,42 80 
591461,38 83 
592196,64 64 736
592233,07 256 
592417,77 74 197
592417,77 62 197
592825,59 151 
592848,98 69 
593386,84 249 
593857,02 93 
593873,31 103 
593873,31 101 
596905,18 100 
596905,18 4
596905,18 1869
596905,18 11
598885,17 25 
598912,66 75 
600123,69 72 
600204,74 70 
600688,14 80 
601123,88 83 
601670,22 64 546
602343,17 74 660
602343,17 61 660
603154,02 152 
603177,49 69 
603985,47 93 
604002,41 103 
604002,41 101 
607044,99 100 
607044,99 4
607044,99 1869
607044,99 10
609014,36 25 
609041,84 75 
610248,79 72 
610333,79 70 
610816,1 80 
611333,01 83 
611424,78 64 92
611581,28 74 142
611581,28 61 142
612393,78 151 
612414,28 69 
612921,51 93 
612931,92 103 
612931,92 101 
615963,78 100 
615963,78 4
615963,78 1869
615963,78 10
617943,79 25 
617971,69 75 
619179,09 72 
619263,34 70 
619745,49 80 
620235,81 83 
622281,95 64 2047
622497,04 74 196
622497,04 63 196
622908,55 151 
622929,51 69 
623741,14 93 
623753,95 103 
623753,95 101 
626789,05 100 
626789,05 4
626789,05 1869
626789,05 11
628765,83 25 
628793,54 75 
630002,81 72 
630085,41 70 
630578,49 80 
631017,92 83 
631826,45 64 809
632099,9 74 256
632099,9 61 256
632912,08 150 
632938,99 68 
634149,93 92 
634149,93 65 
634176,26 103 
634176,26 101 
634715,87 100 
634715,87 4
634715,87 1869
634715,87 10
636695,76 25 
636723,82 75 
637931,64 72 
638015,33 70 
638502,6 80 
638987,91 83 
639902,8 64 916
640103,23 74 183
640103,23 62 183
640512,6 150 
640535,85 68 
640837,41 249
640873,56 172 
641745,49 92 
641745,49 65 
641759,78 103 
641759,78 101 
642291,5 100 
642291,5 4
642291,5 1869
642291,5 11
644265,88 25 
644294,37 75 
645501,95 72 
645585,47 70 
646070,23 80 
646597,96 83 
646695,75 64 98
646875,63 74 158
646875,63 61 158
647287,6 150 
647306,44 68 
648120,39 92 
648120,39 65 
648143,61 103 
648143,61 101 
648676,44 100 
648676,44 4
648676,44 1869
648676,44 10
650649,85 25 
651090,07 75 
652299,22 72 
652382,59 70 
652862,96 80 
653301,75 83 
654079,62 64 779
654257,94 74 157
654257,94 62 157
655065,87 150 
655089,59 68 
655367,37 249
655410,97 172 
655598,35 92 
655598,35 65 
655620,38 103 
655620,38 101 
656170,33 100 
656170,33 4
656170,33 1869
656170,33 11
658140,12 25 
658167,2 75 
659375,96 72 
659459,54 70 
659946,46 80 
660471,99 83 
660526,65 64 55
660552,58 256 
660708,32 74 170
660708,32 61 170
661518,21 150 
661539,33 68 
662749,06 92 
662749,06 65 
662764,26 103 
662764,26 101 
663297,2 100 
663297,2 4
663297,2 1869
663297,2 11
665270,4 25 
665470,64 75 
666678,99 72 
666763,21 70 
667247,15 80 
667735,58 83 
667914,82 64 180
668202,2 74 267
668202,2 62 267
668611,88 151 
668629,92 69 
669142,64 93 
669161,31 103 
669161,31 101 
672193,03 100 
672193,03 4
672193,03 1869
672193,03 11
674173,17 25 
674200,48 75 
675407,46 72 
675666,1 70 
676469,03 80 
677211,56 83 
678095,03 64 884
678374,37 74 256
678374,37 62 256
678783,63 151 
678812,8 69 
679372,65 249 
680438,79 93 
680449,85 103 
680449,85 101 
683492,44 100 
683492,44 4
683492,44 1869
683492,44 10
685461,92 25 
685489,87 75 
686696,75 72 
686941,3 70 
687752,65 80 
688393,52 83 
688659,9 64 267
688835,18 74 162
688835,18 61 162
689644,45 151 
689674,18 69 
689954,04 249 
690337,19 181 
690486,33 93 
690498,91 103 
690498,91 101 
693536,95 100 
693536,95 4
693536,95 1869
693536,95 10
695510,79 25 
695538,1 75 
695572,62 250 
695589,61 101 
697616,61 100 
697616,61 4
697616,61 1869
697616,61 10
697616,61 25 
697842,74 75 
699051,67 72 
699136,05 70 
699621,48 80 
700108,55 83 
702990,82 64 2883
703786,4 74 773
703786,4 62 773
704195,02 152 
704215,52 69 
704725,96 93 
704746,33 103 
704746,33 101 
707778,9 100 
707778,9 4
707778,9 1869
707778,9 10
709758,18 25 
709798,78 75 
711006,66 72 
711090,98 70 
711572,42 80 
712010,13 83 
713502,23 64 1492
713524,04 256 
714135,7 74 620
714135,7 61 620
714945,24 151 
714970,68 69 
715922,29 249 
716050,63 181 
717352,52 93 
717367,5 103 
717367,5 101 
720413,52 100 
720413,52 4
720413,52 1869
720413,52 11
722393,57 25 
722420,68 75 
723629,65 72 
723712,37 70 
724196,34 80 
724684,72 83 
727241,11 64 2557
727263,65 256 
729477,57 74 2221
729477,57 62 2221
730285,64 151 
730310,99 69 
730818,95 93 
730841,76 103 
730841,76 101 
733875,27 100 
733875,27 4
733875,27 1869
733875,27 11
735853,77 25 
738013,35 75 
739220,63 72 
739305,61 70 
739786,25 80 
740331,52 83 
741099,58 64 769
741417,55 74 301
741417,55 63 301
741826,5 151 
741852,28 69 
742628,62 249 
742664,67 93 
742676,73 103 
742676,73 101 
745712,75 100 
745712,75 4
745712,75 1869
745712,75 10
747688,6 25 
747729,58 75 
748941,13 72 
749021,49 70 
749511,23 80 
749940,68 83 
750856,5 64 917
751540,07 74 667
751540,07 61 667
752350,81 151 
752380,72 69 
753391,92 93 
753405,5 103 
753405,5 101 
756446,16 100 
756446,16 4
756446,16 1869
756446,16 10
758417,4 25 
758444,62 75 
759652,49 72 
759736,97 70 
760223,05 80 
760656,11 83 
761339,68 64 684
761621,2 74 259
761621,2 62 259
762030,26 150 
762057,37 68 
762474,83 249
762614,11 172 
762865,76 92 
762865,76 65 
762881,49 103 
762881,49 101 
763415,69 100 
763415,69 4
763415,69 1869
763415,69 10
765387,86 25 
765415,11 75 
766623,69 72 
766707,34 70 
767196,93 80 
767720,03 83 
767998,39 64 278
768020,1 256 
768054,07 74 41
768054,07 62 41
768464,26 152 
768494,66 69 
769233,29 256 
769238,85 249 
770028,26 182 
771249,21 93 
771264,71 103 
771264,71 101 
774297,88 100 
774297,88 4
774297,88 1869
774297,88 11
776276,5 25 
776303,88 75 
776311,88 250 
776328,93 101 
778342,41 100 
778342,41 4
778342,41 1869
778342,41 11
778342,41 25 
778368,66 75 
779575,75 72 
779648,76 70 
780133,65 80 
780621,02 83 
781714,82 64 1094
782468,96 74 729
782468,96 63 729
783281,78 151 
783300,92 69 
783720,31 249 
783769,38 183 
783811,1 93 
783832,57 103 
783832,57 101 
786882,99 100 
786882,99 4
786882,99 1869
786882,99 10
788857,9 25 
788885,82 75 
790095,63 72 
790297,36 70 
790801,38 80 
791284,94 83 
792016,29 64 733
792045,12 256 
792278,19 74 249
792278,19 61 249
792686,04 151 
792711,02 69 
793345,06 249 
793444,14 181 
795294,26 93 
795307,71 103 
795307,71 101 
798340,7 100 
798340,7 4
798340,7 1869
798340,7 10
800319,64 25 
800399,99 75 
801606,55 72 
801692,47 70 
802180,28 80 
802718,27 83 
804608,01 64 1890
805827,81 74 1204
805827,81 62 1204
806638,88 150 
806665,24 68 
806948,73 249
807046,54 172 
808247,85 92 
808247,85 65 
808275,55 103 
808275,55 101 
808809,76 100 
808809,76 4
808809,76 1869
808809,76 11
810781,81 25 
810809,5 75 
812018,32 72 
812101,38 70 
812586,31 80 
813020,48 83 
814142,02 64 1122
814179,53 256 
814691,59 74 526
814691,59 61 526
815502,84 150 
815528,07 68 
816339,56 92 
816339,56 65 
816365,4 103 
816365,4 101 
816906,83 100 
816906,83 4
816906,83 1869
816906,83 11
818886,22 25 
819391,96 75 
820600,79 72 
820684,47 70 
821172,76 80 
821710,18 83 
821850,02 64 140
822022,91 74 153
822022,91 61 153
822430,51 150 
822458,36 68 
823269,4 92 
823269,4 65 
823282,55 103 
823282,55 101 
823817,73 100 
823817,73 4
823817,73 1869
823817,73 11
825788,75 25 
826255,6 75 
827463,89 72 
827548,12 70 
828038,71 80 
828480,61 83 
828688,6 64 209
828851,22 74 144
828851,22 61 144
829259,01 150 
829282,34 68 
829793,7 92 
829793,7 65 
829813,05 103 
829813,05 101 
830346,31 100 
830346,31 4
830346,31 1869
830346,31 11
832332,69 25 
832506,61 75 
833713,78 72 
833800,76 70 
834292,27 80 
834771,32 83 
834847,94 64 77
834871,49 256 
835024,1 74 160
835024,1 61 160
835832,09 150 
835852,81 68 
837061,22 92 
837061,22 65 
837076,63 103 
837076,63 101 
837618,85 100 
837618,85 4
837618,85 1869
837618,85 10
839596,22 25 
839623,99 75 
840833,62 72 
840915,77 70 
841413,5 80 
841901,67 83 
842944,93 64 1044
843138,63 74 172
843138,63 62 172
843947,2 150 
843969,32 68 
844478,09 92 
844478,09 65 
844500,17 103 
844500,17 101 
845032,8 100 
845032,8 4
845032,8 1869
845032,8 10
847006,4 25 
847047,25 75 
848257,24 72 
848339,27 70 
848829,06 80 
849258,51 83 
849423,01 64 165
849577,49 74 133
849577,49 62 133
849988,1 150 
850007,22 68 
850365,47 249
850404,02 172 
850817,1 92 
850817,1 65 
850844,11 103 
850844,11 101 
851382,31 100 
851382,31 4
851382,31 1869
851382,31 10
853350,42 25 
853378,21 75 
854585,74 72 
854669,91 70 
855162,08 80 
855709,07 83 
855751,29 64 42
855885,25 74 110
855885,25 62 110
856295,97 150 
856324,07 68 
856625,21 249
856662,05 172 
857535,58 92 
857535,58 65 
857561,26 103 
857561,26 101 
858101,44 100 
858101,44 4
858101,44 1869
858101,44 10
860080,85 25 
860108,13 75 
861316,61 72 
861400,43 70 
861890,16 80 
862319,63 83 
862452,63 64 134
862599,81 74 134
862599,81 62 134
863411,53 150 
863440,99 68 
863752,31 249
863792,27 172 
864250,76 92 
864250,76 65 
864265,05 103 
864265,05 101 
864798,5 100 
864798,5 4
864798,5 1869
864798,5 11
866771,36 25 
866799,15 75 
868007,44 72 
868090,88 70 
868578,72 80 
869063,4 83 
869205,71 64 143
869349 74 126
869349 61 126
869758,7 150 
869785,03 68 
870294,49 92 
870294,49 65 
870315,82 103 
870315,82 101 
870849,23 100 
870849,23 4
870849,23 1869
870849,23 11
872822,16 25 
873195,65 75 
874402,87 72 
874488,2 70 
874979,47 80 
875513,97 83 
875699,38 64 184
875876,77 74 162
875876,77 61 162
876686,9 150 
876715,34 68 
877105,58 249
877323,53 171
877922,42 92 
877922,42 65 
877939,24 103 
877939,24 101 
878485,56 100 
878485,56 4
878485,56 1869
878485,56 10
880458,89 25 
880925,74 75 
882136,51 72 
882218,41 70 
882710,92 80 
883137,44 83 
883344,09 64 207
883506,66 74 143
883506,66 62 143
884315,85 152 
884338,87 69 
884823,52 249 
885727,23 93 
885749,28 103 
885749,28 101 
888781,21 100 
888781,21 4
888781,21 1869
888781,21 11
890761,2 25 
890788,42 75 
891994,84 72 
892254 70 
892905,29 80 
893532,99 83 
893613,52 64 81
893777,37 74 152
893777,37 61 152
894186,87 150 
894214,55 68 
895425,42 92 
895425,42 65 
895438,67 103 
895438,67 101 
895971,83 100 
895971,83 4
895971,83 1869
895971,83 11
897944,77 25 
898451,67 75 
899661,36 72 
899864,09 70 
900367,22 80 
900889,83 83 
900909,04 64 19
901074,52 74 145
901074,52 61 145
901884,72 150 
901904,78 68 
902718 92 
902718 65 
902742,16 103 
902742,16 101 
903281,54 100 
903281,54 4
903281,54 1869
903281,54 10
905261,63 25 
905289,84 75 
906500,5 72 
906581,27 70 
907075,5 80 
907553,76 83 
907753,04 64 200
907946,72 74 180
907946,72 62 180
908359,16 150 
908381,98 68 
908676,48 249
908717,38 172 
908890,11 92 
908890,11 65 
908912,77 103 
908912,77 101 
909450,31 100 
909450,31 4
909450,31 1869
909450,31 11
911419,06 25 
911460,32 75 
912669,89 72 
912751,91 70 
913238,3 80 
913671,03 83 
913931,76 64 261
913957,94 256 
913986,61 74 36
913986,61 62 36
914484,51 151 
914511,89 69 
915061,14 249 
916053,8 256 
916645,8 182 
917148,87 93 
917162,57 103 
917162,57 101 
920195,58 100 
920195,58 4
920195,58 1869
920195,58 11
922174,52 25 
922201,97 75 
922354,5 250 
922373,21 101 
924386,84 100 
924386,84 4
924386,84 1869
924386,84 11
924386,84 25 
925452,68 75 
926663,17 72 
926745,94 70 
927231,27 80 
927771,79 83 
928046,32 64 275
928546,76 74 482
928546,76 62 482
929356,19 151 
929386,3 69 
929795,74 249 
930098,39 256 
930571,07 182 
930652,59 93 
930663,49 103 
930663,49 101 
933706,45 100 
933706,45 4
933706,45 1869
933706,45 10
935675,43 25 
936195,52 75 
937405,45 72 
937488,02 70 
937969,51 80 
938500,52 83 
939907,25 64 1407
939932,89 256 
940675,14 74 749
940675,14 62 749
941086,14 150 
941114,67 68 
941378,1 249
941455,5 172 
942256,93 92 
942256,93 65 
942271,89 103 
942271,89 101 
942803,71 100 
942803,71 4
942803,71 1869
942803,71 11
944778,19 25 
944805,75 75 
946014,12 72 
946097,73 70 
946580,08 80 
947070,2 83 
947917,38 64 847
948388,97 74 453
948388,97 61 453
949198,35 150 
949217,92 68 
949727,63 92 
949727,63 65 
949748,76 103 
949748,76 101 
950286,8 100 
950286,8 4
950286,8 1869
950286,8 10
952255,07 25 
952775,21 75 
953985,2 72 
954067,66 70 
954557,89 80 
954986,87 83 
955704,88 64 718
955733,32 256 
955988,95 74 269
955988,95 62 269
956400,22 150 
956427,47 68 
956727,02 249
956765,85 172 
957635,34 92 
957635,34 65 
957652,02 103 
957652,02 101 
958199,67 100 
958199,67 4
958199,67 1869
958199,67 10
960171,67 25 
960199,68 75 
961407,07 72 
961491,19 70 
961978,57 80 
962463,72 83 
962517,33 64 54
962550,56 256 
962710,38 74 168
962710,38 62 168
963520,49 150 
963544,32 68 
963829,81 249
963856,54 172 
964353,5 92 
964353,5 65 
964369,16 103 
964369,16 101 
964903 100 
964903 4
964903 1869
964903 11
966875,46 25 
966902,68 75 
968112,15 72 
968195,05 70 
968675,97 80 
969100,87 83 
969334,36 64 233
969491,96 74 138
969491,96 61 138
969904,75 152 
969929,1 69 
970939,54 93 
970953,05 103 
970953,05 101 
973985,76 100 
973985,76 4
973985,76 1869
973985,76 10
975965,02 25 
976978,24 75 
978188,05 72 
978270,71 70 
978756,51 80 
979296,49 83 
980427,53 64 1132
980630,42 74 188
980630,42 62 188
981438,48 150 
981456,76 68 
981739,37 249
981778,81 172 
981969,13 92 
981969,13 65 
981988,38 103 
981988,38 101 
982536,55 100 
982536,55 4
982536,55 1869
982536,55 10
984507,98 25 
984535,9 75 
985742,58 72 
985827,55 70 
986313,78 80 
986746,69 83 
986965,16 64 219
987104,13 74 118
987104,13 62 118
987917,25 150 
987947,31 68 
988218,75 249
988245,41 172 
989159,83 92 
989159,83 65 
989185,32 103 
989185,32 101 
989717 100 
989717 4
989717 1869
989717 10
991691,6 25 
991719,1 75 
992927,35 72 
993011,11 70 
993496,26 80 
994023,67 83 
994051,83 64 29
994196,63 74 120
994196,63 62 120
994606,85 150 
994625,31 68 
994917,12 249
994950,87 172 
995137,1 92 
995137,1 65 
995156,11 103 
995156,11 101 
995688,84 100 
995688,84 4
995688,84 1869
995688,84 11
997662,4 25 
997690,19 75 
998899,71 72 
998982,12 70 
999470,02 80 
999967,77 83 
1000060,76 64 94
1000239,14 74 165
1000239,14 61 165
1001049,71 150 
1001075,91 68 
1001237,81 249
1001391,2 171
1001884,06 92 
1001884,06 65 
1001913,27 103 
1001913,27 101 
1002456,58 100 
1002456,58 4
1002456,58 1869
1002456,58 10
1004432,86 25 
1005152,93 75 
1006361,42 72 
1006618,7 70 
1007443,25 80 
1008177,59 83 
1008486,86 64 310
1008675,49 74 166
1008675,49 62 166
1009086,75 150 
1009112,42 68 
1009578,35 249
1009622,17 92 
1009622,17 65 
1009643,28 103 
1009643,28 101 
1010179,24 100 
1010179,24 4
1010179,24 1869
1010179,24 10
1012149,56 25 
1012176,98 75 
1013387,33 72 
1013469,27 70 
1013960,49 80 
1014388,29 83 
1014655,5 64 268
1014808,12 74 140
1014808,12 62 140
1015218,55 152 
1015243,35 69 
1015829,75 249 
1016179,6 256 
1017954,79 93 
1017973,08 103 
1017973,08 101 
1021006,93 100 
1021006,93 4
1021006,93 1869
1021006,93 11
1022984,93 25 
1023012,9 75 
1024221,11 72 
1024304,5 70 
1024797,57 80 
1025277 83 
1025457,81 64 181
1025631,65 74 155
1025631,65 61 155
1026443,26 150 
1026464,28 68 
1026875,68 249
1027005,63 171
1027671,94 92 
1027671,94 65 
1027688,94 103 
1027688,94 101 
1028229,27 100 
1028229,27 4
1028229,27 1869
1028229,27 10
1030208,58 25 
1030235,77 75 
1031445,2 72 
1031528,14 70 
1032015,73 80 
1032447,27 83 
1032918,11 64 471
1032947,2 256 
1033189,99 74 250
1033189,99 62 250
1033599,72 150 
1033622,16 68 
1033977,77 249
1034013,2 172 
1034430,64 92 
1034430,64 65 
1034446,06 103 
1034446,06 101 
1034980,56 100 
1034980,56 4
1034980,56 1869
1034980,56 11
1036952,36 25 
1036979,49 75 
1038189,03 72 
1038271,9 70 
1038766,4 80 
1039257,78 83 
1039334,8 64 78
1039489,64 74 138
1039489,64 61 138
1040301,14 150 
1040325,88 68 
1040705,62 249
1040749,78 171
1040834,14 92 
1040834,14 65 
1040856,67 103 
1040856,67 101 
1041393,92 100 
1041393,92 4
1041393,92 1869
1041393,92 11
1043362,95 25 
1043869,83 75 
1045077,47 72 
1045162,34 70 
1045652,94 80 
1046201,46 83 
1046347,42 64 147
1046508,87 74 148
1046508,87 61 148
1046917,57 150 
1046936,35 68 
1048147,75 92 
1048147,75 65 
1048173,57 103 
1048173,57 101 
1048714,02 100 
1048714,02 4
1048714,02 1869
1048714,02 11
1050693,27 25 
1051120,06 75 
1052329,16 72 
1052412,58 70 
1052905,93 80 
1053398,4 83 
1053492 64 94
1053628,81 74 111
1053628,81 61 111
1054440,16 150 
1054466,54 68 
1054974,03 92 
1054974,03 65 
1054997,31 103 
1054997,31 101 
1055531,52 100 
1055531,52 2
1055531,52 1869
1055531,52 11
1055531,52 78 
1055531,52 198 
1057503,63 25 
1057531,39 75 
1058738,71 72 
1058823,2 70 
1059316,6 80 
1059862,28 83 
1059932,7 64 71
1060097,27 74 142
1060097,27 61 142
1060907,5 153 
1060930,48 68 
1061266,81 249
1061646,26 171
1062138,9 92 
1062138,9 65 
1062154,3 103 
1062154,3 101 
1062685,99 100 
1062685,99 2
1062685,99 1869
1062685,99 11
1064660,59 25 
1066366,9 75 
1067574,48 72 
1067659,42 70 
1068150,15 80 
1068578,66 83 
1068687,25 64 109
1068846,83 74 135
1068846,83 61 135
1069254,73 151 
1069273,12 69 
1069781,94 93 
1069791,07 103 
1069791,07 101 
1072838,14 100 
1072838,14 2
1072838,14 1869
1072838,14 11
1074816,29 25 
1074923,24 75 
1076133,68 72 
1076215,76 70 
1076712,98 80 
1077201,61 83 
1077458,85 64 258
1077676,94 74 196
1077676,94 61 196
1078085,53 151 
1078110,76 69 
1078621,76 93 
1078640,61 103 
1078640,61 101 
1081672,15 100 
1081672,15 2
1081672,15 1869
1081672,15 10
1083652,49 25 
1084066,03 75 
1085271,51 72 
1085358,53 70 
1085853,71 80 
1086277,76 83 
1087071,91 64 795
1087097,64 256 
1087343,69 74 254
1087343,69 62 254
1088152,56 151 
1088172,21 69 
1088990,61 249 
1089263,2 256 
1091380,4 182 
1092839,72 93 
1092861,22 103 
1092861,22 101 
1095892,66 100 
1095892,66 2
1095892,66 1869
1095892,66 10
1097873,12 25 
1097900,63 75 
1099108,41 72 
1099192,82 70 
1099675,34 80 
1100218,49 83 
1102187,54 64 1970
1102212,2 256 
1102566,01 74 362
1102566,01 62 362
1103375,34 151 
1103404,88 69 
1104041,83 249 
1104958,56 93 
1104976,09 103 
1104976,09 101 
1108016,41 100 
1108016,41 2
1108016,41 1869
1108016,41 11
1109987,98 25 
1110321,57 75 
1111529,5 72 
1111800,63 70 
1112454,44 80 
1113132,94 83 
1115047,96 64 1915
1119739,19 74 4674
1119739,19 63 4674
1120146,84 150 
1120171,88 68 
1120636,02 249
1121502,92 173 
1121773,39 92 
1121773,39 65 
1121795,67 103 
1121795,67 101 
1122335,82 100 
1122335,82 2
1122335,82 1869
1122335,82 10
1124301,92 25 
1124329,99 75 
1125539,31 72 
1125741,47 70 
1126240,89 80 
1126673,91 83 
1127253,61 64 580
1127280,94 256 
1129461,29 74 2188
1129461,29 62 2188
1130272,41 151 
1130300,1 69 
1130810,33 93 
1130831,78 103 
1130831,78 101 
1133863,51 100 
1133863,51 2
1133863,51 1869
1133863,51 10
1135843,65 25 
1137150,13 75 
1138359,15 72 
1138442,66 70 
1138925,31 80 
1139415,14 83 
1140437,43 64 1022
1140711,29 74 257
1140711,29 63 257
1141124,1 151 
1141149,29 69 
1141567,79 249 
1141774,53 183 
1141956,78 93 
1141973,71 103 
1141973,71 101 
1145014,24 100 
1145014,24 2
1145014,24 1869
1145014,24 10
1146985,66 25 
1147092,62 75 
1148302,26 72 
1148385,17 70 
1148863,85 80 
1149344,24 83 
1150300,39 64 956
1150565,83 74 249
1150565,83 61 249
1150977,41 150 
1150998,78 68 
1151444,27 249
1151536,39 171
1152207,97 92 
1152207,97 65 
1152222,69 103 
1152222,69 101 
1152755,62 100 
1152755,62 2
1152755,62 1869
1152755,62 11
1154728,97 25 
1155182,51 75 
1156391,47 72 
1156474,99 70 
1156961,7 80 
1157394,22 83 
1158204,88 64 811
1158392,42 74 173
1158392,42 63 173
1159202,12 150 
1159222 68 
1159589,19 249
1159700,58 173 
1159731,14 92 
1159731,14 65 
1159752,81 103 
1159752,81 101 
1160290,49 100 
1160290,49 2
1160290,49 1869
1160290,49 11
1162259,38 25 
1162286,66 75 
1163493,26 72 
1163578,62 70 
1164067,46 80 
1164591,1 83 
1164696,61 64 106
1164828,73 256 
1164842,46 74 132
1164842,46 63 132
1165255,23 152 
1165272,84 69 
1165676,17 249 
1165832,03 183 
1166083,94 93 
1166096,79 103 
1166096,79 101 
1169138,31 100 
1169138,31 2
1169138,31 1869
1169138,31 11
1171108,69 25 
1171136,26 75 
1172344,14 72 
1172428,22 70 
1172913,57 80 
1173347,4 83 
1174910,16 64 1563
1175464,05 74 531
1175464,05 63 531
1176273,59 150 
1176294,69 68 
1176676,32 249
1176740,69 173 
1177105,68 92 
1177105,68 65 
1177118,87 103 
1177118,87 101 
1177653,48 100 
1177653,48 2
1177653,48 1869
1177653,48 10
1179625,08 25 
1180065,4 75 
1181273,49 72 
1181357,78 70 
1181852,82 80 
1182370,23 83 
1183060,95 64 691
1183275,14 74 199
1183275,14 61 199
1183685,99 150 
1183705 68 
1184099,29 249
1184156,15 171
1184212,38 92 
1184212,38 65 
1184235,73 103 
1184235,73 101 
1184768,43 100 
1184768,43 2
1184768,43 1869
1184768,43 10
1186742,05 25 
1187236,53 75 
1188446,19 72 
1188528,03 70 
1189009,48 80 
1189500,59 83 
1189625,23 64 125
1189658,3 256 
1189833,89 74 187
1189833,89 61 187
1190643,34 150 
1190675,23 68 
1191883,15 92 
1191883,15 65 
1191899,12 103 
1191899,12 101 
1192447,01 100 
1192447,01 2
1192447,01 1869
1192447,01 10
1194418,94 25 
1196098,41 75 
1197306,51 72 
1197390,99 70 
1197882,8 80 
1198376,81 83 
1198638,03 64 262
1198821,24 74 165
1198821,24 63 165
1199631,82 151 
1199658,28 69 
1199933,45 249 
1200012,43 183 
1200166,56 93 
1200188,94 103 
1200188,94 101 
1203220,63 100 
1203220,63 2
1203220,63 1869
1203220,63 10
1205200,86 25 
1205721,04 75 
1206929,13 72 
1207013,52 70 
1207495,18 80 
1208039,32 83 
1208166 64 127
1208334,51 74 149
1208334,51 61 149
1208744,34 150 
1208774,29 68 
1209283,83 92 
1209283,83 65 
1209305,15 103 
1209305,15 101 
1209838,93 100 
1209838,93 2
1209838,93 1869
1209838,93 10
1211811,37 25 
1212344,83 75 
1213551,43 72 
1213624,07 70 
1214127,43 80 
1214556,6 83 
1214731,55 64 176
1214926,22 74 170
1214926,22 61 170
1215337,92 150 
1215358,13 68 
1216568,8 92 
1216568,8 65 
1216595,33 103 
1216595,33 101 
1217134,26 100 
1217134,26 2
1217134,26 1869
1217134,26 11
1219114,93 25 
1219875,08 75 
1221084,36 72 
1221167,52 70 
1221651,73 80 
1222086,68 83 
1222377,45 64 292
1222557,19 74 164
1222557,19 63 164
1223366,29 150 
1223394,63 68 
1224206,77 92 
1224206,77 65 
1224232,13 103 
1224232,13 101 
1224770,24 100 
1224770,24 2
1224770,24 1869
1224770,24 11
1226751,74 25 
1227245,19 75 
1228452,82 72 
1228711 70 
1229357,4 80 
1229989,97 83 
1230166,93 64 177
1230327,33 74 137
1230327,33 63 137
1231134,9 150 
1231164,8 68 
1231481,24 249
1231654,93 173 
1232377,03 92 
1232377,03 65 
1232401,94 103 
1232401,94 101 
1232933,6 100 
1232933,6 2
1232933,6 1869
1232933,6 11
1234908,18 25 
1235801,52 75 
1237011,85 72 
1237094,03 70 
1237572,5 80 
1238106,51 83 
1238271,42 64 166
1238441,83 74 149
1238441,83 63 149
1238851,57 150 
1238881,45 68 
1239270,08 249
1239391 92 
1239391 65 
1239412,29 103 
1239412,29 101 
1239955,99 100 
1239955,99 2
1239955,99 1869
1239955,99 10
1241931,93 25 
1241972,46 75 
1243180,75 72 
1243264,81 70 
1243746,16 80 
1244223,94 83 
1244492,49 64 269
1244653,87 74 137
1244653,87 61 137
1245064,4 150 
1245091,32 68 
1245501,27 249
1245541,6 171
1245902,24 92 
1245902,24 65 
1245916,26 103 
1245916,26 101 
1246448,93 100 
1246448,93 2
1246448,93 1869
1246448,93 11
1248422,55 25 
1248956,04 75 
1250163,94 72 
1250248,49 70 
1250733,56 80 
1251260,91 83 
1251528,59 64 268
1251691,62 74 138
1251691,62 63 138
1252502,11 150 
1252529,01 68 
1252882,73 249
1252920,16 173 
1253741,19 92 
1253741,19 65 
1253766,17 103 
1253766,17 101 
1254304,16 100 
1254304,16 2
1254304,16 1869
1254304,16 11
1256273,5 25 
1256300,1 75 
1257507,51 72 
1257592,05 70 
1258076,21 80 
1258511,21 83 
1258824,1 64 313
1258964,36 74 120
1258964,36 63 120
1259772,55 150 
1259792,62 68 
1260147,4 249
1260241,86 173 
1260301,86 92 
1260301,86 65 
1260323,42 103 
1260323,42 101 
1260862,54 100 
1260862,54 2
1260862,54 1869
1260862,54 10
1262843,1 25 
1262871,35 75 
1264079,25 72 
1264162,58 70 
1264640,2 80 
1265175,1 83 
1265849,52 64 675
1266012,86 74 145
1266012,86 61 145
1266424 150 
1266443,32 68 
1266528,23 249
1266752,32 171
1267250,73 92 
1267250,73 65 
1267267,09 103 
1267267,09 101 
1267799,41 100 
1267799,41 2
1267799,41 1869
1267799,41 10
1269773,44 25 
1270333,66 75 
1271540,58 72 
1271626,19 70 
1272106,75 80 
1272531,95 83 
1272692,95 64 161
1272850,31 74 132
1272850,31 61 132
1273657,54 150 
1273679,91 68 
1274071,27 249
1274141,88 171
1274190,8 92 
1274190,8 65 
1274210,83 103 
1274210,83 101 
1274743,28 100 
1274743,28 2
1274743,28 1869
1274743,28 11
1276717,12 25 
1277650,51 75 
1278860,38 72 
1278943,12 70 
1279421,79 80 
1279888,84 83 
1280187,03 64 299
1280342,13 74 134
1280342,13 63 134
1280751,38 150 
1280770,44 68 
1281129,12 249
1281268,35 173 
1281979,46 92 
1281979,46 65 
1281994,23 103 
1281994,23 101 
1282543,37 100 
1282543,37 2
1282543,37 1869
1282543,37 11
1284513,83 25 
1284994,01 75 
1286202,29 72 
1286286,46 70 
1286767,86 80 
1287298,96 83 
1287524,34 64 225
1287693,53 74 155
1287693,53 63 155
1288102,19 150 
1288127,32 68 
1288490,65 249
1288515,93 256 
1288809,57 173 
1289050,2 92 
1289050,2 65 
1289071,18 103 
1289071,18 101 
1289603,81 100 
1289603,81 2
1289603,81 1869
1289603,81 10
1291577,51 25 
1292110,94 75 
1293321,51 72 
1293403,55 70 
1293884,6 80 
1294309,31 83 
1294582,88 64 274
1294746,96 74 145
1294746,96 61 145
1295557,75 152 
1295577,37 69 
1296086,83 93 
1296108,22 103 
1296108,22 101 
1299141,06 100 
1299141,06 2
1299141,06 1869
1299141,06 10
1301120,11 25 
1301147,45 75 
1301390,42 250 
1301398,8 101 
1303412,46 100 
1303412,46 2
1303412,46 1869
1303412,46 10
1303412,46 25 
1303438,83 75 
1304647,3 72 
1304732,08 70 
1305220,66 80 
1305691,15 83 
1307552,97 64 1862
1307976,27 74 406
1307976,27 61 406
1308785,41 150 
1308811,71 68 
1310019,9 92 
1310019,9 65 
1310035,79 103 
1310035,79 101 
1310574,6 100 
1310574,6 2
1310574,6 1869
1310574,6 11
1312555,2 25 
1313461,9 75 
1314671,8 72 
1314754,46 70 
1315238,76 80 
1315766,83 83 
1316089,16 64 322
1316292,99 74 180
1316292,99 63 180
1316703,16 150 
1316728,28 68 
1317158,04 249
1317244,27 173 
1317939,91 92 
1317939,91 65 
1317965,57 103 
1317965,57 101 
1318505,33 100 
1318505,33 2
1318505,33 1869
1318505,33 10
1320472,21 25 
1321138,59 75 
1322347,2 72 
1322431,17 70 
1322913,07 80 
1323337,22 83 
1323605,08 64 268
1324058,92 74 429
1324058,92 61 429
1324868,62 150 
1324898,18 68 
1325707,01 92 
1325707,01 65 
1325722,27 103 
1325722,27 101 
1326254,28 100 
1326254,28 2
1326254,28 1869
1326254,28 10
1328228,53 25 
1328815,42 75 
1330024,62 72 
1330107,97 70 
1330596,44 80 
1331080,37 83 
1331265,18 64 185
1331433,16 74 153
1331433,16 63 153
1331840,56 153 
1331868,63 68 
1332379,93 92 
1332379,93 65 
1332399,42 103 
1332399,42 101 
1332941,45 100 
1332941,45 2
1332941,45 1869
1332941,45 11
1334919,05 25 
1335425,85 75 
1336635,25 72 
1336838,47 70 
1337504,37 80 
1338090,69 83 
1338253,41 64 163
1338411,8 74 135
1338411,8 63 135
1339224,42 150 
1339252,09 68 
1339649,4 249
1339748,42 173 
1339774,51 92 
1339774,51 65 
1339796,26 103 
1339796,26 101 
1340329,58 100 
1340329,58 2
1340329,58 1869
1340329,58 10
1342302,65 25 
1343116,86 75 
1344326,77 72 
1344408,48 70 
1344888,12 80 
1345327,6 83 
1345487,6 64 161
1345656,61 74 156
1345656,61 61 156
1346069,26 150 
1346089,34 68 
1346469,22 249
1346710,22 171
1346898,55 92 
1346898,55 65 
1346913,27 103 
1346913,27 101 
1347447,25 100 
1347447,25 2
1347447,25 1869
1347447,25 10
1349419,51 25 
1349953,14 75 
1351161,46 72 
1351245,54 70 
1351732,98 80 
1352218,02 83 
1352324,08 64 106
1352483,04 74 145
1352483,04 61 145
1353293,52 150 
1353312,98 68 
1353426,82 249
1353529,44 171
1354522,23 92 
1354522,23 65 
1354536,68 103 
1354536,68 101 
1355074,92 100 
1355074,92 2
1355074,92 1869
1355074,92 11
1357056,3 25 
1358802,69 75 
1360011,12 72 
1360095,16 70 
1360581,27 80 
1361014,33 83 
1361290,1 64 276
1361436,38 74 129
1361436,38 63 129
1361846,17 150 
1361869,19 68 
1362217,96 249
1362344,07 173 
1362377,62 92 
1362377,62 65 
1362399,98 103 
1362399,98 101 
1362935,63 100 
1362935,63 2
1362935,63 1869
1362935,63 10
1364906,28 25 
1365413,32 75 
1366622,08 72 
1366705,64 70 
1367188,29 80 
1367691,44 83 
1367808,72 64 118
1367962,15 74 138
1367962,15 61 138
1368370,88 150 
1368399,75 68 
1369608,95 92 
1369608,95 65 
1369623,59 103 
1369623,59 101 
1370156,47 100 
1370156,47 2
1370156,47 1869
1370156,47 11
1372129,89 25 
1373929,61 75 
1375138,33 72 
1375222,01 70 
1375707,67 80 
1376247,83 83 
1376565,06 64 318
1376719,83 74 139
1376719,83 63 139
1377529,55 150 
1377555,77 68 
1377891,15 249
1377926,33 173 
1378366,97 92 
1378366,97 65 
1378394,32 103 
1378394,32 101 
1378940,67 100 
1378940,67 2
1378940,67 1869
1378940,67 11
1380912,93 25 
1381539,66 75 
1382750,48 72 
1382832,2 70 
1383317,9 80 
1383751,31 83 
1384010,94 64 260
1384203,99 74 173
1384203,99 63 173
1384613,83 150 
1384633,22 68 
1385005,02 249
1385035,01 256 
1385262,54 173 
1385902,59 92 
1385902,59 65 
1385923,35 103 
1385923,35 101 
1386457,68 100 
1386457,68 2
1386457,68 1869
1386457,68 11
1388430,59 25 
1389976,02 75 
1391183,04 72 
1391268,68 70 
1391765,05 80 
1392307,75 83 
1392673,67 64 367
1392845,72 74 152
1392845,72 63 152
1393656,28 150 
1393682,37 68 
1394029,32 249
1394213,16 173 
1394892,54 92 
1394892,54 65 
1394906,19 103 
1394906,19 101 
1395440,56 100 
1395440,56 2
1395440,56 1869
1395440,56 11
1397412,56 25 
1397945,95 75 
1399154,63 72 
1399238,51 70 
1399719,91 80 
1400197,65 83 
1400504,71 64 308
1400724,23 74 207
1400724,23 63 207
1401132,5 152 
1401159,25 69 
1401562,6 249 
1401665,23 183 
1401971,15 93 
1401983,17 103 
1401983,17 101 
1405024,9 100 
1405024,9 2
1405024,9 1869
1405024,9 10
1406995,1 25 
1407022,32 75 
1408228,63 72 
1408314,65 70 
1408803,64 80 
1409233,83 83 
1409595,79 64 363
1409833,18 74 213
1409833,18 61 213
1410645,48 150 
1410675,15 68 
1411888,67 92 
1411888,67 65 
1411912,34 103 
1411912,34 101 
1412449,15 100 
1412449,15 2
1412449,15 1869
1412449,15 10
1414418,68 25 
1414952,14 75 
1416159,83 72 
1416244,61 70 
1416727,05 80 
1417217,16 83 
1417451,71 64 235
1417646,82 74 177
1417646,82 63 177
1418056,39 151 
1418085,18 69 
1418584,96 249 
1418637,05 183 
1419097,57 93 
1419109,4 103 
1419109,4 101 
1422143,23 100 
1422143,23 2
1422143,23 1869
1422143,23 10
1424121,12 25 
1424148,49 75 
1425356,09 72 
1425440,66 70 
1425928,44 80 
1426466,51 83 
1428242,79 64 1777
1428516,68 74 252
1428516,68 62 252
1429328,35 151 
1429347,4 69 
1429728,06 249 
1430003,68 256 
1430409,19 182 
1430895,13 93 
1430904,27 103 
1430904,27 101 
1433948,62 100 
1433948,62 2
1433948,62 1869
1433948,62 11
1435929,43 25 
1435957,08 75 
1437164,38 72 
1437249,02 70 
1437740,38 80 
1438221,48 83 
1438848,87 64 628
1439084,97 74 211
1439084,97 63 211
1439492,11 150 
1439516,16 68 
1439912,64 249
1440008,17 173 
1440728,26 92 
1440728,26 65 
1440753,35 103 
1440753,35 101 
1441286,19 100 
1441286,19 2
1441286,19 1869
1441286,19 10
1443259,74 25 
1443286,89 75 
1444494,98 72 
1444752,52 70 
1445582,49 80 
1446324,67 83 
1446365,26 64 41
1446579,71 74 202
1446579,71 61 202
1447391,27 150 
1447419,49 68 
1447802,31 249
1447888,21 171
1448229,66 92 
1448229,66 65 
1448243,55 103 
1448243,55 101 
1448786,73 100 
1448786,73 2
1448786,73 1869
1448786,73 10
1450763,14 25 
1451216,7 75 
1452425,86 72 
1452682,43 70 
1453493,52 80 
1454134,68 83 
1454306,9 64 173
1454528,79 74 208
1454528,79 61 208
1454942,12 150 
1454963,11 68 
1455040,73 249
1455276,09 171
1455475,17 92 
1455475,17 65 
1455493,8 103 
1455493,8 101 
1456035,48 100 
1456035,48 2
1456035,48 1869
1456035,48 11
1458013,4 25 
1458786,81 75 
1459995,51 72 
1460265,88 70 
1461082,02 80 
1461864,75 83 
1461871,58 64 8
1462070,45 74 180
1462070,45 63 180
1462881,43 150 
1462906,28 68 
1463275,57 249
1463310,74 173 
1463416,28 92 
1463416,28 65 
1463437,05 103 
1463437,05 101 
1463970,03 100 
1463970,03 2
1463970,03 1869
1463970,03 11
1465943,37 25 
1466663,4 75 
1467873,55 72 
1468195,87 70 
1468855,93 80 
1469448,2 83 
1469693,61 64 246
1469834,3 74 120
1469834,3 63 120
1470244,1 150 
1470263,4 68 
1470634,63 249
1470691,65 173 
1471470,82 92 
1471470,82 65 
1471486,96 103 
1471486,96 101 
1472019,01 100 
1472019,01 2
1472019,01 1869
1472019,01 11
1473993,28 25 
1475246,5 75 
1476455,15 72 
1476538,98 70 
1477027,19 80 
1477458,09 83 
1477814,64 64 357
1477970,24 74 139
1477970,24 63 139
1478782,47 150 
1478806,13 68 
1479133,31 249
1479270,85 173 
1479615,27 92 
1479615,27 65 
1479630,19 103 
1479630,19 101 
1480179,53 100 
1480179,53 2
1480179,53 1869
1480179,53 10
1482149,85 25 
1482177,68 75 
1483385,97 72 
1483469,32 70 
1483960,48 80 
1484481,82 83 
1484656,59 64 176
1484800,32 74 119
1484800,32 61 119
1485612,86 150 
1485643,22 68 
1486041,98 249
1486074,81 171
1486151,73 92 
1486151,73 65 
1486174,07 103 
1486174,07 101 
1486708,61 100 
1486708,61 2
1486708,61 1869
1486708,61 10
1488680,39 25 
1489173,82 75 
1490383,18 72 
1490466,36 70 
1490957,15 80 
1491438,86 83 
1491767,33 64 328
1491955,95 74 171
1491955,95 63 171
1492367,29 151 
1492386,28 69 
1492725,46 249 
1492799,73 183 
1493195,66 93 
1493211,08 103 
1493211,08 101 
1496244,09 100 
1496244,09 2
1496244,09 1869
1496244,09 10
1498223 25 
1498250,41 75 
1499459,27 72 
1499542,59 70 
1500034,61 80 
1500461,77 83 
1502919,97 64 2459
1503211,34 74 271
1503211,34 62 271
1503621,12 151 
1503648,91 69 
1504118,24 249 
1504158,25 93 
1504179,76 103 
1504179,76 101 
1507218,41 100 
1507218,41 2
1507218,41 1869
1507218,41 11
1509191,71 25 
1509431,99 75 
1509467,85 250 
1509483,69 101 
1511497,35 100 
1511497,35 2
1511497,35 1869
1511497,35 11
1511497,35 25 
1511523,9 75 
1512731,41 72 
1512803,73 70 
1513301,15 80 
1513789,41 83 
1514218,41 64 429
1514460,14 74 218
1514460,14 63 218
1515267,48 150 
1515297,32 68 
1515667,79 249
1515937,81 173 
1516505,77 92 
1516505,77 65 
1516521,21 103 
1516521,21 101 
1517056,6 100 
1517056,6 2
1517056,6 1869
1517056,6 11
1519027,49 25 
1519960,75 75 
1521169,19 72 
1521253,35 70 
1521743,77 80 
1522172,63 83 
1522509,57 64 338
1522676,85 74 145
1522676,85 63 145
1523088,07 150 
1523107,37 68 
1523473,31 249
1523616,08 92 
1523616,08 65 
1523638,19 103 
1523638,19 101 
1524170,33 100 
1524170,33 2
1524170,33 1869
1524170,33 11
1526144,45 25 
1527397,59 75 
1528606,86 72 
1528690,11 70 
1529177,1 80 
1529729,31 83 
1529964,2 64 235
1530137 74 155
1530137 63 155
1530944,53 150 
1530969,85 68 
1531313,89 249
1531432,69 173 
1531780,13 92 
1531780,13 65 
1531807,99 103 
1531807,99 101 
1532349,73 100 
1532349,73 2
1532349,73 1869
1532349,73 10
1534327,61 25 
1535900,71 75 
1537107,73 72 
1537193,19 70 
1537677,24 80 
1538165,66 83 
1538237,49 64 73
1538395,54 74 137
1538395,54 61 137
1539206,54 150 
1539233,79 68 
1539613,85 249
1539653,13 171
1539745,37 92 
1539745,37 65 
1539764,6 103 
1539764,6 101 
1540298,43 100 
1540298,43 2
1540298,43 1869
1540298,43 10
1542270,9 25 
1542737,79 75 
1543946,95 72 
1544030,36 70 
1544518,13 80 
1545056,05 83 
1545380,24 64 324
1545580,52 74 179
1545580,52 63 179
1545991,72 151 
1546016,9 69 
1546450,6 249 
1546486,3 256 
1546639,73 183 
1547543,24 93 
1547561,31 103 
1547561,31 101 
1550599,38 100 
1550599,38 2
1550599,38 1869
1550599,38 11
1552573,23 25 
1552813,56 75 
1554020,58 72 
1554106,11 70 
1554594,46 80 
1555025,12 83 
1555219,25 64 194
1555391,07 74 153
1555391,07 63 153
1556199,35 150 
1556226,6 68 
1556566,58 249
1556647,44 173 
1557439,05 92 
1557439,05 65 
1557463,77 103 
1557463,77 101 
1558002,81 100 
1558002,81 2
1558002,81 1869
1558002,81 11
1559983,41 25 
1561196,58 75 
1562406,03 72 
1562489,08 70 
1562975,54 80 
1563461,69 83 
1564159,9 64 699
1564366,04 74 185
1564366,04 63 185
1564778,14 152 
1564796,34 69 
1565229,09 249 
1565309,47 183 
1565804,91 93 
1565820,19 103 
1565820,19 101 
1568853,09 100 
1568853,09 2
1568853,09 1869
1568853,09 11
1570832,11 25 
1570860,18 75 
1572067,33 72 
1572325,03 70 
1573148,25 80 
1573883,83 83 
1574233,61 64 351
1576188,7 74 1932
1576188,7 62 1932
1576600,26 151 
1576631,2 69 
1577145,13 249 
1577538,49 182 
1577787,99 93 
1577801,77 103 
1577801,77 101 
1580834,6 100 
1580834,6 2
1580834,6 1869
1580834,6 11
1582813,7 25 
1582840,91 75 
1584049,28 72 
1584253,19 70 
1584754,67 80 
1585185,73 83 
1585922,18 64 737
1586126,93 74 182
1586126,93 62 182
1586936,42 153 
1586960,13 68 
1587867,89 249
1588170,44 92 
1588170,44 65 
1588184,08 103 
1588184,08 101 
1588729,58 100 
1588729,58 2
1588729,58 1869
1588729,58 11
1590703,73 25 
1590732,11 75 
1591940,56 72 
1592023,2 70 
1592508,42 80 
1593035,69 83 
1593063,83 64 29
1593088,49 256 
1593114,25 74 39
1593114,25 62 39
1593923,54 151 
1593943,94 69 
1594534,65 249 
1595373,63 256 
1595843,36 182 
1596373,02 93 
1596393,87 103 
1596393,87 101 
1599426,19 100 
1599426,19 2
1599426,19 1869
1599426,19 10
1601405,77 25 
1601819,29 75 
1603026,43 72 
1603111,88 70 
1603592,66 80 
1604017,7 83 
1604504,77 64 488
1604714,8 74 191
1604714,8 61 191
1605125,9 150 
1605151,69 68 
1605585,43 249
1605660,87 92 
1605660,87 65 
1605683,27 103 
1605683,27 101 
1606215,88 100 
1606215,88 2
1606215,88 1869
1606215,88 10
1608189,58 25 
1609083,86 75 
1610291,69 72 
1610375,44 70 
1610860,92 80 
1611347,97 83 
1611511,54 64 164
1611675,99 74 142
1611675,99 61 142
1612084,45 150 
1612108,65 68 
1613317,32 92 
1613317,32 65 
1613333,33 103 
1613333,33 101 
1613872,26 100 
1613872,26 5
1613872,26 1869
1613872,26 11
1613872,26 78 
1613872,26 198 
1615852,98 25 
1616586,35 75 
1617794,27 72 
1617878,96 70 
1618376,55 80 
1618918,03 83 
1619246,93 64 329
1619432,44 74 169
1619432,44 63 169
1620240,8 151 
1620265,4 69 
1620577,79 249 
1620617,18 183 
1621077,22 93 
1621090,06 103 
1621090,06 101 
1624126,96 100 
1624126,96 5
1624126,96 1869
1624126,96 10
1626101,92 25 
1626448,83 75 
1627656,61 72 
1627741,42 70 
1628222,84 80 
1628687,26 83 
1628846,31 64 159
1628985,36 74 126
1628985,36 61 126
1629793,93 151 
1629822,04 69 
1630308,14 249 
1630396,57 181 
1632376,78 93 
1632391,95 103 
1632391,95 101 
1635424,9 100 
1635424,9 5
1635424,9 1869
1635424,9 11
1637403,8 25 
1637432,07 75 
1638641,86 72 
1638723,45 70 
1639206,91 80 
1639642,62 83 
1640456,29 64 814
1641266,07 74 784
1641266,07 61 784
1641677,76 151 
1641696,87 69 
1642209,3 93 
1642227,76 103 
1642227,76 101 
1645270,74 100 
1645270,74 5
1645270,74 1869
1645270,74 10
1647239,77 25 
1647267,8 75 
1648475,63 72 
1648559,16 70 
1649040,14 80 
1649571,65 83 
1651112,74 64 1542
1651347,84 74 217
1651347,84 62 217
1651760,23 151 
1651785,25 69 
1652642,95 249 
1653787,4 93 
1653809,5 103 
1653809,5 101 
1656841,62 100 
1656841,62 5
1656841,62 1869
1656841,62 10
1658821,36 25 
1658848,97 75 
1660056,57 72 
1660140,97 70 
1660621,98 80 
1661046,77 83 
1662386,7 64 1341
1662419,42 256 
1662761,18 74 355
1662761,18 62 355
1670065,92 151 
1670084,08 69 
1670592,66 93 
1670615,74 103 
1670615,74 101 
1673653,99 100 
1673653,99 5
1673653,99 1869
1673653,99 11
1675627,58 25 
1685627,77 254 
1685635,88 101 
1687648,4 100 
1687648,4 5
1687648,4 1869
1687648,4 11
1687648,4 25 
1688995,63 75 
1689001,77 250 
1689020,73 101 
1691034,33 100 
1691034,33 5
1691034,33 1869
1691034,33 11
1691034,33 25 
1691193,86 75 
1691978,32 250 
1691992,76 101 
1694006,46 100 
1694006,46 5
1694006,46 1869
1694006,46 11
1694006,46 25 
1694472,51 75 
1695678,75 72 
1695952,34 70 
1696603,49 80 
1697191,39 83 
1697272,39 64 81
1697292,37 256 
1697517,33 74 233
1697517,33 61 233
1698324,64 151 
1698352,76 69 
1699164,97 93 
1699176,95 103 
1699176,95 101 
1702218,26 100 
1702218,26 5
1702218,26 1869
1702218,26 11
1704188,76 25 
1705002,15 75 
1706209,17 72 
1706414,61 70 
1706916,89 80 
1707400,42 83 
1707910,48 64 511
1708207,35 74 274
1708207,35 62 274
1708615,57 150 
1708641,88 68 
1708981,02 249
1709019 172 
1709453,2 92 
1709453,2 65 
1709479,19 103 
1709479,19 101 
1710010,85 100 
1710010,85 5
1710010,85 1869
1710010,85 10
1711985,43 25 
1712012,92 75 
1713219,43 72 
1713291,84 70 
1713780,46 80 
1714210,91 83 
1714676,6 64 466
1714879,4 74 190
1714879,4 61 190
1715288,5 151 
1715318,99 69 
1715830,07 93 
1715849,81 103 
1715849,81 101 
1718883,02 100 
1718883,02 5
1718883,02 1869
1718883,02 11
1720861,7 25 
1721954,94 75 
1723164 72 
1723247,45 70 
1723750,52 80 
1724286,59 83 
1724439,63 64 154
1724661,32 74 202
1724661,32 62 202
1725471,92 150 
1725501,47 68 
1726205,54 249
1726708,99 92 
1726708,99 65 
1726725,16 103 
1726725,16 101 
1727269 100 
1727269 5
1727269 1869
1727269 11
1729244,83 25 
1729724,99 75 
1730931,79 72 
1731004,33 70 
1731486,3 80 
1731990,79 250 
1732002,82 101 
1734016,1 100 
1734016,1 5
1734016,1 1869
1734016,1 11
1734016,1 25 
1734043,83 75 
1735252,09 72 
1735335,73 70 
1735827,48 80 
1736374,77 83 
1736550,78 64 177
1736714,39 74 140
1736714,39 62 140
1737123,01 150 
1737149,09 68 
1737451,15 249
1737487,48 172 
1738378,45 92 
1738378,45 65 
1738400,2 103 
1738400,2 101 
1738932,95 100 
1738932,95 5
1738932,95 1869
1738932,95 10
1740906,65 25 
1740947,43 75 
1742153,72 72 
1742240,47 70 
1742741,31 80 
1743171,87 83 
1743547,08 64 375
1743957,16 74 386
1743957,16 63 386
1744766,84 150 
1744785,74 68 
1745157,03 249
1745250,79 173 
1745598,29 92 
1745598,29 65 
1745623,85 103 
1745623,85 101 
1746161,08 100 
1746161,08 5
1746161,08 1869
1746161,08 11
1748130,07 25 
1748651,16 75 
1749859,66 72 
1749942,74 70 
1750431,76 80 
1750901,9 83 
1751033,04 64 131
1751183,96 74 136
1751183,96 62 136
1751595,2 150 
1751623,53 68 
1751895,92 249
1751948,82 172 
1752133,19 92 
1752133,19 65 
1752154,36 103 
1752154,36 101 
1752695,58 100 
1752695,58 5
1752695,58 1869
1752695,58 10
1754674 25 
1756087,06 75 
1757294,11 72 
1757379,68 70 
1757859,76 80 
1758405,43 83 
1758523,01 64 118
1758684,11 74 146
1758684,11 63 146
1759495,63 150 
1759513,48 68 
1759849,17 249
1760021,87 92 
1760021,87 65 
1760044,33 103 
1760044,33 101 
1760582,55 100 
1760582,55 5
1760582,55 1869
1760582,55 10
1762563,92 25 
1764270,43 75 
1765477,18 72 
1765562,77 70 
1766052,48 80 
1766481,92 83 
1766703,27 64 221
1766874,4 74 153
1766874,4 63 153
1767686,04 152 
1767709,22 69 
1767846,24 249 
1768017,56 183 
1768221,68 93 
1768240,83 103 
1768240,83 101 
1771272,45 100 
1771272,45 5
1771272,45 1869
1771272,45 10
1773252,72 25 
1773280,25 75 
1774490,08 72 
1774572,36 70 
1775053,2 80 
1775531,42 83 
1776322,09 64 791
1776507,19 74 163
1776507,19 61 163
1776914,53 151 
1776945,34 69 
1777953,21 93 
1777970,05 103 
1777970,05 101 
1781014,38 100 
1781014,38 5
1781014,38 1869
1781014,38 11
1782982,09 25 
1783262,21 75 
1784471,11 72 
1784554,69 70 
1785040,46 80 
1785527,27 83 
1785682,7 64 156
1785832,12 74 132
1785832,12 62 132
1786241,35 150 
1786261,47 68 
1786579,97 249
1786613,17 172 
1787470,05 92 
1787470,05 65 
1787486 103 
1787486 101 
1788018,23 100 
1788018,23 5
1788018,23 1869
1788018,23 10
1789992,32 25 
1790659,03 75 
1791867,5 72 
1791951,55 70 
1792434,96 80 
1792870,7 83 
1793099,75 64 230
1793322,57 74 199
1793322,57 63 199
1794133,43 150 
1794151,48 68 
1794548,38 249
1794616,3 173 
1794664,21 92 
1794664,21 65 
1794683 103 
1794683 101 
1795218,94 100 
1795218,94 5
1795218,94 1869
1795218,94 10
1797189,25 25 
1798695,73 75 
1799904,29 72 
1799988,13 70 
1800468,78 80 
1800987,47 83 
1801155,73 64 169
1801185,38 256 
1801310,77 74 137
1801310,77 63 137
1802120,54 150 
1802148,72 68 
1802480,58 249
1802629,46 173 
1802956,46 92 
1802956,46 65 
1802972,86 103 
1802972,86 101 
1803512,7 100 
1803512,7 5
1803512,7 1869
1803512,7 11
1805492,34 25 
1805972,91 75 
1807183,83 72 
1807438,34 70 
1808088,92 80 
1808624,04 83 
1808808,97 64 185
1809011,9 74 188
1809011,9 62 188
1809424,1 152 
1809452,21 69 
1809942,33 249 
1810862,91 182 
1810881,65 93 
1810902,69 103 
1810902,69 101 
1813935,72 100 
1813935,72 5
1813935,72 1869
1813935,72 11
1815914,62 25 
1816981,23 75 
1818189,73 72 
1818273,79 70 
1818757,67 80 
1819286,3 83 
1819552,89 64 267
1819572,97 256 
1819728,49 74 163
1819728,49 62 163
1820141,23 150 
1820167,85 68 
1820460,96 249
1820511,31 172 
1821377,07 92 
1821377,07 65 
1821404,93 103 
1821404,93 101 
1821937,83 100 
1821937,83 5
1821937,83 1869
1821937,83 10
1823911,21 25 
1824524,76 75 
1825734,61 72 
1825817,15 70 
1826300,73 80 
1826736,33 83 
1826906,88 64 171
1827106,55 74 184
1827106,55 63 184
1827919,08 150 
1827951,02 68 
1828315,02 249
1828417,58 173 
1828761,24 92 
1828761,24 65 
1828775,21 103 
1828775,21 101 
1829322,24 100 
1829322,24 5
1829322,24 1869
1829322,24 10
1831294,78 25 
1832241,34 75 
1833451,15 72 
1833534,06 70 
1834021,65 80 
1834546,41 83 
1834797,18 64 251
1834998,86 74 186
1834998,86 63 186
1835807,25 150 
1835827,82 68 
1836212,37 249
1836399,88 173 
1836640,36 92 
1836640,36 65 
1836665,09 103 
1836665,09 101 
1837198,2 100 
1837198,2 5
1837198,2 1869
1837198,2 11
1839171,37 25 
1841170,91 75 
1842381,49 72 
1842463,41 70 
1842949,48 80 
1843435,92 83 
1843505,27 64 69
1843644,72 74 116
1843644,72 62 116
1844055,9 150 
1844077,63 68 
1844333,87 249
1844416,4 172 
1845287,54 92 
1845287,54 65 
1845301,43 103 
1845301,43 101 
1845834,07 100 
1845834,07 5
1845834,07 1869
1845834,07 11
1847807,74 25 
1848248,05 75 
1849456,19 72 
1849540,42 70 
1850030,84 80 
1850459,62 83 
1850565,37 64 106
1850714,29 74 135
1850714,29 62 135
1851123,01 150 
1851154,53 68 
1851410,09 249
1851487,45 172 
1851664,43 92 
1851664,43 65 
1851685,38 103 
1851685,38 101 
1852225,93 100 
1852225,93 5
1852225,93 1869
1852225,93 10
1854205,05 25 
1854232,27 75 
1855438,65 72 
1855524,58 70 
1856004,8 80 
1856430,33 83 
1856652,69 64 223
1856817,85 74 148
1856817,85 63 148
1857629,07 150 
1857658,39 68 
1858006,53 249
1858147,68 173 
1858870,37 92 
1858870,37 65 
1858895,68 103 
1858895,68 101 
1859433,54 100 
1859433,54 5
1859433,54 1869
1859433,54 10
1861401,93 25 
1862948,35 75 
1864156,35 72 
1864240,81 70 
1864725,67 80 
1865200,04 83 
1865364,52 64 163
1865536,33 74 150
1865536,33 63 150
1866346,37 150 
1866375,12 68 
1866715,76 249
1866799,72 173 
1867185,28 92 
1867185,28 65 
1867198,81 103 
1867198,81 101 
1867731,95 100 
1867731,95 5
1867731,95 1869
1867731,95 11
1869705,13 25 
1873010,8 75 
1874219,97 72 
1874303,24 70 
1874789,26 80 
1875315,7 83 
1875336,41 64 22
1875482,39 74 128
1875482,39 62 128
1875893,2 150 
1875917,37 68 
1876132,83 249
1876250,09 172 
1876429,37 92 
1876429,37 65 
1876448,15 103 
1876448,15 101 
1876990,55 100 
1876990,55 5
1876990,55 1869
1876990,55 11
1878967,78 25 
1880500,92 75 
1881708,63 72 
1881793,38 70 
1882282,2 80 
1882765,93 83 
1882967,45 64 202
1883127,88 74 136
1883127,88 62 136
1883936,67 150 
1883967,22 68 
1884259,44 249
1884309,18 172 
1884775,2 92 
1884775,2 65 
1884791,3 103 
1884791,3 101 
1885324,94 100 
1885324,94 5
1885324,94 1869
1885324,94 11
1887298,56 25 
1888537,48 75 
1889745,03 72 
1889816,87 70 
1890303,34 80 
1890759,58 250 
1890775,38 101 
1892788,62 100 
1892788,62 5
1892788,62 1869
1892788,62 11
1892788,62 25 
1894948,1 75 
1896156,19 72 
1896240,64 70 
1896733,24 80 
1897253,04 83 
1897390,71 64 138
1897622,86 74 210
1897622,86 62 210
1898031,76 150 
1898054,67 68 
1898414,97 249
1898482,94 172 
1899268,51 92 
1899268,51 65 
1899291,83 103 
1899291,83 101 
1899827,8 100 
1899827,8 5
1899827,8 1869
1899827,8 10
1901798,12 25 
1903411,24 75 
1904620,98 72 
1904703,62 70 
1905185,03 80 
1905609,46 83 
1905903,95 64 295
1906117,52 74 202
1906117,52 63 202
1906527,01 150 
1906557,62 68 
1906999,87 249
1907065,68 92 
1907065,68 65 
1907089,52 103 
1907089,52 101 
1907629,06 100 
1907629,06 5
1907629,06 1869
1907629,06 10
1909608,16 25 
1910048,34 75 
1911255,63 72 
1911580,79 70 
1912203,1 80 
1912806,44 83 
1912989,84 64 184
1913223 74 217
1913223 63 217
1914031,64 150 
1914060,32 68 
1914453,75 249
1914554,23 173 
1914571,02 92 
1914571,02 65 
1914591,97 103 
1914591,97 101 
1915129,21 100 
1915129,21 5
1915129,21 1869
1915129,21 11
1917098,45 25 
1918178,26 75 
1919386,63 72 
1919470,68 70 
1920094,61 80 
1920626,31 250 
1920642,72 101 
1922655,88 100 
1922655,88 5
1922655,88 1869
1922655,88 11
1922655,88 25 
1923096,08 75 
1924304,84 72 
1924388,59 70 
1924873,72 80 
1925414,42 83 
1925873,69 64 460
1926089,17 74 195
1926089,17 62 195
1926498,57 152 
1926522,53 69 
1927034,22 93 
1927053,32 103 
1927053,32 101 
1930088,42 100 
1930088,42 5
1930088,42 1869
1930088,42 10
1932065,21 25 
1932092,68 75 
1932128,92 250 
1932144,03 101 
1934157,71 100 
1934157,71 5
1934157,71 1869
1934157,71 10
1934157,71 25 
1934186,11 75 
1935394,03 72 
1935477,19 70 
1935958,88 80 
1936396,38 83 
1936689,69 64 294
1936888,75 74 186
1936888,75 63 186
1937699,19 150 
1937717,78 68 
1938089,49 249
1938192,17 173 
1938527,65 92 
1938527,65 65 
1938555,13 103 
1938555,13 101 
1939102,29 100 
1939102,29 5
1939102,29 1869
1939102,29 11
1941074,72 25 
1941994,76 75 
1943201,76 72 
1943287,21 70 
1943772,63 80 
1944259,71 83 
1944566,61 64 308
1944586,69 256 
1944761,44 74 183
1944761,44 62 183
1945570,15 150 
1945594,58 68 
1945883,78 249
1945945,19 172 
1946104,89 92 
1946104,89 65 
1946125,28 103 
1946125,28 101 
1946658,46 100 
1946658,46 5
1946658,46 1869
1946658,46 10
1948631,49 25 
1950244,58 75 
1951451,92 72 
1951537,14 70 
1952023,33 80 
1952456,29 83 
1952921,53 64 466
1953133,63 74 197
1953133,63 63 197
1953545,13 150 
1953564,59 68 
1953842,71 249
1953893,52 173 
1954777,8 92 
1954777,8 65 
1954801,54 103 
1954801,54 101 
1955336,72 100 
1955336,72 5
1955336,72 1869
1955336,72 11
1957307,89 25 
1959533,96 75 
1960741,8 72 
1960813,14 70 
1961293,56 80 
1961812,4 83 
1961895,93 64 84
1962118,63 74 200
1962118,63 62 200
1962531,04 150 
1962560,49 68 
1963369,36 92 
1963369,36 65 
1963384,56 103 
1963384,56 101 
1963922,44 100 
1963922,44 5
1963922,44 1869
1963922,44 11
1965891,05 25 
1966664,28 75 
1967874,02 72 
1967956,94 70 
1968440,22 80 
1968982,52 83 
1969123,74 64 142
1969303,14 74 161
1969303,14 62 161
1970113,63 150 
1970144,06 68 
1970457,64 249
1970494,97 172 
1970653,61 92 
1970653,61 65 
1970674,82 103 
1970674,82 101 
1971213,21 100 
1971213,21 5
1971213,21 1869
1971213,21 10
1973181,18 25 
1974007,75 75 
1975216,31 72 
1975300,27 70 
1975786,54 80 
1976272,89 83 
1976451,29 64 179
1976642,22 74 170
1976642,22 63 170
1976750,03 256 
1977710,48 150 
1977740,78 68 
1978091,06 249
1978171,73 173 
1978952,06 92 
1978952,06 65 
1978977,93 103 
1978977,93 101 
1979509,9 100 
1979509,9 5
1979509,9 1869
1979509,9 10
1981484,22 25 
1982244,28 75 
1983451,54 72 
1983536,85 70 
1984028,16 80 
1984455,98 83 
1984939,02 64 483
1985527,07 74 565
1985527,07 63 565
1985936,8 150 
1985963,82 68 
1986386,02 249
1986489,78 173 
1986773,64 92 
1986773,64 65 
1986788,02 103 
1986788,02 101 
1987332,45 100 
1987332,45 5
1987332,45 1869
1987332,45 10
1989307,7 25 
1989335,12 75 
1990543,08 72 
1990627,14 70 
1991115,51 80 
1991639,6 83 
1991792,18 64 153
1991999,45 74 187
1991999,45 63 187
1992407,52 150 
1992427,78 68 
1992780,02 249
1992942,84 92 
1992942,84 65 
1992971,98 103 
1992971,98 101 
1993505,19 100 
1993505,19 5
1993505,19 1869
1993505,19 11
1995478,44 25 
1995998,42 75 
1997207,89 72 
1997291,04 70 
1997777,62 80 
1998210,18 83 
1998382,9 64 173
1998537,21 74 141
1998537,21 62 141
1999349,46 150 
1999370,75 68 
1999641,88 249
1999736,61 172 
2000179,39 92 
2000179,39 65 
2000195,61 103 
2000195,61 101 
2000730,5 100 
2000730,5 5
2000730,5 1869
2000730,5 10
2002701,87 25 
2003275,32 75 
2004483,15 72 
2004567,87 70 
2005055,76 80 
2005540,36 83 
2005739,76 64 200
2005916,09 74 163
2005916,09 63 163
2006031,33 256 
2006955,76 150 
2006981,63 68 
2007316,03 249
2007393,4 173 
2008191,51 92 
2008191,51 65 
2008205,63 103 
2008205,63 101 
2008746,31 100 
2008746,31 5
2008746,31 1869
2008746,31 10
2010725,12 25 
2013524,48 75 
2014734,73 72 
2014816,82 70 
2015308,69 80 
2015842,66 83 
2016007,27 64 165
2016193,9 74 165
2016193,9 63 165
2016601,9 152 
2016630,63 69 
2017166 249 
2017193,15 256 
2017622,54 183 
2025784,02 93 
2025798,32 103 
2025798,32 101 
2028832,96 100 
2028832,96 5
2028832,96 1869
2028832,96 11
2030809,93 25 
2032809,45 75 
2034017,9 72 
2034275,26 70 
2035084,83 80 
2035712,38 250 
2035727,06 101 
2037740,36 100 
2037740,36 5
2037740,36 1869
2037740,36 11
2037740,36 25 
2039779,85 75 
2039787,15 250 
2039805,04 101 
2041818,56 100 
2041818,56 5
2041818,56 1869
2041818,56 11
2041818,56 25 
2041845,29 75 
2043054,49 72 
2043311,98 70 
2044114,87 80 
2044737,01 83 
2044982,97 64 246
2045163,14 74 160
2045163,14 62 160
2045570,35 150 
2045592,17 68 
2045906,61 249
2045948,07 172 
2046402,42 92 
2046402,42 65 
2046416,22 103 
2046416,22 101 
2046948,22 100 
2046948,22 5
2046948,22 1869
2046948,22 11
2048922,36 25 
2048949,47 75 
2050157,18 72 
2050241,78 70 
2050728,52 80 
2051161,01 83 
2051473,09 64 312
2051500,95 256 
2051690,59 74 197
2051690,59 62 197
2052502,76 150 
2052522,29 68 
2052843,71 249
2052873,29 172 
2053732,34 92 
2053732,34 65 
2053746,16 103 
2053746,16 101 
2054293,75 100 
2054293,75 5
2054293,75 1869
2054293,75 11
2056265,8 25 
2056293,22 75 
2057502,35 72 
2057585,35 70 
2058079,96 80 
2058504,56 83 
2058780,45 64 277
2058944,56 74 148
2058944,56 62 148
2059357,24 150 
2059386,05 68 
2059669,03 249
2059718,4 172 
2060595,88 92 
2060595,88 65 
2060610,06 103 
2060610,06 101 
2061141,78 100 
2061141,78 5
2061141,78 1869
2061141,78 10
2063116,17 25 
2063769,8 75 
2064978,28 72 
2065062,18 70 
2065552,82 80 
2066101,35 83 
2066199,97 64 99
2066422,66 74 202
2066422,66 63 202
2067230,2 150 
2067248,64 68 
2067588,66 249
2067720,1 173 
2067758,64 92 
2067758,64 65 
2067780,18 103 
2067780,18 101 
2068312,11 100 
2068312,11 5
2068312,11 1869
2068312,11 11
2070286,52 25 
2071486,33 75 
2072694,47 72 
2072778,98 70 
2073277,39 80 
2073764,74 83 
2073963,47 64 200
2074109,47 74 132
2074109,47 62 132
2074521,44 150 
2074552,99 68 
2074893,42 249
2074945,9 172 
2075364,48 92 
2075364,48 65 
2075390,33 103 
2075390,33 101 
2075930,32 100 
2075930,32 5
2075930,32 1869
2075930,32 10
2077909,89 25 
2078470,09 75 
2079680,12 72 
2079762,54 70 
2080249,16 80 
2080775,05 83 
2081021,71 64 247
2081217,06 74 176
2081217,06 63 176
2082024,5 152 
2082044 69 
2082381,99 249 
2082449,11 183 
2082551,48 93 
2082573,88 103 
2082573,88 101 
2085613,27 100 
2085613,27 5
2085613,27 1869
2085613,27 10
2087585,79 25 
2087986,02 75 
2089196,93 72 
2089278,62 70 
2089770,22 80 
2090211,03 83 
2090422,62 64 212
2090610,97 74 174
2090610,97 63 174
2091018,41 150 
2091040,14 68 
2091450,91 249
2091713,76 173 
2091850,03 92 
2091850,03 65 
2091876,64 103 
2091876,64 101 
2092409,07 100 
2092409,07 5
2092409,07 1869
2092409,07 11
2094382,88 25 
2095596,19 75 
2096804,48 72 
2096888,65 70 
2097378,72 80 
2097874,41 83 
2097986,37 64 112
2098161,35 74 154
2098161,35 62 154
2098970,38 150 
2098995,87 68 
2099257,58 249
2099319,07 172 
2100205,54 92 
2100205,54 65 
2100219,78 103 
2100219,78 101 
2100761,56 100 
2100761,56 5
2100761,56 1869
2100761,56 11
2102739,35 25 
2102767,58 75 
2103974,56 72 
2104058,93 70 
2104551,11 80 
2105044,71 83 
2105296,49 64 253
2105449,14 74 138
2105449,14 62 138
2105859,75 150 
2105885,5 68 
2106208,47 249
2106271,49 172 
2107093,91 92 
2107093,91 65 
2107110,19 103 
2107110,19 101 
2107643,4 100 
2107643,4 5
2107643,4 1869
2107643,4 10
2109616,49 25 
2110429,83 75 
2111638,5 72 
2111722,37 70 
2112209,24 80 
2112748,09 83 
2112949,39 64 201
2113147,65 74 174
2113147,65 63 174
2113958,02 150 
2113988,69 68 
2114368,31 249
2114487,44 173 
2114512,09 92 
2114512,09 65 
2114533,68 103 
2114533,68 101 
2115072,4 100 
2115072,4 5
2115072,4 1869
2115072,4 11
2117053,29 25 
2121505,31 75 
2122713,47 72 
2122797,64 70 
2123292,82 80 
2123730,09 83 
2124194,33 64 464
2124428,84 74 219
2124428,84 62 219
2125242,02 150 
2125264,65 68 
2125570,86 249
2125601,98 172 
2126074,03 92 
2126074,03 65 
2126088,8 103 
2126088,8 101 
2126628,06 100 
2126628,06 5
2126628,06 1869
2126628,06 10
2128595,25 25 
2129115,31 75 
2130323,45 72 
2130407,76 70 
2130902,62 80 
2131367,07 83 
2131503,83 64 137
2131680,33 74 154
2131680,33 63 154
2132091,49 150 
2132115,07 68 
2132472,77 249
2132632,45 173 
2132928,61 92 
2132928,61 65 
2132952,51 103 
2132952,51 101 
2137531,18 102 
