72,07 100 
72,07 6
72,07 1890
72,07 10
2032,05 25 
2056,93 75 
3265,34 72 
3522,75 70 
4332 80 
5089,71 250 
5109,05 101 
7121,95 100 
7121,95 6
7121,95 1890
7121,95 10
7121,95 25 
7176,99 75 
8384,84 72 
8654,74 70 
9262,69 80 
9907 83 
9952,29 64 46
10124,92 74 150
10124,92 61 150
10535,42 151 
10560,44 69 
11572,14 93 
11588,18 103 
11588,18 101 
15121,54 100 
15121,54 6
15121,54 1890
15121,54 11
17091,04 25 
17118,46 75 
18326,76 72 
18530,53 70 
19036,61 80 
19463,06 83 
19813,1 64 351
19985,69 74 149
19985,69 61 149
20794,93 150 
20822,74 68 
21335,64 92 
21335,64 65 
21355,2 103 
21355,2 101 
21889,28 100 
21889,28 6
21889,28 1890
21889,28 11
23861,51 25 
23889,06 75 
25097,46 72 
25181,09 70 
25668,57 80 
26153,48 83 
26315,64 64 162
26474,68 74 135
26474,68 61 135
27285,94 150 
27314,86 68 
28127,09 92 
28127,09 65 
28152,32 103 
28152,32 101 
28691,43 100 
28691,43 6
28691,43 1890
28691,43 11
30671,91 25 
30699,82 75 
31907,64 72 
31991,45 70 
32478,85 80 
32964,05 83 
33153,86 64 191
33336,06 74 159
33336,06 61 159
33744,39 150 
33765,44 68 
34276 92 
34276 65 
34296,42 103 
34296,42 101 
34831,7 100 
34831,7 6
34831,7 1890
34831,7 11
36802,68 25 
36829,84 75 
38038,44 72 
38122,19 70 
38606,19 80 
39041,34 83 
39333 64 292
39506,46 74 159
39506,46 61 159
40315,08 150 
40336,05 68 
41544,02 92 
41544,02 65 
41559,96 103 
41559,96 101 
42092,97 100 
42092,97 6
42092,97 1890
42092,97 10
44066,23 25 
44093,67 75 
45302,55 72 
45385,84 70 
45872,45 80 
46398,23 83 
46724,56 64 326
46980,78 74 235
46980,78 63 235
47395,03 150 
47413,22 68 
48226,66 92 
48226,66 65 
48250,45 103 
48250,45 101 
48794,27 100 
48794,27 6
48794,27 1890
48794,27 11
50770,03 25 
50797,51 75 
52004,09 72 
52089,59 70 
52576,74 80 
53115,41 83 
53323,67 64 208
53503,67 74 162
53503,67 61 162
54311,77 152 
54329,43 69 
55141,87 93 
55154,2 103 
55154,2 101 
58687,72 100 
58687,72 6
58687,72 1890
58687,72 10
60659,18 25 
60686,39 75 
61895,43 72 
61978,73 70 
62462,44 80 
62964,55 83 
63168,88 64 205
63372,54 74 182
63372,54 63 182
63783,61 150 
63806,1 68 
64613,95 92 
64613,95 65 
64630,14 103 
64630,14 101 
65166,27 100 
65166,27 6
65166,27 1890
65166,27 10
67136,47 25 
67163,92 75 
68372,46 72 
68455,95 70 
68943,32 80 
69375,13 83 
69579,02 64 205
69757,74 74 156
69757,74 63 156
70167,06 150 
70190,08 68 
70698,94 92 
70698,94 65 
70720,93 103 
70720,93 101 
71262,1 100 
71262,1 6
71262,1 1890
71262,1 10
73240,55 25 
73268,71 75 
74476,61 72 
74560,08 70 
75048,56 80 
75532,55 83 
75788,92 64 257
75972,14 74 160
75972,14 63 160
76783,67 150 
76813,89 68 
78025,31 92 
78025,31 65 
78051,11 103 
78051,11 101 
78586,25 100 
78586,25 6
78586,25 1890
78586,25 10
80557,42 25 
80584,94 75 
81792,13 72 
81876,92 70 
82374,61 80 
82916,06 83 
83115,99 64 201
83285,26 74 156
83285,26 63 156
84096,62 150 
84117,44 68 
84625,06 92 
84625,06 65 
84648,31 103 
84648,31 101 
85180,11 100 
85180,11 6
85180,11 1890
85180,11 11
87154,57 25 
87182,27 75 
88389,65 72 
88474,12 70 
88959,92 80 
89393,32 83 
89591,4 64 198
89751,16 74 145
89751,16 61 145
90158,73 152 
90181,5 69 
91194,11 93 
91205,7 103 
91205,7 101 
94750,65 100 
94750,65 6
94750,65 1890
94750,65 11
96723,82 25 
96764,23 75 
97972,29 72 
98056,77 70 
98543,99 80 
98975,87 83 
99586,74 64 611
99614,13 256 
99905,21 74 303
99905,21 61 303
100715,78 150 
100736,99 68 
101550,46 92 
101550,46 65 
101574,42 103 
101574,42 101 
102106,57 100 
102106,57 6
102106,57 1890
102106,57 10
104080,77 25 
104108,1 75 
105317,42 72 
105400,29 70 
105888,92 80 
106426,07 83 
106476,4 64 51
106672,31 74 180
106672,31 63 180
107083,93 150 
107107,62 68 
107618,28 92 
107618,28 65 
107638,52 103 
107638,52 101 
108171,3 100 
108171,3 6
108171,3 1890
108171,3 11
110144,8 25 
110172,25 75 
111381,29 72 
111464,38 70 
111954,73 80 
112423,49 83 
112630,27 64 207
112800,77 74 152
112800,77 61 152
113209,94 150 
113238,44 68 
113270,47 249
113479,18 171
114449,56 92 
114449,56 65 
114475,64 103 
114475,64 101 
115014,31 100 
115014,31 6
115014,31 1890
115014,31 10
116995,29 25 
117022,64 75 
118232,37 72 
118314,77 70 
119085,17 80 
119700,4 83 
119919,62 64 219
120087,05 256 
120096,76 74 157
120096,76 63 157
120908,21 150 
120928,51 68 
122139,64 92 
122139,64 65 
122165,67 103 
122165,67 101 
122703,38 100 
122703,38 6
122703,38 1890
122703,38 10
124671,95 25 
124699,36 75 
125908,31 72 
126124,83 70 
126797,72 80 
127337,14 83 
127582,04 64 246
127770,48 74 167
127770,48 63 167
128178,31 150 
128205,34 68 
128951,22 249
129013,67 92 
129013,67 65 
129029,41 103 
129029,41 101 
129562,32 100 
129562,32 6
129562,32 1890
129562,32 11
131535,72 25 
131682,69 75 
132891,05 72 
132975,25 70 
133458,92 80 
134001,01 83 
134206,65 64 206
134377,58 74 150
134377,58 61 150
135184,83 150 
135201,59 68 
135713,35 92 
135713,35 65 
135733,26 103 
135733,26 101 
136277,71 100 
136277,71 6
136277,71 1890
136277,71 11
138252,87 25 
138280,21 75 
139486,76 72 
139572,41 70 
140067,6 80 
140518,28 83 
140723,81 64 206
140873,29 74 129
140873,29 61 129
141682,82 150 
141706,35 68 
142918,28 92 
142918,28 65 
142943,51 103 
142943,51 101 
143476,43 100 
143476,43 6
143476,43 1890
143476,43 10
145449,8 25 
145477,26 75 
146685,92 72 
146769,43 70 
147262,91 80 
147741,87 83 
147849,79 64 109
148045,8 74 171
148045,8 63 171
148456,97 150 
148476,73 68 
149287,86 92 
149287,86 65 
149300,83 103 
149300,83 101 
149839,62 100 
149839,62 6
149839,62 1890
149839,62 10
151807,3 25 
152074,03 75 
153282,32 72 
153366,54 70 
153854,01 80 
154392,35 83 
154539,38 64 147
154732,69 256 
154741,13 74 189
154741,13 63 189
155551,3 150 
155580,38 68 
156091,18 92 
156091,18 65 
156111,25 103 
156111,25 101 
156651,52 100 
156651,52 6
156651,52 1890
156651,52 10
158630,88 25 
159684,14 75 
160894,2 72 
160976,84 70 
161470,03 80 
161895,89 83 
162080,29 64 185
162278,31 74 183
162278,31 63 183
162686,77 150 
162710,71 68 
163919,88 92 
163919,88 65 
163934,66 103 
163934,66 101 
164468,92 100 
164468,92 6
164468,92 1890
164468,92 11
166440,88 25 
166481,28 75 
167688,55 72 
167773,74 70 
168265,14 80 
168759,55 83 
168885,15 64 126
169058,11 74 153
169058,11 61 153
169469,04 150 
169494,44 68 
170005,64 92 
170005,64 65 
170025,34 103 
170025,34 101 
170557,18 100 
170557,18 6
170557,18 1890
170557,18 10
172531,68 25 
172559,17 75 
173768,46 72 
173851,25 70 
174337,83 80 
174876,94 83 
174998,19 64 122
175183,07 74 160
175183,07 63 160
175996,84 150 
176025,05 68 
176834,08 92 
176834,08 65 
176849,09 103 
176849,09 101 
177395,71 100 
177395,71 6
177395,71 1890
177395,71 11
179368,74 25 
179609,3 75 
180817,1 72 
180901,52 70 
181390,12 80 
181927,3 83 
182038,46 64 111
182214,07 74 154
182214,07 61 154
183026,42 150 
183048,7 68 
183859,08 92 
183859,08 65 
183872,8 103 
183872,8 101 
184404,39 100 
184404,39 6
184404,39 1890
184404,39 11
186379,14 25 
186406,18 75 
187612,08 72 
187698,6 70 
188186,68 80 
188671,08 83 
188815,06 64 145
188975,64 74 145
188975,64 61 145
189385,17 150 
189406 68 
189917,99 92 
189917,99 65 
189936,89 103 
189936,89 101 
190470,72 100 
190470,72 6
190470,72 1890
190470,72 10
192443,17 25 
192470,64 75 
193679,35 72 
193762,71 70 
194244,09 80 
194681,92 83 
194961,77 64 280
195162,57 74 188
195162,57 63 188
195572,96 150 
195603,38 68 
196814,18 92 
196814,18 65 
196827,28 103 
196827,28 101 
197364,49 100 
197364,49 6
197364,49 1890
197364,49 10
199346,91 25 
199374,74 75 
200581,69 72 
200666,43 70 
201155,7 80 
201585,63 83 
201826,55 64 241
202019,46 74 181
202019,46 63 181
202827,86 150 
202853,62 68 
203364,96 92 
203364,96 65 
203384,57 103 
203384,57 101 
203919,41 100 
203919,41 6
203919,41 1890
203919,41 11
205890,88 25 
206410,93 75 
207620,39 72 
207703,5 70 
208193,96 80 
208675,91 83 
208874,44 64 199
209052,66 74 164
209052,66 61 164
209460,24 150 
209490,77 68 
210700,45 92 
210700,45 65 
210714,69 103 
210714,69 101 
211247,33 100 
211247,33 6
211247,33 1890
211247,33 11
213221,09 25 
213341,47 75 
214548,25 72 
214633,81 70 
215125,96 80 
215659,62 83 
215726,69 64 67
215900,51 74 161
215900,51 61 161
216711,93 152 
216741,03 69 
217249,17 93 
217271,94 103 
217271,94 101 
220815,4 100 
220815,4 6
220815,4 1890
220815,4 10
222790,32 25 
222817,39 75 
224024,46 72 
224109,81 70 
224599,57 80 
225082,28 83 
225336,41 64 254
225498,19 256 
225521,02 74 160
225521,02 63 160
225928,09 150 
225950,42 68 
226759,39 92 
226759,39 65 
226775,77 103 
226775,77 101 
227307,37 100 
227307,37 6
227307,37 1890
227307,37 11
229280,83 25 
229308,18 75 
230518,02 72 
230786,96 70 
231606,93 80 
232345,88 83 
232457,22 64 112
232642,92 74 165
232642,92 61 165
233452,61 150 
233480,64 68 
233989,73 92 
233989,73 65 
234011,47 103 
234011,47 101 
234546,55 100 
234546,55 6
234546,55 1890
234546,55 10
236517,76 25 
236545,09 75 
237755,88 72 
238010,64 70 
238823,2 80 
239356,24 83 
239653,4 64 297
239848,83 74 174
239848,83 63 174
240258,57 150 
240277,85 68 
241490,07 92 
241490,07 65 
241514,98 103 
241514,98 101 
242056,2 100 
242056,2 6
242056,2 1890
242056,2 11
244034,58 25 
245434,36 75 
246642,2 72 
246726,83 70 
247206,86 80 
247686,04 83 
247867,97 64 183
248058,37 74 173
248058,37 61 173
248869,53 150 
248887,65 68 
249694,97 92 
249694,97 65 
249711,47 103 
249711,47 101 
250246,61 100 
250246,61 6
250246,61 1890
250246,61 10
252217,74 25 
252245,31 75 
253452,94 72 
253537,29 70 
254032,79 80 
254469,85 83 
254720,96 64 252
254915,55 256 
254924,17 74 188
254924,17 63 188
255734,14 150 
255764,46 68 
256978,02 92 
256978,02 65 
257001,7 103 
257001,7 101 
257534,92 100 
257534,92 6
257534,92 1890
257534,92 11
259521,38 25 
259654,94 75 
260864,46 72 
260947,49 70 
261426,44 80 
261960,01 83 
262137,86 64 179
262307,5 74 148
262307,5 61 148
262715,46 150 
262735,02 68 
262903,68 249
262961,92 171
263245,92 92 
263245,92 65 
263265,7 103 
263265,7 101 
263809,89 100 
263809,89 6
263809,89 1890
263809,89 11
265785,3 25 
265812,58 75 
267020,19 72 
267104,85 70 
267596,59 80 
268130,69 83 
268185,44 64 55
268362,21 74 152
268362,21 61 152
269170,93 152 
269199,66 69 
270207,47 93 
270222,72 103 
270222,72 101 
273756,57 100 
273756,57 6
273756,57 1890
273756,57 10
275727,76 25 
275754,98 75 
276963,42 72 
277047,33 70 
277534,24 80 
277966,46 83 
278225,25 64 259
278437,25 256 
278445,85 74 200
278445,85 63 200
278856,55 150 
278887,91 68 
279399,35 92 
279399,35 65 
279418,85 103 
279418,85 101 
279951,97 100 
279951,97 6
279951,97 1890
279951,97 10
281925,12 25 
281952,33 75 
283159,92 72 
283244,74 70 
283731,61 80 
284217,14 83 
284420,54 64 204
284614,39 74 171
284614,39 63 171
285425,31 150 
285445,14 68 
286252,67 92 
286252,67 65 
286269,26 103 
286269,26 101 
286808,84 100 
286808,84 6
286808,84 1890
286808,84 11
288788,88 25 
289175,75 75 
290384,6 72 
290468,25 70 
290953 80 
291454,07 83 
291635,54 64 182
291799,56 74 146
291799,56 61 146
292211,71 150 
292242,39 68 
292752,11 92 
292752,11 65 
292773,16 103 
292773,16 101 
293311,05 100 
293311,05 6
293311,05 1890
293311,05 11
295279,46 25 
295306,7 75 
296514,64 72 
296599,05 70 
297081,31 80 
297624,8 83 
297746,72 64 122
297904,22 74 133
297904,22 61 133
298311,72 152 
298333,13 69 
299145,8 93 
299157,13 103 
299157,13 101 
302689,02 100 
302689,02 6
302689,02 1890
302689,02 11
304662,14 25 
304689,88 75 
305896,06 72 
305981,68 70 
306464,92 80 
306900,82 83 
307057,92 64 158
307231,91 74 159
307231,91 61 159
308040,77 150 
308062,37 68 
308110 249
308268,88 171
309273,61 92 
309273,61 65 
309299,46 103 
309299,46 101 
309841,33 100 
309841,33 6
309841,33 1890
309841,33 10
311819,11 25 
311846,65 75 
313056,93 72 
313138,65 70 
313620,92 80 
314151,13 83 
314354,41 64 204
314566,13 74 189
314566,13 63 189
315377,22 150 
315405,76 68 
316615,96 92 
316615,96 65 
316629,7 103 
316629,7 101 
317161,15 100 
317161,15 6
317161,15 1890
317161,15 10
319135,96 25 
319163,17 75 
320371,74 72 
320455,54 70 
320940,29 80 
321414,79 83 
321565,97 64 152
321769,67 74 182
321769,67 63 182
322177,17 150 
322203 68 
323014,65 92 
323014,65 65 
323027,26 103 
323027,26 101 
323562,1 100 
323562,1 6
323562,1 1890
323562,1 10
325533,25 25 
325560,65 75 
326767,73 72 
326839,63 70 
327323,99 80 
327758,65 83 
327867,15 64 109
328060,5 74 169
328060,5 63 169
328868,83 150 
328893,34 68 
329401,93 92 
329401,93 65 
329424,24 103 
329424,24 101 
329963,14 100 
329963,14 6
329963,14 1890
329963,14 10
331943,86 25 
331971,69 75 
333177,84 72 
333263,43 70 
333745,64 80 
334182,57 83 
334402,77 64 220
334580,32 74 158
334580,32 63 158
334989,23 150 
335010,8 68 
335520,1 92 
335520,1 65 
335541,64 103 
335541,64 101 
336074,23 100 
336074,23 6
336074,23 1890
336074,23 10
338047,96 25 
338261,54 75 
339470,75 72 
339807,42 70 
340418,37 80 
341019,69 83 
341133,24 64 114
341413,64 256 
341422,65 74 270
341422,65 63 270
342234,94 150 
342261,02 68 
343469,28 92 
343469,28 65 
343484,93 103 
343484,93 101 
344017,87 100 
344017,87 6
344017,87 1890
344017,87 11
345991,26 25 
346271,54 75 
347481,16 72 
347564,03 70 
348066,22 80 
348603,1 83 
348667,21 64 65
348840,56 74 158
348840,56 61 158
349251,53 150 
349271,37 68 
350082,23 92 
350082,23 65 
350095,52 103 
350095,52 101 
350642,34 100 
350642,34 6
350642,34 1890
350642,34 11
352615,08 25 
352642,46 75 
353848,78 72 
353934,65 70 
354440,45 80 
354947,1 83 
355001,78 64 56
355247,74 74 221
355247,74 61 221
355655,24 150 
355682,1 68 
356492,48 92 
356492,48 65 
356506,09 103 
356506,09 101 
357037,66 100 
357037,66 6
357037,66 1890
357037,66 11
359012,36 25 
360598,76 75 
361806,16 72 
361893,3 70 
362385,06 80 
362823,73 83 
363061,58 64 238
363215 74 139
363215 61 139
364023,13 150 
364051,77 68 
364562,85 92 
364562,85 65 
364582,64 103 
364582,64 101 
365117,79 100 
365117,79 6
365117,79 1890
365117,79 10
367088,92 25 
367569,2 75 
368777,36 72 
368861,64 70 
369358,28 80 
369900,86 83 
370039,66 64 139
370233,27 74 173
370233,27 63 173
370645,24 150 
370675,99 68 
371886,13 92 
371886,13 65 
371899,52 103 
371899,52 101 
372440,55 100 
372440,55 6
372440,55 1890
372440,55 10
374420,13 25 
374592,78 75 
375801,28 72 
375885,3 70 
376378,92 80 
376817,94 83 
377204,26 64 387
377380,38 74 163
377380,38 63 163
378190,23 150 
378219,05 68 
379430,55 92 
379430,55 65 
379456,32 103 
379456,32 101 
379994,14 100 
379994,14 6
379994,14 1890
379994,14 10
381962,7 25 
381989,8 75 
383197,41 72 
383282,15 70 
383774,19 80 
384321,29 83 
384555,15 64 234
384730,01 74 156
384730,01 63 156
385138,35 150 
385162,92 68 
385673,72 92 
385673,72 65 
385693,67 103 
385693,67 101 
386226,32 100 
386226,32 6
386226,32 1890
386226,32 10
388199,94 25 
388229,62 75 
389438,7 72 
389519,52 70 
390016,14 80 
390505,31 83 
390543,85 64 39
390724,94 256 
390756,33 74 198
390756,33 63 198
391565,6 150 
391586,77 68 
392395,39 92 
392395,39 65 
392411,05 103 
392411,05 101 
392952,49 100 
392952,49 6
392952,49 1890
392952,49 11
394930,41 25 
395357,62 75 
396565,92 72 
396649,83 70 
397145,88 80 
397595,67 83 
397794,93 64 200
397948,51 74 140
397948,51 61 140
398758,8 150 
398783,61 68 
399292,22 92 
399292,22 65 
399314,52 103 
399314,52 101 
399846,56 100 
399846,56 6
399846,56 1890
399846,56 11
401820,85 25 
402527,55 75 
403738,76 72 
403820,1 70 
404315,37 80 
404806,13 83 
404911,98 64 107
405080,45 74 155
405080,45 61 155
405492,7 150 
405514,16 68 
406322,88 92 
406322,88 65 
406338,24 103 
406338,24 101 
406872,69 100 
406872,69 6
406872,69 1890
406872,69 11
408844,61 25 
409311,35 75 
410520,11 72 
410603,86 70 
411093,23 80 
411642,99 83 
411649,65 64 7
411789,59 74 120
411789,59 61 120
412598,42 150 
412617,91 68 
413829,43 92 
413829,43 65 
413855,02 103 
413855,02 101 
414395,48 100 
414395,48 6
414395,48 1890
414395,48 11
416374,65 25 
417148,09 75 
418355,28 72 
418440,51 70 
418933,97 80 
419373,07 83 
419563,13 64 191
419732,92 74 147
419732,92 61 147
420144,92 150 
420174,67 68 
421386,33 92 
421386,33 65 
421411,8 103 
421411,8 101 
421945,11 100 
421945,11 6
421945,11 1890
421945,11 10
423918,1 25 
424625,08 75 
425834,7 72 
425917,34 70 
426408,32 80 
426943,15 83 
426968,42 64 26
427181,66 74 199
427181,66 63 199
427591,8 150 
427611,5 68 
428422,37 92 
428422,37 65 
428435,56 103 
428435,56 101 
428968,11 100 
428968,11 6
428968,11 1890
428968,11 11
430941,75 25 
430969,02 75 
432177,22 72 
432261,41 70 
432757,28 80 
433247,16 83 
433430,97 64 185
433614,65 74 168
433614,65 61 168
434425,86 152 
434449,41 69 
434960,22 93 
434979,38 103 
434979,38 101 
438526,18 100 
438526,18 6
438526,18 1890
438526,18 11
440497,71 25 
440524,8 75 
440532,21 250 
440549,98 101 
442550,24 100 
442550,24 6
442550,24 1890
442550,24 11
442550,24 25 
442576,47 75 
443784,27 72 
443869,71 70 
444563,44 80 
445108,75 83 
445451 64 343
445630,17 74 162
445630,17 61 162
446039,32 150 
446070,23 68 
446579,85 92 
446579,85 65 
446601,08 103 
446601,08 101 
447133,5 100 
447133,5 6
447133,5 1890
447133,5 10
449107,39 25 
449134,7 75 
450343,45 72 
450546,87 70 
451195,32 80 
451879,18 83 
452023,91 64 145
452061,4 256 
452279,98 74 242
452279,98 63 242
453088,17 152 
453107,37 69 
453619,85 93 
453638,17 103 
453638,17 101 
457174,05 100 
457174,05 6
457174,05 1890
457174,05 10
459143,1 25 
459170,6 75 
460376,98 72 
460662,61 70 
461290,66 80 
461834,96 83 
462082,55 64 248
462303,19 74 202
462303,19 63 202
463111,05 150 
463142,93 68 
463953,51 92 
463953,51 65 
463967,07 103 
463967,07 101 
464504,94 100 
464504,94 6
464504,94 1890
464504,94 10
466486,66 25 
466807,13 75 
468014,1 72 
468099,42 70 
468600,73 80 
469058,59 83 
469157,32 64 99
469357,36 74 179
469357,36 63 179
469766,56 150 
469793,44 68 
470300,24 92 
470300,24 65 
470324,33 103 
470324,33 101 
470860,78 100 
470860,78 6
470860,78 1890
470860,78 11
472830,65 25 
472857,82 75 
474064,38 72 
474150,17 70 
474641 80 
475176,11 83 
475208,7 64 33
475354,71 74 125
475354,71 61 125
475761,86 150 
475790,96 68 
477003,8 92 
477003,8 65 
477028,14 103 
477028,14 101 
477559,52 100 
477559,52 6
477559,52 1890
477559,52 10
479534,45 25 
480001,33 75 
481210,92 72 
481293,83 70 
481787,49 80 
482266,29 83 
482499,43 64 233
482676,96 74 158
482676,96 63 158
483487,52 150 
483507,69 68 
483939,93 256 
484772,9 92 
484772,9 65 
484798,21 103 
484798,21 101 
485341,52 100 
485341,52 6
485341,52 1890
485341,52 11
487317,93 25 
488037,85 75 
489244,7 72 
489330,4 70 
489821,85 80 
490356,21 83 
490451,28 64 96
490648,88 74 174
490648,88 61 174
491461,69 150 
491490,9 68 
492301,38 92 
492301,38 65 
492315,05 103 
492315,05 101 
492847,88 100 
492847,88 6
492847,88 1890
492847,88 10
494821,34 25 
494848,68 75 
496056,4 72 
496140,88 70 
496631,13 80 
497113,33 83 
497231,36 64 118
497426,41 74 180
497426,41 63 180
497838,61 150 
497861,53 68 
499072,37 92 
499072,37 65 
499098,78 103 
499098,78 101 
499635,75 100 
499635,75 6
499635,75 1890
499635,75 11
501618,57 25 
505723,7 75 
506930 72 
507016,21 70 
507512,7 80 
507962,08 83 
508109,33 64 148
508281,6 74 160
508281,6 61 160
509090,68 150 
509110,11 68 
509621,89 92 
509621,89 65 
509640,99 103 
509640,99 101 
510183,19 100 
510183,19 6
510183,19 1890
510183,19 11
512160,57 25 
512187,7 75 
513396,17 72 
513480,13 70 
513970,48 80 
514452,75 83 
514677,76 64 226
514845,14 74 153
514845,14 61 153
515253,18 150 
515280,78 68 
515787,91 92 
515787,91 65 
515812,83 103 
515812,83 101 
516346,69 100 
516346,69 6
516346,69 1890
516346,69 11
518318,04 25 
518638,18 75 
519847,13 72 
519930,71 70 
520429,35 80 
520969,89 83 
521212,62 64 243
521412,33 74 176
521412,33 61 176
522221,88 150 
522251,14 68 
523063,06 92 
523063,06 65 
523088,62 103 
523088,62 101 
523620,31 100 
523620,31 6
523620,31 1890
523620,31 11
525594,87 25 
526021,76 75 
527232,51 72 
527314,29 70 
527820,44 80 
528246,75 83 
528400,32 64 154
528563,04 74 144
528563,04 61 144
528977,61 150 
529008,3 68 
530220,03 92 
530220,03 65 
530245,51 103 
530245,51 101 
530792,39 100 
530792,39 6
530792,39 1890
530792,39 11
532765,21 25 
532792,64 75 
534001,72 72 
534084,73 70 
534573,68 80 
535017,26 83 
535145,47 64 128
535339,63 74 176
535339,63 61 176
535751,45 150 
535778,77 68 
536589,4 92 
536589,4 65 
536602,94 103 
536602,94 101 
537134,29 100 
537134,29 6
537134,29 1890
537134,29 11
539111,13 25 
539735,89 75 
540943,17 72 
541028,39 70 
541521,65 80 
542014,27 83 
542146,86 64 133
542305,36 74 145
542305,36 61 145
543114,82 150 
543135,58 68 
543643,73 92 
543643,73 65 
543666,5 103 
543666,5 101 
544199,46 100 
544199,46 6
544199,46 1890
544199,46 10
546172,77 25 
548812,07 75 
550020,1 72 
550104,65 70 
550598,33 80 
551145,13 83 
551500,2 64 357
551707,87 74 192
551707,87 63 192
552515,86 150 
552544,96 68 
553751,97 92 
553751,97 65 
553768,87 103 
553768,87 101 
554308,19 100 
554308,19 6
554308,19 1890
554308,19 11
556288,47 25 
557315,11 75 
558524,85 72 
558607,58 70 
559099,82 80 
559526,74 83 
559736,52 64 210
559906,99 74 154
559906,99 61 154
560314,8 150 
560341,65 68 
561152,71 92 
561152,71 65 
561179,1 103 
561179,1 101 
561714,49 100 
561714,49 6
561714,49 1890
561714,49 10
563685,34 25 
565045,13 75 
566252,82 72 
566510,96 70 
567233,98 80 
567976,54 83 
568097,9 64 122
568300,76 74 179
568300,76 63 179
568708,99 152 
568738,93 69 
569549,35 93 
569562,3 103 
569562,3 101 
573093,79 100 
573093,79 6
573093,79 1890
573093,79 10
575067,23 25 
576706,9 75 
577916,26 72 
578172,63 70 
578984,56 80 
579571,58 83 
579869,59 64 298
580064,94 74 174
580064,94 63 174
580874,94 150 
580906,22 68 
581416,19 92 
581416,19 65 
581437,1 103 
581437,1 101 
581981,45 100 
581981,45 6
581981,45 1890
581981,45 10
583956,72 25 
584876,76 75 
586084,4 72 
586342,48 70 
587138,27 80 
587821,44 83 
587936,99 64 116
588133,48 74 179
588133,48 63 179
588544,51 150 
588569,66 68 
589778,22 92 
589778,22 65 
589793,56 103 
589793,56 101 
590324,91 100 
590324,91 6
590324,91 1890
590324,91 10
592299,95 25 
592819,95 75 
594028,54 72 
594312,43 70 
594873 80 
595431,58 83 
595722,87 64 292
595910,11 74 173
595910,11 61 173
596719,36 151 
596739,48 69 
597548,75 93 
597563,59 103 
597563,59 101 
601112,76 100 
601112,76 6
601112,76 1890
601112,76 11
603081,9 25 
603242,27 75 
604451,01 72 
604534,76 70 
605032,96 80 
605573,86 83 
605623,96 64 51
605791,08 74 151
605791,08 61 151
606199,59 150 
606228,81 68 
607039,3 92 
607039,3 65 
607053,06 103 
607053,06 101 
607595,44 100 
607595,44 6
607595,44 1890
607595,44 10
609572,51 25 
610092,78 75 
611300,96 72 
611385,21 70 
611879,88 80 
612330,99 83 
612639,88 64 310
612841,15 74 178
612841,15 63 178
613653,47 150 
613678,98 68 
614890,71 92 
614890,71 65 
614902,95 103 
614902,95 101 
615435,95 100 
615435,95 6
615435,95 1890
615435,95 10
617409,24 25 
623646,88 75 
624853,83 72 
624926,09 70 
625415,38 80 
625951,84 83 
626172,4 64 221
626368,47 74 177
626368,47 63 177
627177,91 150 
627206,55 68 
628015,04 92 
628015,04 65 
628031,84 103 
628031,84 101 
628563,54 100 
628563,54 6
628563,54 1890
628563,54 10
630536,97 25 
631563,52 75 
632771,3 72 
632856,08 70 
633349,66 80 
633843,67 83 
634011,38 64 170
634192,21 74 164
634192,21 63 164
634599,99 152 
634630,04 69 
635174,96 249 
635243,58 256 
635551,27 183 
636284,47 93 
636307,13 103 
636307,13 101 
639853,22 100 
639853,22 6
639853,22 1890
639853,22 10
641825,46 25 
643691,75 75 
644899,63 72 
644971,14 70 
645463,37 80 
645890,08 83 
646189,74 64 300
646390,93 74 182
646390,93 61 182
646800,66 151 
646824,84 69 
647632,43 93 
647648,96 103 
647648,96 101 
651180,52 100 
651180,52 2
651180,52 1890
651180,52 11
651180,52 78 
651180,52 198 
653153,96 25 
654407,17 75 
655615,61 72 
655699,64 70 
656193,46 80 
656673,94 83 
656915,67 64 244
657191,53 74 253
657191,53 61 253
658000,06 151 
658020,26 69 
659033,35 93 
659057,42 103 
659057,42 101 
662590,9 100 
662590,9 2
662590,9 1890
662590,9 11
664562,49 25 
664589,84 75 
665797,36 72 
665882,01 70 
666376,2 80 
666907,78 83 
667669,99 64 763
667927,72 74 234
667927,72 63 234
668736,23 150 
668762,21 68 
669270,16 92 
669270,16 65 
669293,08 103 
669293,08 101 
669830,15 100 
669830,15 2
669830,15 1890
669830,15 11
671812,69 25 
671853,51 75 
673061,8 72 
673145,55 70 
673641,23 80 
674131,37 83 
674185,23 64 54
674353,22 74 142
674353,22 63 142
674765,92 150 
674786,32 68 
675998,3 92 
675998,3 65 
676023,57 103 
676023,57 101 
676561,28 100 
676561,28 2
676561,28 1890
676561,28 10
678543,18 25 
688543,84 254 
688551,56 101 
690563,97 100 
690563,97 2
690563,97 1890
690563,97 10
690563,97 25 
690751,75 75 
691959,65 72 
692044,18 70 
692541,5 80 
692990,1 83 
693347,74 64 358
693552,02 74 189
693552,02 61 189
694360,29 150 
694391,37 68 
694904,05 92 
694904,05 65 
694922,16 103 
694922,16 101 
695458,17 100 
695458,17 2
695458,17 1890
695458,17 11
697428,45 25 
699468 75 
700676,74 72 
700760,49 70 
701256,11 80 
701812,95 83 
701908,1 64 96
702083,72 74 151
702083,72 61 151
702494,09 151 
702521,19 69 
703534,18 93 
703545,21 103 
703545,21 101 
707089,77 100 
707089,77 2
707089,77 1890
707089,77 11
709063,56 25 
710223,41 75 
711432,05 72 
711515,95 70 
712006,03 80 
712435,19 83 
712644,58 64 210
712851,5 256 
712942,13 74 281
712942,13 63 281
713752,31 150 
713783,06 68 
714594,57 92 
714594,57 65 
714620,48 103 
714620,48 101 
715156,18 100 
715156,18 2
715156,18 1890
715156,18 11
717126,81 25 
727128,75 254 
727148,41 101 
729160,88 100 
729160,88 2
729160,88 1890
729160,88 11
729160,88 25 
729282,04 75 
729342,85 250 
729360,42 101 
731374,08 100 
731374,08 2
731374,08 1890
731374,08 11
731374,08 25 
737797,57 75 
739003,18 72 
739090,9 70 
739588,92 80 
740076,7 83 
740228,81 64 153
740420,63 74 171
740420,63 61 171
740829,65 151 
740851,57 69 
741862,11 93 
741875,54 103 
741875,54 101 
745409,27 100 
745409,27 2
745409,27 1890
745409,27 10
747380,62 25 
747407,88 75 
748616,51 72 
748700,13 70 
749187,66 80 
749665,46 250 
749685,48 101 
751685,56 100 
751685,56 2
751685,56 1890
751685,56 10
751685,56 25 
751832,4 75 
753041,61 72 
753124,89 70 
753618,86 80 
754150,75 83 
754368,39 64 218
754567,13 74 177
754567,13 63 177
754977,32 153 
755005,5 68 
756215,96 92 
756215,96 65 
756229,54 103 
756229,54 101 
756776,19 100 
756776,19 2
756776,19 1890
756776,19 10
758749,04 25 
759855,63 75 
761064,32 72 
761148,15 70 
761650,42 80 
762147,43 83 
762324,93 64 178
762516,91 74 170
762516,91 63 170
763328,99 151 
763348,74 69 
764360,12 93 
764372,68 103 
764372,68 101 
767906,31 100 
767906,31 2
767906,31 1890
767906,31 11
769877,69 25 
771690,73 75 
772897,16 72 
772983,15 70 
773475,93 80 
773902,52 83 
774527,34 64 625
774686,59 74 145
774686,59 61 145
775099,13 151 
775117,06 69 
775926,62 93 
775941,06 103 
775941,06 101 
779472,4 100 
779472,4 2
779472,4 1890
779472,4 11
781446,19 25 
784751,7 75 
785961,63 72 
786044,23 70 
786538,39 80 
787070,12 83 
787445,4 64 376
787856,41 74 387
787856,41 61 387
788664,77 151 
788684,54 69 
789193,84 93 
789215,42 103 
789215,42 101 
792762,83 100 
792762,83 2
792762,83 1890
792762,83 11
794733,79 25 
797732,85 75 
798939,81 72 
799025,38 70 
799521,7 80 
799957,9 83 
800291,41 64 334
800519,86 74 214
800519,86 62 214
800932,51 151 
800959,5 69 
801973,45 93 
801983,44 103 
801983,44 101 
805516,1 100 
805516,1 2
805516,1 1890
805516,1 10
807488,4 25 
810447,47 75 
811656,07 72 
811913,24 70 
812522,97 80 
813165,58 83 
813234,65 64 69
813453,65 256 
813465,72 74 207
813465,72 63 207
814275,19 151 
814300,4 69 
814950,69 249 
815107,02 93 
815124,44 103 
815124,44 101 
818659,13 100 
818659,13 2
818659,13 1890
818659,13 10
820629,48 25 
821642,75 75 
822851,12 72 
823068,49 70 
823567,85 80 
824054,31 83 
824370,32 64 316
824546,22 74 159
824546,22 61 159
825355,17 150 
825375,59 68 
826582,82 92 
826582,82 65 
826599,49 103 
826599,49 101 
827140,43 100 
827140,43 2
827140,43 1890
827140,43 10
829119,19 25 
830292,38 75 
831499,28 72 
831571,57 70 
832068,95 80 
832610,67 83 
832704,29 64 94
832921,15 74 204
832921,15 61 204
833330,4 150 
833358,85 68 
834568,28 92 
834568,28 65 
834582,8 103 
834582,8 101 
835120,83 100 
835120,83 2
835120,83 1890
835120,83 11
837102,48 25 
837356,04 75 
838562,84 72 
838648,53 70 
839130,13 80 
839621,05 83 
839848,62 64 228
840048,39 256 
840056,94 74 183
840056,94 63 183
840865,92 152 
840888,27 69 
841252,67 249 
841305,19 256 
841571,25 183 
841904,23 93 
841926,34 103 
841926,34 101 
845457,82 100 
845457,82 2
845457,82 1890
845457,82 11
847431,35 25 
851096,82 75 
852306,09 72 
852389,4 70 
852880,77 80 
853308,54 83 
853595,94 64 288
853809,75 74 196
853809,75 61 196
854218,89 151 
854243,44 69 
855055,02 93 
855067,45 103 
855067,45 101 
858610,98 100 
858610,98 2
858610,98 1890
858610,98 10
860585,73 25 
863025,12 75 
864234,73 72 
864317,73 70 
864818,84 80 
865263,48 83 
865473,66 64 210
865496,77 256 
865679,52 74 190
865679,52 61 190
866092,74 150 
866118,28 68 
866927,68 92 
866927,68 65 
866942,39 103 
866942,39 101 
867474,88 100 
867474,88 2
867474,88 1890
867474,88 11
869448,77 25 
869982,19 75 
871191,17 72 
871274,71 70 
871766,83 80 
872300,44 83 
872698,21 64 398
872966,46 74 253
872966,46 63 253
873775,75 150 
873795,02 68 
874303,24 92 
874303,24 65 
874325,95 103 
874325,95 101 
874868,19 100 
874868,19 2
874868,19 1890
874868,19 10
876845,56 25 
876912,52 75 
878120,64 72 
878205,02 70 
878689,18 80 
879177,51 83 
879279,2 64 102
879454,32 74 157
879454,32 61 157
880263,27 150 
880285,65 68 
881494,09 92 
881494,09 65 
881509,53 103 
881509,53 101 
882050,77 100 
882050,77 2
882050,77 1890
882050,77 10
884029,12 25 
885682,15 75 
886889,15 72 
886974,7 70 
887457,13 80 
887893,84 83 
888041,46 64 148
888219,56 74 153
888219,56 61 153
888627,24 150 
888655,4 68 
889863,56 92 
889863,56 65 
889879,3 103 
889879,3 101 
890414,32 100 
890414,32 2
890414,32 1890
890414,32 11
892385,62 25 
893412,41 75 
894620,69 72 
894704,78 70 
895187,37 80 
895717,18 83 
895842,39 64 126
896036,59 74 173
896036,59 63 173
896844,64 150 
896865,33 68 
897375,24 92 
897375,24 65 
897396,08 103 
897396,08 101 
897929,66 100 
897929,66 2
897929,66 1890
897929,66 10
899902,4 25 
899929,81 75 
901137,28 72 
901221,98 70 
901705,91 80 
902194,46 83 
902356,85 64 162
902518,7 74 138
902518,7 61 138
902930,82 150 
902955,97 68 
903767,02 92 
903767,02 65 
903793,37 103 
903793,37 101 
904341,03 100 
904341,03 2
904341,03 1890
904341,03 10
906313,03 25 
911058,98 75 
912268,05 72 
912350,56 70 
912836,2 80 
913323,06 83 
913423,55 64 101
913598,86 74 157
913598,86 61 157
914008,03 150 
914031,23 68 
914539,58 92 
914539,58 65 
914562,13 103 
914562,13 101 
915094,37 100 
915094,37 2
915094,37 1890
915094,37 11
917068,42 25 
917988,43 75 
919194,98 72 
919267,65 70 
919755,89 80 
920293,4 83 
920656,41 64 363
920914,64 74 235
920914,64 63 235
921725,91 150 
921747,95 68 
922555,01 92 
922555,01 65 
922572,05 103 
922572,05 101 
923112,04 100 
923112,04 2
923112,04 1890
923112,04 10
925091,67 25 
935106,88 254 
935126,65 101 
937139,15 100 
937139,15 2
937139,15 1890
937139,15 10
937139,15 25 
939192,7 75 
940401,7 72 
940738,48 70 
941351 80 
941897,56 83 
942055,62 64 158
942251,57 74 181
942251,57 61 181
942662,37 150 
942685,78 68 
943894,07 92 
943894,07 65 
943909,69 103 
943909,69 101 
944448,09 100 
944448,09 2
944448,09 1890
944448,09 11
946429,37 25 
956430,03 254 
956437,71 101 
958450,06 100 
958450,06 2
958450,06 1890
958450,06 11
958450,06 25 
968453,06 254 
968472,46 101 
970484,94 100 
970484,94 2
970484,94 1890
970484,94 11
970484,94 25 
980485,55 254 
980494,02 101 
982506,51 100 
982506,51 2
982506,51 1890
982506,51 11
982506,51 25 
990890,72 75 
992099,17 72 
992316,54 70 
992986,88 80 
993635,52 83 
993740,98 64 106
993924,27 74 169
993924,27 61 169
994736,16 151 
994756,86 69 
995769,4 93 
995780,99 103 
995780,99 101 
999317,72 100 
999317,72 2
999317,72 1890
999317,72 11
1001299,27 25 
1008656,49 75 
1009865,16 72 
1010068,97 70 
1010729,15 80 
1011268,06 83 
1011452,8 64 186
1011673,75 74 206
1011673,75 63 206
1012082,96 150 
1012109,59 68 
1012678,73 249
1012845,07 173 
1013319,14 92 
1013319,14 65 
1013333,65 103 
1013333,65 101 
1013865,13 100 
1013865,13 2
1013865,13 1890
1013865,13 10
1015839,83 25 
1017546,06 75 
1018755,07 72 
1018838,6 70 
1019324,01 80 
1019757,75 83 
1019865,85 64 109
1020026,74 74 136
1020026,74 61 136
1020834,7 150 
1020865,81 68 
1021676,37 92 
1021676,37 65 
1021689,99 103 
1021689,99 101 
1022231,75 100 
1022231,75 2
1022231,75 1890
1022231,75 11
1024209,54 25 
1025622,66 75 
1026832,39 72 
1026915,14 70 
1027407,19 80 
1027940,95 83 
1028095,59 64 155
1028293,45 256 
1028338,89 74 225
1028338,89 63 225
1028746,05 150 
1028769,2 68 
1029158,7 249
1029229,25 173 
1029277,35 92 
1029277,35 65 
1029300,01 103 
1029300,01 101 
1029831,61 100 
1029831,61 2
1029831,61 1890
1029831,61 10
1031806,32 25 
1041808,6 254 
1041827,92 101 
1043840,45 100 
1043840,45 2
1043840,45 1890
1043840,45 10
1043840,45 25 
1049878,99 75 
1051087,46 72 
1051171,61 70 
1051663,53 80 
1052090,67 83 
1052227,24 64 137
1052444,1 74 194
1052444,1 61 194
1053253,62 150 
1053278,7 68 
1054490,11 92 
1054490,11 65 
1054515,94 103 
1054515,94 101 
1055053,47 100 
1055053,47 2
1055053,47 1890
1055053,47 10
1057022,33 25 
1067023,82 254 
1067030,56 101 
1069043,04 100 
1069043,04 2
1069043,04 1890
1069043,04 10
1069043,04 25 
1076828,51 75 
1076870,93 250 
1076879,32 101 
1078892,93 100 
1078892,93 2
1078892,93 1890
1078892,93 10
1078892,93 25 
1079212,47 75 
1080420,91 72 
1080505,71 70 
1080989,74 80 
1081464,86 83 
1081721,83 64 258
1081912,31 74 168
1081912,31 61 168
1082720,79 150 
1082746,2 68 
1083557,66 92 
1083557,66 65 
1083583,59 103 
1083583,59 101 
1084121,99 100 
1084121,99 2
1084121,99 1890
1084121,99 11
1086103,26 25 
1086143,61 75 
1087352,63 72 
1087436,09 70 
1087926,29 80 
1088461,86 83 
1088722,06 64 261
1088913,41 74 172
1088913,41 63 172
1089323,72 152 
1089343,36 69 
1089871,11 249 
1090151,63 93 
1090167,45 103 
1090167,45 101 
1093701,01 100 
1093701,01 2
1093701,01 1890
1093701,01 10
1095672,46 25 
1103536,22 75 
1104744,65 72 
1104828,66 70 
1105317,11 80 
1105801,19 83 
1106099,51 64 299
1106334,04 74 214
1106334,04 62 214
1106745,31 151 
1106775,22 69 
1107784,61 93 
1107799,97 103 
1107799,97 101 
1111331,69 100 
1111331,69 2
1111331,69 1890
1111331,69 11
1113305,12 25 
1113332,29 75 
1114540,33 72 
1114811,11 70 
1115612,97 80 
1116156,77 83 
1116404,05 64 248
1116581,99 74 159
1116581,99 61 159
1117393,01 151 
1117411,85 69 
1117921,77 93 
1117942,37 103 
1117942,37 101 
1121488,45 100 
1121488,45 2
1121488,45 1890
1121488,45 10
1123460,71 25 
1133464,02 254 
1133482,3 101 
1135481,6 100 
1135481,6 2
1135481,6 1890
1135481,6 10
1135481,6 25 
1144025,63 75 
1145233,9 72 
1145318,12 70 
1145803,28 80 
1146290,65 83 
1146488,62 64 198
1146678,72 74 175
1146678,72 61 175
1147090,35 150 
1147118,85 68 
1147628,45 92 
1147628,45 65 
1147649,7 103 
1147649,7 101 
1148181,5 100 
1148181,5 2
1148181,5 1890
1148181,5 11
1150155,99 25 
1150849,38 75 
1152058,48 72 
1152141,9 70 
1152628,58 80 
1153061,1 83 
1153276,3 64 216
1153456,44 74 156
1153456,44 62 156
1154269,42 151 
1154288,03 69 
1154796,64 93 
1154820,01 103 
1154820,01 101 
1158351,81 100 
1158351,81 2
1158351,81 1890
1158351,81 10
1160325,1 25 
1160352,85 75 
1161560,22 72 
1161644,58 70 
1162132,88 80 
1162670,34 83 
1167316,28 64 4646
1167467,92 74 134
1167467,92 61 134
1167878,22 150 
1167909,94 68 
1169123,28 92 
1169123,28 65 
1169147,23 103 
1169147,23 101 
1169687,49 100 
1169687,49 2
1169687,49 1890
1169687,49 10
1171666,87 25 
1171694,06 75 
1172901,37 72 
1172986,39 70 
1173473,23 80 
1174012,2 83 
1174087,83 64 77
1174244,14 74 138
1174244,14 61 138
1175054,13 150 
1175081,09 68 
1175521,28 256 
1176745,3 92 
1176745,3 65 
1176770,62 103 
1176770,62 101 
1177306,58 100 
1177306,58 2
1177306,58 1890
1177306,58 11
1179277,1 25 
1179304,26 75 
1180514,43 72 
1180596,47 70 
1181093,11 80 
1181529,03 83 
1184648,56 64 3120
1184859,99 74 186
1184859,99 63 186
1185268,66 150 
1185289,31 68 
1186101,26 92 
1186101,26 65 
1186126,66 103 
1186126,66 101 
1186658,89 100 
1186658,89 2
1186658,89 1890
1186658,89 10
1188632,95 25 
1189126,5 75 
1190332,92 72 
1190418,95 70 
1190906,19 80 
1191404,81 83 
1191695,43 64 291
1191878,42 74 167
1191878,42 61 167
1192688,97 152 
1192712,76 69 
1192916,92 249 
1193220,75 93 
1193243,73 103 
1193243,73 101 
1196787,28 100 
1196787,28 2
1196787,28 1890
1196787,28 10
1198761,99 25 
1198791,07 75 
1199999,08 72 
1200081,52 70 
1200570,24 80 
1201000,68 83 
1366396,35 64 165396
1366573,91 74 164
1366573,91 61 164
1366982,93 150 
1367011,96 68 
1367416,03 249
1367483,77 256 
1367489,39 171
1369526,21 92 
1369526,21 65 
1369542,01 103 
1369542,01 101 
1370074,17 100 
1370074,17 2
1370074,17 1890
1370074,17 11
1372048,35 25 
1372075,57 75 
1373282,31 72 
1373541,09 70 
1374339,46 80 
1374926,82 83 
1375072,96 64 147
1375093,72 256 
1375280,25 74 194
1375280,25 61 194
1376088,93 151 
1376114,12 69 
1377122,72 93 
1377138,77 103 
1377138,77 101 
1380673,54 100 
1380673,54 2
1380673,54 1890
1380673,54 11
1382643,8 25 
1386562,54 75 
1387769,95 72 
1387855,06 70 
1388353,83 80 
1388894,12 83 
1388971,59 64 78
1389208,31 74 221
1389208,31 63 221
1390020,1 150 
1390042,36 68 
1390492,57 249
1390545,65 173 
1390564,59 92 
1390564,59 65 
1390586,38 103 
1390586,38 101 
1391124,66 100 
1391124,66 2
1391124,66 1890
1391124,66 11
1393106,26 25 
1393133,89 75 
1394341 72 
1394412,21 70 
1394906,51 80 
1395398,06 83 
1395697,65 64 300
1395868,5 74 151
1395868,5 63 151
1396276,47 150 
1396306,17 68 
1397515,06 92 
1397515,06 65 
1397530,13 103 
1397530,13 101 
1398064,89 100 
1398064,89 2
1398064,89 1890
1398064,89 10
1400036,46 25 
1404554,91 75 
1405765,61 72 
1405847,43 70 
1406334,11 80 
1406766,55 83 
1406949,29 64 183
1407114,08 74 148
1407114,08 61 148
1407522,64 150 
1407542,53 68 
1408056,16 92 
1408056,16 65 
1408072,26 103 
1408072,26 101 
1408604,87 100 
1408604,87 2
1408604,87 1890
1408604,87 10
1410578,58 25 
1411458,76 75 
1412669,66 72 
1412751,11 70 
1413241,78 80 
1413776,88 83 
1414562,18 64 786
1414715,28 74 139
1414715,28 61 139
1415524,24 150 
1415551,34 68 
1416363,12 92 
1416363,12 65 
1416402,17 103 
1416402,17 101 
1416947,3 100 
1416947,3 2
1416947,3 1890
1416947,3 10
1418921,7 25 
1419042,28 75 
1420249,19 72 
1420321,44 70 
1420814,59 80 
1421347,06 83 
1421518,79 64 172
1421551,73 256 
1421731,14 74 198
1421731,14 61 198
1422539,1 150 
1422561,72 68 
1423369,16 92 
1423369,16 65 
1423385,78 103 
1423385,78 101 
1423921,75 100 
1423921,75 2
1423921,75 1890
1423921,75 11
1425892,04 25 
1431770,04 75 
1432978,12 72 
1433062,44 70 
1433542,44 80 
1434034,93 83 
1434250,65 64 216
1434453,6 74 179
1434453,6 62 179
1434866,5 151 
1434889,89 69 
1435399,42 93 
1435420,67 103 
1435420,67 101 
1438954,6 100 
1438954,6 2
1438954,6 1890
1438954,6 10
1440925,68 25 
1450927,62 254 
1450947,32 101 
1452959,81 100 
1452959,81 2
1452959,81 1890
1452959,81 10
1452959,81 25 
1462960,13 254 
1462968,87 101 
1464981,35 100 
1464981,35 2
1464981,35 1890
1464981,35 10
1464981,35 25 
1474983,35 254 
1474990,42 101 
1477002,89 100 
1477002,89 2
1477002,89 1890
1477002,89 10
1477002,89 25 
1484267,64 75 
1485477,59 72 
1485813,38 70 
1486420 80 
1486959,17 83 
1487091,19 64 133
1487256,15 74 151
1487256,15 61 151
1488066,04 150 
1488093,88 68 
1488600,79 92 
1488600,79 65 
1488624,71 103 
1488624,71 101 
1489163,73 100 
1489163,73 2
1489163,73 1890
1489163,73 10
1491144,31 25 
1492037,65 75 
1493246 72 
1493330,21 70 
1493828,24 80 
1494369,3 83 
1494610,83 64 242
1494792,47 74 157
1494792,47 61 157
1495200,77 150 
1495224,18 68 
1496033,93 92 
1496033,93 65 
1496048,28 103 
1496048,28 101 
1496582,77 100 
1496582,77 2
1496582,77 1890
1496582,77 11
1498554,5 25 
1499687,78 75 
1500895,86 72 
1500980,26 70 
1501472,02 80 
1501912,76 83 
1502283,41 64 371
1502460,15 74 161
1502460,15 61 161
1502873,36 151 
1502900,89 69 
1503544,63 249 
1503911,53 93 
1503924,84 103 
1503924,84 101 
1507457,55 100 
1507457,55 2
1507457,55 1890
1507457,55 11
1509429,86 25 
1510723,03 75 
1511933,21 72 
1512015,63 70 
1512511,02 80 
1513001,7 83 
1513275,33 64 274
1513439,39 74 145
1513439,39 61 145
1514251,67 151 
1514281,94 69 
1514972,94 249 
1515241,31 256 
1516101,57 182 
1625106,78 93 
1625126,69 103 
1625126,69 101 
1628670,39 100 
1628670,39 2
1628670,39 1890
1628670,39 11
1630645,04 25 
1634097,24 75 
1635306,33 72 
1635509,71 70 
1636170,21 80 
1636708,76 83 
1636800,1 64 92
1636989,93 74 175
1636989,93 61 175
1637798,47 151 
1637817,38 69 
1638325,92 93 
1638347,7 103 
1638347,7 101 
1641879,28 100 
1641879,28 2
1641879,28 1890
1641879,28 11
1643852,72 25 
1643880,2 75 
1645088,14 72 
1645172,32 70 
1645664 80 
1646091,42 83 
1646417,16 64 326
1646692,68 74 255
1646692,68 61 255
1647103,56 153 
1647133,01 68 
1647944,25 92 
1647944,25 65 
1647970,28 103 
1647970,28 101 
1648508,31 100 
1648508,31 2
1648508,31 1890
1648508,31 10
1650476,6 25 
1650650,25 75 
1651859,14 72 
1651942,73 70 
1652437,56 80 
1652995,18 83 
1653342,38 64 348
1653517,58 74 163
1653517,58 62 163
1653928,9 151 
1653957,53 69 
1654765,83 93 
1654780,71 103 
1654780,71 101 
1658319,02 100 
1658319,02 2
1658319,02 1890
1658319,02 11
1660299,14 25 
1660326,5 75 
1664584,51 72 
1664670,68 70 
1665164,24 80 
1665603,15 83 
1666224,22 64 622
1666434,61 74 192
1666434,61 61 192
1667244,54 151 
1667270,62 69 
1667781,19 93 
1667801,85 103 
1667801,85 101 
1671336,89 100 
1671336,89 2
1671336,89 1890
1671336,89 10
1673306,84 25 
1678704,92 75 
1679911,81 72 
1679997,49 70 
1680490,22 80 
1680969,95 83 
1681160,34 64 191
1681365,03 74 183
1681365,03 62 183
1681777,52 151 
1681798,39 69 
1682811,21 93 
1682822,17 103 
1682822,17 101 
1686366,24 100 
1686366,24 2
1686366,24 1890
1686366,24 10
1688340,51 25 
1693472,13 75 
1694681,3 72 
1694764,51 70 
1695255,86 80 
1695803,64 83 
1695990,42 64 187
1696208,73 74 203
1696208,73 62 203
1697016,99 151 
1697045,02 69 
1697845,47 249 
1697873,34 93 
1697882,37 103 
1697882,37 101 
1701426,78 100 
1701426,78 2
1701426,78 1890
1701426,78 11
1703400,78 25 
1703427,89 75 
1704638,37 72 
1704720,32 70 
1705224,17 80 
1705719,46 83 
1705842,85 64 124
1706045,01 74 180
1706045,01 61 180
1706857,62 151 
1706880,03 69 
1707391,35 93 
1707411,69 103 
1707411,69 101 
1710944,84 100 
1710944,84 2
1710944,84 1890
1710944,84 11
1712916,72 25 
1714103,41 75 
1715314,6 72 
1715395,74 70 
1715893,2 80 
1716341,61 83 
1716552,51 64 211
1716704,25 74 136
1716704,25 63 136
1717119,06 150 
1717143,17 68 
1717653,7 92 
1717653,7 65 
1717673,96 103 
1717673,96 101 
1718207,55 100 
1718207,55 2
1718207,55 1890
1718207,55 10
1720181,96 25 
1722459,68 75 
1723668,3 72 
1723752,17 70 
1724245,23 80 
1724791,32 83 
1724930,81 64 139
1725112,19 74 161
1725112,19 61 161
1725922,34 150 
1725952,68 68 
1726092,47 249
1726212,09 171
1726763,52 92 
1726763,52 65 
1726790,08 103 
1726790,08 101 
1727330,05 100 
1727330,05 2
1727330,05 1890
1727330,05 10
1729309,75 25 
1738719,45 75 
1739927,25 72 
1740185,22 70 
1740888,53 80 
1741517,52 83 
1741746,62 64 229
1741940,79 74 171
1741940,79 62 171
1742351,14 151 
1742373,26 69 
1743109,73 249 
1743233,63 182 
1744033,48 93 
1744049,44 103 
1744049,44 101 
1747587,32 100 
1747587,32 2
1747587,32 1890
1747587,32 11
1749567,76 25 
1753899,84 75 
1755107,02 72 
1755365,49 70 
1756063,08 250 
1756070,95 101 
1758084,13 100 
1758084,13 2
1758084,13 1890
1758084,13 11
1758084,13 25 
1762923,4 75 
1764131,27 72 
1764147,5 70 
1764256,29 80 
1765027,51 83 
1765077,03 64 50
1765261,04 74 168
1765261,04 63 168
1766069,94 152 
1766095,6 69 
1766602,83 93 
1766613,18 103 
1766613,18 101 
1770144,7 100 
1770144,7 2
1770144,7 1890
1770144,7 11
1772118,18 25 
1773411,37 75 
1774618,89 72 
1774703,89 70 
1775440,2 80 
1776089,5 83 
1776290,06 64 201
1776513,2 74 211
1776513,2 63 211
1776919,75 150 
1776944,36 68 
1777753,7 92 
1777753,7 65 
1777768,56 103 
1777768,56 101 
1778314,81 100 
1778314,81 2
1778314,81 1890
1778314,81 11
1780288,07 25 
1781687,85 75 
1782896,34 72 
1782980,31 70 
1783469,25 80 
1783966,15 83 
1784345,01 64 380
1784533,44 74 168
1784533,44 61 168
1785342,75 151 
1785367,42 69 
1786145,38 249 
1786415,77 256 
1786456,31 182 
1831101,83 93 
1831119,1 103 
1831119,1 101 
1834650,65 100 
1834650,65 2
1834650,65 1890
1834650,65 11
1836624,08 25 
1843048,58 75 
1844255,8 72 
1844340,91 70 
1844837,34 80 
1845380,05 83 
1845568,15 64 189
1845782,98 74 190
1845782,98 63 190
1846194,33 152 
1846222,02 69 
1846731,85 93 
1846752,44 103 
1846752,44 101 
1850286,49 100 
1850286,49 2
1850286,49 1890
1850286,49 11
1852257,45 25 
1857668,96 75 
1858876,04 72 
1858961,42 70 
1859451,1 80 
1859880,55 83 
1860140,96 64 261
1860332,92 74 173
1860332,92 62 173
1861143,53 151 
1861162,13 69 
1861538,31 249 
1862478,8 182 
1862685,2 93 
1862705,64 103 
1862705,64 101 
1866245,21 100 
1866245,21 2
1866245,21 1890
1866245,21 10
1868224,03 25 
1868251,25 75 
1869460,7 72 
1869543,52 70 
1870040,91 80 
1870529,32 83 
1870766,71 64 237
1870953,18 74 171
1870953,18 61 171
1871360,93 150 
1871384,14 68 
1872597,92 92 
1872597,92 65 
1872621,42 103 
1872621,42 101 
1873155,41 100 
1873155,41 2
1873155,41 1890
1873155,41 11
1875127,73 25 
1875781,14 75 
1876988,62 72 
1877073,65 70 
1877577,91 80 
1878006,17 83 
1878227,58 64 222
1878435,63 74 190
1878435,63 62 190
1879243,23 151 
1879274,2 69 
1879728,39 249 
1880071,87 182 
1881816,21 256 
1889965,19 93 
1889987,35 103 
1889987,35 101 
1893518,96 100 
1893518,96 2
1893518,96 1890
1893518,96 10
1895492,41 25 
1902011,53 75 
1903221,06 72 
1903302,51 70 
1903800,03 80 
1904341,62 83 
1904405,85 64 65
1904599,15 74 178
1904599,15 61 178
1905006,6 150 
1905036,47 68 
1905547,05 92 
1905547,05 65 
1905567,42 103 
1905567,42 101 
1906114,65 100 
1906114,65 2
1906114,65 1890
1906114,65 10
1908087,02 25 
1909100,32 75 
1910308,31 72 
1910392,81 70 
1910902,88 80 
1911352,01 83 
1911457,77 64 107
1911478,73 256 
1911652,68 74 181
1911652,68 61 181
1912063,6 150 
1912087,05 68 
1913295,79 92 
1913295,79 65 
1913310,81 103 
1913310,81 101 
1913843,27 100 
1913843,27 2
1913843,27 1890
1913843,27 11
1915817,16 25 
1920055,66 75 
1921263,56 72 
1921348,18 70 
1921848,8 80 
1922334 83 
1922501,95 64 169
1922691,1 74 171
1922691,1 62 171
1923501,32 151 
1923521,3 69 
1924330,9 93 
1924346,1 103 
1924346,1 101 
1927880,57 100 
1927880,57 2
1927880,57 1890
1927880,57 10
1929851,11 25 
1932783,57 75 
1933990,19 72 
1934076,09 70 
1934567,15 80 
1935102,65 83 
1936082,81 64 981
1936248,17 74 147
1936248,17 61 147
1937057,32 150 
1937076,43 68 
1937583,96 92 
1937583,96 65 
1937607,15 103 
1937607,15 101 
1938146,42 100 
1938146,42 2
1938146,42 1890
1938146,42 10
1940126,81 25 
1941193,34 75 
1942400,59 72 
1942485,86 70 
1942977,71 80 
1943525,11 83 
1943637,44 64 113
1943796,17 74 138
1943796,17 61 138
1944206,32 150 
1944233,2 68 
1945044,54 92 
1945044,54 65 
1945070,63 103 
1945070,63 101 
1945608,64 100 
1945608,64 2
1945608,64 1890
1945608,64 10
1947576,91 25 
1951495,67 75 
1952702,76 72 
1952788,16 70 
1953280,73 80 
1953760,63 83 
1953830,49 64 70
1954008,4 74 155
1954008,4 61 155
1954417,51 150 
1954442,17 68 
1955654,45 92 
1955654,45 65 
1955679,49 103 
1955679,49 101 
1956212,37 100 
1956212,37 2
1956212,37 1890
1956212,37 10
1958185,72 25 
1959292,31 75 
1960499,83 72 
1960584,83 70 
1961076,71 80 
1961517,36 83 
1961766,04 64 249
1961954,51 74 171
1961954,51 61 171
1962764,43 150 
1962785,35 68 
1963293,1 92 
1963293,1 65 
1963316,22 103 
1963316,22 101 
1963859,59 100 
1963859,59 2
1963859,59 1890
1963859,59 11
1965835,85 25 
1973259,78 75 
1974467,33 72 
1974552,23 70 
1975050,3 80 
1975538,04 83 
1975626,98 64 90
1975827,39 74 183
1975827,39 62 183
1976238,19 151 
1976259,53 69 
1976998,55 249 
1977266,45 256 
1977457,17 182 
1979451,31 93 
1979469,34 103 
1979469,34 101 
1983000,9 100 
1983000,9 2
1983000,9 1890
1983000,9 10
1984974,39 25 
1988839,75 75 
1990019,86 250 
1990037,72 101 
1992051,37 100 
1992051,37 2
1992051,37 1890
1992051,37 10
1992051,37 25 
2002051,87 254 
2002059,65 101 
2004072,14 100 
2004072,14 2
2004072,14 1890
2004072,14 10
2004072,14 25 
2014072,34 254 
2014081,23 101 
2016093,7 100 
2016093,7 2
2016093,7 1890
2016093,7 10
2016093,7 25 
2026095,52 254 
2026102,81 101 
2028101,93 100 
2028101,93 2
2028101,93 1890
2028101,93 10
2028101,93 25 
2034193,16 75 
2034273,15 250 
2034285,57 101 
2036299,24 100 
2036299,24 2
2036299,24 1890
2036299,24 10
2036299,24 25 
2036365,81 75 
2036372,66 250 
2036391,39 101 
2038405,04 100 
2038405,04 2
2038405,04 1890
2038405,04 10
2038405,04 25 
2038511,21 75 
2039719,25 72 
2039977,73 70 
2040684,26 80 
2041323,4 83 
2041535,69 64 212
2041641,19 256 
2041777,51 74 228
2041777,51 62 228
2042589,28 151 
2042618,01 69 
2043298,79 249 
2075037,66 256 
2075244,96 182 
2122741,18 93 
2122755,04 103 
2122755,04 101 
2126292,71 100 
2126292,71 2
2126292,71 1890
2126292,71 10
2128260,14 25 
2132125,49 75 
2133334,64 72 
2133658,08 70 
2134271,82 80 
2134871,8 250 
2134883,18 101 
2136896,4 100 
2136896,4 2
2136896,4 1890
2136896,4 10
2136896,4 25 
2137456,56 75 
2138664,4 72 
2138869,01 70 
2139532,94 80 
2140174,69 83 
2140282,18 64 108
2140475,55 74 181
2140475,55 61 181
2140885,33 152 
2140909,18 69 
2141421,25 93 
2141440,46 103 
2141440,46 101 
2144979,62 100 
2144979,62 2
2144979,62 1890
2144979,62 11
2146958,81 25 
2146986,23 75 
2148195,33 72 
2148278,35 70 
2148775,94 80 
2149224,2 83 
2149374,94 64 152
2149524,02 74 127
2149524,02 61 127
2150334,63 151 
2150358,9 69 
2150867,26 93 
2150889,79 103 
2150889,79 101 
2154422,5 100 
2154422,5 2
2154422,5 1890
2154422,5 10
2156394,79 25 
2156781,87 75 
2157992,27 72 
2158074,17 70 
2158565,26 80 
2159046,66 83 
2159202,24 64 156
2159383,66 74 164
2159383,66 61 164
2159793,8 150 
2159821,56 68 
2159854,05 249
2160125,83 171
2160333,08 92 
2160333,08 65 
2160352,48 103 
2160352,48 101 
2160885,8 100 
2160885,8 2
2160885,8 1890
2160885,8 11
2162858,71 25 
2162887,08 75 
2164093,92 72 
2164178,25 70 
2164677,75 80 
2165217,36 83 
2165292,29 64 75
2165487,7 74 177
2165487,7 61 177
2166296,19 151 
2166324,82 69 
2167333,84 93 
2167349,46 103 
2167349,46 101 
2170894,52 100 
2170894,52 2
2170894,52 1890
2170894,52 11
2172867,78 25 
2172895,02 75 
2174103,18 72 
2174187,32 70 
2174686,58 80 
2175119,86 83 
2175366,72 64 247
2175545,81 74 160
2175545,81 63 160
2176354,82 150 
2176374,58 68 
2177182,76 92 
2177182,76 65 
2177198,67 103 
2177198,67 101 
2177730,09 100 
2177730,09 2
2177730,09 1890
2177730,09 11
2179704,86 25 
2182264,18 75 
2183472,1 72 
2183556,69 70 
2184052,67 80 
2184542,71 83 
2184692,27 64 150
2184873,83 74 159
2184873,83 61 159
2185285,19 151 
2185304,34 69 
2186112,44 93 
2186128,17 103 
2186128,17 101 
2189663,33 100 
2189663,33 4
2189663,33 1890
2189663,33 11
2189663,33 78 
2189663,33 198 
2191633,24 25 
2193552,66 75 
2194762,35 72 
2194845,23 70 
2195342,98 80 
2195884,54 83 
2196241,27 64 357
2196429,06 74 172
2196429,06 62 172
2196839,18 151 
2196859,06 69 
2197369,66 93 
2197390,01 103 
2197390,01 101 
2200929,53 100 
2200929,53 4
2200929,53 1890
2200929,53 10
2202908,37 25 
2202936,1 75 
2204143,22 72 
2204227,88 70 
2204726,99 80 
2205213,71 83 
2205361,96 64 149
2205546,48 74 160
2205546,48 61 160
2206354,32 151 
2206375,03 69 
2206885,83 93 
2206905,95 103 
2206905,95 101 
2210441,45 100 
2210441,45 4
2210441,45 1890
2210441,45 11
2212411,14 25 
2214943,56 75 
2216151,51 72 
2216236,15 70 
2216732,86 80 
2217275,25 83 
2217617,82 64 342
2217775,79 74 142
2217775,79 61 142
2218586,78 150 
2218609,98 68 
2219420,22 92 
2219420,22 65 
2219434,09 103 
2219434,09 101 
2219966,34 100 
2219966,34 4
2219966,34 1890
2219966,34 10
2221940,39 25 
2226765,24 75 
2227975,6 72 
2228057,77 70 
2228559,44 80 
2228990,52 83 
2229272,44 64 282
2229434,4 74 138
2229434,4 61 138
2229842,59 151 
2229871,8 69 
2230416,18 249 
2230681,36 93 
2230695,85 103 
2230695,85 101 
2234238,78 100 
2234238,78 4
2234238,78 1890
2234238,78 11
2236214,18 25 
2236242,19 75 
2237449,31 72 
2237533,78 70 
2238028,03 80 
2238559,54 83 
2238792,69 64 233
2238970,28 74 158
2238970,28 61 158
2239377,77 150 
2239401,1 68 
2240210,84 92 
2240210,84 65 
2240225,14 103 
2240225,14 101 
2240757,36 100 
2240757,36 4
2240757,36 1890
2240757,36 11
2242731,43 25 
2245344,2 75 
2246551,8 72 
2246823,19 70 
2247646,22 80 
2248408,65 83 
2248415,58 64 7
2248607,83 74 173
2248607,83 61 173
2249418,74 150 
2249437,08 68 
2249947,07 92 
2249947,07 65 
2249967,64 103 
2249967,64 101 
2250505,78 100 
2250505,78 4
2250505,78 1890
2250505,78 10
2252474,05 25 
2252501,1 75 
2253709,24 72 
2253793,51 70 
2254289,55 80 
2254765,98 83 
2254917,27 64 152
2255110,94 74 172
2255110,94 61 172
2255519,16 151 
2255540,18 69 
2256131,61 249 
2256370,06 181 
2258265,99 256 
2412321,39 93 
2412338,62 103 
2412338,62 101 
2415877,11 100 
2415877,11 4
2415877,11 1890
2415877,11 10
2417856,93 25 
2418896,86 75 
2420105,64 72 
2420429,45 70 
2421043,21 80 
2421694,99 83 
2421712,25 64 18
2421892,78 74 159
2421892,78 61 159
2422702,15 151 
2422723,51 69 
2423235,99 93 
2423253,98 103 
2423253,98 101 
2426785,53 100 
2426785,53 4
2426785,53 1890
2426785,53 11
2428758,99 25 
2432517,75 75 
2433723,97 72 
2433797,38 70 
2434296,85 80 
2434773,71 250 
2434782,33 101 
2436795,56 100 
2436795,56 4
2436795,56 1890
2436795,56 11
2436795,56 25 
2441593,91 75 
2442805,38 72 
2442886,45 70 
2443379,07 80 
2443858,9 83 
2444063,09 64 205
2444466,23 74 381
2444466,23 62 381
2444845,41 256 
2445813,17 151 
2445832,55 69 
2446151,45 256 
2446156,08 249 
2447214,65 182 
2453046,63 93 
2453067,95 103 
2453067,95 101 
2456601,17 100 
2456601,17 4
2456601,17 1890
2456601,17 10
2458572,99 25 
2458893,21 75 
2458904,7 250 
2458918,36 101 
2460945,31 100 
2460945,31 4
2460945,31 1890
2460945,31 10
2460945,31 25 
2470944,95 254 
2470953,59 101 
2472966,1 100 
2472966,1 4
2472966,1 1890
2472966,1 10
2472966,1 25 
2473726,52 75 
2474936,24 72 
2475019,45 70 
2475514,13 80 
2475951,93 83 
2476131,64 64 180
2476307,52 74 156
2476307,52 61 156
2476718,7 153 
2476740,17 68 
2477552,33 92 
2477552,33 65 
2477577,54 103 
2477577,54 101 
2478124,71 100 
2478124,71 4
2478124,71 1890
2478124,71 11
2480097,17 25 
2481403,63 75 
2482612,26 72 
2482696,16 70 
2483196,24 80 
2483735,25 83 
2483840,55 64 105
2483996,85 74 142
2483996,85 62 142
2484806 151 
2484830,03 69 
2485342,75 249 
2485518,35 182 
2486548,28 256 
2493138,79 93 
2493157,58 103 
2493157,58 101 
2496690,26 100 
2496690,26 4
2496690,26 1890
2496690,26 10
2498662,67 25 
2500795,41 75 
2502004,52 72 
2502087,93 70 
2502586,06 80 
2503033,74 83 
2504036,15 64 1003
2504256,79 74 197
2504256,79 62 197
2504667,28 150 
2504688,23 68 
2505021,49 249
2505384,89 172 
2505901,49 92 
2505901,49 65 
2505925,47 103 
2505925,47 101 
2506458,36 100 
2506458,36 4
2506458,36 1890
2506458,36 10
2508431,82 25 
2513350,1 75 
2514558,95 72 
2514642,6 70 
2515136,91 80 
2515615,07 83 
2515856,14 64 242
2516031,06 74 163
2516031,06 61 163
2516438,15 151 
2516456,61 69 
2516965,55 93 
2516987,45 103 
2516987,45 101 
2520524,35 100 
2520524,35 4
2520524,35 1890
2520524,35 11
2522505,8 25 
2523439,15 75 
2524647,77 72 
2524904,88 70 
2525732,05 80 
2526477,17 83 
2526506,35 64 30
2526934,08 74 404
2526934,08 61 404
2531570,5 150 
2531596,04 68 
2532106,64 92 
2532106,64 65 
2532127,67 103 
2532127,67 101 
2532663,67 100 
2532663,67 4
2532663,67 1890
2532663,67 10
2534634,05 25 
2544635,9 254 
2544655,59 101 
2546669,01 100 
2546669,01 4
2546669,01 1890
2546669,01 10
2546669,01 25 
2546695,89 75 
2546868,43 250 
2546880,93 101 
2548894,57 100 
2548894,57 4
2548894,57 1890
2548894,57 10
2548894,57 25 
2554078,7 75 
2554135,9 250 
2554144,53 101 
2556145,11 100 
2556145,11 4
2556145,11 1890
2556145,11 10
2556145,11 25 
2562994,89 75 
2563104,25 250 
2563114,03 101 
2565127,67 100 
2565127,67 4
2565127,67 1890
2565127,67 10
2565127,67 25 
2567699,52 75 
2567794,18 250 
2567805,4 101 
2569819,14 100 
2569819,14 4
2569819,14 1890
2569819,14 10
2569819,14 25 
2570325,19 75 
2571446,91 250 
2571457,17 101 
2573470,79 100 
2573470,79 4
2573470,79 1890
2573470,79 10
2573470,79 25 
2573497,04 75 
2574704,1 72 
2574910,27 70 
2575411,73 80 
2575896,14 83 
2576047,81 64 153
2576236,84 74 168
2576236,84 61 168
2576649,58 151 
2576671,84 69 
2577181,43 93 
2577201,85 103 
2577201,85 101 
2580734,38 100 
2580734,38 4
2580734,38 1890
2580734,38 10
2582706,87 25 
2583560,31 75 
2583620,5 250 
2583638,66 101 
2585652,32 100 
2585652,32 4
2585652,32 1890
2585652,32 10
2585652,32 25 
2591476,06 75 
2592683,48 72 
2592769,34 70 
2593259,91 80 
2593795,17 83 
2593872,07 64 78
2594073,12 74 185
2594073,12 62 185
2594884,39 152 
2594903,31 69 
2595616,38 249 
2595703,36 182 
2596197,91 256 
2652340,33 93 
2652356,58 103 
2652356,58 101 
2655901,4 100 
2655901,4 4
2655901,4 1890
2655901,4 11
2657874,93 25 
2659647,83 75 
2660856,73 72 
2660940,36 70 
2661426,51 80 
2661966,18 83 
2661973,47 64 8
2662116,9 74 112
2662116,9 61 112
2662927,26 150 
2662954,44 68 
2663466,49 92 
2663466,49 65 
2663485,15 103 
2663485,15 101 
2664016,77 100 
2664016,77 4
2664016,77 1890
2664016,77 10
2665991,45 25 
2666404,96 75 
2667613,73 72 
2667697,53 70 
2668184,55 80 
2668616,69 83 
2668732,33 64 116
2668904,66 74 155
2668904,66 61 155
2669313,02 151 
2669338,24 69 
2670147,6 93 
2670162,34 103 
2670162,34 101 
2673697,42 100 
2673697,42 4
2673697,42 1890
2673697,42 11
2675667,33 25 
2678213,35 75 
2679422,75 72 
2679692,41 70 
2680496,78 80 
2681171,32 83 
2681264,53 64 93
2681471,47 74 194
2681471,47 63 194
2682280,71 151 
2682306,13 69 
2682707,91 249 
2682817,2 93 
2682836,91 103 
2682836,91 101 
2686376,01 100 
2686376,01 4
2686376,01 1890
2686376,01 11
2688355,28 25 
2689382,04 75 
2690590,64 72 
2690874,37 70 
2691389 80 
2691820,29 83 
2692015,7 64 196
2692181,03 74 148
2692181,03 61 148
2692593,37 150 
2692621,72 68 
2693131,87 92 
2693131,87 65 
2693152,55 103 
2693152,55 101 
2693685,92 100 
2693685,92 4
2693685,92 1890
2693685,92 10
2695658,83 25 
2696938,64 75 
2698147,79 72 
2698231,18 70 
2698739,46 80 
2699283,64 83 
2699588,99 64 306
2699761,38 74 158
2699761,38 62 158
2700571,61 152 
2700591,92 69 
2701226,04 256 
2701230,59 249 
2701577,07 182 
2722302,33 93 
2722313,52 103 
2722313,52 101 
2725845,32 100 
2725845,32 4
2725845,32 1890
2725845,32 10
2727818,52 25 
2737820,98 254 
2737840,11 101 
2739852,64 100 
2739852,64 4
2739852,64 1890
2739852,64 10
2739852,64 25 
2749854,92 254 
2749861,87 101 
2751874,17 100 
2751874,17 4
2751874,17 1890
2751874,17 10
2751874,17 25 
2761874,82 254 
2761896,58 101 
2763909,04 100 
2763909,04 4
2763909,04 1890
2763909,04 10
2763909,04 25 
2773912,21 254 
2773931,43 101 
2775943,95 100 
2775943,95 4
2775943,95 1890
2775943,95 10
2775943,95 25 
2776584,81 75 
2777792,33 72 
2777877,3 70 
2778379,06 80 
2778876,49 83 
2779077,36 64 201
2779244,81 74 143
2779244,81 61 143
2779651,98 151 
2779678,16 69 
2780186,74 93 
2780208,88 103 
2780208,88 101 
2783756,98 100 
2783756,98 4
2783756,98 1890
2783756,98 10
2785727,24 25 
2785754,62 75 
2786964,53 72 
2787046,76 70 
2787540,13 80 
2788019,22 83 
2788247,48 64 228
2788421,03 256 
2788434,8 74 176
2788434,8 63 176
2788846,11 151 
2788874,04 69 
2789379,83 249 
2789409,33 93 
2789418,27 103 
2789418,27 101 
2792950,01 100 
2792950,01 4
2792950,01 1890
2792950,01 11
2794923,29 25 
2800841,15 75 
2802049,88 72 
2802266,99 70 
2802925,42 80 
2803463,98 250 
2803478,87 101 
2805492,14 100 
2805492,14 4
2805492,14 1890
2805492,14 11
2805492,14 25 
2807851,54 75 
2809059,01 72 
2809264,05 70 
2809933,58 80 
2810582,97 83 
2810931,76 64 350
2811089,19 74 134
2811089,19 61 134
2811900,69 150 
2811930,91 68 
2813140,81 92 
2813140,81 65 
2813168,28 103 
2813168,28 101 
2813701,88 100 
2813701,88 4
2813701,88 1890
2813701,88 11
2815674,48 25 
2816394,65 75 
2817604,86 72 
2817807,25 70 
2818311,51 80 
2818794,48 83 
2818959,39 64 167
2819111,93 74 133
2819111,93 61 133
2819521,73 150 
2819540,99 68 
2820349,77 92 
2820349,77 65 
2820378,49 103 
2820378,49 101 
2820917,76 100 
2820917,76 4
2820917,76 1890
2820917,76 11
2822898,08 25 
2824004,65 75 
2824323,37 250 
2824336,31 101 
2826349,93 100 
2826349,93 4
2826349,93 1890
2826349,93 11
2826349,93 25 
2827828,9 75 
2829035,86 72 
2829108,87 70 
2829595,92 80 
2830081,4 83 
2830096,17 64 15
2830274,28 74 153
2830274,28 61 153
2831084,79 150 
2831109,47 68 
2832319,57 92 
2832319,57 65 
2832333,43 103 
2832333,43 101 
2832869,47 100 
2832869,47 4
2832869,47 1890
2832869,47 11
2834839,72 25 
2835453,26 75 
2836665,12 72 
2836745,6 70 
2837231,96 80 
2837664,77 83 
2837814,74 64 150
2837975,54 74 138
2837975,54 61 138
2838389,62 150 
2838413,05 68 
2838920,8 92 
2838920,8 65 
2838943,9 103 
2838943,9 101 
2839476,41 100 
2839476,41 4
2839476,41 1890
2839476,41 11
2841450,23 25 
2842716,68 75 
2843926,19 72 
2844009,26 70 
2844497,44 80 
2845021,66 83 
2845085,72 64 64
2845263,33 74 162
2845263,33 61 162
2846072,8 150 
2846103,13 68 
2846914,51 92 
2846914,51 65 
2846940,48 103 
2846940,48 101 
2847482,35 100 
2847482,35 4
2847482,35 1890
2847482,35 10
2849460,09 25 
2851099,81 75 
2852306,61 72 
2852379,14 70 
2852869,53 80 
2853351,43 83 
2854339,99 64 989
2854577,09 74 213
2854577,09 62 213
2854987,85 150 
2855006,25 68 
2855314,37 249
2855828,83 172 
2856214,1 92 
2856214,1 65 
2856229,89 103 
2856229,89 101 
2856761,45 100 
2856761,45 4
2856761,45 1890
2856761,45 10
2858736,2 25 
2859562,84 75 
2860771,58 72 
2860855,37 70 
2861340,3 80 
2861787,9 83 
2862064,26 64 277
2862232,6 74 152
2862232,6 62 152
2863042,96 150 
2863068,45 68 
2863346,26 249
2863470,6 172 
2863879,93 92 
2863879,93 65 
2863893,31 103 
2863893,31 101 
2864429,94 100 
2864429,94 4
2864429,94 1890
2864429,94 10
2866399,6 25 
2867985,99 75 
2869193,42 72 
2869278,46 70 
2869763,96 80 
2870304,24 83 
2870411,91 64 108
2870589,12 74 152
2870589,12 62 152
2870997,27 150 
2871025,03 68 
2871535,22 92 
2871535,22 65 
2871556,73 103 
2871556,73 101 
2872098,39 100 
2872098,39 4
2872098,39 1890
2872098,39 11
2874076,31 25 
2879581,07 75 
2880793,75 72 
2880873,51 70 
2881356,95 80 
2881899,32 83 
2881996,18 64 97
2882165,15 74 146
2882165,15 61 146
2882973,42 150 
2883006,74 68 
2883515,31 92 
2883515,31 65 
2883538,25 103 
2883538,25 101 
2884069,99 100 
2884069,99 4
2884069,99 1890
2884069,99 11
2886044,56 25 
2896046,77 254 
2896066,18 101 
2898078,69 100 
2898078,69 4
2898078,69 1890
2898078,69 11
2898078,69 25 
2908082,33 254 
2908101,15 101 
2910100,47 100 
2910100,47 4
2910100,47 1890
2910100,47 11
2910100,47 25 
2917231,67 75 
2917238,41 250 
2917256,81 101 
2919257,27 100 
2919257,27 4
2919257,27 1890
2919257,27 11
2919257,27 25 
2919283,83 75 
2919548,43 250 
2919562,48 101 
2921576,16 100 
2921576,16 4
2921576,16 1890
2921576,16 11
2921576,16 25 
2926600,25 75 
2927808,95 72 
2928066,79 70 
2928878,39 80 
2929465,76 83 
2929739,05 64 274
2929899,8 74 142
2929899,8 61 142
2930711,53 150 
2930733,78 68 
2931160,95 249
2931657,86 171
2931944,41 92 
2931944,41 65 
2931957,73 103 
2931957,73 101 
2932490,23 100 
2932490,23 4
2932490,23 1890
2932490,23 10
2934463,98 25 
2937783 75 
2937889,04 250 
2937901,41 101 
2939915,05 100 
2939915,05 4
2939915,05 1890
2939915,05 10
2939915,05 25 
2942726,8 75 
2943935,12 72 
2944020,08 70 
2944509,33 80 
2944939,23 83 
2945265,25 64 327
2945297,58 256 
2945648,21 74 363
2945648,21 62 363
2946201,44 150 
2946220,8 68 
2946675,48 249
2947029,59 92 
2947029,59 65 
2947044,6 103 
2947044,6 101 
2947591,41 100 
2947591,41 4
2947591,41 1890
2947591,41 10
2949564,23 25 
2952830,88 75 
2953152,93 250 
2953161,6 101 
2955175,21 100 
2955175,21 4
2955175,21 1890
2955175,21 10
2955175,21 25 
2955574,59 75 
2955716,03 250 
2955733,77 101 
2957734,35 100 
2957734,35 4
2957734,35 1890
2957734,35 10
2957734,35 25 
2958600,36 75 
2959081,27 250 
2959092,36 101 
2961105,97 100 
2961105,97 4
2961105,97 1890
2961105,97 10
2961105,97 25 
2964251,31 75 
2965385,09 250 
2965396,34 101 
2967409,97 100 
2967409,97 4
2967409,97 1890
2967409,97 10
2967409,97 25 
2971514,49 75 
2972266,43 250 
2972273,41 101 
2974287,02 100 
2974287,02 4
2974287,02 1890
2974287,02 10
2974287,02 25 
2982922,97 75 
2984130,28 72 
2984203,09 70 
2984689,81 80 
2985215,69 83 
2985347,6 64 132
2985590,78 74 230
2985590,78 62 230
2986403,17 152 
2986429,28 69 
2987240,07 93 
2987254,18 103 
2987254,18 101 
2990786,89 100 
2990786,89 4
2990786,89 1890
2990786,89 11
2992759,22 25 
2994798,72 75 
2996007,15 72 
2996091,23 70 
2996577,22 80 
2997010,35 83 
2997205,4 64 195
2997366,39 74 143
2997366,39 61 143
2997773,8 150 
2997797,82 68 
2999004,87 92 
2999004,87 65 
2999022,51 103 
2999022,51 101 
2999556,85 100 
2999556,85 4
2999556,85 1890
2999556,85 11
3001528,82 25 
3002555,4 75 
3003764,58 72 
3003847,89 70 
3004334,79 80 
3004820,4 83 
3004861,62 64 41
3005032,6 74 146
3005032,6 61 146
3005843,3 150 
3005862,04 68 
3006371,93 92 
3006371,93 65 
3006392,72 103 
3006392,72 101 
3006931,63 100 
3006931,63 4
3006931,63 1890
3006931,63 10
3008912,38 25 
3012764,45 75 
3013974,16 72 
3014056,92 70 
3014536,03 80 
3015016,07 83 
3015126,73 64 111
3015302,13 74 153
3015302,13 62 153
3015714,06 150 
3015737,65 68 
3016069,37 249
3016126,09 172 
3016545,2 92 
3016545,2 65 
3016561,85 103 
3016561,85 101 
3017097,93 100 
3017097,93 4
3017097,93 1890
3017097,93 10
3019068,04 25 
3020267,89 75 
3021477,89 72 
3021560,38 70 
3022048,3 80 
3022479,64 83 
3022641,18 64 162
3022811,77 74 147
3022811,77 62 147
3023220,57 150 
3023240,43 68 
3023500,8 249
3023632,38 172 
3023748,63 92 
3023748,63 65 
3023771,95 103 
3023771,95 101 
3024305,44 100 
3024305,44 4
3024305,44 1890
3024305,44 11
3026278,3 25 
3027078,3 75 
3028286,84 72 
3028544,07 70 
3029198,43 80 
3029836,41 83 
3029974,03 64 138
3030171,04 74 175
3030171,04 63 175
3030982,02 151 
3031011,09 69 
3031351,65 249 
3031522,66 93 
3031541,99 103 
3031541,99 101 
3035088,15 100 
3035088,15 4
3035088,15 1890
3035088,15 10
3037060,34 25 
3037088,06 75 
3038296,45 72 
3038379,94 70 
3038873,51 80 
3039312,43 83 
3039604,78 64 292
3039814,55 74 196
3039814,55 62 196
3040223,06 150 
3040246,4 68 
3040675,35 249
3040705,93 172 
3040753,84 92 
3040753,84 65 
3040778,06 103 
3040778,06 101 
3041309,72 100 
3041309,72 4
3041309,72 1890
3041309,72 11
3043284,35 25 
3043911,18 75 
3045118,5 72 
3045203,63 70 
3045690,78 80 
3046229,43 83 
3046267,66 64 38
3046444,45 74 162
3046444,45 61 162
3047255,34 150 
3047284,24 68 
3048494,85 92 
3048494,85 65 
3048508,12 103 
3048508,12 101 
3049046,2 100 
3049046,2 4
3049046,2 1890
3049046,2 11
3051027,81 25 
3052374,48 75 
3053583,29 72 
3053666,76 70 
3054162,83 80 
3054652,58 83 
3054832,77 64 181
3055010,52 74 158
3055010,52 61 158
3055821,54 150 
3055840,62 68 
3056652,48 92 
3056652,48 65 
3056678,02 103 
3056678,02 101 
3057216,44 100 
3057216,44 4
3057216,44 1890
3057216,44 10
3059197,6 25 
3060624,09 75 
3061831,11 72 
3061916,52 70 
3062400,52 80 
3062835,69 83 
3062882,8 64 48
3063089,05 74 187
3063089,05 61 187
3063501,5 151 
3063529,87 69 
3064086,86 249 
3064420,76 181 
3066349,83 256 
3159557,74 93 
3159567,85 103 
3159567,85 101 
3163101 100 
3163101 4
3163101 1890
3163101 11
3165072,66 25 
3165899,37 75 
3167106,21 72 
3167311,81 70 
3167818,93 80 
3168311,01 83 
3168622,37 64 312
3168834,68 74 191
3168834,68 63 191
3169243,88 151 
3169272,68 69 
3169698,38 249 
3169789,38 183 
3170084,59 93 
3170096,43 103 
3170096,43 101 
3173629,02 100 
3173629,02 4
3173629,02 1890
3173629,02 11
3175601,47 25 
3177041,2 75 
3178249,61 72 
3178333,73 70 
3178833,23 80 
3179372,85 83 
3179531,55 64 159
3179753,56 256 
3179816,66 74 271
3179816,66 62 271
3181365,26 153 
3181387,16 68 
3181787,45 249
3181838,35 172 
3182198,97 92 
3182198,97 65 
3182211,34 103 
3182211,34 101 
3182758,34 100 
3182758,34 4
3182758,34 1890
3182758,34 11
3184730,88 25 
3186037,37 75 
3187244,34 72 
3187316,6 70 
3187813,26 80 
3188302,37 83 
3188429,88 64 128
3188761,69 74 313
3188761,69 62 313
3189572,75 151 
3189597,02 69 
3190104,9 93 
3190114,68 103 
3190114,68 101 
3193647,5 100 
3193647,5 4
3193647,5 1890
3193647,5 10
3195619,64 25 
3198632,02 75 
3199839,48 72 
3199924,55 70 
3200417,68 80 
3200963,64 83 
3201288,08 64 325
3201539,87 74 231
3201539,87 62 231
3201948,26 150 
3201978,44 68 
3202374,51 249
3202415,68 172 
3203189,11 92 
3203189,11 65 
3203215,7 103 
3203215,7 101 
3203749,47 100 
3203749,47 4
3203749,47 1890
3203749,47 10
3205722,05 25 
3215723,71 254 
3215743,6 101 
3217756,09 100 
3217756,09 4
3217756,09 1890
3217756,09 10
3217756,09 25 
3220742,66 75 
3221950,34 72 
3222035,17 70 
3222526,92 80 
3222967,66 83 
3223188,08 64 221
3223431,59 74 224
3223431,59 62 224
3223831,78 256 
3224446,93 150 
3224474,81 68 
3224828,38 249
3224867,7 172 
3225282,51 92 
3225282,51 65 
3225299,62 103 
3225299,62 101 
3225839,52 100 
3225839,52 4
3225839,52 1890
3225839,52 10
3227819,22 25 
3229045,88 75 
3230253,05 72 
3230338,27 70 
3230827,97 80 
3231310,78 83 
3231387,28 64 77
3231558,56 74 155
3231558,56 61 155
3232366,61 151 
3232392,12 69 
3232902,02 93 
3232923,08 103 
3232923,08 101 
3236463,05 100 
3236463,05 4
3236463,05 1890
3236463,05 11
3238441,38 25 
3242146,96 75 
3242153,43 250 
3242172,09 101 
3244185,62 100 
3244185,62 4
3244185,62 1890
3244185,62 11
3244185,62 25 
3250382,58 75 
3250570,57 250 
3250581,75 101 
3252595,41 100 
3252595,41 4
3252595,41 1890
3252595,41 11
3252595,41 25 
3252621,98 75 
3252660,52 250 
3252674,18 101 
3254687,81 100 
3254687,81 4
3254687,81 1890
3254687,81 11
3254687,81 25 
3264688,95 254 
3264696,35 101 
3266708,64 100 
3266708,64 4
3266708,64 1890
3266708,64 11
3266708,64 25 
3270853,91 75 
3272062,86 72 
3272320,47 70 
3273130,85 80 
3273868,3 250 
3273878,89 101 
3275892,11 100 
3275892,11 4
3275892,11 1890
3275892,11 11
3275892,11 25 
3278558,31 75 
3279764,98 72 
3280023,81 70 
3280748,37 80 
3281489,42 83 
3281495,97 64 7
3281822,89 74 308
3281822,89 61 308
3282630,45 150 
3282650,06 68 
3283857,65 92 
3283857,65 65 
3283874,83 103 
3283874,83 101 
3284409,17 100 
3284409,17 4
3284409,17 1890
3284409,17 10
3286381,04 25 
3287034,45 75 
3288242,84 72 
3288500,43 70 
3289297,28 80 
3289832,63 83 
3290104,08 64 272
3290272,57 74 147
3290272,57 62 147
3290682,05 150 
3290700,71 68 
3291056,02 249
3291091,35 172 
3291512,32 92 
3291512,32 65 
3291538,13 103 
3291538,13 101 
3292083,59 100 
3292083,59 4
3292083,59 1890
3292083,59 10
3294057,74 25 
3297203,5 75 
3298412,71 72 
3298496,03 70 
3298984,13 80 
3299508,4 83 
3299636,29 64 128
3299853,91 74 200
3299853,91 62 200
3300664,15 150 
3300683,24 68 
3301006,22 249
3301492,05 92 
3301492,05 65 
3301507,22 103 
3301507,22 101 
3302040,33 100 
3302040,33 4
3302040,33 1890
3302040,33 11
3304013,5 25 
3305933,16 75 
3307142,72 72 
3307225,57 70 
3307709,62 80 
3308198,09 83 
3308911,53 64 714
3309082,89 74 153
3309082,89 61 153
3309494,64 150 
3309518,75 68 
3309889,07 249
3309967,88 171
3312545,08 92 
3312545,08 65 
3312569,19 103 
3312569,19 101 
3313104,03 100 
3313104,03 4
3313104,03 1890
3313104,03 10
3315075,52 25 
3316582,03 75 
3317790,55 72 
3317874,42 70 
3318356,65 80 
3318780,23 83 
3319161,22 64 381
3319433,57 74 254
3319433,57 61 254
3320245,07 151 
3320274,04 69 
3320785,15 93 
3320805,67 103 
3320805,67 101 
3324346,91 100 
3324346,91 5
3324346,91 1890
3324346,91 11
3324346,91 78 
3324346,91 198 
3326324,13 25 
3336323,39 254 
3336332,35 101 
3338344,83 100 
3338344,83 5
3338344,83 1890
3338344,83 11
3338344,83 25 
3348349,18 254 
3348367,23 101 
3350379,79 100 
3350379,79 5
3350379,79 1890
3350379,79 11
3350379,79 25 
3354352,48 75 
3355560,2 72 
3355645,06 70 
3356128,62 80 
3356564,25 83 
3356752,48 64 189
3356821,4 256 
3357372,14 74 595
3357372,14 62 595
3357779,92 150 
3357805,61 68 
3358616,76 92 
3358616,76 65 
3358643,93 103 
3358643,93 101 
3359176,23 100 
3359176,23 5
3359176,23 1890
3359176,23 10
3361149,21 25 
3363548,65 75 
3363554,89 250 
3363573,94 101 
3365574,04 100 
3365574,04 5
3365574,04 1890
3365574,04 10
3365574,04 25 
3368226,19 75 
3369433,02 72 
3369519,13 70 
3370006,55 80 
3370491,57 83 
3370659,3 64 168
3370685,19 256 
3370901,66 74 224
3370901,66 62 224
3371311,86 151 
3371333,1 69 
3371920,34 256 
3371931,26 249 
3372298,2 182 
3373577,43 93 
3373596,57 103 
3373596,57 101 
3377128,2 100 
3377128,2 5
3377128,2 1890
3377128,2 11
3379101,6 25 
3381087,8 75 
3382295,99 72 
3382380,27 70 
3382876,64 80 
3383419,42 83 
3383467,24 64 48
3383645,72 74 160
3383645,72 61 160
3384459,16 151 
3384486,78 69 
3384945,91 249 
3385049,18 181 
3385549,85 93 
3385591,47 103 
3385591,47 101 
3389140,13 100 
3389140,13 5
3389140,13 1890
3389140,13 11
3391111,49 25 
3392562,91 75 
3393772,39 72 
3393988,68 70 
3394493,86 80 
3394921,21 83 
3395108 64 187
3395270,11 74 136
3395270,11 61 136
3395681,7 153 
3395709,51 68 
3396921,53 92 
3396921,53 65 
3396946,63 103 
3396946,63 101 
3397479,4 100 
3397479,4 5
3397479,4 1890
3397479,4 10
3399452,91 25 
3400079,72 75 
3401287,68 72 
3401372,24 70 
3401872,8 80 
3402411,46 83 
3402544,66 64 133
3402740,91 74 184
3402740,91 62 184
3403551,35 151 
3403571,98 69 
3403915,79 249 
3404098,03 256 
3404734,99 93 
3404756,68 103 
3404756,68 101 
3408291,26 100 
3408291,26 5
3408291,26 1890
3408291,26 11
3410261,67 25 
3414287,08 75 
3415495,13 72 
3415579,54 70 
3416074,03 80 
3416565,32 83 
3416722,95 64 158
3416887,64 74 149
3416887,64 62 149
3417699,46 150 
3417726,76 68 
3418071,06 249
3418104,65 172 
3418535,08 92 
3418535,08 65 
3418550,79 103 
3418550,79 101 
3419089,81 100 
3419089,81 5
3419089,81 1890
3419089,81 11
3421070,43 25 
3421097,92 75 
3422307,65 72 
3422390 70 
3422881,46 80 
3423362,42 83 
3423489,67 64 127
3423644,88 74 137
3423644,88 61 137
3424056,8 151 
3424083,32 69 
3424592,88 93 
3424601,63 103 
3424601,63 101 
3428136,37 100 
3428136,37 5
3428136,37 1890
3428136,37 10
3430119,87 25 
3432305,98 75 
3433515,09 72 
3433600,29 70 
3434093,78 80 
3434577,47 250 
3434597,23 101 
3436597,31 100 
3436597,31 5
3436597,31 1890
3436597,31 10
3436597,31 25 
3439556,28 75 
3440763,6 72 
3440848,86 70 
3441350,91 80 
3441887,89 83 
3442435,03 64 548
3442591,73 74 131
3442591,73 61 131
3443403,88 151 
3443435,75 69 
3444444,13 93 
3444459,77 103 
3444459,77 101 
3447991,19 100 
3447991,19 5
3447991,19 1890
3447991,19 10
3449964,77 25 
3450391,7 75 
3451402,14 250 
3451416,37 101 
3453429,99 100 
3453429,99 5
3453429,99 1890
3453429,99 10
3453429,99 25 
3463432 254 
3463451,61 101 
3465450,8 100 
3465450,8 5
3465450,8 1890
3465450,8 10
3465450,8 25 
3466237,46 75 
3466318,9 250 
3466330,02 101 
3468343,65 100 
3468343,65 5
3468343,65 1890
3468343,65 10
3468343,65 25 
3469302,85 75 
3469984,77 250 
3469995,13 101 
3472008,8 100 
3472008,8 5
3472008,8 1890
3472008,8 10
3472008,8 25 
3475606,82 75 
3475614,42 250 
3475632,77 101 
3477646,36 100 
3477646,36 5
3477646,36 1890
3477646,36 10
3477646,36 25 
3481364,37 75 
3482571,84 72 
3482644,43 70 
3483038,31 250 
3483056,61 101 
3485069,85 100 
3485069,85 5
3485069,85 1890
3485069,85 10
3485069,85 25 
3489415,06 75 
3489422,49 250 
3489440,29 101 
3491440,52 100 
3491440,52 5
3491440,52 1890
3491440,52 10
3491440,52 25 
3493425,9 75 
3494634 72 
3494651,72 70 
3494759,28 80 
3495598,41 83 
3495763,59 64 165
3495955,71 74 171
3495955,71 61 171
3496368,3 151 
3496399,91 69 
3497210,26 93 
3497224,02 103 
3497224,02 101 
3500766,88 100 
3500766,88 5
3500766,88 1890
3500766,88 11
3502742,37 25 
3503342,51 75 
3503964,71 250 
3503980,67 101 
3505981,18 100 
3505981,18 5
3505981,18 1890
3505981,18 11
3505981,18 25 
3509752,31 75 
3510961,35 72 
3511045,64 70 
3511546,68 80 
3512031,43 83 
3512362,52 64 331
3512577,51 74 200
3512577,51 62 200
3513387,45 152 
3513406,31 69 
3513797,95 249 
3514802,16 182 
3515623,18 93 
3515642,82 103 
3515642,82 101 
3519174,21 100 
3519174,21 5
3519174,21 1890
3519174,21 10
3521147,86 25 
3522627,57 75 
3523835,67 72 
3523920,12 70 
3524413,83 80 
3524945,92 83 
3525030,34 64 85
3525274,11 256 
3525803,2 74 751
3525803,2 62 751
3526211,26 151 
3526239,83 69 
3526544,53 249 
3526751,76 93 
3526771,46 103 
3526771,46 101 
3530306,71 100 
3530306,71 5
3530306,71 1890
3530306,71 10
3532276,44 25 
3537821,14 75 
3539028,46 72 
3539100,41 70 
3539600,48 80 
3540032,8 83 
3540265,88 64 234
3540516,63 74 231
3540516,63 62 231
3540927,81 151 
3540953,55 69 
3541761,98 93 
3541778,47 103 
3541778,47 101 
3545318 100 
3545318 5
3545318 1890
3545318 10
3547296,79 25 
3549682,81 75 
3550889 72 
3550975,36 70 
3551480,26 80 
3551974,44 83 
3552175,36 64 201
3552446,81 256 
3552466,69 74 266
3552466,69 62 266
3553275,26 151 
3553295,77 69 
3554306,71 93 
3554319,72 103 
3554319,72 101 
3557855,22 100 
3557855,22 5
3557855,22 1890
3557855,22 11
3559824,79 25 
3568554,77 75 
3569763,18 72 
3569847,26 70 
3570349,52 80 
3570793,07 83 
3570967,64 64 175
3571108,79 74 117
3571108,79 61 117
3571918,05 151 
3571942,23 69 
3572452,53 93 
3572472,01 103 
3572472,01 101 
3576004,4 100 
3576004,4 5
3576004,4 1890
3576004,4 11
3577977,05 25 
3583188,51 75 
3584397,11 72 
3584481,03 70 
3584974,84 80 
3585491,87 250 
3585506,39 101 
3587519,74 100 
3587519,74 5
3587519,74 1890
3587519,74 11
3587519,74 25 
3587547,17 75 
3588756 72 
3588839,2 70 
3589338,67 80 
3589878,28 83 
3590207,18 64 329
3590371,68 74 147
3590371,68 61 147
3590782,49 151 
3590812,34 69 
3590891,09 249 
3591621,87 93 
3591637,19 103 
3591637,19 101 
3595184,99 100 
3595184,99 5
3595184,99 1890
3595184,99 11
3597155,58 25 
3597182,75 75 
3598388,09 72 
3598475,11 70 
3598968,99 80 
3599461,12 83 
3599739,88 64 280
3600011,74 74 258
3600011,74 62 258
3600821,45 150 
3600848,16 68 
3601245,15 249
3601657,47 92 
3601657,47 65 
3601672,96 103 
3601672,96 101 
3602204,76 100 
3602204,76 5
3602204,76 1890
3602204,76 10
3604179,22 25 
3605325,88 75 
3606532,26 72 
3606738,24 70 
3607238,53 80 
3607670,74 83 
3607801,59 64 131
3607999,1 74 182
3607999,1 61 182
3608408,03 153 
3608431,56 68 
3608938,78 92 
3608938,78 65 
3608963,17 103 
3608963,17 101 
3609494,62 100 
3609494,62 5
3609494,62 1890
3609494,62 10
3611469,46 25 
3612695,97 75 
3613905,36 72 
3613988,51 70 
3614476,6 80 
3615014,28 83 
3615083,18 64 69
3615114,36 256 
3615454,16 74 347
3615454,16 62 347
3615867,24 151 
3615895,04 69 
3616405,91 93 
3616426,65 103 
3616426,65 101 
3619964,53 100 
3619964,53 5
3619964,53 1890
3619964,53 11
3621945 25 
3621972,46 75 
3623180,26 72 
3623264,63 70 
3623750,7 80 
3624183,68 83 
3624383,2 64 200
3624640,75 74 245
3624640,75 62 245
3624976,31 256 
3625813,93 150 
3625838,23 68 
3626095,02 249
3626281,68 172 
3627440,38 92 
3627440,38 65 
3627461,98 103 
3627461,98 101 
3628000,22 100 
3628000,22 5
3628000,22 1890
3628000,22 11
3629968,27 25 
3631501,36 75 
3632708,51 72 
3632793,82 70 
3633285,99 80 
3633806,28 83 
3633817,25 64 11
3634122,98 74 291
3634122,98 62 291
3640293,01 256 
3641470,45 251 
3641470,45 241 
3641482,6 101 
3643495,83 100 
3643495,83 5
3643495,83 1890
3643495,83 11
3643495,83 25 
3648107,62 75 
3649315,32 72 
3649400,06 70 
3649894,28 80 
3650439,23 83 
3650581,6 64 142
3650904,02 74 306
3650904,02 62 306
3651031,57 256 
3651153,94 251 
3651153,94 241 
3651171,94 101 
3653185,03 100 
3653185,03 5
3653185,03 1890
3653185,03 11
3653185,03 25 
3656783,95 75 
3657993,09 72 
3658076,38 70 
3658563,79 80 
3659102,18 83 
3659369,31 64 267
3659530,61 74 149
3659530,61 61 149
3659937,86 151 
3659957,51 69 
3660466,85 93 
3660487,9 103 
3660487,9 101 
3664019,78 100 
3664019,78 5
3664019,78 1890
3664019,78 10
3665992,98 25 
3671977,41 75 
3672155,04 250 
3672162,51 101 
3674176,11 100 
3674176,11 5
3674176,11 1890
3674176,11 10
3674176,11 25 
3675641,77 75 
3675786,13 250 
3675800,94 101 
3677814,58 100 
3677814,58 5
3677814,58 1890
3677814,58 10
3677814,58 25 
3678000,81 75 
3679209,41 72 
3679294,03 70 
3679786,04 80 
3680236,87 250 
3680252,78 101 
3682253,04 100 
3682253,04 5
3682253,04 1890
3682253,04 10
3682253,04 25 
3682280,97 75 
3683490,36 72 
3683572,27 70 
3684076,42 80 
3684571,37 83 
3684740,78 64 169
3684920,55 74 163
3684920,55 61 163
3685732,17 151 
3685759,44 69 
3686288,44 249 
3686569,61 93 
3686583,49 103 
3686583,49 101 
3690135,81 100 
3690135,81 5
3690135,81 1890
3690135,81 11
3692115,18 25 
3693115,15 75 
3694325,18 72 
3694407,62 70 
3694889,07 80 
3695433,45 83 
3695548,35 64 115
3695723,57 74 157
3695723,57 61 157
3696536,19 151 
3696554,15 69 
3696595,15 249 
3696855,26 181 
3697564,03 93 
3697578,82 103 
3697578,82 101 
3701110,32 100 
3701110,32 5
3701110,32 1890
3701110,32 11
3703083,87 25 
3705163,39 75 
3706372,24 72 
3706455,85 70 
3707154,16 80 
3707948,13 83 
3708225,69 64 278
3708449,78 74 209
3708449,78 62 209
3708858,28 150 
3708882,98 68 
3709197,05 249
3710476,2 92 
3710476,2 65 
3710493,32 103 
3710493,32 101 
3711029,31 100 
3711029,31 5
3711029,31 1890
3711029,31 10
3712999,62 25 
3713719,66 75 
3714928,19 72 
3715185,45 70 
3715979,96 80 
3716504,44 83 
3716818,49 64 314
3716999,08 74 162
3716999,08 61 162
3717407,83 151 
3717439,25 69 
3717948,32 93 
3717970,17 103 
3717970,17 101 
3721509,76 100 
3721509,76 5
3721509,76 1890
3721509,76 10
3723488,48 25 
3723941,99 75 
3725148,95 72 
3725234,57 70 
3725728,05 80 
3726273,63 83 
3726423,65 64 150
3726607,59 74 161
3726607,59 62 161
3727417,07 151 
3727435,07 69 
3727945,73 93 
3727965,92 103 
3727965,92 101 
3731500,38 100 
3731500,38 5
3731500,38 1890
3731500,38 10
3733470,95 25 
3734884,05 75 
3736092,39 72 
3736176,51 70 
3736661,45 80 
3737095,67 83 
3737437,29 64 342
3737619,26 74 164
3737619,26 61 164
3738031,2 151 
3738057,16 69 
3738867,43 93 
3738881,26 103 
3738881,26 101 
3742412,65 100 
3742412,65 5
3742412,65 1890
3742412,65 10
3744386,33 25 
3744413,5 75 
3745621,55 72 
3745705,79 70 
3746193,85 80 
3746678,3 83 
3747310,8 64 633
3747494,92 74 164
3747494,92 62 164
3748303,64 151 
3748332,77 69 
3748975,11 249 
3749087,86 182 
3749295,15 256 
3751219,26 93 
3751236,03 103 
3751236,03 101 
3754780,18 100 
3754780,18 5
3754780,18 1890
3754780,18 10
3756754,4 25 
3756981,5 75 
3758187,87 72 
3758273,81 70 
3758759,97 80 
3759286,24 83 
3759365,54 64 79
3759625,33 74 246
3759625,33 62 246
3760434,42 151 
3760460,93 69 
3760968,9 93 
3760978,74 103 
3760978,74 101 
3764510,9 100 
3764510,9 5
3764510,9 1890
3764510,9 11
3766483,57 25 
3773001,18 75 
3773047,22 250 
3773066,26 101 
3775079,9 100 
3775079,9 5
3775079,9 1890
3775079,9 11
3775079,9 25 
3775106,37 75 
3776313,9 72 
3776386,1 70 
3776869,23 80 
3777371,96 83 
3777386,41 64 15
3777536,55 74 125
3777536,55 61 125
3777943,86 151 
3777973,68 69 
3778782,99 93 
3778797,61 103 
3778797,61 101 
3782333,43 100 
3782333,43 5
3782333,43 1890
3782333,43 11
3784302,66 25 
3784329,95 75 
3785536,2 72 
3785622,16 70 
3786119,03 80 
3786554,66 83 
3786718,01 64 164
3786882,7 74 141
3786882,7 61 141
3787692,85 151 
3787715,31 69 
3788331,22 249 
3788552,77 256 
3788584,68 182 
3873728,61 93 
3873743,92 103 
3873743,92 101 
3877284,07 100 
3877284,07 5
3877284,07 1890
3877284,07 10
3879262,27 25 
3882181,4 75 
3883388,95 72 
3883593,82 70 
3884252,59 80 
3884825,91 250 
3884845,78 101 
3886859,01 100 
3886859,01 5
3886859,01 1890
3886859,01 10
3886859,01 25 
3889804,85 75 
3891012,34 72 
3891217,26 70 
3891881,79 80 
3892522,94 83 
3892625,6 64 103
3892836,36 74 194
3892836,36 61 194
3893248,29 151 
3893272,1 69 
3893425,38 249 
3893574,63 181 
3893781,49 93 
3893802,06 103 
3893802,06 101 
3897338,4 100 
3897338,4 5
3897338,4 1890
3897338,4 10
3899320,42 25 
3903918,83 75 
3905126,6 72 
3905211,32 70 
3905711,22 80 
3906197,19 83 
3906409,72 64 213
3906583,29 74 160
3906583,29 61 160
3906993,83 151 
3907025,37 69 
3907097,37 249 
3907338,79 181 
3908036,54 93 
3908049,32 103 
3908049,32 101 
3911583,71 100 
3911583,71 5
3911583,71 1890
3911583,71 11
3913554,35 25 
3913581,89 75 
3914790,26 72 
3914873,89 70 
3915370,79 80 
3915819,7 83 
3916046,14 64 227
3916216,37 74 157
3916216,37 61 157
3917029,12 151 
3917047,98 69 
3917858,3 93 
3917871,84 103 
3917871,84 101 
3921413,7 100 
3921413,7 5
3921413,7 1890
3921413,7 11
3923390,18 25 
3923417,56 75 
3924625,15 72 
3924709,74 70 
3925205,49 80 
3925748,87 83 
3925891,75 64 143
3926084,34 74 176
3926084,34 63 176
3926897,57 153 
3926922,78 68 
3927733,61 92 
3927733,61 65 
3927747,64 103 
3927747,64 101 
3928279,23 100 
3928279,23 5
3928279,23 1890
3928279,23 11
3930253,94 25 
3930281,3 75 
3931491,47 72 
3931573,46 70 
3932067,08 80 
3932559,27 83 
3932688,67 64 129
3932849,56 74 144
3932849,56 61 144
3933261,56 151 
3933294,21 69 
3934303,87 93 
3934318,15 103 
3934318,15 101 
3937855,74 100 
3937855,74 5
3937855,74 1890
3937855,74 11
3939823,21 25 
3940609,88 75 
3941817,52 72 
3941902,42 70 
3942393,88 80 
3942834,88 83 
3943078,83 64 245
3943293,91 74 193
3943293,91 62 193
3943703,04 150 
3943729,74 68 
3944027,8 249
3944942,11 92 
3944942,11 65 
3944966,97 103 
3944966,97 101 
3947699,33 102 
