95,27 100 
95,27 4
95,27 1891
95,27 10
2032,81 25 
2057,74 75 
3266,97 72 
3616,81 70 
4358,77 80 
5096,51 83 
5567,6 64 471
5802,92 74 213
5802,92 62 213
6215,54 150 
6243,13 68 
6755,07 92 
6755,07 65 
6777,37 103 
6777,37 101 
7307,53 100 
7307,53 4
7307,53 1891
7307,53 11
9281,84 25 
9908,66 75 
11116,6 72 
11201,13 70 
11693,26 80 
12226,87 83 
12495,57 64 270
12676,62 74 155
12676,62 61 155
13489,11 150 
13507,98 68 
14321,01 92 
14321,01 65 
14345,65 103 
14345,65 101 
14877,47 100 
14877,47 4
14877,47 1891
14877,47 10
16851,91 25 
16879,44 75 
18086,79 72 
18171,44 70 
18663,87 80 
19143,94 83 
19285,11 64 142
19445,36 74 142
19445,36 62 142
19856,94 150 
19879,13 68 
20142,78 249
20255,88 172 
21087,41 92 
21087,41 65 
21102,72 103 
21102,72 101 
21641,76 100 
21641,76 4
21641,76 1891
21641,76 11
23622,35 25 
23649,83 75 
24858,94 72 
24941,88 70 
25436,92 80 
25980,97 83 
26116,27 64 135
26300,7 74 161
26300,7 61 161
27113,67 152 
27140,87 69 
27652,7 93 
27673,24 103 
27673,24 101 
31212,99 100 
31212,99 4
31212,99 1891
31212,99 10
33191,54 25 
33218,88 75 
34426,88 72 
34511,1 70 
35003,81 80 
35483,66 83 
35694,9 64 212
35853,84 74 144
35853,84 62 144
36664,73 150 
36685,03 68 
36942,16 249
37030,64 172 
37194,21 92 
37194,21 65 
37215,81 103 
37215,81 101 
37747,52 100 
37747,52 4
37747,52 1891
37747,52 11
39722,15 25 
39762,96 75 
40971,6 72 
41054,96 70 
41548,08 80 
41974,1 83 
42586,3 64 612
42800,86 74 199
42800,86 63 199
43212,31 151 
43241,39 69 
44049,28 93 
44066,16 103 
44066,16 101 
47624,96 100 
47624,96 4
47624,96 1891
47624,96 11
49584,52 25 
49611,9 75 
50822,4 72 
50904,1 70 
51394,36 80 
51823,27 83 
52098,43 64 275
52347,93 74 232
52347,93 61 232
53160,23 150 
53184,53 68 
53693,23 92 
53693,23 65 
53715,4 103 
53715,4 101 
54247,04 100 
54247,04 4
54247,04 1891
54247,04 10
56221,7 25 
56249,03 75 
57458,3 72 
57541,23 70 
58031,72 80 
58567,02 83 
58788,48 64 221
58961,82 74 156
58961,82 62 156
59373,08 150 
59395,31 68 
59663,52 249
59736,39 172 
60208,29 92 
60208,29 65 
60232,64 103 
60232,64 101 
60771,35 100 
60771,35 4
60771,35 1891
60771,35 11
62752,21 25 
62779,65 75 
63987,24 72 
64071,95 70 
64560,91 80 
65044,25 83 
65174,54 64 131
65331,61 74 142
65331,61 61 142
65741,18 150 
65766,34 68 
66977,67 92 
66977,67 65 
67003 103 
67003 101 
67541,98 100 
67541,98 4
67541,98 1891
67541,98 10
69522,68 25 
70096,09 75 
71304,24 72 
71388,6 70 
71879,13 80 
72307,77 83 
72586,17 64 279
72753,91 74 153
72753,91 62 153
73563,9 150 
73589,12 68 
73840,84 249
74171,8 172 
74401,2 92 
74401,2 65 
74426,5 103 
74426,5 101 
74960,74 100 
74960,74 4
74960,74 1891
74960,74 11
76932,8 25 
76960,06 75 
78168,38 72 
78252,3 70 
78744,31 80 
79304,78 83 
79392,06 64 88
79556,11 74 145
79556,11 61 145
80365,77 150 
80386,18 68 
80899,38 92 
80899,38 65 
80917,05 103 
80917,05 101 
81449,08 100 
81449,08 4
81449,08 1891
81449,08 11
83423,41 25 
83450,85 75 
84659,24 72 
84742,88 70 
85235,72 80 
85715,37 83 
85893,95 64 179
86067,96 74 153
86067,96 61 153
86476,65 152 
86503,76 69 
87014,64 93 
87034,56 103 
87034,56 101 
90581,58 100 
90581,58 4
90581,58 1891
90581,58 10
92552,74 25 
92580,25 75 
93787,74 72 
93872,34 70 
94370,33 80 
94911,41 83 
95047,59 64 136
95264,96 74 194
95264,96 62 194
96074,2 150 
96099,49 68 
96382,49 249
96479,63 172 
97310,05 92 
97310,05 65 
97323,35 103 
97323,35 101 
97856,39 100 
97856,39 4
97856,39 1891
97856,39 10
99829,73 25 
99857,03 75 
101065,6 72 
101149,16 70 
101642,93 80 
102068,33 83 
102266 64 198
102445,35 74 164
102445,35 62 164
102854,19 150 
102883,37 68 
103695,09 92 
103695,09 65 
103720,63 103 
103720,63 101 
104252,45 100 
104252,45 4
104252,45 1891
104252,45 11
106226,92 25 
106268,12 75 
107478,91 72 
107746,38 70 
108445,11 80 
109131,97 83 
109176,67 64 45
109336,07 74 138
109336,07 61 138
109744,86 150 
109773,83 68 
110282,96 92 
110282,96 65 
110304,41 103 
110304,41 101 
110845,09 100 
110845,09 4
110845,09 1891
110845,09 10
112824,05 25 
112851,42 75 
114059,65 72 
114276,88 70 
114766,7 80 
115249,33 83 
115565 64 316
115751,74 74 170
115751,74 62 170
116564,98 150 
116584,19 68 
116850,13 249
116929,84 172 
117795,96 92 
117795,96 65 
117821,22 103 
117821,22 101 
118358,83 100 
118358,83 4
118358,83 1891
118358,83 10
120327,55 25 
120354,88 75 
121563,3 72 
121647,04 70 
122127,33 80 
122659,5 83 
122914,38 64 255
123088,99 74 150
123088,99 62 150
123898,2 150 
123927,5 68 
124150,46 249
124739,31 92 
124739,31 65 
124751,59 103 
124751,59 101 
125283,32 100 
125283,32 4
125283,32 1891
125283,32 10
127257,87 25 
127311,63 75 
128519,53 72 
128604,09 70 
129096,22 80 
129536,53 83 
129790,97 64 255
129995,01 74 179
129995,01 62 179
130403,54 150 
130430,66 68 
130942,7 92 
130942,7 65 
130962,29 103 
130962,29 101 
131506,12 100 
131506,12 4
131506,12 1891
131506,12 11
133481,88 25 
133509,11 75 
134718,24 72 
134801,38 70 
135289,78 80 
135773,95 83 
135896,39 64 123
136060,13 74 140
136060,13 61 140
136467,59 150 
136495,47 68 
137002,58 92 
137002,58 65 
137026,31 103 
137026,31 101 
137560,06 100 
137560,06 4
137560,06 1891
137560,06 11
139532,58 25 
139559,96 75 
140767,93 72 
140852,12 70 
141343,49 80 
141864,63 83 
141964,62 64 101
142131,2 74 147
142131,2 61 147
142942,03 150 
142972,72 68 
143785,67 92 
143785,67 65 
143810,06 103 
143810,06 101 
144347,57 100 
144347,57 4
144347,57 1891
144347,57 10
146316,32 25 
146344,21 75 
147553,4 72 
147635,89 70 
148123,22 80 
148555,09 83 
148855,9 64 301
149024,75 74 151
149024,75 62 151
149433,2 150 
149463,22 68 
149961,9 249
150289,89 172 
150672,56 92 
150672,56 65 
150687,19 103 
150687,19 101 
151226,8 100 
151226,8 4
151226,8 1891
151226,8 11
153206,7 25 
153234,23 75 
154443,46 72 
154526,35 70 
155011,76 80 
155445,43 83 
155740,1 64 295
155923,74 74 159
155923,74 61 159
156734,41 150 
156753,42 68 
157561,35 92 
157561,35 65 
157577,54 103 
157577,54 101 
158111,65 100 
158111,65 4
158111,65 1891
158111,65 10
160083,8 25 
160177,43 75 
161383,97 72 
161469,97 70 
161954,5 80 
162429,18 83 
162693,29 64 264
162879,79 74 171
162879,79 62 171
163290,24 150 
163310,64 68 
164519,58 92 
164519,58 65 
164534,51 103 
164534,51 101 
165066,19 100 
165066,19 4
165066,19 1891
165066,19 10
167040,83 25 
167068,56 75 
168277,85 72 
168360,41 70 
168847,85 80 
169386,13 83 
169515,05 64 129
169698,2 74 166
169698,2 62 166
170506,22 150 
170534,34 68 
170817,53 249
170874,62 172 
171044,43 92 
171044,43 65 
171065,05 103 
171065,05 101 
171615,29 100 
171615,29 4
171615,29 1891
171615,29 11
173584,67 25 
173625,87 75 
174833,6 72 
174917,48 70 
175402,49 80 
175943,43 83 
176040,57 64 98
176215,84 74 153
176215,84 61 153
177023,06 152 
177051,39 69 
178060,53 93 
178075,38 103 
178075,38 101 
181608,05 100 
181608,05 4
181608,05 1891
181608,05 10
183580,38 25 
183607,63 75 
184816,5 72 
184899,86 70 
185382,15 80 
185819,09 83 
186094,04 64 275
186276,11 74 164
186276,11 62 164
186686,8 150 
186714,12 68 
187155,27 249
187540,18 172 
187924,68 92 
187924,68 65 
187938,86 103 
187938,86 101 
188472,65 100 
188472,65 4
188472,65 1891
188472,65 11
190444,1 25 
190471,98 75 
191681,36 72 
191763,71 70 
192247,24 80 
192736,11 83 
192923,57 64 188
193101 74 165
193101 61 165
193510,49 150 
193537,64 68 
194047,07 92 
194047,07 65 
194068,47 103 
194068,47 101 
194607,26 100 
194607,26 4
194607,26 1891
194607,26 10
196588,16 25 
196615,63 75 
197822,9 72 
197907,68 70 
198388,14 80 
198906,74 83 
199304,31 64 398
199500,6 74 182
199500,6 62 182
200309,1 150 
200334,83 68 
200631,78 249
200740,61 172 
201544,77 92 
201544,77 65 
201558,63 103 
201558,63 101 
202093,4 100 
202093,4 4
202093,4 1891
202093,4 11
204064,89 25 
204092,35 75 
205300,58 72 
205384,46 70 
205872,9 80 
206303,58 83 
206561,11 64 258
206746,06 74 163
206746,06 61 163
207556,38 150 
207584,94 68 
208395,7 92 
208395,7 65 
208422,37 103 
208422,37 101 
208954,35 100 
208954,35 4
208954,35 1891
208954,35 11
210928,66 25 
210955,99 75 
212162,49 72 
212248,16 70 
212731,7 80 
213220,64 83 
213309,4 64 89
213482,74 74 156
213482,74 61 156
213895,25 150 
213915,63 68 
214424,53 92 
214424,53 65 
214446,43 103 
214446,43 101 
214991,43 100 
214991,43 4
214991,43 1891
214991,43 11
216966,01 25 
217006,84 75 
218215,99 72 
218552,1 70 
219156,39 80 
219751,16 83 
219757,96 64 7
219914,51 74 138
219914,51 61 138
220724,8 150 
220752,61 68 
221262,35 92 
221262,35 65 
221283,46 103 
221283,46 101 
221815,32 100 
221815,32 4
221815,32 1891
221815,32 10
223789,87 25 
223830,15 75 
225039,89 72 
225256 70 
225922,01 80 
226601,59 83 
226792,43 64 191
227012,23 74 198
227012,23 62 198
227420,1 150 
227443,14 68 
227715,87 249
227784,57 172 
228254,54 92 
228254,54 65 
228267,16 103 
228267,16 101 
228802,8 100 
228802,8 4
228802,8 1891
228802,8 10
230773,44 25 
230800,78 75 
232008,14 72 
232092,99 70 
232578,42 80 
233012,14 83 
233278,29 64 266
233468,82 74 177
233468,82 62 177
234276,57 150 
234306,83 68 
235514,61 92 
235514,61 65 
235530,71 103 
235530,71 101 
236071,94 100 
236071,94 4
236071,94 1891
236071,94 10
238050,36 25 
238090,91 75 
239299,89 72 
239383,22 70 
239867,01 80 
240395,73 83 
240455,11 64 60
240673,2 74 198
240673,2 62 198
241081,8 150 
241104,04 68 
241336,41 249
241455,05 172 
241618,81 92 
241618,81 65 
241634,74 103 
241634,74 101 
242168,05 100 
242168,05 4
242168,05 1891
242168,05 11
244141,09 25 
244514,57 75 
245721,05 72 
245807,07 70 
246290,77 80 
246779,64 83 
246955,17 64 176
247143,39 74 164
247143,39 61 164
247553,88 150 
247581,16 68 
248790,25 92 
248790,25 65 
248805 103 
248805 101 
249337,67 100 
249337,67 4
249337,67 1891
249337,67 11
251311,35 25 
251339,41 75 
252546,57 72 
252630,83 70 
253111,88 80 
253536,61 83 
253836 64 300
254002,02 74 146
254002,02 61 146
254810,74 152 
254831,4 69 
255640,63 93 
255655,4 103 
255655,4 101 
259203,06 100 
259203,06 4
259203,06 1891
259203,06 11
261173,73 25 
261201,14 75 
262408,41 72 
262493,33 70 
262973,83 80 
263452,41 83 
263609,77 64 158
263792,27 74 167
263792,27 61 167
264601,26 150 
264627,17 68 
265138 92 
265138 65 
265157,98 103 
265157,98 101 
265691,08 100 
265691,08 4
265691,08 1891
265691,08 11
267664,28 25 
267692,12 75 
268901,08 72 
268983,86 70 
269466,05 80 
269903 83 
270119,48 64 216
270272,8 74 131
270272,8 61 131
270680,82 150 
270704,5 68 
271513,04 92 
271513,04 65 
271528,6 103 
271528,6 101 
272062,5 100 
272062,5 4
272062,5 1891
272062,5 10
274034,86 25 
274115,21 75 
275322,19 72 
275407,81 70 
275897,17 80 
276446,82 83 
276582,07 64 136
276770,24 74 164
276770,24 62 164
277179,07 150 
277208,42 68 
277441,78 249
277528,73 172 
278418,89 92 
278418,89 65 
278432,32 103 
278432,32 101 
278970,34 100 
278970,34 4
278970,34 1891
278970,34 10
280951,89 25 
280979,7 75 
282190,28 72 
282271,48 70 
282758,78 80 
283177,53 83 
283419,46 64 242
283582,77 74 140
283582,77 62 140
284394,08 150 
284418,7 68 
285626,91 92 
285626,91 65 
285643,37 103 
285643,37 101 
286179,33 100 
286179,33 4
286179,33 1891
286179,33 11
288149,07 25 
288176,23 75 
289385,01 72 
289468,37 70 
289947,85 80 
290427,61 83 
290544,49 64 117
290721,26 74 161
290721,26 61 161
291531,17 152 
291561,86 69 
292071,45 93 
292093,1 103 
292093,1 101 
295627,38 100 
295627,38 4
295627,38 1891
295627,38 10
297598,21 25 
297626,25 75 
298834,23 72 
298917,68 70 
299408,97 80 
299943,45 83 
300018,61 64 76
300232,23 74 196
300232,23 62 196
300642,22 150 
300665,05 68 
300927,17 249
301000,1 172 
301174,05 92 
301174,05 65 
301195,82 103 
301195,82 101 
301741,92 100 
301741,92 4
301741,92 1891
301741,92 10
303715,47 25 
303742,68 75 
304951,47 72 
305034,99 70 
305526,36 80 
306007,46 83 
306124,82 64 118
306282,77 74 143
306282,77 62 143
306692,35 150 
306715,75 68 
307925,38 92 
307925,38 65 
307939,61 103 
307939,61 101 
308471,59 100 
308471,59 4
308471,59 1891
308471,59 11
310445,93 25 
310473,17 75 
311679,99 72 
311765,49 70 
312248,91 80 
312684,66 83 
312866,86 64 183
312892,56 256 
313083,38 74 199
313083,38 61 199
313892,47 150 
313912,68 68 
314724,28 92 
314724,28 65 
314750,11 103 
314750,11 101 
315287,86 100 
315287,86 4
315287,86 1891
315287,86 11
317256,31 25 
317283,69 75 
318492,28 72 
318575,92 70 
319057,08 80 
319588,36 83 
319623,43 64 35
319779,31 74 138
319779,31 61 138
320589,49 150 
320616,5 68 
321126,3 92 
321126,3 65 
321147,27 103 
321147,27 101 
321686,33 100 
321686,33 4
321686,33 1891
321686,33 11
323666,91 25 
323694,95 75 
324902,11 72 
324986,46 70 
325476 80 
325958,92 83 
326158,07 64 200
326334,58 74 163
326334,58 61 163
326743,62 150 
326773,8 68 
327982,8 92 
327982,8 65 
327997,65 103 
327997,65 101 
328533,97 100 
328533,97 4
328533,97 1891
328533,97 11
330503,96 25 
330784,31 75 
331992,77 72 
332250,04 70 
333042,36 80 
333782,25 83 
333948,61 64 166
334131,59 74 164
334131,59 61 164
334942,62 150 
334970,25 68 
335783,21 92 
335783,21 65 
335807,68 103 
335807,68 101 
336339,89 100 
336339,89 4
336339,89 1891
336339,89 10
338313,95 25 
338341,5 75 
339549,84 72 
339820,06 70 
340633,38 80 
341272,37 83 
341361,96 64 90
341541,84 74 163
341541,84 62 163
341952,74 150 
341980,79 68 
342489,94 92 
342489,94 65 
342511,44 103 
342511,44 101 
343058,16 100 
343058,16 4
343058,16 1891
343058,16 10
345031,1 25 
345058,42 75 
346266,28 72 
346350,68 70 
346835,6 80 
347269,75 83 
347480,56 64 212
347673,04 74 177
347673,04 62 177
348480,94 150 
348511,23 68 
349718,82 92 
349718,82 65 
349735,02 103 
349735,02 101 
350267,77 100 
350267,77 4
350267,77 1891
350267,77 10
352241,3 25 
352268,71 75 
353478,41 72 
353560,83 70 
354041,74 80 
354520,06 83 
354750,22 64 230
354931,67 74 159
354931,67 62 159
355340,09 150 
355361,58 68 
355644,94 249
355755,97 172 
356172,55 92 
356172,55 65 
356185,86 103 
356185,86 101 
356738,78 100 
356738,78 4
356738,78 1891
356738,78 10
358718,51 25 
358745,77 75 
359952,92 72 
360038,27 70 
360524,16 80 
361063,88 83 
361130,14 64 67
361326,74 74 183
361326,74 62 183
361736,1 150 
361758,87 68 
362269,67 92 
362269,67 65 
362289,65 103 
362289,65 101 
362830,12 100 
362830,12 4
362830,12 1891
362830,12 11
364809,24 25 
364836,59 75 
366045,6 72 
366128,86 70 
366614,97 80 
367154,58 83 
367315,58 64 161
367504,7 74 177
367504,7 61 177
368315,58 150 
368342,68 68 
368851,31 92 
368851,31 65 
368873,47 103 
368873,47 101 
369408,65 100 
369408,65 4
369408,65 1891
369408,65 11
371380,8 25 
371407,31 75 
372614,81 72 
372699,32 70 
373180,04 80 
373605,16 83 
373930,96 64 326
374094,66 74 144
374094,66 61 144
374504,46 150 
374526,61 68 
375735,74 92 
375735,74 65 
375750,52 103 
375750,52 101 
376282,08 100 
376282,08 4
376282,08 1891
376282,08 11
378256,82 25 
378284,43 75 
379492,38 72 
379576,33 70 
380061,55 80 
380548,81 83 
380701,89 64 154
380865,71 74 144
380865,71 61 144
381677 150 
381697 68 
382506,29 92 
382506,29 65 
382520,96 103 
382520,96 101 
383063,35 100 
383063,35 4
383063,35 1891
383063,35 11
385040,69 25 
385174,2 75 
386381,76 72 
386466,73 70 
386948,18 80 
387412,71 83 
387568,85 64 157
387726,37 74 141
387726,37 61 141
388137,65 152 
388160,81 69 
388670,35 93 
388691,66 103 
388691,66 101 
392225,18 100 
392225,18 4
392225,18 1891
392225,18 11
394196,69 25 
394223,93 75 
395432,97 72 
395516,2 70 
396000,03 80 
396528,65 83 
396702,23 64 174
396888,87 74 174
396888,87 61 174
397699,5 150 
397730,02 68 
398539,54 92 
398539,54 65 
398554,03 103 
398554,03 101 
399089,86 100 
399089,86 4
399089,86 1891
399089,86 10
401060,56 25 
401087,65 75 
402294,45 72 
402379,88 70 
402858,86 80 
403285,76 83 
403524,64 64 240
403696,78 74 158
403696,78 62 158
404508,47 150 
404527,25 68 
405037,25 92 
405037,25 65 
405057,95 103 
405057,95 101 
405596,57 100 
405596,57 4
405596,57 1891
405596,57 10
407577,65 25 
407605,57 75 
408814,08 72 
408897,12 70 
409382,3 80 
409816,25 83 
410048,93 64 233
410224,96 74 156
410224,96 62 156
410635,76 150 
410657,1 68 
410902,97 249
411018,27 172 
411170,23 92 
411170,23 65 
411188,7 103 
411188,7 101 
411721,53 100 
411721,53 4
411721,53 1891
411721,53 10
413694,96 25 
413722,2 75 
414931,29 72 
415014,54 70 
415498,51 80 
416040,36 83 
416172,6 64 133
416361,57 74 175
416361,57 62 175
417173,92 150 
417201,65 68 
417442,23 249
417548 172 
418411,94 92 
418411,94 65 
418425,55 103 
418425,55 101 
418959,53 100 
418959,53 4
418959,53 1891
418959,53 10
420931,95 25 
421238,73 75 
422447,11 72 
422531,29 70 
423014,29 80 
423503,75 83 
423706,86 64 204
423888,12 74 158
423888,12 62 158
424301,19 150 
424331,94 68 
424712,8 249
424857,66 172 
425143,64 92 
425143,64 65 
425169,32 103 
425169,32 101 
425716,34 100 
425716,34 4
425716,34 1891
425716,34 10
427689,21 25 
427796,8 75 
429006,75 72 
429088,47 70 
429566,85 80 
430060,9 83 
430235,67 64 176
430434,75 74 175
430434,75 62 175
430841,74 150 
430862,47 68 
432074,05 92 
432074,05 65 
432099,67 103 
432099,67 101 
432631,48 100 
432631,48 4
432631,48 1891
432631,48 11
434605,93 25 
435552,62 75 
436759,36 72 
436845,12 70 
437323,07 80 
437844,32 83 
437937,31 64 93
438105,46 74 155
438105,46 61 155
438917,06 150 
438939,03 68 
439747,78 92 
439747,78 65 
439776,64 103 
439776,64 101 
440310,68 100 
440310,68 4
440310,68 1891
440310,68 10
442282,65 25 
442762,83 75 
443972,63 72 
444175,28 70 
444841,04 80 
445414,57 83 
445543,83 64 130
445695,54 74 136
445695,54 62 136
446508,74 152 
446535,73 69 
447043,01 93 
447053,33 103 
447053,33 101 
450592,37 100 
450592,37 4
450592,37 1891
450592,37 11
452571,61 25 
452598,96 75 
453805,76 72 
454011,08 70 
454503,01 80 
454983,56 83 
455144,96 64 162
455321,91 74 152
455321,91 61 152
455730,26 150 
455758,48 68 
456138,66 249
456217,27 171
456269,8 92 
456269,8 65 
456289,32 103 
456289,32 101 
456828,49 100 
456828,49 4
456828,49 1891
456828,49 10
458795,64 25 
458822,91 75 
460032,08 72 
460115,13 70 
460598,49 80 
461034,29 83 
461299,74 64 266
461480,75 74 167
461480,75 62 167
461890,52 150 
461915,88 68 
463125,25 92 
463125,25 65 
463139,68 103 
463139,68 101 
463671,49 100 
463671,49 4
463671,49 1891
463671,49 10
465646,01 25 
465686,81 75 
466895,07 72 
466978,87 70 
467469,73 80 
467991,32 83 
468073,71 64 83
468272,73 74 176
468272,73 62 176
469084,62 150 
469112,78 68 
469924,45 92 
469924,45 65 
469936,84 103 
469936,84 101 
470478,38 100 
470478,38 4
470478,38 1891
470478,38 11
472456,38 25 
472483,96 75 
479800,94 72 
479880,04 70 
480359,73 80 
480879,15 83 
481029,23 64 150
481206,01 74 154
481206,01 61 154
481617,06 150 
481640,65 68 
482849,86 92 
482849,86 65 
482864,56 103 
482864,56 101 
483397,5 100 
483397,5 4
483397,5 1891
483397,5 10
485370,85 25 
485398,43 75 
486606,43 72 
486690,37 70 
487174,28 80 
487609,54 83 
487806,64 64 198
488038,32 74 216
488038,32 62 216
488849,56 150 
488877,54 68 
489151,82 249
489223,71 172 
489687,85 92 
489687,85 65 
489701,67 103 
489701,67 101 
490236,35 100 
490236,35 4
490236,35 1891
490236,35 11
492207,9 25 
492235,45 75 
493444,75 72 
493527,51 70 
494009,71 80 
494486,65 83 
494578,99 64 93
494767,81 74 175
494767,81 61 175
495175,7 150 
495195,09 68 
495707,44 92 
495707,44 65 
495725,7 103 
495725,7 101 
496271,04 100 
496271,04 4
496271,04 1891
496271,04 11
498245,47 25 
498273,11 75 
499482,13 72 
499564,87 70 
500049,45 80 
500537,33 83 
500583,21 64 46
500759,92 74 156
500759,92 61 156
501568,92 150 
501592,15 68 
502403,8 92 
502403,8 65 
502429,46 103 
502429,46 101 
502963,61 100 
502963,61 4
502963,61 1891
502963,61 10
504935,8 25 
505429,3 75 
506637,55 72 
506721,83 70 
507201,66 80 
507627,63 83 
507782,88 64 156
507958,65 74 159
507958,65 62 159
508771,66 150 
508789,12 68 
509240,22 249
509650,81 172 
510001,51 92 
510001,51 65 
510026,22 103 
510026,22 101 
510559,35 100 
510559,35 4
510559,35 1891
510559,35 11
512532,49 25 
512679,54 75 
513889,81 72 
513971,98 70 
514453,68 80 
514984,53 83 
515090,29 64 106
515268,95 74 165
515268,95 61 165
515679,31 150 
515706,06 68 
516218,22 92 
516218,22 65 
516236,91 103 
516236,91 101 
516787,33 100 
516787,33 4
516787,33 1891
516787,33 10
518756,55 25 
518783,85 75 
519990,81 72 
520076,08 70 
520564,22 80 
521088,63 83 
521133,64 64 46
521300,92 74 146
521300,92 62 146
522111,85 150 
522130,05 68 
522599,95 249
522639,43 92 
522639,43 65 
522660,8 103 
522660,8 101 
523192,69 100 
523192,69 4
523192,69 1891
523192,69 11
525167,09 25 
525713,91 75 
526921,32 72 
527006,48 70 
527496,75 80 
527925,67 83 
528083,4 64 158
528251,29 74 153
528251,29 61 153
528662,9 152 
528688,25 69 
529388,91 249 
529644,76 181 
530646,45 93 
530657,36 103 
530657,36 101 
534190,67 100 
534190,67 4
534190,67 1891
534190,67 10
536162,38 25 
536189,67 75 
536240,68 250 
536254,82 101 
538268,17 100 
538268,17 4
538268,17 1891
538268,17 10
538268,17 25 
538294,55 75 
539503,71 72 
539587,68 70 
540070,83 80 
540560,23 83 
540822,75 64 263
540999,7 74 160
540999,7 62 160
541412,84 150 
541440,92 68 
541997,47 249
542172,61 172 
542648,06 92 
542648,06 65 
542665,55 103 
542665,55 101 
543206,6 100 
543206,6 4
543206,6 1891
543206,6 11
545185,16 25 
546771,54 75 
547981,96 72 
548064,08 70 
548552,92 80 
549036,52 83 
549166,03 64 130
549330,9 74 148
549330,9 61 148
550139,18 150 
550157,92 68 
551370,07 92 
551370,07 65 
551395,16 103 
551395,16 101 
551931,69 100 
551931,69 4
551931,69 1891
551931,69 10
553901,41 25 
553928,74 75 
555136,73 72 
555407,58 70 
556204,51 80 
556739,88 83 
556963,65 64 225
557138,81 74 160
557138,81 62 160
557550,03 150 
557568,31 68 
557840,13 249
557985,61 172 
558379,04 92 
558379,04 65 
558405,46 103 
558405,46 101 
558938,67 100 
558938,67 4
558938,67 1891
558938,67 11
560911,86 25 
561525,21 75 
562733,53 72 
562817,72 70 
563304,61 80 
563843,48 83 
563890,89 64 48
564076,81 74 167
564076,81 61 167
564884,38 150 
564911,89 68 
565423,34 92 
565423,34 65 
565442,55 103 
565442,55 101 
565983,74 100 
565983,74 4
565983,74 1891
565983,74 10
567962,1 25 
567989,5 75 
569198,58 72 
569281,83 70 
569767,25 80 
570200,73 83 
570428,86 64 229
570598,66 74 145
570598,66 62 145
571009,56 150 
571028,93 68 
571287,49 249
571376,36 172 
571838,64 92 
571838,64 65 
571853,1 103 
571853,1 101 
572386,02 100 
572386,02 4
572386,02 1891
572386,02 11
574359,35 25 
574399,73 75 
575609,77 72 
575692,21 70 
576179,4 80 
576704,62 83 
576833,07 64 129
577006,84 74 156
577006,84 61 156
577816,92 150 
577839,59 68 
579051 92 
579051 65 
579076,59 103 
579076,59 101 
579612,94 100 
579612,94 4
579612,94 1891
579612,94 10
581582,88 25 
581610,28 75 
582816,77 72 
582902,43 70 
583387,24 80 
583874,9 83 
584090,31 64 216
584299,41 74 185
584299,41 62 185
585111,27 150 
585129,58 68 
585413,66 249
585493,68 172 
585637,61 92 
585637,61 65 
585660,53 103 
585660,53 101 
586203,02 100 
586203,02 4
586203,02 1891
586203,02 10
588180,05 25 
588220,65 75 
589427,97 72 
589499,57 70 
589985,14 80 
590512,17 83 
590680,01 64 168
590858,13 74 160
590858,13 62 160
591271,75 150 
591300,27 68 
591575,2 249
591676,51 172 
592510,11 92 
592510,11 65 
592524,16 103 
592524,16 101 
593057,21 100 
593057,21 4
593057,21 1891
593057,21 10
595030,55 25 
595137,48 75 
596346,64 72 
596429,96 70 
596912,22 80 
597402,42 83 
597527,81 64 126
597753,73 74 205
597753,73 62 205
598565,73 150 
598590,52 68 
598901,68 249
598941,62 172 
599399,13 92 
599399,13 65 
599414,52 103 
599414,52 101 
599946,81 100 
599946,81 4
599946,81 1891
599946,81 10
601920,81 25 
602201,07 75 
603408,57 72 
603493,62 70 
603976,95 80 
604412,73 83 
604614,91 64 203
604795,06 74 156
604795,06 62 156
605206,74 150 
605227,71 68 
605739,98 92 
605739,98 65 
605758,51 103 
605758,51 101 
606304,96 100 
606304,96 4
606304,96 1891
606304,96 11
608278,08 25 
608305,36 75 
609514,05 72 
609597,62 70 
610082,7 80 
610516,78 83 
610702,73 64 187
610862,74 74 147
610862,74 61 147
611675,08 150 
611704,92 68 
612513,83 92 
612513,83 65 
612528,89 103 
612528,89 101 
613061,06 100 
613061,06 5
613061,06 1891
613061,06 11
613061,06 78 
613061,06 198 
615035,33 25 
615062,58 75 
616272,91 72 
616354,72 70 
616843,35 80 
617367,27 83 
617469,48 64 102
617631,07 74 144
617631,07 61 144
618042,39 151 
618062,23 69 
619074,16 93 
619086,1 103 
619086,1 101 
622619,64 100 
622619,64 5
622619,64 1891
622619,64 11
624591,1 25 
624618,31 75 
625827,81 72 
625910,6 70 
626395,57 80 
626883,1 83 
627074,18 64 191
627287,04 74 191
627287,04 61 191
628095,61 151 
628124,47 69 
628932,96 93 
628948,52 103 
628948,52 101 
632490,5 100 
632490,5 5
632490,5 1891
632490,5 11
634466,84 25 
634494,06 75 
635703,44 72 
635786,38 70 
636287,17 80 
636772,23 83 
637073,61 64 302
637269,79 74 178
637269,79 61 178
637681,06 151 
637707,01 69 
638218,8 93 
638237,86 103 
638237,86 101 
641775,16 100 
641775,16 5
641775,16 1891
641775,16 11
643756,23 25 
643783,54 75 
644992,82 72 
645075,71 70 
645556,69 80 
645968,32 83 
646557,09 64 589
646738,87 74 158
646738,87 61 158
647148,44 153 
647169,65 68 
647600,94 249
647655,69 171
647977,74 92 
647977,74 65 
647993,69 103 
647993,69 101 
648525,25 100 
648525,25 5
648525,25 1891
648525,25 10
650499,99 25 
650527,25 75 
651735,25 72 
651819,53 70 
652304,82 80 
652831,94 83 
652927,8 64 96
653098,85 74 148
653098,85 62 148
653907,77 151 
653926,74 69 
654468,48 249 
654504,38 182 
654529,25 256 
655398,99 93 
655417,18 103 
655417,18 101 
658963,24 100 
658963,24 5
658963,24 1891
658963,24 10
660935,49 25 
660962,89 75 
662170,92 72 
662428,29 70 
663214,64 80 
663947,2 83 
664274,83 64 328
665098,3 74 805
665098,3 62 805
665906,89 153 
665934,99 68 
666267,29 249
666724,52 172 
666750,52 92 
666750,52 65 
666772,3 103 
666772,3 101 
667304,88 100 
667304,88 5
667304,88 1891
667304,88 10
669278,59 25 
669825,4 75 
671032,63 72 
671117,89 70 
671601,36 80 
672037,05 83 
672403,83 64 367
672654,17 74 231
672654,17 62 231
673064,02 151 
673091,2 69 
673902,11 93 
673907,45 249 
673942,58 103 
673942,58 101 
677477,69 100 
677477,69 5
677477,69 1891
677477,69 10
679447,59 25 
679474,83 75 
680681,88 72 
680753,86 70 
681232,82 80 
681712,92 83 
682953,76 64 1242
683839,78 74 875
683839,78 62 875
684247,38 151 
684272,99 69 
684762,47 249 
685952,84 93 
685964,06 103 
685964,06 101 
689504,62 100 
689504,62 5
689504,62 1891
689504,62 11
691482,59 25 
691509,74 75 
692718,65 72 
692801,92 70 
693287,83 80 
693827,72 83 
694305,82 64 479
694586,49 74 265
694586,49 61 265
695396,14 151 
695414,95 69 
695922,73 93 
695933,1 103 
695933,1 101 
699465,87 100 
699465,87 5
699465,87 1891
699465,87 10
701438,07 25 
702717,98 75 
703925,81 72 
704010,46 70 
704492,65 80 
704969,61 83 
705583,38 64 614
706027,61 256 
708151,02 74 2542
708151,02 62 2542
708560,62 151 
708582,53 69 
709395,2 93 
709407,31 103 
709407,31 101 
712938,81 100 
712938,81 5
712938,81 1891
712938,81 11
714912,37 25 
715605,78 75 
716814,77 72 
716898,23 70 
717383,61 80 
717817,44 83 
718178,38 64 361
718681,74 74 479
718681,74 61 479
719488,72 151 
719512,03 69 
720521,76 93 
720536,82 103 
720536,82 101 
724083,01 100 
724083,01 5
724083,01 1891
724083,01 10
726054,22 25 
726082,43 75 
727290,28 72 
727373,72 70 
727862,98 80 
728279,57 83 
728646,02 64 367
730147,68 74 1482
730147,68 62 1482
730956,16 151 
730986,29 69 
731447,89 249 
732215,87 93 
732237,51 103 
732237,51 101 
735769,07 100 
735769,07 5
735769,07 1891
735769,07 11
737742,55 25 
738342,73 75 
739550,3 72 
739635,18 70 
740121,59 80 
740660,92 83 
741116,39 64 456
741403,76 74 264
741403,76 62 264
741811,24 150 
741835,71 68 
742149,81 249
742557,23 172 
743054,67 92 
743054,67 65 
743072,87 103 
743072,87 101 
743607,33 100 
743607,33 5
743607,33 1891
743607,33 11
745579,19 25 
745607,18 75 
746816,02 72 
746898,82 70 
747383,29 80 
747857,93 83 
748033,52 64 177
748181,56 74 124
748181,56 62 124
748589,85 150 
748619,44 68 
748950,85 249
748989,1 172 
749129,17 92 
749129,17 65 
749150,27 103 
749150,27 101 
749691,27 100 
749691,27 5
749691,27 1891
749691,27 11
751669,9 25 
751697,17 75 
752904,15 72 
752989,41 70 
753469,3 80 
753988,56 83 
754041,25 64 53
754219,9 74 165
754219,9 62 165
755028,83 150 
755055,89 68 
755338,97 249
755445,27 172 
755862,76 92 
755862,76 65 
755880,71 103 
755880,71 101 
756423,3 100 
756423,3 5
756423,3 1891
756423,3 10
758400,32 25 
758427,54 75 
759633,68 72 
759719,83 70 
760198,75 80 
760679,01 83 
760982,34 64 303
761287,97 74 290
761287,97 61 290
762096,66 151 
762119,58 69 
762629,74 93 
762651,12 103 
762651,12 101 
766184,48 100 
766184,48 5
766184,48 1891
766184,48 11
768156,17 25 
768183,72 75 
769390,51 72 
769648,94 70 
770288,06 80 
770861,41 83 
771115,59 64 255
771296,97 74 156
771296,97 62 156
771706,36 150 
771729,51 68 
772086,14 249
772131,06 172 
772939,58 92 
772939,58 65 
772953,56 103 
772953,56 101 
773495,8 100 
773495,8 5
773495,8 1891
773495,8 11
775473,03 25 
775500,3 75 
776707,65 72 
776792,55 70 
777282,74 80 
777711,73 83 
777901,73 64 191
778100,73 74 177
778100,73 62 177
778511,08 150 
778540,05 68 
778817,37 249
778881,3 172 
779751,56 92 
779751,56 65 
779777,18 103 
779777,18 101 
780309,34 100 
780309,34 5
780309,34 1891
780309,34 10
782283,44 25 
782310,91 75 
783520,28 72 
783602,92 70 
784088,39 80 
784628,71 83 
785389,64 64 762
785619,64 74 205
785619,64 63 205
786430,97 150 
786456,58 68 
786964,84 92 
786964,84 65 
786987,34 103 
786987,34 101 
787521,66 100 
787521,66 5
787521,66 1891
787521,66 11
789493,65 25 
789520,86 75 
790728,09 72 
790813,17 70 
791294,67 80 
791772,33 83 
792001,31 64 229
792219,31 74 194
792219,31 62 194
793028,51 152 
793053,71 69 
793831,01 249 
794063,13 93 
794077,63 103 
794077,63 101 
797615,38 100 
797615,38 5
797615,38 1891
797615,38 10
799596,12 25 
799623,27 75 
800831,52 72 
800915,57 70 
801393,12 80 
801874,66 83 
802173,94 64 300
802415,07 74 221
802415,07 63 221
802823,85 150 
802849,51 68 
804059,56 92 
804059,56 65 
804086,67 103 
804086,67 101 
804620,76 100 
804620,76 5
804620,76 1891
804620,76 11
806592,96 25 
807059,86 75 
808268,72 72 
808352,3 70 
808842,72 80 
809364,76 83 
809396,72 64 33
809575,72 74 158
809575,72 62 158
810385,21 150 
810406,36 68 
810714,2 249
810838,96 172 
811215,68 92 
811215,68 65 
811230,27 103 
811230,27 101 
811763,01 100 
811763,01 5
811763,01 1891
811763,01 10
813736,63 25 
813777,43 75 
814985,21 72 
815069,49 70 
815553,27 80 
815975,3 83 
816098,75 64 124
816288,38 74 167
816288,38 63 167
816700,3 150 
816723,53 68 
817230,82 92 
817230,82 65 
817254,39 103 
817254,39 101 
817800,31 100 
817800,31 5
817800,31 1891
817800,31 11
819773,97 25 
820280,86 75 
821489,1 72 
821573,42 70 
822051,48 80 
822572,56 83 
822605,56 64 34
822769,32 74 144
822769,32 62 144
823180,91 150 
823200,73 68 
823713,34 92 
823713,34 65 
823731,59 103 
823731,59 101 
824265,91 100 
824265,91 5
824265,91 1891
824265,91 10
826237,86 25 
826798,06 75 
828006,36 72 
828090,5 70 
828572,21 80 
828996,59 83 
829218,46 64 222
829372,19 74 136
829372,19 63 136
830180,04 150 
830211,04 68 
831419,12 92 
831419,12 65 
831436,04 103 
831436,04 101 
831970,48 100 
831970,48 5
831970,48 1891
831970,48 10
833941,4 25 
835207,73 75 
836416,79 72 
836500,29 70 
836985,48 80 
837472,99 83 
837644,31 64 172
837837,04 74 178
837837,04 63 178
838646,58 150 
838674,14 68 
839483,18 92 
839483,18 65 
839498,23 103 
839498,23 101 
840038,02 100 
840038,02 5
840038,02 1891
840038,02 11
842031,08 25 
842631,21 75 
843838,56 72 
843910,4 70 
844391,17 80 
844869,53 83 
845138,66 64 270
845323,5 74 162
845323,5 62 162
845734,19 152 
845763,81 69 
846232,52 249 
846309,79 256 
846843,46 182 
863517,73 93 
863541,16 103 
863541,16 101 
867077,65 100 
867077,65 5
867077,65 1891
867077,65 11
869046,2 25 
875710,35 75 
876919,86 72 
877176,41 70 
877975,04 80 
878708,34 83 
878957,15 64 249
879137,5 74 164
879137,5 61 164
879947,61 151 
879976,77 69 
880788,74 93 
880800,4 103 
880800,4 101 
884334,39 100 
884334,39 5
884334,39 1891
884334,39 10
886305,44 25 
886332,77 75 
887539,06 72 
887758,27 70 
888410,07 80 
889063,95 83 
889604,24 64 541
889816,59 74 194
889816,59 63 194
890226,8 150 
890252,04 68 
891460,57 92 
891460,57 65 
891475,86 103 
891475,86 101 
892019,14 100 
892019,14 5
892019,14 1891
892019,14 10
893995,46 25 
894022,73 75 
895233,09 72 
895315,02 70 
895805,53 80 
896327,52 83 
896457,47 64 130
896628,84 74 155
896628,84 63 155
897041,02 150 
897062,35 68 
897571,93 92 
897571,93 65 
897593,24 103 
897593,24 101 
898125,81 100 
898125,81 5
898125,81 1891
898125,81 11
900099,54 25 
900353,11 75 
901561,13 72 
901645,66 70 
902131,94 80 
902618,07 83 
902818,38 64 200
903101,13 74 270
903101,13 61 270
903911,34 151 
903939,46 69 
904692,83 249 
905114,59 256 
905120,64 181 
905944,98 93 
905962,96 103 
905962,96 101 
909498,89 100 
909498,89 5
909498,89 1891
909498,89 11
911467,93 25 
911495,28 75 
912702,92 72 
912787,55 70 
913278,09 80 
913720,05 83 
914195,14 64 475
914444,87 74 232
914444,87 63 232
915257,18 151 
915281,22 69 
915635,54 249 
915750,5 183 
916293,17 93 
916305,18 103 
916305,18 101 
919844,61 100 
919844,61 5
919844,61 1891
919844,61 10
921823,52 25 
921850,78 75 
921870,01 250 
921889,03 101 
923902,62 100 
923902,62 5
923902,62 1891
923902,62 10
923902,62 25 
923929,03 75 
925138,05 72 
925222,21 70 
925709,16 80 
926247,98 83 
927645,7 64 1399
928021,69 74 348
928021,69 62 348
928430,97 151 
928449,27 69 
929392,47 249 
930608,94 93 
930619,02 103 
930619,02 101 
934150,8 100 
934150,8 5
934150,8 1891
934150,8 10
936124,05 25 
938123,56 75 
939331,09 72 
939416,13 70 
939930,79 80 
940361,87 83 
941239,08 64 878
941506,45 74 252
941506,45 63 252
942316,48 150 
942336,53 68 
942844,66 92 
942844,66 65 
942867,13 103 
942867,13 101 
943399,76 100 
943399,76 5
943399,76 1891
943399,76 11
945373,4 25 
945400,77 75 
946608,58 72 
946693,05 70 
947184,18 80 
947665,53 83 
947943,84 64 279
948886,67 74 929
948886,67 61 929
949296,48 151 
949319,19 69 
949830,19 93 
949850,79 103 
949850,79 101 
953398,47 100 
953398,47 5
953398,47 1891
953398,47 11
955369,12 25 
955396,42 75 
956601,85 72 
956675,53 70 
957163,56 80 
957701,16 83 
957939,77 64 239
958202,15 74 248
958202,15 63 248
958610,1 151 
958636,06 69 
959148,49 93 
959166,79 103 
959166,79 101 
962698,26 100 
962698,26 5
962698,26 1891
962698,26 10
964671,82 25 
964699,06 75 
965910,44 72 
965991,36 70 
966483,61 80 
966963,83 83 
967707,03 64 744
967929,22 74 206
967929,22 63 206
968739,78 150 
968766 68 
969974,33 92 
969974,33 65 
969988,79 103 
969988,79 101 
970522,25 100 
970522,25 5
970522,25 1891
970522,25 10
972495,1 25 
972522,22 75 
973730,05 72 
973814,66 70 
974306,34 80 
974733,79 83 
974935,53 64 202
975112,04 74 152
975112,04 63 152
975522,38 150 
975548,68 68 
976057,57 92 
976057,57 65 
976079,53 103 
976079,53 101 
976619 100 
976619 5
976619 1891
976619 10
978599,18 25 
979265,9 75 
980472,64 72 
980545,09 70 
981045,21 80 
981530,92 83 
981677,93 64 148
981868,44 74 178
981868,44 63 178
982678,74 150 
982705,58 68 
983513,98 92 
983513,98 65 
983529,67 103 
983529,67 101 
984069,37 100 
984069,37 5
984069,37 1891
984069,37 11
986049,3 25 
992366,98 75 
993577,76 72 
993832,81 70 
994634,23 80 
995324,97 83 
995783,5 64 458
996173,42 74 369
996173,42 61 369
996986,84 151 
997006,15 69 
998015,1 93 
998030,09 103 
998030,09 101 
1001572,08 100 
1001572,08 5
1001572,08 1891
1001572,08 10
1003548,42 25 
1005294,74 75 
1006504,55 72 
1006773,83 70 
1007565,84 80 
1008306,12 83 
1008318,67 64 13
1008509,36 74 177
1008509,36 63 177
1008918,95 150 
1008947,64 68 
1009367,5 249
1009669,79 173 
1010157,5 92 
1010157,5 65 
1010171,54 103 
1010171,54 101 
1010717,22 100 
1010717,22 5
1010717,22 1891
1010717,22 11
1012691,16 25 
1014357,49 75 
1015565,68 72 
1015823,38 70 
1016632,42 80 
1017355,63 83 
1017597,7 64 243
1017840,95 74 219
1017840,95 62 219
1018651,69 152 
1018677,13 69 
1019126,91 249 
1019285,4 182 
1020270,25 93 
1020287,21 103 
1020287,21 101 
1023818,89 100 
1023818,89 5
1023818,89 1891
1023818,89 10
1025792,32 25 
1026978,76 75 
1028187,75 72 
1028391,25 70 
1028883 80 
1029310,47 83 
1029665,81 64 356
1029852,33 74 169
1029852,33 63 169
1030261,79 150 
1030285,27 68 
1031497,13 92 
1031497,13 65 
1031522,39 103 
1031522,39 101 
1032059,38 100 
1032059,38 5
1032059,38 1891
1032059,38 11
1034028,84 25 
1034869,69 75 
1036077,81 72 
1036161,25 70 
1036642,24 80 
1037120,39 83 
1037315,78 64 196
1037482,46 74 149
1037482,46 63 149
1037893,57 151 
1037921,98 69 
1038376,01 249 
1038404,08 256 
1038515,46 183 
1038963,11 93 
1038985,85 103 
1038985,85 101 
1042525,73 100 
1042525,73 5
1042525,73 1891
1042525,73 11
1044504,27 25 
1051141,73 75 
1052349,71 72 
1052434,23 70 
1052923,92 80 
1053393,41 83 
1053599,84 64 207
1053776,69 74 158
1053776,69 63 158
1054586,66 151 
1054608,09 69 
1055120,73 93 
1055139,02 103 
1055139,02 101 
1058672,38 100 
1058672,38 5
1058672,38 1891
1058672,38 10
1060643,95 25 
1064336,07 75 
1065544,01 72 
1065628,55 70 
1066111,53 80 
1066547,75 83 
1067663,81 64 1117
1067999,31 74 319
1067999,31 62 319
1068810,98 151 
1068841,18 69 
1069373,09 249 
1069559,85 182 
1070261,64 93 
1070279,09 103 
1070279,09 101 
1073810,63 100 
1073810,63 5
1073810,63 1891
1073810,63 11
1075785,13 25 
1080395,92 75 
1081604,3 72 
1081688,32 70 
1082180,19 80 
1082714,14 83 
1083574,79 64 861
1083798,32 74 205
1083798,32 62 205
1084209,35 150 
1084235,38 68 
1084578,81 249
1084639,34 172 
1085442,6 92 
1085442,6 65 
1085459,44 103 
1085459,44 101 
1086005,25 100 
1086005,25 5
1086005,25 1891
1086005,25 11
1087978,92 25 
1088006,52 75 
1089212,7 72 
1089285,14 70 
1089770,89 80 
1090310,86 83 
1090418,93 64 109
1090596,82 74 166
1090596,82 62 166
1091009 150 
1091032,47 68 
1091344,23 249
1091394,53 172 
1091841,54 92 
1091841,54 65 
1091856,52 103 
1091856,52 101 
1092389,55 100 
1092389,55 5
1092389,55 1891
1092389,55 10
1094362,8 25 
1094390,11 75 
1095597,52 72 
1095682,34 70 
1096163,52 80 
1096601,54 83 
1096676,18 64 75
1096881,26 74 187
1096881,26 63 187
1097691,75 150 
1097723,02 68 
1098934,02 92 
1098934,02 65 
1098960,13 103 
1098960,13 101 
1099497,06 100 
1099497,06 5
1099497,06 1891
1099497,06 10
1101466,4 25 
1101493,67 75 
1102702,75 72 
1102786,07 70 
1103279,03 80 
1103771,75 83 
1103929,74 64 159
1104121,94 74 177
1104121,94 63 177
1104532,21 150 
1104559,97 68 
1104939,49 249
1105011,95 173 
1105072,62 92 
1105072,62 65 
1105090,89 103 
1105090,89 101 
1105629,97 100 
1105629,97 5
1105629,97 1891
1105629,97 11
1107597,36 25 
1107625,08 75 
1108830,64 72 
1108916,67 70 
1109406,24 80 
1109835,86 83 
1110298,47 64 463
1110480,05 74 165
1110480,05 63 165
1111292,52 153 
1111317,2 68 
1111690,23 249
1111736,96 173 
1112528,34 92 
1112528,34 65 
1112554,31 103 
1112554,31 101 
1113092 100 
1113092 5
1113092 1891
1113092 10
1115060,58 25 
1115088,12 75 
1116296,54 72 
1116380,22 70 
1116864,8 80 
1117352,57 83 
1117408,11 64 56
1117586,43 74 154
1117586,43 63 154
1118397,6 150 
1118420,71 68 
1119230,56 92 
1119230,56 65 
1119244,77 103 
1119244,77 101 
1119777,13 100 
1119777,13 5
1119777,13 1891
1119777,13 10
1121751,09 25 
1122497,83 75 
1123707,47 72 
1123790,3 70 
1124270,97 80 
1124789,41 83 
1124969,84 64 181
1125152,84 74 164
1125152,84 63 164
1125561,98 150 
1125591,06 68 
1126102,49 92 
1126102,49 65 
1126121,82 103 
1126121,82 101 
1126664,14 100 
1126664,14 5
1126664,14 1891
1126664,14 11
1128641,42 25 
1129574,77 75 
1130782,29 72 
1131040,55 70 
1131842,93 80 
1132546,14 83 
1132740,35 64 194
1133041,08 74 282
1133041,08 62 282
1133449,88 150 
1133467,59 68 
1133742,04 249
1134359,46 92 
1134359,46 65 
1134386,05 103 
1134386,05 101 
1134917,73 100 
1134917,73 5
1134917,73 1891
1134917,73 11
1136891,19 25 
1137358,03 75 
1138565,1 72 
1138823,83 70 
1139637,95 80 
1140262,75 83 
1140473,15 64 211
1140661,05 74 172
1140661,05 62 172
1141470,19 150 
1141490,17 68 
1141746,15 249
1141832,44 172 
1142302,64 92 
1142302,64 65 
1142328,17 103 
1142328,17 101 
1142863,7 100 
1142863,7 5
1142863,7 1891
1142863,7 10
1144834,48 25 
1144981,42 75 
1146189,21 72 
1146447,26 70 
1147102,95 80 
1147792,85 83 
1147798,98 64 7
1147985,33 74 166
1147985,33 63 166
1148792,87 150 
1148820,33 68 
1150031,42 92 
1150031,42 65 
1150058,18 103 
1150058,18 101 
1150597,88 100 
1150597,88 5
1150597,88 1891
1150597,88 11
1152577,81 25 
1154990,51 75 
1156198,88 72 
1156403,03 70 
1157057,1 80 
1157691,84 250 
1157708,2 101 
1159721,39 100 
1159721,39 5
1159721,39 1891
1159721,39 11
1159721,39 25 
1160748,04 75 
1161955,53 72 
1162160,49 70 
1162657,11 80 
1163172,92 83 
1163250,42 64 78
1163420,75 74 155
1163420,75 62 155
1163829,65 150 
1163854,58 68 
1164105,71 249
1164203,02 172 
1164666,51 92 
1164666,51 65 
1164691,88 103 
1164691,88 101 
1165226,52 100 
1165226,52 5
1165226,52 1891
1165226,52 10
1167198,25 25 
1168664,68 75 
1169875,85 72 
1169957,14 70 
1170452,79 80 
1170876,3 83 
1171184,03 64 308
1171366,98 74 158
1171366,98 63 158
1171776,67 150 
1171798,05 68 
1172309,69 92 
1172309,69 65 
1172328,63 103 
1172328,63 101 
1172862,13 100 
1172862,13 5
1172862,13 1891
1172862,13 10
1174835,06 25 
1175435,1 75 
1176642,85 72 
1176727,6 70 
1177217,09 80 
1177700,06 83 
1177773,18 64 73
1177965,84 74 173
1177965,84 63 173
1178775,36 150 
1178794,84 68 
1180003,79 92 
1180003,79 65 
1180018,68 103 
1180018,68 101 
1180566,39 100 
1180566,39 5
1180566,39 1891
1180566,39 11
1182538,4 25 
1182565,52 75 
1183772,78 72 
1183857,85 70 
1184345,8 80 
1184763,77 83 
1185050,76 64 288
1185215,76 74 146
1185215,76 62 146
1185626,5 150 
1185645,3 68 
1185962,69 249
1185996,49 172 
1186854,85 92 
1186854,85 65 
1186869,05 103 
1186869,05 101 
1187402,37 100 
1187402,37 5
1187402,37 1891
1187402,37 10
1189388,71 25 
1191468,2 75 
1192676,61 72 
1192760,72 70 
1193252,08 80 
1193773,1 83 
1194108,46 64 335
1194280,87 74 148
1194280,87 63 148
1195093,34 150 
1195121,15 68 
1195632,54 92 
1195632,54 65 
1195651,92 103 
1195651,92 101 
1196185,76 100 
1196185,76 5
1196185,76 1891
1196185,76 10
1198158,22 25 
1198864,98 75 
1200071,83 72 
1200157,52 70 
1200637,73 80 
1201116,63 83 
1201225,76 64 110
1201407,8 74 159
1201407,8 63 159
1202219,82 152 
1202238,18 69 
1202676,98 249 
1202747,14 93 
1202768,89 103 
1202768,89 101 
1206309,36 100 
1206309,36 5
1206309,36 1891
1206309,36 11
1208287,26 25 
1208314,55 75 
1209521,17 72 
1209606,77 70 
1210092,19 80 
1210632,57 83 
1210693,29 64 61
1210877,11 74 165
1210877,11 62 165
1211285,59 150 
1211314,24 68 
1212120,57 249
1212179,65 172 
1212524,02 92 
1212524,02 65 
1212538,05 103 
1212538,05 101 
1213076,32 100 
1213076,32 5
1213076,32 1891
1213076,32 11
1215057,66 25 
1215644,53 75 
1216852,4 72 
1216936,97 70 
1217429,55 80 
1217856,12 83 
1217915,47 64 59
1218099,66 74 164
1218099,66 62 164
1218507,61 150 
1218537,83 68 
1219049 92 
1219049 65 
1219068,57 103 
1219068,57 101 
1219601 100 
1219601 5
1219601 1891
1219601 11
1221574,9 25 
1222321,69 75 
1223531,89 72 
1223614,09 70 
1224102,85 80 
1224586,56 83 
1224593,83 64 8
1224751,04 74 138
1224751,04 62 138
1225562,4 150 
1225587,32 68 
1226397,79 92 
1226397,79 65 
1226412,09 103 
1226412,09 101 
1226954,9 100 
1226954,9 5
1226954,9 1891
1226954,9 10
1228931,74 25 
1228959 75 
1230165,8 72 
1230251,26 70 
1230736,67 80 
1231225,92 250 
1231236,7 101 
1233249,86 100 
1233249,86 5
1233249,86 1891
1233249,86 10
1233249,86 25 
1235089,51 75 
1236298,25 72 
1236381,95 70 
1236870,93 80 
1237394,43 83 
1237598,88 64 205
1237780,52 74 160
1237780,52 63 160
1238588,67 150 
1238608,39 68 
1239416,23 92 
1239416,23 65 
1239433,15 103 
1239433,15 101 
1239965,84 100 
1239965,84 5
1239965,84 1891
1239965,84 10
1241939,49 25 
1242939,39 75 
1244147,87 72 
1244231,95 70 
1244719,73 80 
1245151,05 83 
1245386,57 64 236
1245558,03 74 154
1245558,03 63 154
1245967 150 
1245992,61 68 
1247201,93 92 
1247201,93 65 
1247216,48 103 
1247216,48 101 
1247757,18 100 
1247757,18 5
1247757,18 1891
1247757,18 10
1249722,95 25 
1252228,74 75 
1253437,96 72 
1253521,31 70 
1254005,58 80 
1254493,72 83 
1254764,47 64 271
1254984,49 256 
1254999,64 74 214
1254999,64 63 214
1255811,91 150 
1255841,72 68 
1256351,94 92 
1256351,94 65 
1256372,62 103 
1256372,62 101 
1256912,77 100 
1256912,77 5
1256912,77 1891
1256912,77 11
1258892,24 25 
1264050,41 75 
1265259,4 72 
1265529,43 70 
1266352,31 80 
1267088,44 83 
1267105,45 64 17
1267298,08 74 170
1267298,08 61 170
1267710,26 153 
1267729,92 68 
1268540,8 92 
1268540,8 65 
1268555,05 103 
1268555,05 101 
1269088,94 100 
1269088,94 5
1269088,94 1891
1269088,94 11
1271060,33 25 
1271087,56 75 
1272295,53 72 
1272553,09 70 
1273347,31 80 
1273965,37 83 
1274039,88 64 75
1274211,49 74 153
1274211,49 62 153
1275023,56 150 
1275046,79 68 
1275352,94 249
1275453,07 172 
1276256,54 92 
1276256,54 65 
1276270,69 103 
1276270,69 101 
1276802,3 100 
1276802,3 5
1276802,3 1891
1276802,3 11
1278776,97 25 
1280470,05 75 
1281679,67 72 
1281949,05 70 
1282761,49 80 
1283412,26 250 
1283427,52 101 
1285440,8 100 
1285440,8 5
1285440,8 1891
1285440,8 11
1285440,8 25 
1285468,13 75 
1286676,05 72 
1286933,57 70 
1287723,08 80 
1288446,16 250 
1288465,37 101 
1290478,63 100 
1290478,63 5
1290478,63 1891
1290478,63 11
1290478,63 25 
1292304,93 75 
1293512,68 72 
1293770,74 70 
1294558,14 80 
1295342,95 83 
1295579,5 64 237
1295764,7 74 169
1295764,7 62 169
1296173,91 150 
1296197,68 68 
1296558,1 249
1296706,34 92 
1296706,34 65 
1296728,56 103 
1296728,56 101 
1297272,91 100 
1297272,91 5
1297272,91 1891
1297272,91 10
1299248,18 25 
1299742 75 
1300951,26 72 
1301167,49 70 
1301826,87 80 
1302366,74 83 
1302623,21 64 257
1302815,12 74 169
1302815,12 63 169
1303225,59 150 
1303247,25 68 
1303607,99 249
1303689,67 173 
1303760,86 92 
1303760,86 65 
1303778,87 103 
1303778,87 101 
1304312,41 100 
1304312,41 5
1304312,41 1891
1304312,41 11
1306285,3 25 
1307165,18 75 
1308373,17 72 
1308457,67 70 
1308944,41 80 
1309430,21 83 
1309674,45 64 244
1309849,52 74 154
1309849,52 62 154
1310658,96 150 
1310684,91 68 
1310986,82 249
1311100,98 172 
1311913,17 92 
1311913,17 65 
1311935,49 103 
1311935,49 101 
1312468,11 100 
1312468,11 5
1312468,11 1891
1312468,11 11
1314441,67 25 
1315015,15 75 
1316223,62 72 
1316307,85 70 
1316803,61 80 
1317333,54 83 
1317354,07 64 21
1317560,42 74 187
1317560,42 62 187
1318369,11 150 
1318400,83 68 
1318679,98 249
1318753,75 172 
1319210,66 92 
1319210,66 65 
1319225,61 103 
1319225,61 101 
1319764,53 100 
1319764,53 5
1319764,53 1891
1319764,53 10
1321745,25 25 
1322265,43 75 
1323471,99 72 
1323557,93 70 
1324036,75 80 
1324463,66 83 
1324895,16 64 432
1325120,39 74 204
1325120,39 63 204
1325529,32 150 
1325558,71 68 
1326069,51 92 
1326069,51 65 
1326089,28 103 
1326089,28 101 
1326627,83 100 
1326627,83 5
1326627,83 1891
1326627,83 10
1328595,64 25 
1331101,62 75 
1332308,68 72 
1332380,78 70 
1332861,14 80 
1333339,88 83 
1333574,45 64 235
1333785,13 74 192
1333785,13 63 192
1334594,52 150 
1334621,24 68 
1335830,95 92 
1335830,95 65 
1335845,12 103 
1335845,12 101 
1336380,06 100 
1336380,06 5
1336380,06 1891
1336380,06 11
1338352,24 25 
1341297,24 75 
1341817,21 250 
1341828,75 101 
1343842,37 100 
1343842,37 5
1343842,37 1891
1343842,37 11
1343842,37 25 
1343868,74 75 
1345077,42 72 
1345162 70 
1345646,09 80 
1346174,37 83 
1346388,04 64 214
1346639,49 74 239
1346639,49 62 239
1347052,17 150 
1347082,9 68 
1347469,96 249
1347575,59 172 
1347895,35 92 
1347895,35 65 
1347919,95 103 
1347919,95 101 
1348463,22 100 
1348463,22 5
1348463,22 1891
1348463,22 11
1350439,57 25 
1350786,45 75 
1351997,81 72 
1352078,95 70 
1352558,94 80 
1353091,4 83 
1353223,51 64 132
1353396,02 74 158
1353396,02 62 158
1353804,71 150 
1353826,38 68 
1354637,24 92 
1354637,24 65 
1354650,36 103 
1354650,36 101 
1355183,91 100 
1355183,91 5
1355183,91 1891
1355183,91 10
1357156,71 25 
1357183,79 75 
1358390,78 72 
1358462,91 70 
1358942,18 80 
1359408,78 83 
1359723,55 64 316
1359910,47 74 169
1359910,47 63 169
1360720,37 150 
1360743,35 68 
1361539,95 249
1361951,97 92 
1361951,97 65 
1361967,29 103 
1361967,29 101 
1362508,79 100 
1362508,79 5
1362508,79 1891
1362508,79 11
1364486,86 25 
1365553,45 75 
1366761,42 72 
1366845,98 70 
1367327,51 80 
1367765,1 83 
1367875,18 64 110
1368163,9 74 266
1368163,9 62 266
1368974,49 150 
1368992,45 68 
1369289,5 249
1369395,88 172 
1369504,58 92 
1369504,58 65 
1369524,01 103 
1369524,01 101 
1370064,66 100 
1370064,66 5
1370064,66 1891
1370064,66 10
1372043,67 25 
1382043,76 254 
1382051,87 101 
1384051,05 100 
1384051,05 5
1384051,05 1891
1384051,05 10
1384051,05 25 
1388103,89 75 
1389314,14 72 
1389396,29 70 
1389882,61 80 
1390302,25 83 
1390574,69 64 273
1390797,97 74 203
1390797,97 63 203
1391207,4 152 
1391236,28 69 
1391778,16 249 
1391838 256 
1391982,92 183 
1392663,02 93 
1392674,05 103 
1392674,05 101 
1396210,64 100 
1396210,64 5
1396210,64 1891
1396210,64 10
1398179,1 25 
1398206,36 75 
1399415,81 72 
1399498,59 70 
1399982,12 80 
1400457,75 83 
1400700,13 64 243
1400920,03 74 196
1400920,03 63 196
1401326,92 150 
1401352,78 68 
1401893,97 249
1401930,58 173 
1402164,32 92 
1402164,32 65 
1402189,95 103 
1402189,95 101 
1402722,72 100 
1402722,72 5
1402722,72 1891
1402722,72 11
1404696,35 25 
1405656,3 75 
1406864,9 72 
1407135,41 70 
1407931,68 80 
1408560,94 83 
1408801,02 64 241
1408985,46 74 158
1408985,46 62 158
1409794,93 150 
1409815,67 68 
1410147,39 249
1410214,53 172 
1411027,47 92 
1411027,47 65 
1411052,84 103 
1411052,84 101 
1411599,33 100 
1411599,33 5
1411599,33 1891
1411599,33 10
1413572,47 25 
1414385,91 75 
1415594,27 72 
1415678,31 70 
1416168,63 80 
1416637,65 83 
1416796,94 64 160
1416977,27 74 167
1416977,27 63 167
1417784,86 150 
1417812,19 68 
1418620,7 92 
1418620,7 65 
1418636,28 103 
1418636,28 101 
1419169,04 100 
1419169,04 5
1419169,04 1891
1419169,04 11
1421142,53 25 
1422409,03 75 
1423618,97 72 
1423701,54 70 
1424192,96 80 
1424727,42 83 
1424794,22 64 67
1424973,98 74 167
1424973,98 62 167
1425384,67 150 
1425409,01 68 
1425777,39 249
1425945,48 172 
1426620,82 92 
1426620,82 65 
1426646,14 103 
1426646,14 101 
1427179,04 100 
1427179,04 3
1427179,04 1891
1427179,04 10
1427179,04 78 
1427179,04 198 
1429152,5 25 
1429899,18 75 
1431108,87 72 
1431191,65 70 
1431676,35 80 
1432110,8 83 
1432330,93 64 221
1432511,21 256 
1432520,37 74 170
1432520,37 63 170
1433328,17 151 
1433352,36 69 
1433731,63 249 
1434062,15 183 
1434365,44 93 
1434376,16 103 
1434376,16 101 
1437913,8 100 
1437913,8 3
1437913,8 1891
1437913,8 11
1439894,57 25 
1440201,42 75 
1441409,38 72 
1441493,98 70 
1441976,31 80 
1442519,68 83 
1442618,92 64 100
1442777,26 74 138
1442777,26 62 138
1443189,71 151 
1443214,89 69 
1443727,62 93 
1443745,47 103 
1443745,47 101 
1447284,68 100 
1447284,68 3
1447284,68 1891
1447284,68 10
1449263,9 25 
1449291,63 75 
1450499,86 72 
1450583,32 70 
1451065,09 80 
1451502,49 83 
1451825,61 64 324
1452032,49 74 184
1452032,49 63 184
1452443,85 151 
1452464,11 69 
1452921,93 249 
1452964,81 256 
1453100,48 183 
1454004,39 93 
1454021,08 103 
1454021,08 101 
1457552,69 100 
1457552,69 3
1457552,69 1891
1457552,69 11
1459526,11 25 
1459553,88 75 
1460761,99 72 
1460845,57 70 
1461330,2 80 
1461818,13 83 
1462120 64 302
1462349,53 74 213
1462349,53 61 213
1463157,81 151 
1463179,57 69 
1463510,63 249 
1463988,94 93 
1464003,45 103 
1464003,45 101 
1467549,79 100 
1467549,79 3
1467549,79 1891
1467549,79 10
1469521,76 25 
1469549,15 75 
1469956,7 250 
1469973,74 101 
1471974,1 100 
1471974,1 3
1471974,1 1891
1471974,1 10
1471974,1 25 
1472000,47 75 
1473207,7 72 
1473293,62 70 
1473777,78 80 
1474212,77 83 
1474943,73 64 732
1475177,13 74 218
1475177,13 63 218
1475589,02 151 
1475613,42 69 
1476124,98 93 
1476144,89 103 
1476144,89 101 
1479676,74 100 
1479676,74 3
1479676,74 1891
1479676,74 11
1481649,9 25 
1481677,14 75 
1482885,89 72 
1482969,43 70 
1483458,99 80 
1483941,92 83 
1484285,71 64 345
1484568,31 74 267
1484568,31 62 267
1485379,61 151 
1485409,89 69 
1486218,91 93 
1486233,94 103 
1486233,94 101 
1489771,5 100 
1489771,5 3
1489771,5 1891
1489771,5 10
1491738,96 25 
1491766,46 75 
1492976,86 72 
1493058,45 70 
1493543,39 80 
1494070,89 83 
1494716,76 64 647
1495499,02 74 762
1495499,02 63 762
1495910,16 151 
1495938,3 69 
1496469,9 249 
1496544,31 183 
1496947,49 93 
1496962,64 103 
1496962,64 101 
1500500,93 100 
1500500,93 3
1500500,93 1891
1500500,93 11
1502480,97 25 
1502947,82 75 
1504156,15 72 
1504240,36 70 
1504717,35 80 
1505239,41 83 
1505940,48 64 701
1506216,66 74 258
1506216,66 63 258
1507030,43 150 
1507054,17 68 
1507864,89 92 
1507864,89 65 
1507891,26 103 
1507891,26 101 
1508425,49 100 
1508425,49 3
1508425,49 1891
1508425,49 10
1510397,57 25 
1510971,09 75 
1512181,25 72 
1512436,83 70 
1513241,7 80 
1513942,37 83 
1514154,76 64 213
1514347,78 74 180
1514347,78 63 180
1514758,81 151 
1514784,01 69 
1515291,62 93 
1515301,49 103 
1515301,49 101 
1518834,4 100 
1518834,4 3
1518834,4 1891
1518834,4 11
1520819,83 25 
1524511,92 75 
1525720,02 72 
1525924,33 70 
1526425,89 80 
1526857,06 83 
1527116,65 64 261
1527308,53 74 172
1527308,53 63 172
1528116,73 152 
1528138,2 69 
1528950 93 
1528962,23 103 
1528962,23 101 
1532510,67 100 
1532510,67 3
1532510,67 1891
1532510,67 10
1534481,92 25 
1535360,61 75 
1536569,02 72 
1536653,14 70 
1537143,44 80 
1537678,9 83 
1538096,5 64 418
1538125,77 256 
1538405,33 74 287
1538405,33 62 287
1539214,33 150 
1539240,07 68 
1539693,72 249
1539772,47 172 
1540048,97 92 
1540048,97 65 
1540065,17 103 
1540065,17 101 
1540596,89 100 
1540596,89 3
1540596,89 1891
1540596,89 10
1542570,5 25 
1546049,32 75 
1547258,25 72 
1547341,81 70 
1547831,5 80 
1548314,32 83 
1548382,92 64 69
1548597,2 74 190
1548597,2 63 190
1549006,45 151 
1549035,16 69 
1549674,22 249 
1549778,37 183 
1549843,02 93 
1549859,99 103 
1549859,99 101 
1553401,97 100 
1553401,97 3
1553401,97 1891
1553401,97 10
1555378,25 25 
1557604,38 75 
1558811,84 72 
1558896,84 70 
1559393,21 80 
1559842,7 83 
1560128,58 64 287
1560320,96 74 172
1560320,96 63 172
1561129,02 151 
1561150,8 69 
1561581,65 249 
1561615,89 256 
1561919,43 183 
1562171,27 93 
1562187,95 103 
1562187,95 101 
1565726,42 100 
1565726,42 3
1565726,42 1891
1565726,42 11
1567706,28 25 
1569439,32 75 
1570648,31 72 
1570731,79 70 
1571223,07 80 
1571704,28 83 
1571925,03 64 220
1572137,64 74 194
1572137,64 63 194
1572545,21 150 
1572572,49 68 
1573080,41 92 
1573080,41 65 
1573103,28 103 
1573103,28 101 
1573640,05 100 
1573640,05 3
1573640,05 1891
1573640,05 11
1575609,89 25 
1578008,96 75 
1579215,61 72 
1579301,43 70 
1579795,04 80 
1580234,28 83 
1580551,93 64 318
1580726,6 74 160
1580726,6 63 160
1581538,2 152 
1581568,6 69 
1582576,34 93 
1582592,55 103 
1582592,55 101 
1586125,55 100 
1586125,55 3
1586125,55 1891
1586125,55 10
1588098,92 25 
1588124,98 75 
1589332,92 72 
1589417,08 70 
1589911,72 80 
1590456,22 83 
1590610,9 64 155
1590824,1 74 195
1590824,1 63 195
1591231,68 151 
1591257,81 69 
1591930,92 249 
1592065,07 93 
1592081,8 103 
1592081,8 101 
1595626,88 100 
1595626,88 3
1595626,88 1891
1595626,88 10
1597600,23 25 
1598706,74 75 
1599916,31 72 
1599999,22 70 
1600500,76 80 
1600985,01 83 
1601313,1 64 328
1601522,14 74 191
1601522,14 62 191
1602329,81 150 
1602359,78 68 
1602698,74 249
1602737,41 172 
1603570,66 92 
1603570,66 65 
1603596,84 103 
1603596,84 101 
1604140,3 100 
1604140,3 3
1604140,3 1891
1604140,3 11
1606116,48 25 
1608755,75 75 
1609962,89 72 
1610048,21 70 
1610536,31 80 
1610967,4 83 
1611224,37 64 257
1611399,88 74 153
1611399,88 63 153
1611808,7 150 
1611835,79 68 
1612649,28 92 
1612649,28 65 
1612672,95 103 
1612672,95 101 
1613210,39 100 
1613210,39 3
1613210,39 1891
1613210,39 11
1615179,29 25 
1615806,1 75 
1617015,49 72 
1617098,58 70 
1617587,56 80 
1618137,66 83 
1618235,21 64 98
1618522,08 74 265
1618522,08 62 265
1619331,35 151 
1619351,67 69 
1619954,31 249 
1620362,11 93 
1620376,33 103 
1620376,33 101 
1623917,48 100 
1623917,48 3
1623917,48 1891
1623917,48 11
1625894,89 25 
1627134,49 75 
1628342,28 72 
1628600,34 70 
1629452,69 80 
1630239,16 83 
1630310,62 64 72
1630545,13 74 213
1630545,13 62 213
1630957,91 151 
1630986,66 69 
1631395,54 249 
1632010,27 181 
1635582,97 256 
1637947,21 93 
1637968,75 103 
1637968,75 101 
1641501,3 100 
1641501,3 3
1641501,3 1891
1641501,3 11
1643473,83 25 
1651417,53 75 
1652575,99 250 
1652588,69 101 
1654602,35 100 
1654602,35 3
1654602,35 1891
1654602,35 11
1654602,35 25 
1654628,62 75 
1654850,47 250 
1654867,72 101 
1656881,34 100 
1656881,34 3
1656881,34 1891
1656881,34 11
1656881,34 25 
1657667,28 75 
1657701,95 250 
1657719,83 101 
1659733,45 100 
1659733,45 3
1659733,45 1891
1659733,45 11
1659733,45 25 
1660292,83 75 
1661501,15 72 
1661706,06 70 
1662209,33 80 
1662732,01 83 
1662826,82 64 96
1663033,64 74 183
1663033,64 63 183
1663845,39 150 
1663866,63 68 
1665074,66 92 
1665074,66 65 
1665090,46 103 
1665090,46 101 
1665624,68 100 
1665624,68 3
1665624,68 1891
1665624,68 10
1667596,81 25 
1668130,24 75 
1669338,65 72 
1669422,73 70 
1669903,36 80 
1670328,57 83 
1670569,78 64 242
1670747,96 74 153
1670747,96 63 153
1671158,75 153 
1671183,51 68 
1671992,32 92 
1671992,32 65 
1672007,49 103 
1672007,49 101 
1672552,32 100 
1672552,32 3
1672552,32 1891
1672552,32 11
1674527,17 25 
1676100,17 75 
1677308,81 72 
1677392,66 70 
1677878,75 80 
1678405,2 83 
1678586,05 64 181
1678780,68 74 176
1678780,68 62 176
1679190,57 151 
1679220,01 69 
1679723,25 249 
1680030,34 93 
1680044,04 103 
1680044,04 101 
1683577,05 100 
1683577,05 3
1683577,05 1891
1683577,05 10
1685549,09 25 
1689347,8 75 
1689364,13 250 
1689372,91 101 
1691386,53 100 
1691386,53 3
1691386,53 1891
1691386,53 10
1691386,53 25 
1692185,79 75 
1693393,03 72 
1693479,13 70 
1693967,69 80 
1694398,26 83 
1694827,98 64 430
1694858,2 256 
1700902,88 74 6052
1700902,88 62 6052
1701712,81 150 
1701743,71 68 
1702255,37 92 
1702255,37 65 
1702274,62 103 
1702274,62 101 
1702807,25 100 
1702807,25 3
1702807,25 1891
1702807,25 10
1704780,8 25 
1710218,9 75 
1710642,59 250 
1710657,09 101 
1712670,74 100 
1712670,74 3
1712670,74 1891
1712670,74 10
1712670,74 25 
1714576,64 75 
1714989,55 250 
1715001,9 101 
1717015,64 100 
1717015,64 3
1717015,64 1891
1717015,64 10
1717015,64 25 
1717375,97 75 
1717387,64 250 
1717400,95 101 
1719401,24 100 
1719401,24 3
1719401,24 1891
1719401,24 10
1719401,24 25 
1719787,28 75 
1720995,22 72 
1721067,31 70 
1721555,75 80 
1722039,74 83 
1722199,71 64 161
1722389,79 74 177
1722389,79 63 177
1723198,58 151 
1723227,03 69 
1723622,68 249 
1723735,47 93 
1723745,31 103 
1723745,31 101 
1727285,23 100 
1727285,23 3
1727285,23 1891
1727285,23 11
1729263,75 25 
1731769,63 75 
1732977,09 72 
1733062,2 70 
1733552,5 80 
1734074,64 83 
1734183,13 64 109
1734402,42 74 195
1734402,42 63 195
1734815,87 150 
1734836,18 68 
1735346,34 92 
1735346,34 65 
1735366,98 103 
1735366,98 101 
1735902,15 100 
1735902,15 3
1735902,15 1891
1735902,15 10
1737873,35 25 
1737901,15 75 
1739108,33 72 
1739192,83 70 
1739675,57 80 
1740125,33 83 
1740294,94 64 170
1740477,6 74 167
1740477,6 63 167
1741289,39 151 
1741312,56 69 
1741825,06 93 
1741844,17 103 
1741844,17 101 
1745376,21 100 
1745376,21 3
1745376,21 1891
1745376,21 10
1747349,24 25 
1751734,42 75 
1752942,14 72 
1753026,91 70 
1753511,55 80 
1753999,37 83 
1754280,93 64 282
1754490,34 74 185
1754490,34 63 185
1754898,97 151 
1754920,88 69 
1755431,17 249 
1755665,89 183 
1755931,13 93 
1755945,63 103 
1755945,63 101 
1759489,32 100 
1759489,32 3
1759489,32 1891
1759489,32 11
1761463,16 25 
1764595,57 75 
1765801,78 72 
1766061,45 70 
1766868,83 80 
1767593,51 83 
1767659,9 64 67
1767928,22 74 255
1767928,22 62 255
1768335,67 151 
1768355,25 69 
1768941,69 249 
1768972,83 182 
1769163,66 93 
1769179,1 103 
1769179,1 101 
1772713,61 100 
1772713,61 3
1772713,61 1891
1772713,61 11
1774684,24 25 
1777216,81 75 
1777222,99 250 
1777241,87 101 
1779255,56 100 
1779255,56 3
1779255,56 1891
1779255,56 11
1779255,56 25 
1780467,9 75 
1780590,44 250 
1780600,41 101 
1782614,13 100 
1782614,13 3
1782614,13 1891
1782614,13 11
1782614,13 25 
1785665,75 75 
1785672,27 250 
1785678,23 101 
1787691,88 100 
1787691,88 3
1787691,88 1891
1787691,88 11
1787691,88 25 
1794675,15 75 
1794721,95 250 
1794741,02 101 
1796754,76 100 
1796754,76 3
1796754,76 1891
1796754,76 11
1796754,76 25 
1798020,38 75 
1798041,48 250 
1798059,62 101 
1800059,97 100 
1800059,97 3
1800059,97 1891
1800059,97 11
1800059,97 25 
1800099,85 75 
1801196,51 250 
1801204,91 101 
1803218,67 100 
1803218,67 3
1803218,67 1891
1803218,67 11
1803218,67 25 
1803578,03 75 
1804785,73 72 
1805044,76 70 
1805854,33 80 
1806595,09 250 
1806616,3 101 
1808629,61 100 
1808629,61 3
1808629,61 1891
1808629,61 11
1808629,61 25 
1809389,62 75 
1810598,09 72 
1810935,44 70 
1811544,89 80 
1812081,07 83 
1812233,5 64 152
1812406,96 74 153
1812406,96 63 153
1813217,91 150 
1813242,49 68 
1813753,28 92 
1813753,28 65 
1813773,33 103 
1813773,33 101 
1814310,41 100 
1814310,41 3
1814310,41 1891
1814310,41 10
1816279,63 25 
1816666,6 75 
1817874,4 72 
1818092,28 70 
1818591,26 80 
1819024,79 83 
1819324,41 64 300
1819515,16 74 171
1819515,16 63 171
1819924,47 151 
1819945,55 69 
1820954,56 93 
1820970,23 103 
1820970,23 101 
1824514,53 100 
1824514,53 3
1824514,53 1891
1824514,53 10
1826488,6 25 
1828314,95 75 
1828379,26 250 
1828393,3 101 
1830406,92 100 
1830406,92 3
1830406,92 1891
1830406,92 10
1830406,92 25 
1830486,46 75 
1830580,36 250 
1830592,29 101 
1832605,95 100 
1832605,95 3
1832605,95 1891
1832605,95 10
1832605,95 25 
1832712,16 75 
1832747,7 250 
1832764,69 101 
1834778,33 100 
1834778,33 3
1834778,33 1891
1834778,33 10
1834778,33 25 
1834804,63 75 
1836013,22 72 
1836097,94 70 
1836587,64 80 
1837123,65 83 
1837277,1 64 154
1837487,62 74 192
1837487,62 62 192
1838296,97 150 
1838325,01 68 
1838749,67 249
1838849,05 256 
1838896,27 173 
1849644,8 92 
1849644,8 65 
1849664,59 103 
1849664,59 101 
1850199,41 100 
1850199,41 3
1850199,41 1891
1850199,41 11
1852170,88 25 
1854903,57 75 
1856113,16 72 
1856195,95 70 
1856685,36 80 
1857168,39 83 
1857509,19 64 341
1857727,68 74 200
1857727,68 62 200
1858136,29 151 
1858156,51 69 
1858668,18 93 
1858687,36 103 
1858687,36 101 
1862220,2 100 
1862220,2 3
1862220,2 1891
1862220,2 10
1864192,41 25 
1868418,6 75 
1868425,36 250 
1868442,72 101 
1870456,35 100 
1870456,35 3
1870456,35 1891
1870456,35 10
1870456,35 25 
1872188,63 75 
1872239,39 250 
1872254,41 101 
1874268,09 100 
1874268,09 3
1874268,09 1891
1874268,09 10
1874268,09 25 
1884269,68 254 
1884289,65 101 
1886302,13 100 
1886302,13 3
1886302,13 1891
1886302,13 10
1886302,13 25 
1886915,56 75 
1887350,02 250 
1887367,92 101 
1889381,62 100 
1889381,62 3
1889381,62 1891
1889381,62 10
1889381,62 25 
1889954,28 75 
1895083,96 72 
1895165,86 70 
1895655,81 80 
1896085,02 83 
1896303,53 64 219
1896495,66 74 172
1896495,66 63 172
1897307,61 151 
1897326,62 69 
1897639,76 249 
1897932,45 183 
1898137,57 93 
1898150,43 103 
1898150,43 101 
1901697,49 100 
1901697,49 3
1901697,49 1891
1901697,49 11
1903668,8 25 
1903696,27 75 
1904905,18 72 
1904988,34 70 
1905478,49 80 
1906014,08 83 
1906324,99 64 311
1906503,38 256 
1906555,07 74 208
1906555,07 63 208
1907365,77 150 
1907388,8 68 
1907897,56 92 
1907897,56 65 
1907919,59 103 
1907919,59 101 
1908452,07 100 
1908452,07 3
1908452,07 1891
1908452,07 11
1910425,91 25 
1914024,91 75 
1915234,84 72 
1915317,21 70 
1915815,36 80 
1916249,68 83 
1916526,73 64 278
1916717,58 74 176
1916717,58 62 176
1917127,73 153 
1917157,86 68 
1917531,63 249
1917610,44 172 
1917968,93 92 
1917968,93 65 
1917981,95 103 
1917981,95 101 
1918513,72 100 
1918513,72 3
1918513,72 1891
1918513,72 10
1920488,26 25 
1921115,03 75 
1922325,25 72 
1922527,48 70 
1923032,72 80 
1923526,6 83 
1924525,79 64 1000
1924546,55 256 
1924578,29 74 39
1924578,29 62 39
1925392,39 251 
1925392,39 243 
1925405,3 101 
1927418,56 100 
1927418,56 3
1927418,56 1891
1927418,56 10
1927418,56 25 
1927525,58 75 
1927562,64 250 
1927577,35 101 
1929577,82 100 
1929577,82 3
1929577,82 1891
1929577,82 10
1929577,82 25 
1931509,76 75 
1932715,66 72 
1932789,74 70 
1933273,04 80 
1933762,18 83 
1933952,68 64 191
1934145,04 74 170
1934145,04 63 170
1934955,5 151 
1934976,89 69 
1935318,43 249 
1935488,56 93 
1935493,65 183 
1935521,08 103 
1935521,08 101 
1939062,09 100 
1939062,09 3
1939062,09 1891
1939062,09 10
1941039,37 25 
1942425,82 75 
1942655,38 250 
1942664,2 101 
1944677,86 100 
1944677,86 3
1944677,86 1891
1944677,86 10
1944677,86 25 
1949528,72 75 
1950532,67 250 
1950540,82 101 
1952554,45 100 
1952554,45 3
1952554,45 1891
1952554,45 10
1952554,45 25 
1953526,97 75 
1954737,06 72 
1954820,32 70 
1955305,56 80 
1955792,73 83 
1955991,03 64 199
1956197,9 74 192
1956197,9 63 192
1956607,53 151 
1956634,3 69 
1956732,15 249 
1957066,9 183 
1957170,15 93 
1957191,75 103 
1957191,75 101 
1960729,24 100 
1960729,24 3
1960729,24 1891
1960729,24 11
1962696,81 25 
1964789,57 75 
1965996,87 72 
1966082,1 70 
1966571,55 80 
1967107,99 83 
1967443,26 64 336
1967625,29 74 158
1967625,29 62 158
1968431,92 151 
1968455,23 69 
1968994,69 249 
1969267,79 93 
1969279,89 103 
1969279,89 101 
1972813,03 100 
1972813,03 3
1972813,03 1891
1972813,03 11
1974784,92 25 
1978383,73 75 
1979594,58 72 
1979676,27 70 
1980161,55 80 
1980595,41 83 
1980707,19 64 112
1980946,41 74 218
1980946,41 63 218
1981355,78 150 
1981383,74 68 
1981455,57 249
1981703,96 173 
1982196,53 92 
1982196,53 65 
1982221,01 103 
1982221,01 101 
1982764,07 100 
1982764,07 3
1982764,07 1891
1982764,07 11
1984741,59 25 
1992670,95 75 
1993878,84 72 
1993963,51 70 
1994444,04 80 
1994962,55 83 
1995585,36 64 623
1995791,03 74 189
1995791,03 62 189
1996200,12 151 
1996229,88 69 
1996728,2 249 
1997238,82 93 
1997254,56 103 
1997254,56 101 
2000786,54 100 
2000786,54 3
2000786,54 1891
2000786,54 10
2002759,65 25 
2006958,11 75 
2006989,47 250 
2006996,61 101 
2009011,29 100 
2009011,29 3
2009011,29 1891
2009011,29 10
2009011,29 25 
2013567,91 75 
2014775,66 72 
2014847,93 70 
2015336,41 80 
2015755,05 250 
2015766,61 101 
2017779,79 100 
2017779,79 3
2017779,79 1891
2017779,79 10
2017779,79 25 
2017806,81 75 
2019014,54 72 
2019099,37 70 
2019583,82 80 
2020071,82 83 
2020288,35 64 217
2030315,47 252 
2030333,61 101 
2032346,87 100 
2032346,87 3
2032346,87 1891
2032346,87 10
2032346,87 25 
2033693,33 75 
2034079,59 250 
2034091,63 101 
2036105,32 100 
2036105,32 3
2036105,32 1891
2036105,32 10
2036105,32 25 
2036131,67 75 
2037340,06 72 
2037598,05 70 
2038327,82 250 
2038343,52 101 
2040356,82 100 
2040356,82 3
2040356,82 1891
2040356,82 10
2040356,82 25 
2040384,23 75 
2041659,2 72 
2041675,41 70 
2041787,28 80 
2042603,05 250 
2042621,67 101 
2044634,95 100 
2044634,95 3
2044634,95 1891
2044634,95 10
2044634,95 25 
2044662,43 75 
2045869,06 72 
2046127,78 70 
2046916,98 80 
2047699,94 83 
2047738,53 64 39
2047940,89 74 188
2047940,89 62 188
2048749,21 150 
2048768,17 68 
2049096,27 249
2049166,01 172 
2049976,73 92 
2049976,73 65 
2049991,97 103 
2049991,97 101 
2050529,03 100 
2050529,03 3
2050529,03 1891
2050529,03 11
2052498,37 25 
2052991,77 75 
2054200,53 72 
2054457,47 70 
2055262,18 80 
2055883,13 83 
2055955,72 64 73
2056137 74 161
2056137 63 161
2056545,89 150 
2056564,79 68 
2057007,46 249
2057033,52 256 
2057132,72 173 
2057572,19 92 
2057572,19 65 
2057588,67 103 
2057588,67 101 
2058130,39 100 
2058130,39 3
2058130,39 1891
2058130,39 10
2060108,33 25 
2061721,31 75 
2062929,56 72 
2063253,76 70 
2063857,55 80 
2064452,73 83 
2064513,4 64 61
2064719,49 74 187
2064719,49 62 187
2065528,42 150 
2065547,65 68 
2065874,45 249
2065977,93 172 
2066056,8 92 
2066056,8 65 
2066078,37 103 
2066078,37 101 
2066612,06 100 
2066612,06 3
2066612,06 1891
2066612,06 10
2068584,72 25 
2069744,63 75 
2070952,34 72 
2071157 70 
2071814,41 80 
2072356,08 83 
2072557,08 64 201
2072712,07 74 130
2072712,07 62 130
2073523,61 150 
2073544,33 68 
2073821,22 249
2073879,46 172 
2074356,8 92 
2074356,8 65 
2074381,46 103 
2074381,46 101 
2074915,04 100 
2074915,04 3
2074915,04 1891
2074915,04 11
2076887,79 25 
2086889,97 254 
2086909,34 101 
2088921,79 100 
2088921,79 3
2088921,79 1891
2088921,79 11
2088921,79 25 
2098852,04 75 
2098917,18 250 
2098930,46 101 
2100944,1 100 
2100944,1 3
2100944,1 1891
2100944,1 11
2100944,1 25 
2110944,77 254 
2110952,47 101 
2112964,85 100 
2112964,85 3
2112964,85 1891
2112964,85 11
2112964,85 25 
2112992,21 75 
2114200,55 72 
2114405,1 70 
2114909,13 80 
2115457,55 83 
2115543,18 64 86
2115571,24 256 
2115640,07 74 76
2115640,07 62 76
2116673,47 151 
2116698,17 69 
2117000,82 249 
2117206,72 93 
2117216,39 103 
2117216,39 101 
2120765,74 100 
2120765,74 3
2120765,74 1891
2120765,74 10
2122734,75 25 
2127946,28 75 
2128519,36 250 
2128531,09 101 
2130544,76 100 
2130544,76 3
2130544,76 1891
2130544,76 10
2130544,76 25 
2132810,42 75 
2132857,82 250 
2132875,9 101 
2134877,26 100 
2134877,26 3
2134877,26 1891
2134877,26 10
2134877,26 25 
2134902,59 75 
2136110,12 72 
2136195,77 70 
2136674,83 80 
2137154,94 83 
2137201,65 64 48
2137378,95 74 158
2137378,95 62 158
2138191,83 152 
2138222,3 69 
2138622,25 249 
2139031,81 93 
2139047,06 103 
2139047,06 101 
2142580,04 100 
2142580,04 3
2142580,04 1891
2142580,04 10
2144552,03 25 
2147524,5 75 
2148731,28 72 
2148803,74 70 
2149290,31 80 
2149829,49 83 
2150423,57 64 595
2150618,55 74 177
2150618,55 62 177
2151030,77 150 
2151056,78 68 
2151451,6 249
2152267,93 92 
2152267,93 65 
2152294,68 103 
2152294,68 101 
2152827,99 100 
2152827,99 3
2152827,99 1891
2152827,99 11
2154814,39 25 
2163477,69 75 
2163552,68 250 
2163569,4 101 
2165583,02 100 
2165583,02 3
2165583,02 1891
2165583,02 11
2165583,02 25 
2169447,69 75 
2169454,27 250 
2169473,73 101 
2171487,25 100 
2171487,25 3
2171487,25 1891
2171487,25 11
2171487,25 25 
2172087,07 75 
2172145,74 250 
2172152,37 101 
2174166 100 
2174166 3
2174166 1891
2174166 11
2174166 25 
2175978,15 75 
2177184,85 72 
2177258,11 70 
2177743,83 80 
2178177,27 83 
2178463,01 64 286
2178632,78 74 150
2178632,78 63 150
2179444,16 150 
2179471,28 68 
2179981,09 92 
2179981,09 65 
2180002,8 103 
2180002,8 101 
2180543 100 
2180543 3
2180543 1891
2180543 11
2182522,46 25 
2183575,8 75 
2184784,17 72 
2184870,24 70 
2185353,63 80 
2185787,32 83 
2185864,17 64 77
2185900,67 256 
2186126,41 74 246
2186126,41 62 246
2186534,67 151 
2186562,44 69 
2186742,2 249 
2187415,97 256 
2201112,32 181 
2214273,9 93 
2214294,73 103 
2214294,73 101 
2217834,75 100 
2217834,75 3
2217834,75 1891
2217834,75 11
2219813,09 25 
2229815,74 254 
2229834,64 101 
2231847,14 100 
2231847,14 3
2231847,14 1891
2231847,14 11
2231847,14 25 
2232581,36 75 
2233790,03 72 
2234047,12 70 
2234709,71 80 
2235352,81 83 
2235360,04 64 8
2235514,9 74 136
2235514,9 61 136
2235926,86 151 
2235955,2 69 
2236466,89 93 
2236485,26 103 
2236485,26 101 
2240018,64 100 
2240018,64 3
2240018,64 1891
2240018,64 11
2241990,26 25 
2244309,68 75 
2245519,24 72 
2245735,42 70 
2246228,23 80 
2246707,88 83 
2247032,67 64 326
2247219,02 74 165
2247219,02 63 165
2248030,55 150 
2248055,83 68 
2248867,23 92 
2248867,23 65 
2248893,29 103 
2248893,29 101 
2249435,78 100 
2249435,78 3
2249435,78 1891
2249435,78 11
2251412,86 25 
2252519,39 75 
2253727,74 72 
2253811,92 70 
2254292,08 80 
2254771,09 83 
2254826,77 64 56
2255005,79 74 155
2255005,79 63 155
2255415,71 150 
2255439,46 68 
2255949,73 92 
2255949,73 65 
2255970,21 103 
2255970,21 101 
2256502,8 100 
2256502,8 3
2256502,8 1891
2256502,8 10
2258476,51 25 
2266100,25 75 
2267308,78 72 
2267392,75 70 
2267871,65 80 
2268298,62 83 
2269048,89 64 751
2269221,26 74 150
2269221,26 62 150
2270028,38 150 
2270046,52 68 
2270381,43 249
2270434,82 172 
2270855,18 92 
2270855,18 65 
2270870,47 103 
2270870,47 101 
2271406,15 100 
2271406,15 3
2271406,15 1891
2271406,15 11
2273376,86 25 
2274443,37 75 
2275651,07 72 
2275735,84 70 
2276215,56 80 
2276748,33 83 
2276755,01 64 7
2276908,81 74 134
2276908,81 62 134
2277322,57 151 
2277350,27 69 
2277782,18 249 
2277860,16 93 
2277880,79 103 
2277880,79 101 
2281418,68 100 
2281418,68 3
2281418,68 1891
2281418,68 10
2283399,09 25 
2286318,26 75 
2287525,47 72 
2287610,79 70 
2288095,43 80 
2288529,93 83 
2288826,18 64 297
2288987,8 256 
2290502,36 74 1653
2290502,36 62 1653
2291312,94 150 
2291344,03 68 
2291637,18 249
2291687,5 172 
2291853,51 92 
2291853,51 65 
2291874,75 103 
2291874,75 101 
2292406,34 100 
2292406,34 3
2292406,34 1891
2292406,34 10
2294381,08 25 
2298459,69 75 
2299669,21 72 
2299752,21 70 
2300237,55 80 
2300738 83 
2300851,52 64 113
2301040,97 74 170
2301040,97 62 170
2301450,78 150 
2301472,24 68 
2301806,23 249
2301837,41 172 
2302283,24 92 
2302283,24 65 
2302310,31 103 
2302310,31 101 
2306011,9 102 
