94,13 100 
94,13 5
94,13 1938
94,13 11
2034,06 25 
11228,43 75 
11905,63 250 
11921,2 101 
13934,45 100 
13934,45 5
13934,45 1938
13934,45 11
13934,45 25 
13960,75 75 
14010,76 250 
14026,65 101 
16041,53 100 
16041,53 5
16041,53 1938
16041,53 11
16041,53 25 
16066,6 75 
16974,94 72 
17239,04 70 
18547,39 80 
19345,11 83 
19376,17 64 31
19536,99 74 138
19536,99 62 138
19951,79 150 
19971,94 68 
20271,09 249
20359,06 172 
20496,9 92 
20496,9 65 
20519,56 103 
20519,56 101 
21050,03 100 
21050,03 5
21050,03 1938
21050,03 10
23023,97 25 
23051,19 75 
23960,81 72 
24290,39 70 
25387,4 80 
26035,78 83 
26286,52 64 251
26457,32 74 156
26457,32 62 156
27266,45 151 
27288,77 69 
27638,08 249 
27801,01 93 
27821,27 103 
27821,27 101 
31356,98 100 
31356,98 5
31356,98 1938
31356,98 10
33326,28 25 
33353,64 75 
34261,75 72 
34472,59 70 
35613,91 80 
36098,19 83 
36367,03 64 269
36531,37 74 139
36531,37 61 139
36940,06 153 
36965,54 68 
37009,6 249
37194,74 171
38176,23 92 
38176,23 65 
38190,28 103 
38190,28 101 
38727,99 100 
38727,99 5
38727,99 1938
38727,99 10
40696,67 25 
40723,97 75 
41631,85 72 
41722,91 70 
42710,62 80 
43241,86 83 
43444,18 64 202
43607,08 74 139
43607,08 61 139
44418,51 151 
44442,4 69 
45453,6 93 
45467,17 103 
45467,17 101 
49005,76 100 
49005,76 5
49005,76 1938
49005,76 11
50985,57 25 
51013,83 75 
51923,14 72 
51998,57 70 
52992,91 80 
53437,55 83 
53761,6 64 325
53925,63 74 141
53925,63 61 141
54336,8 151 
54359,11 69 
54868,94 93 
54889,94 103 
54889,94 101 
58423,73 100 
58423,73 5
58423,73 1938
58423,73 11
60394,91 25 
60422,21 75 
61330,22 72 
61407,96 70 
62390,77 80 
62873,57 83 
63135,99 64 263
63317,64 74 164
63317,64 63 164
64131,73 151 
64154,87 69 
64963,56 93 
64978,99 103 
64978,99 101 
68521,62 100 
68521,62 5
68521,62 1938
68521,62 10
70497,42 25 
70528,28 75 
71435,18 72 
71510,4 70 
72500,81 80 
72989,3 83 
73861,07 64 872
74195,07 74 313
74195,07 62 313
75004,52 151 
75030,45 69 
75531,95 249 
75772,33 182 
77048,7 93 
77067,22 103 
77067,22 101 
80601,37 100 
80601,37 5
80601,37 1938
80601,37 11
82572,29 25 
82600,33 75 
83507,88 72 
83585,29 70 
84579,15 80 
85117,53 83 
85332,68 64 216
85514,1 74 157
85514,1 61 157
85925,07 151 
85945,7 69 
86454,54 93 
86476,59 103 
86476,59 101 
90011,62 100 
90011,62 5
90011,62 1938
90011,62 11
91981,88 25 
92009,2 75 
92917,55 72 
92994,65 70 
93979,44 80 
94406,98 83 
95102,45 64 696
95419,37 74 293
95419,37 62 293
95830,23 150 
95848,63 68 
96121,4 249
96234,51 172 
96658,12 92 
96658,12 65 
96672,29 103 
96672,29 101 
97213,94 100 
97213,94 5
97213,94 1938
97213,94 10
99191,93 25 
99232,51 75 
100141,63 72 
100218,25 70 
101221,13 80 
101710,55 83 
101943,23 64 234
102163,4 74 200
102163,4 63 200
102974,99 150 
103004,57 68 
103814,05 92 
103814,05 65 
103829,29 103 
103829,29 101 
104364,7 100 
104364,7 5
104364,7 1938
104364,7 11
106335,59 25 
106363,12 75 
107270,93 72 
107348,63 70 
108336,91 80 
108761,31 83 
109041,63 64 281
109221,09 74 154
109221,09 63 154
109628,66 151 
109655,71 69 
110663,52 93 
110679,73 103 
110679,73 101 
114212,4 100 
114212,4 5
114212,4 1938
114212,4 10
116184,78 25 
116214,11 75 
117122,08 72 
117197,83 70 
118188,8 80 
118730,06 83 
119406,7 64 677
119751,73 74 329
119751,73 62 329
120561,36 151 
120584,46 69 
121201,34 249 
121396,81 93 
121408,64 103 
121408,64 101 
124953,38 100 
124953,38 5
124953,38 1938
124953,38 11
126926,91 25 
126954,62 75 
127863,49 72 
127939,93 70 
128922,91 80 
129445,71 83 
129789,88 64 344
129995,2 74 191
129995,2 61 191
130803,99 151 
130832,71 69 
131747,8 249 
131842,1 93 
131857,57 103 
131857,57 101 
135392,04 100 
135392,04 5
135392,04 1938
135392,04 10
137362,52 25 
137390,05 75 
138297 72 
138562,24 70 
139878,76 80 
140667,5 83 
141824,94 64 1158
142196,15 74 356
142196,15 62 356
142607,05 151 
142627,74 69 
143139,9 93 
143159,45 103 
143159,45 101 
146694,91 100 
146694,91 5
146694,91 1938
146694,91 10
148664,43 25 
148691,72 75 
149599,07 72 
149810,73 70 
150810,96 80 
151236,44 83 
152041,05 64 805
152593,34 74 531
152593,34 61 531
153003,09 151 
153024,2 69 
153832,77 93 
153848,27 103 
153848,27 101 
157390,16 100 
157390,16 5
157390,16 1938
157390,16 11
159366,66 25 
159393,88 75 
160299,89 72 
160379,7 70 
161371,75 80 
161911,86 83 
163056,79 64 1145
163321,07 74 250
163321,07 62 250
164128,49 150 
164152,78 68 
164417,59 249
164504,09 172 
165361,53 92 
165361,53 65 
165376,8 103 
165376,8 101 
165911,99 100 
165911,99 5
165911,99 1938
165911,99 10
167883,05 25 
167913,06 75 
168821,36 72 
168896,12 70 
169892,41 80 
170308,37 83 
170539,14 64 231
170722,55 74 162
170722,55 63 162
171132,97 150 
171162,43 68 
171973,59 92 
171973,59 65 
171987,36 103 
171987,36 101 
172520,38 100 
172520,38 5
172520,38 1938
172520,38 10
174493,57 25 
174520,83 75 
175427,58 72 
175506,69 70 
176497,01 80 
176972,19 83 
177102,68 64 131
177265,46 74 147
177265,46 63 147
178074,27 150 
178093,69 68 
178518,8 249
178560,57 173 
178605,84 92 
178605,84 65 
178624,51 103 
178624,51 101 
179171,87 100 
179171,87 5
179171,87 1938
179171,87 11
181144,2 25 
181172,33 75 
182080,61 72 
182157,17 70 
183147,44 80 
183582,8 83 
183963,94 64 381
184173,42 74 192
184173,42 62 192
184986,24 150 
185010,69 68 
185307,77 249
185375,15 172 
185518,9 92 
185518,9 65 
185541,59 103 
185541,59 101 
186073,85 100 
186073,85 5
186073,85 1938
186073,85 11
188047,91 25 
188075,1 75 
188983,04 72 
189060,9 70 
190050,59 80 
190539,86 83 
190777,61 64 238
190801,06 256 
190816,75 74 24
190816,75 62 24
191315,34 152 
191340,22 69 
191720,05 249 
192775,48 93 
192791,85 103 
192791,85 101 
196328,83 100 
196328,83 5
196328,83 1938
196328,83 10
198296,9 25 
198324,16 75 
199230,39 72 
199309,91 70 
200290,84 80 
200815,49 83 
201003,81 64 189
201157,39 74 129
201157,39 63 129
201965,61 150 
201989,52 68 
202798,45 92 
202798,45 65 
202814,33 103 
202814,33 101 
203353,58 100 
203353,58 5
203353,58 1938
203353,58 11
205333,93 25 
205361,19 75 
206268,61 72 
206346,95 70 
207339,27 80 
207825,96 83 
207959,58 64 134
207979,7 256 
208007,22 74 35
208007,22 62 35
208507,43 150 
208534,18 68 
208821,67 249
208882,75 172 
209045,54 92 
209045,54 65 
209065,07 103 
209065,07 101 
209597,22 100 
209597,22 5
209597,22 1938
209597,22 11
211571,29 25 
211598,57 75 
212506,4 72 
212584,34 70 
213571,76 80 
214089,93 83 
214169,35 64 80
214203,22 256 
214217,58 74 22
214217,58 62 22
215029,51 150 
215050,64 68 
215326,78 249
215382,11 172 
216257,9 92 
216257,9 65 
216275,37 103 
216275,37 101 
216806,84 100 
216806,84 5
216806,84 1938
216806,84 10
218781,63 25 
218809,04 75 
219716,37 72 
219794,64 70 
220784,85 80 
221220,47 83 
221441,37 64 222
221588,94 74 129
221588,94 63 129
222000,93 150 
222021,05 68 
222057,37 249
222239,44 173 
222831,46 92 
222831,46 65 
222846,12 103 
222846,12 101 
223393,2 100 
223393,2 5
223393,2 1938
223393,2 10
225365,59 25 
225392,68 75 
226300,59 72 
226378,57 70 
227363,31 80 
227790,91 83 
228010,12 64 219
228133,52 74 103
228133,52 63 103
228945,96 150 
228965,74 68 
230176,57 92 
230176,57 65 
230202,78 103 
230202,78 101 
230734,88 100 
230734,88 5
230734,88 1938
230734,88 10
232709,06 25 
232736,26 75 
233644,33 72 
233722,12 70 
234707,54 80 
235187,89 83 
235388,51 64 201
235539,62 74 139
235539,62 63 139
235951,19 150 
235976,04 68 
236785,23 92 
236785,23 65 
236813,39 103 
236813,39 101 
237345,49 100 
237345,49 5
237345,49 1938
237345,49 11
239319,67 25 
239346,87 75 
240255,3 72 
240332,75 70 
241326,1 80 
241851,99 83 
241953,21 64 101
242109,24 74 139
242109,24 62 139
242919,23 152 
242945,63 69 
243533,74 249 
243956,05 93 
243970,36 103 
243970,36 101 
247508,4 100 
247508,4 5
247508,4 1938
247508,4 11
249488,67 25 
249516,23 75 
250425,19 72 
250688,47 70 
251853,57 80 
252393,82 83 
252724,51 64 331
252972,75 74 233
252972,75 62 233
253381,35 150 
253408,56 68 
253702,74 249
253763,34 172 
253917,22 92 
253917,22 65 
253939,5 103 
253939,5 101 
254475,84 100 
254475,84 5
254475,84 1938
254475,84 10
256445,8 25 
256473,01 75 
257380,98 72 
257458,78 70 
258447,56 80 
258991,05 83 
259094,84 64 104
259279,61 74 168
259279,61 63 168
260091,4 150 
260111,69 68 
261324,5 92 
261324,5 65 
261349,68 103 
261349,68 101 
261882,39 100 
261882,39 5
261882,39 1938
261882,39 11
263856,03 25 
264229,64 75 
265139,06 72 
265215,56 70 
266209,98 80 
266641,13 83 
266791,39 64 151
266938,04 74 124
266938,04 62 124
267350,37 150 
267376,1 68 
267641,84 249
267717,08 172 
268185,14 92 
268185,14 65 
268200,15 103 
268200,15 101 
268744,55 100 
268744,55 5
268744,55 1938
268744,55 10
270719,83 25 
270748,15 75 
271656,97 72 
271732,79 70 
272726,98 80 
273251,69 83 
273358,84 64 107
273528,67 74 144
273528,67 63 144
273939,71 150 
273959,19 68 
275166,58 92 
275166,58 65 
275183,87 103 
275183,87 101 
275717,97 100 
275717,97 5
275717,97 1938
275717,97 10
277690,2 25 
278103,67 75 
279011,78 72 
279089,69 70 
280076,78 80 
280502,01 83 
280733,09 64 231
280907,74 74 153
280907,74 63 153
281716,81 150 
281743,35 68 
282551,48 92 
282551,48 65 
282567,44 103 
282567,44 101 
283106,33 100 
283106,33 5
283106,33 1938
283106,33 11
285087,06 25 
285114,78 75 
286023,42 72 
286100,2 70 
287096,96 80 
287579 83 
287757,42 64 179
287901,97 74 123
287901,97 62 123
288313,07 152 
288339,8 69 
288645,27 249 
288841,59 256 
289382,44 182 
290369,07 93 
290390,83 103 
290390,83 101 
293929,97 100 
293929,97 5
293929,97 1938
293929,97 10
295909,17 25 
295939,15 75 
296846,3 72 
296922,3 70 
297917,39 80 
298347,97 83 
298688,35 64 341
298916,16 74 208
298916,16 63 208
299727,88 150 
299749,06 68 
300260,5 92 
300260,5 65 
300279,99 103 
300279,99 101 
300815,81 100 
300815,81 5
300815,81 1938
300815,81 11
302786,26 25 
302813,6 75 
303721,19 72 
303799,33 70 
304792,5 80 
305278,34 83 
305466,5 64 189
305619,51 74 129
305619,51 62 129
306027,42 150 
306053,99 68 
306347,61 249
306405,95 172 
307262,72 92 
307262,72 65 
307277,02 103 
307277,02 101 
307811,01 100 
307811,01 5
307811,01 1938
307811,01 11
309783,33 25 
309810,56 75 
310719,45 72 
310796,58 70 
311775,64 80 
312315,32 83 
312433,27 64 119
312577,31 74 130
312577,31 62 130
313389,46 150 
313409,34 68 
313670,38 249
313758 172 
314219,82 92 
314219,82 65 
314234,12 103 
314234,12 101 
314780,85 100 
314780,85 5
314780,85 1938
314780,85 11
316753,73 25 
316781,03 75 
317690,36 72 
317780,1 70 
318768,73 80 
319192,39 83 
319384,85 64 193
319537,16 74 132
319537,16 62 132
320346,46 150 
320367,13 68 
320625,49 249
320728,95 172 
321577,49 92 
321577,49 65 
321591,02 103 
321591,02 101 
322122,2 100 
322122,2 5
322122,2 1938
322122,2 10
324097,29 25 
324124,53 75 
325030,36 72 
325110,41 70 
326093,88 80 
326642,58 83 
326717,84 64 76
326885,82 74 150
326885,82 63 150
327294,88 150 
327323,42 68 
327834,04 92 
327834,04 65 
327855,09 103 
327855,09 101 
328389,55 100 
328389,55 5
328389,55 1938
328389,55 11
330361,31 25 
330802,47 75 
331711,92 72 
331787,49 70 
332776,99 80 
333266,44 83 
333351,39 64 86
333505,65 74 133
333505,65 62 133
333914,74 150 
333934,74 68 
334228,77 249
334745,14 92 
334745,14 65 
334758,93 103 
334758,93 101 
335299,07 100 
335299,07 5
335299,07 1938
335299,07 10
337278,43 25 
337305,69 75 
338214,94 72 
338291,46 70 
339281,61 80 
339770,38 83 
339807,19 64 37
339961,34 74 138
339961,34 63 138
340772,11 150 
340797,7 68 
341605,75 92 
341605,75 65 
341622,6 103 
341622,6 101 
342158,11 100 
342158,11 5
342158,11 1938
342158,11 11
344128,92 25 
344316,83 75 
345223,84 72 
345301,83 70 
346285,43 80 
346714,15 83 
346897,02 64 183
347041,75 74 128
347041,75 62 128
347454,9 152 
347475,02 69 
348028,11 249 
348146,27 256 
349623,8 182 
349677,96 93 
349699,22 103 
349699,22 101 
353230,48 100 
353230,48 5
353230,48 1938
353230,48 10
355204,22 25 
355231,43 75 
355238,42 250 
355256,49 101 
357270,06 100 
357270,06 5
357270,06 1938
357270,06 10
357270,06 25 
357296,27 75 
358204,22 72 
358416,37 70 
359429,86 80 
359988,56 83 
360101,11 64 113
360306,48 74 185
360306,48 63 185
361115,66 150 
361136,64 68 
362348,69 92 
362348,69 65 
362373,9 103 
362373,9 101 
362915,87 100 
362915,87 5
362915,87 1938
362915,87 11
364893,51 25 
365040,5 75 
365948,59 72 
366026,5 70 
367023,53 80 
367505,38 83 
367638,7 64 134
367755,6 74 104
367755,6 62 104
368567,49 150 
368586,86 68 
368855,52 249
368921,87 172 
369796,2 92 
369796,2 65 
369810,74 103 
369810,74 101 
370343,03 100 
370343,03 5
370343,03 1938
370343,03 10
372317,01 25 
372344,2 75 
373252,71 72 
373330,03 70 
374329,8 80 
374769,05 83 
374964,64 64 196
375138,95 74 157
375138,95 63 157
375549,14 150 
375569,81 68 
376081,95 92 
376081,95 65 
376101,45 103 
376101,45 101 
376640,69 100 
376640,69 5
376640,69 1938
376640,69 10
378607,81 25 
378635,06 75 
379545,67 72 
379620,94 70 
380614,36 80 
381166,29 83 
381198,13 64 31
381360,24 74 142
381360,24 63 142
381772,44 150 
381794,8 68 
382607,56 92 
382607,56 65 
382631,99 103 
382631,99 101 
383175,42 100 
383175,42 5
383175,42 1938
383175,42 10
385151,62 25 
385685,28 75 
386594,88 72 
386684,46 70 
387687,58 80 
388216,79 83 
388311,87 64 95
388463,79 256 
388477,25 74 142
388477,25 63 142
389288,3 150 
389311,42 68 
389675,02 249
389786,91 173 
390121,71 92 
390121,71 65 
390135,5 103 
390135,5 101 
390667,07 100 
390667,07 5
390667,07 1938
390667,07 11
392641,82 25 
393308,59 75 
394217,46 72 
394294,61 70 
395288,97 80 
395733,59 83 
395951 64 218
396093,91 74 121
396093,91 62 121
396503,5 150 
396535,05 68 
397046,46 92 
397046,46 65 
397065,96 103 
397065,96 101 
397597,54 100 
397597,54 5
397597,54 1938
397597,54 11
399572,26 25 
399599,52 75 
400507 72 
400585,26 70 
401578,8 80 
402077,59 83 
402205,85 64 129
402360,95 74 137
402360,95 62 137
403173,99 150 
403198,88 68 
403449,4 249
403537,92 172 
404406,31 92 
404406,31 65 
404422,87 103 
404422,87 101 
404968,89 100 
404968,89 5
404968,89 1938
404968,89 11
406943,64 25 
406970,37 75 
407879,72 72 
407968,8 70 
408960,85 80 
409407,89 83 
409535,75 64 128
409668,02 74 114
409668,02 62 114
410478,84 150 
410502,57 68 
410784,55 249
410851,16 172 
411712,25 92 
411712,25 65 
411726,5 103 
411726,5 101 
412259,51 100 
412259,51 5
412259,51 1938
412259,51 10
414232,78 25 
414259,99 75 
415167,22 72 
415245,76 70 
416247,21 80 
416777,98 83 
416920,05 64 142
417072,59 74 135
417072,59 63 135
417483,22 150 
417512,14 68 
418324,79 92 
418324,79 65 
418337,03 103 
418337,03 101 
418872,24 100 
418872,24 5
418872,24 1938
418872,24 10
420843,24 25 
420963,68 75 
421872,05 72 
421949,59 70 
422940,17 80 
423428,58 83 
423554,38 64 125
423731,75 74 157
423731,75 63 157
424543,17 150 
424563,31 68 
425075,4 92 
425075,4 65 
425094,11 103 
425094,11 101 
425634,77 100 
425634,77 5
425634,77 1938
425634,77 10
427613,76 25 
427788,64 75 
428696,43 72 
428773,37 70 
429769,65 80 
430265,62 83 
430370,51 64 105
430496,21 74 111
430496,21 63 111
430906,66 150 
430934,07 68 
431746,86 92 
431746,86 65 
431771,35 103 
431771,35 101 
432310,55 100 
432310,55 5
432310,55 1938
432310,55 10
434290,96 25 
434318,28 75 
435226,1 72 
435307,88 70 
436304,87 80 
436742,89 83 
436924,17 64 181
437103,55 74 161
437103,55 63 161
437913,65 150 
437944,29 68 
439155,89 92 
439155,89 65 
439181,55 103 
439181,55 101 
439713,63 100 
439713,63 5
439713,63 1938
439713,63 11
441687,82 25 
442048,07 75 
442954,43 72 
443034,08 70 
444027,6 80 
444566,27 83 
444614,51 64 49
444759,59 74 127
444759,59 62 127
445171,53 150 
445194,6 68 
445479,35 249
445703,88 92 
445703,88 65 
445725,45 103 
445725,45 101 
446268,9 100 
446268,9 5
446268,9 1938
446268,9 10
448245,06 25 
448272,46 75 
449182,3 72 
449258,11 70 
450246,66 80 
450777,04 83 
450892,55 64 116
451070,94 74 161
451070,94 63 161
451478,2 150 
451497,84 68 
452306,66 92 
452306,66 65 
452322,78 103 
452322,78 101 
452854,97 100 
452854,97 5
452854,97 1938
452854,97 10
454828,96 25 
454856,92 75 
455764,43 72 
455842,01 70 
456845,41 80 
457281 83 
457355,84 64 75
457515,27 74 142
457515,27 63 142
458323,82 150 
458349,08 68 
458857,81 92 
458857,81 65 
458879,92 103 
458879,92 101 
459415,59 100 
459415,59 5
459415,59 1938
459415,59 11
461386,24 25 
461414,06 75 
462321,68 72 
462585,78 70 
463742,71 80 
464384,63 83 
464435,4 64 51
464593,27 74 142
464593,27 62 142
465402,31 150 
465426,02 68 
465692,88 249
466635,62 92 
466635,62 65 
466649,94 103 
466649,94 101 
467189,36 100 
467189,36 5
467189,36 1938
467189,36 11
469169,59 25 
469198,01 75 
470104,35 72 
470315,93 70 
471321,26 80 
471754,86 83 
471965,92 64 211
471988,89 256 
471999,27 74 19
471999,27 62 19
472409,81 150 
472435,67 68 
472948,38 92 
472948,38 65 
472967,33 103 
472967,33 101 
473500,55 100 
473500,55 5
473500,55 1938
473500,55 11
475473,61 25 
475501,25 75 
476408,29 72 
476486,66 70 
477476,28 80 
477952,28 83 
478229,29 64 278
478401,21 74 157
478401,21 62 157
479210,15 150 
479233,72 68 
479515,41 249
479579,99 172 
480446,23 92 
480446,23 65 
480470,87 103 
480470,87 101 
481002,18 100 
481002,18 5
481002,18 1938
481002,18 11
482977,14 25 
483004,45 75 
483911,42 72 
483990,19 70 
484991,26 80 
485522,42 83 
485627,54 64 106
485648,91 256 
485658,34 74 17
485658,34 62 17
486069,93 152 
486097,31 69 
486609,08 93 
486628,31 103 
486628,31 101 
490174,27 100 
490174,27 5
490174,27 1938
490174,27 10
492146,57 25 
492173,91 75 
493081,34 72 
493159,62 70 
494142,68 80 
494678,57 83 
494869,96 64 192
495066,37 74 175
495066,37 63 175
495877,65 150 
495906,52 68 
496717,8 92 
496717,8 65 
496743,98 103 
496743,98 101 
497276,15 100 
497276,15 5
497276,15 1938
497276,15 10
499250,28 25 
499290,98 75 
500200,39 72 
500276,71 70 
501284,06 80 
501729,04 83 
501777,2 64 48
501949,11 74 154
501949,11 63 154
502358,25 150 
502383,92 68 
502894,78 92 
502894,78 65 
502914,8 103 
502914,8 101 
503450,16 100 
503450,16 5
503450,16 1938
503450,16 11
505421,08 25 
505448,82 75 
506356,18 72 
506434,07 70 
507432,96 80 
507939,68 83 
508086,88 64 147
508235,31 74 137
508235,31 62 137
509046,89 150 
509074,69 68 
509389,01 249
509534,81 172 
510283,43 92 
510283,43 65 
510298,28 103 
510298,28 101 
510839,48 100 
510839,48 5
510839,48 1938
510839,48 10
512817,89 25 
513284,74 75 
514192,22 72 
514270,82 70 
515256,5 80 
515736,37 83 
515811,72 64 76
515997,08 74 167
515997,08 63 167
516404,24 150 
516430,54 68 
516941,68 92 
516941,68 65 
516962,16 103 
516962,16 101 
517501,07 100 
517501,07 5
517501,07 1938
517501,07 11
519481,73 25 
519509,04 75 
520418,37 72 
520508,12 70 
521495,18 80 
521933,72 83 
522098,69 64 165
522128,04 74 8
522128,04 62 8
522537,32 150 
522562,1 68 
522910,75 249
522966,09 172 
523773,98 92 
523773,98 65 
523799,26 103 
523799,26 101 
524330,46 100 
524330,46 5
524330,46 1938
524330,46 10
526305,54 25 
526333,44 75 
527242,08 72 
527319,16 70 
528309,44 80 
528850,83 83 
528919,44 64 69
529102,75 74 159
529102,75 63 159
529912,08 150 
529932,23 68 
530743,46 92 
530743,46 65 
530769,65 103 
530769,65 101 
531312,27 100 
531312,27 5
531312,27 1938
531312,27 11
533289,3 25 
533436,25 75 
534342,71 72 
534422,24 70 
535409,84 80 
535887,85 83 
536031,94 64 144
536179,45 74 132
536179,45 62 132
536591,31 150 
536622,76 68 
536932,43 249
536960,04 172 
537833,83 92 
537833,83 65 
537860,09 103 
537860,09 101 
538392,15 100 
538392,15 5
538392,15 1938
538392,15 10
540366,3 25 
540394,12 75 
541301,78 72 
541379,4 70 
542370,86 80 
542870,77 250 
542884,47 101 
544897,74 100 
544897,74 5
544897,74 1938
544897,74 10
544897,74 25 
544924,94 75 
545835,14 72 
545910,8 70 
546891,53 80 
547429,71 83 
547581 64 151
547764,41 74 162
547764,41 63 162
548574,24 152 
548604,34 69 
549415,85 93 
549428,54 103 
549428,54 101 
552964,14 100 
552964,14 5
552964,14 1938
552964,14 11
554933,57 25 
554961,07 75 
555869,03 72 
555946,57 70 
556928,09 80 
557358,87 83 
558131,39 64 773
558852,24 74 707
558852,24 61 707
559659,3 151 
559679,75 69 
560188,36 93 
560210,61 103 
560210,61 101 
563748,88 100 
563748,88 5
563748,88 1938
563748,88 11
565728,96 25 
565757,04 75 
566664,94 72 
566742,02 70 
567735,46 80 
568167,61 83 
569406,53 64 1240
570036,43 74 617
570036,43 62 617
570444,54 150 
570474,43 68 
570984,75 92 
570984,75 65 
571006,12 103 
571006,12 101 
571540,12 100 
571540,12 5
571540,12 1938
571540,12 10
573512,38 25 
573553,65 75 
574462,1 72 
574725,28 70 
576032,22 80 
576817,42 83 
578639,31 64 1823
579427,96 74 772
579427,96 62 772
579839,61 153 
579871,44 68 
580221,22 249
580679,4 92 
580679,4 65 
580695,32 103 
580695,32 101 
581227,27 100 
581227,27 5
581227,27 1938
581227,27 11
583201,71 25 
583229,33 75 
584136,76 72 
584441,25 70 
585559,83 80 
586146,74 83 
586338,61 64 192
586572,58 74 213
586572,58 62 213
587381,92 150 
587400,63 68 
587695,08 249
588612,73 92 
588612,73 65 
588625,32 103 
588625,32 101 
589169,89 100 
589169,89 5
589169,89 1938
589169,89 11
591144,92 25 
591172,41 75 
592080,44 72 
592158 70 
593149,36 80 
593690,21 83 
593748,8 64 59
593892,98 74 123
593892,98 62 123
594700,4 150 
594717,8 68 
595023,53 249
595079,08 172 
595226,77 92 
595226,77 65 
595249,21 103 
595249,21 101 
595782,92 100 
595782,92 5
595782,92 1938
595782,92 10
597755,51 25 
597782,81 75 
598690,82 72 
598768,49 70 
599774,58 80 
600274,12 83 
600945,05 64 671
601542,76 74 576
601542,76 62 576
601953,21 151 
601981,99 69 
602510,78 249 
603952,99 93 
603965,54 103 
603965,54 101 
607498,91 100 
607498,91 5
607498,91 1938
607498,91 11
609470,61 25 
609497,93 75 
610408,43 72 
610483,65 70 
611479,07 80 
611922,53 83 
612912,14 64 990
613227,06 74 292
613227,06 62 292
613638,46 150 
613656,38 68 
614467,08 92 
614467,08 65 
614481,26 103 
614481,26 101 
615018,34 100 
615018,34 5
615018,34 1938
615018,34 10
617000,75 25 
617027,97 75 
617936,74 72 
618013,81 70 
619008,13 80 
619492,72 83 
620114,63 64 622
620310,93 74 179
620310,93 61 179
621121,84 151 
621146,38 69 
621659,85 93 
621678,06 103 
621678,06 101 
625213,24 100 
625213,24 5
625213,24 1938
625213,24 10
627183,24 25 
627211,07 75 
628119,45 72 
628196,15 70 
629201,3 80 
629635,07 83 
631218,81 64 1584
632474,33 74 1241
632474,33 62 1241
632885,07 151 
632915,57 69 
633265,38 249 
633725,35 93 
633739,65 103 
633739,65 101 
637275,29 100 
637275,29 5
637275,29 1938
637275,29 11
639244,67 25 
639272,19 75 
640179,56 72 
640257,75 70 
641249,37 80 
641789,97 83 
642314,81 64 525
642860,45 74 525
642860,45 62 525
643670,3 150 
643696,97 68 
644243,74 249
644504,62 92 
644504,62 65 
644521,8 103 
644521,8 101 
645063,92 100 
645063,92 5
645063,92 1938
645063,92 10
647041,38 25 
647070,01 75 
647978,33 72 
648054,45 70 
649051,76 80 
649586,74 83 
649791,41 64 205
650010,06 74 197
650010,06 63 197
650419,22 150 
650440,98 68 
650934,93 249
650985,01 173 
651652,2 92 
651652,2 65 
651678,89 103 
651678,89 101 
652210,07 100 
652210,07 5
652210,07 1938
652210,07 11
654185,12 25 
654212,33 75 
655118,8 72 
655198,15 70 
656193,75 80 
656637,06 83 
656858,68 64 222
657034,83 74 158
657034,83 61 158
657846,68 151 
657864,4 69 
658376,41 93 
658395,97 103 
658395,97 101 
661931,93 100 
661931,93 5
661931,93 1938
661931,93 11
663900,98 25 
663928,79 75 
664837,67 72 
664914 70 
665915,22 80 
666393,19 83 
667687,93 64 1295
668525,86 74 814
668525,86 62 814
668938,78 150 
668967,18 68 
669320,38 249
669388,48 172 
669774,35 92 
669774,35 65 
669791,2 103 
669791,2 101 
670329,12 100 
670329,12 5
670329,12 1938
670329,12 10
672310,88 25 
672338,23 75 
673245,87 72 
673323,81 70 
674311,34 80 
674749,42 83 
675460,91 64 712
675669,35 74 188
675669,35 63 188
676477,34 150 
676496,46 68 
677308,83 92 
677308,83 65 
677321,33 103 
677321,33 101 
677853,47 100 
677853,47 5
677853,47 1938
677853,47 10
679827,6 25 
679855,49 75 
680762,66 72 
680840,65 70 
681839,93 80 
682332,93 83 
682443,76 64 111
682591,82 74 126
682591,82 63 126
683399,31 152 
683427,64 69 
684240,66 93 
684251,75 103 
684251,75 101 
687783,83 100 
687783,83 5
687783,83 1938
687783,83 11
689756,76 25 
689877,11 75 
690785,75 72 
691049,71 70 
692206,65 80 
692888,51 83 
694366,07 64 1478
695318,43 74 938
695318,43 62 938
695729,88 150 
695755,85 68 
696171,93 249
696963,64 92 
696963,64 65 
696979,7 103 
696979,7 101 
697526,8 100 
697526,8 5
697526,8 1938
697526,8 11
699499,44 25 
699526,77 75 
700435,79 72 
700512,41 70 
701500,49 80 
701938,04 83 
702214,1 64 276
702399,71 74 169
702399,71 62 169
702807,39 150 
702832,16 68 
703094,49 249
703340,57 92 
703340,57 65 
703363,69 103 
703363,69 101 
703894,82 100 
703894,82 3
703894,82 1938
703894,82 11
703894,82 78 
703894,82 198 
705869,98 25 
705897,17 75 
706806,33 72 
706883,02 70 
707873,43 80 
708361,99 83 
708562,94 64 201
708756,2 74 169
708756,2 62 169
709565,17 151 
709590,03 69 
709929,08 249 
710123,56 256 
711869,71 93 
711880,12 103 
711880,12 101 
715414,14 100 
715414,14 3
715414,14 1938
715414,14 10
717385,2 25 
717412,42 75 
718321,2 72 
718398,28 70 
719390,06 80 
719930,4 83 
720136,02 64 206
720319,06 74 162
720319,06 63 162
720728,73 151 
720757,91 69 
721268,1 93 
721289,64 103 
721289,64 101 
724829,25 100 
724829,25 3
724829,25 1938
724829,25 11
726807,91 25 
726848,75 75 
727756,52 72 
727834,19 70 
728812,36 80 
729299,89 83 
730303,16 64 1003
730572,88 74 247
730572,88 62 247
731380,92 151 
731407,43 69 
731658,43 249 
732505,27 182 
733287,31 93 
733311,1 103 
733311,1 101 
736847,77 100 
736847,77 3
736847,77 1938
736847,77 10
738816,35 25 
738843,43 75 
739750,89 72 
739829,14 70 
740819,6 80 
741348,12 83 
742237,86 64 890
743199,29 74 946
743199,29 62 946
743610,83 150 
743628,27 68 
743880,42 249
744833,39 92 
744833,39 65 
744852,93 103 
744852,93 101 
745385,84 100 
745385,84 3
745385,84 1938
745385,84 10
747359,17 25 
747386,89 75 
748294,54 72 
748372,24 70 
749371,31 80 
749798,01 83 
750032,86 64 235
750187,89 74 137
750187,89 62 137
750998,11 150 
751025,1 68 
751338,31 249
751376,45 172 
751534,84 92 
751534,84 65 
751556,76 103 
751556,76 101 
752098,56 100 
752098,56 3
752098,56 1938
752098,56 11
754076,39 25 
754103,68 75 
755010,71 72 
755089,42 70 
756080,39 80 
756515,04 83 
756965,33 64 451
757141,47 74 161
757141,47 62 161
757553,58 151 
757582,33 69 
757952,33 249 
758608,38 93 
758620,46 103 
758620,46 101 
762152,93 100 
762152,93 3
762152,93 1938
762152,93 11
764125,52 25 
764152,83 75 
765059,82 72 
765138,54 70 
766127,66 80 
766670,79 83 
768146,63 64 1476
768396,09 74 233
768396,09 62 233
769206,8 151 
769231,12 69 
769733,15 249 
770239,83 93 
770255,54 103 
770255,54 101 
773790,92 100 
773790,92 3
773790,92 1938
773790,92 10
775760,63 25 
776107,59 75 
777015,02 72 
777093,47 70 
778092,13 80 
778572,44 83 
779080,97 64 509
779394,1 74 289
779394,1 62 289
780205,93 150 
780226,21 68 
780541,93 249
780598,36 172 
780739,55 92 
780739,55 65 
780757,81 103 
780757,81 101 
781295,18 100 
781295,18 3
781295,18 1938
781295,18 11
783277,42 25 
783304,8 75 
784211,64 72 
784290,54 70 
785282,71 80 
785822,82 83 
785981,2 64 158
786209,65 74 214
786209,65 63 214
786621,04 150 
786650,38 68 
787859,7 92 
787859,7 65 
787888,11 103 
787888,11 101 
788421,14 100 
788421,14 3
788421,14 1938
788421,14 10
790394,44 25 
790421,83 75 
791329,99 72 
791407,47 70 
792409,29 80 
792833,05 83 
793049,52 64 217
793168,85 74 96
793168,85 62 96
793978,1 150 
794007,79 68 
794358,63 249
794426,87 172 
794815,38 92 
794815,38 65 
794831,88 103 
794831,88 101 
795364,48 100 
795364,48 3
795364,48 1938
795364,48 11
797338,32 25 
797366,21 75 
798273,43 72 
798484,49 70 
799490,11 80 
799976,73 83 
800088,09 64 111
800258,6 74 149
800258,6 63 149
800670,14 150 
800697,59 68 
801206,97 92 
801206,97 65 
801229,19 103 
801229,19 101 
801773,74 100 
801773,74 3
801773,74 1938
801773,74 11
803748,78 25 
803776,05 75 
804683,13 72 
804761,86 70 
805756,01 80 
806187,72 83 
806391,11 64 203
806536,88 74 123
806536,88 63 123
807348,62 150 
807375,49 68 
807763,46 249
807820,47 173 
808588,32 92 
808588,32 65 
808612,8 103 
808612,8 101 
809146,73 100 
809146,73 3
809146,73 1938
809146,73 10
811119,01 25 
811146,4 75 
812055,26 72 
812132,22 70 
813114,12 80 
813651 83 
813767,1 64 116
813791,14 256 
813802,23 74 18
813802,23 62 18
814210,14 152 
814238,58 69 
814752,1 93 
814770,18 103 
814770,18 101 
818305,34 100 
818305,34 3
818305,34 1938
818305,34 10
820275,18 25 
820302,65 75 
821211,46 72 
821288,35 70 
822274,27 80 
822753,81 83 
822959,99 64 206
823148,04 74 168
823148,04 62 168
823955,41 150 
823982,24 68 
824274,19 249
824492,16 92 
824492,16 65 
824512,74 103 
824512,74 101 
825052,73 100 
825052,73 3
825052,73 1938
825052,73 10
827032,39 25 
827059,83 75 
827968,9 72 
828045,41 70 
829031,09 80 
829564,29 83 
829571,7 64 8
829689,41 74 99
829689,41 62 99
830099,39 150 
830125,21 68 
830444,69 249
830633,99 92 
830633,99 65 
830656,83 103 
830656,83 101 
831193,34 100 
831193,34 3
831193,34 1938
831193,34 10
833163,12 25 
833204,45 75 
834112,57 72 
834189,43 70 
835180,51 80 
835615,09 83 
835787,73 64 173
835808,48 256 
835950,37 74 149
835950,37 62 149
836759,26 150 
836789,09 68 
837046,85 249
837996,86 92 
837996,86 65 
838013,76 103 
838013,76 101 
838546,53 100 
838546,53 3
838546,53 1938
838546,53 11
840520 25 
840547,46 75 
841454,54 72 
841533,01 70 
842522,74 80 
843011,95 83 
843191,8 64 180
843370,84 74 159
843370,84 63 159
843781,96 150 
843812,78 68 
844620,98 92 
844620,98 65 
844637,57 103 
844637,57 101 
845180,68 100 
845180,68 3
845180,68 1938
845180,68 10
847157,22 25 
847250,88 75 
848159,24 72 
848236,9 70 
849226,49 80 
849662,78 83 
849821,7 64 159
849955,4 74 120
849955,4 62 120
850767,71 150 
850797,21 68 
851096,4 249
852006,9 92 
852006,9 65 
852021,14 103 
852021,14 101 
852553,35 100 
852553,35 3
852553,35 1938
852553,35 10
854527,48 25 
854554,66 75 
855464,44 72 
855553,75 70 
856546,23 80 
857032,72 83 
857122,84 64 90
857298,24 74 160
857298,24 62 160
857710,05 150 
857740,19 68 
858065,21 249
858181,46 172 
858253,05 92 
858253,05 65 
858271,87 103 
858271,87 101 
858809,36 100 
858809,36 3
858809,36 1938
858809,36 10
860778,15 25 
860805,9 75 
861714,71 72 
861791,18 70 
862778,84 80 
863310,18 83 
863431,79 64 122
863558,5 74 102
863558,5 62 102
864367,83 150 
864391,51 68 
864732,55 249
865201,96 92 
865201,96 65 
865215,76 103 
865215,76 101 
865754,62 100 
865754,62 3
865754,62 1938
865754,62 10
867735,25 25 
867763,65 75 
868670,25 72 
868748,27 70 
869742,44 80 
870173,91 83 
870388,4 64 215
870538,79 74 125
870538,79 62 125
870951,27 150 
870974,61 68 
871303,89 249
871405,95 172 
872186,51 92 
872186,51 65 
872199,34 103 
872199,34 101 
872733,24 100 
872733,24 3
872733,24 1938
872733,24 11
874705,63 25 
876185,44 75 
877093,58 72 
877171,34 70 
878162,15 80 
878690,28 83 
878753,87 64 64
878920,88 74 151
878920,88 63 151
879333,3 150 
879358,56 68 
880168,62 92 
880168,62 65 
880195,94 103 
880195,94 101 
880728,82 100 
880728,82 3
880728,82 1938
880728,82 11
882702,51 25 
883462,32 75 
884370,1 72 
884448,32 70 
885442,13 80 
885913,9 83 
886124,9 64 211
886318,44 74 179
886318,44 63 179
887130,49 150 
887155,25 68 
887665,94 92 
887665,94 65 
887686,13 103 
887686,13 101 
888231,25 100 
888231,25 3
888231,25 1938
888231,25 11
890205,78 25 
890952,52 75 
891859,2 72 
891938,58 70 
892930,95 80 
893470,73 83 
893498,98 64 28
893681,58 74 158
893681,58 63 158
894090,47 150 
894112,39 68 
894370,95 249
894409,54 173 
894919,32 92 
894919,32 65 
894936,44 103 
894936,44 101 
895469,42 100 
895469,42 3
895469,42 1938
895469,42 11
897442,7 25 
898202,95 75 
899114,2 72 
899375,63 70 
900689,73 80 
901467,35 83 
901496,74 64 30
901681,42 74 161
901681,42 63 161
902493,16 152 
902522,06 69 
903332,97 93 
903346,23 103 
903346,23 101 
906880,55 100 
906880,55 3
906880,55 1938
906880,55 11
908851,24 25 
908878,8 75 
909786,16 72 
910050,88 70 
911353,52 80 
911889,67 83 
912167,02 64 277
912409,38 74 227
912409,38 63 227
913217,52 150 
913237,76 68 
913747,51 92 
913747,51 65 
913768,55 103 
913768,55 101 
914307,87 100 
914307,87 3
914307,87 1938
914307,87 11
916288,15 25 
916501,75 75 
917410,06 72 
917487,71 70 
918469,09 80 
919008,5 83 
919125,3 64 119
919300,44 74 161
919300,44 63 161
919711,83 150 
919741,56 68 
920250,65 92 
920250,65 65 
920272,44 103 
920272,44 101 
920812,36 100 
920812,36 3
920812,36 1938
920812,36 10
922792,03 25 
923738,66 75 
924647,51 72 
924724,73 70 
925711,46 80 
926150,38 83 
926254,41 64 105
926387,99 74 118
926387,99 62 118
926795,94 150 
926819,38 68 
927158,34 249
927598,71 172 
927629,01 92 
927629,01 65 
927642,67 103 
927642,67 101 
928173,73 100 
928173,73 3
928173,73 1938
928173,73 11
930148,95 25 
930176,19 75 
931082,28 72 
931161,95 70 
932143,38 80 
932627,62 83 
932870,2 64 244
933071,79 74 178
933071,79 63 178
933882,71 150 
933908,99 68 
935118,65 92 
935118,65 65 
935146,19 103 
935146,19 101 
935686,73 100 
935686,73 3
935686,73 1938
935686,73 10
937665,8 25 
937719,43 75 
938627,33 72 
938705,46 70 
939699,36 80 
940131,07 83 
940262,98 64 132
940370,28 74 93
940370,28 62 93
940779,26 150 
940799,42 68 
941127,04 249
941310,97 92 
941310,97 65 
941330,31 103 
941330,31 101 
941862,71 100 
941862,71 3
941862,71 1938
941862,71 10
943836,51 25 
943863,65 75 
944773,09 72 
944849,53 70 
945844,34 80 
946328,49 83 
946404,03 64 76
946557,21 74 136
946557,21 62 136
947366,62 150 
947395,84 68 
947716,37 249
947832,75 172 
948607,5 92 
948607,5 65 
948620,5 103 
948620,5 101 
949158,32 100 
949158,32 3
949158,32 1938
949158,32 11
951126,84 25 
951154,76 75 
952063,75 72 
952139,82 70 
953133,29 80 
953658,73 83 
954482,82 64 824
954651,21 74 154
954651,21 63 154
955062,93 152 
955086,78 69 
956097,62 93 
956110,7 103 
956110,7 101 
959649,84 100 
959649,84 3
959649,84 1938
959649,84 11
961629,03 25 
961669,84 75 
962577,23 72 
962655,44 70 
963648,37 80 
964134,35 83 
965404,94 64 1271
965616,67 74 190
965616,67 63 190
966426,34 150 
966454,59 68 
967665,05 92 
967665,05 65 
967679,24 103 
967679,24 101 
968210,3 100 
968210,3 3
968210,3 1938
968210,3 10
970185,47 25 
970585,71 75 
971494,26 72 
971571,61 70 
972562,51 80 
972997,24 83 
973138,91 64 142
973164,64 256 
973175,96 74 19
973175,96 62 19
973585,13 150 
973613,33 68 
973934,84 249
974425 92 
974425 65 
974449,65 103 
974449,65 101 
974982,44 100 
974982,44 3
974982,44 1938
974982,44 10
976955,94 25 
976983,22 75 
977892,1 72 
977968,94 70 
978955,43 80 
979487,87 83 
979657,22 64 170
979823,04 74 149
979823,04 62 149
980630,81 150 
980648,59 68 
981000,54 249
981156,62 92 
981156,62 65 
981180,11 103 
981180,11 101 
981727,91 100 
981727,91 3
981727,91 1938
981727,91 10
983699,74 25 
984633,17 75 
985542,89 72 
985619,06 70 
986607,46 80 
987044,74 83 
987305,95 64 261
987464,48 74 141
987464,48 62 141
988274,09 150 
988298,66 68 
988576,25 249
988687,73 172 
989510,55 92 
989510,55 65 
989523,3 103 
989523,3 101 
990057,36 100 
990057,36 3
990057,36 1938
990057,36 10
992029,6 25 
993669,27 75 
994577,25 72 
994655,35 70 
995636,28 80 
996120,89 83 
996247,45 64 127
996416,12 74 149
996416,12 62 149
996826,65 150 
996855,04 68 
997363,76 92 
997363,76 65 
997386,65 103 
997386,65 101 
997920,51 100 
997920,51 3
997920,51 1938
997920,51 11
999892,95 25 
999920,37 75 
1000827,77 72 
1000905,96 70 
1001890,34 80 
1002424,87 83 
1002480,94 64 56
1002663,36 74 159
1002663,36 63 159
1003076,75 150 
1003105,76 68 
1003917,06 92 
1003917,06 65 
1003930,55 103 
1003930,55 101 
1004471,02 100 
1004471,02 3
1004471,02 1938
1004471,02 11
1006450,29 25 
1006850,36 75 
1007758,51 72 
1007836,36 70 
1008817,49 80 
1009302 83 
1009380,32 64 79
1009550,97 74 156
1009550,97 63 156
1010360,32 150 
1010383,44 68 
1010892,93 92 
1010892,93 65 
1010914,35 103 
1010914,35 101 
1011451,46 100 
1011451,46 3
1011451,46 1938
1011451,46 10
1013420,54 25 
1014607,33 75 
1015515,92 72 
1015726,4 70 
1016895,47 80 
1017485,24 83 
1017494,2 64 8
1017518,78 74 7
1017518,78 62 7
1017929,26 150 
1017953,62 68 
1018764,91 92 
1018764,91 65 
1018777,73 103 
1018777,73 101 
1019308,63 100 
1019308,63 3
1019308,63 1938
1019308,63 10
1021284 25 
1022657,07 75 
1023564,91 72 
1023776,42 70 
1024782,05 80 
1025321,91 83 
1025378,87 64 57
1025542,86 74 141
1025542,86 62 141
1026353,81 152 
1026376,67 69 
1026856,73 249 
1026885,72 93 
1026907,56 103 
1026907,56 101 
1030454,18 100 
1030454,18 3
1030454,18 1938
1030454,18 11
1032425,92 25 
1032453,53 75 
1033359,62 72 
1033438,93 70 
1034419,45 80 
1034851,3 83 
1034977,66 64 126
1035141,48 74 144
1035141,48 63 144
1035949,25 150 
1035971,85 68 
1037180,25 92 
1037180,25 65 
1037196,54 103 
1037196,54 101 
1037731,03 100 
1037731,03 3
1037731,03 1938
1037731,03 11
1039702,85 25 
1040729,47 75 
1041636,35 72 
1041715,44 70 
1042703,42 80 
1043182,49 250 
1043194,13 101 
1045207,19 100 
1045207,19 3
1045207,19 1938
1045207,19 11
1045207,19 25 
1045607,39 75 
1046515,61 72 
1046593,41 70 
1047586,69 80 
1048072,37 83 
1048203,56 64 132
1048388,48 74 170
1048388,48 63 170
1048799,02 150 
1048820,55 68 
1049332,39 92 
1049332,39 65 
1049351,47 103 
1049351,47 101 
1049885,78 100 
1049885,78 3
1049885,78 1938
1049885,78 10
1051857,7 25 
1052204,66 75 
1053112,73 72 
1053190,62 70 
1054182,85 80 
1054709,53 83 
1054882,24 64 174
1055070,74 74 175
1055070,74 62 175
1055882,3 150 
1055910,85 68 
1056192,97 249
1056320,16 172 
1056722,66 92 
1056722,66 65 
1056748,35 103 
1056748,35 101 
1057284,83 100 
1057284,83 3
1057284,83 1938
1057284,83 11
1059254,78 25 
1059281,83 75 
1060189,68 72 
1060267,66 70 
1061250,71 80 
1061746,63 83 
1061867,5 64 122
1062048,98 74 156
1062048,98 63 156
1062460,04 150 
1062480,73 68 
1063690,4 92 
1063690,4 65 
1063705,66 103 
1063705,66 101 
1064240,42 100 
1064240,42 3
1064240,42 1938
1064240,42 10
1066211,76 25 
1067078,58 75 
1067985,37 72 
1068064,35 70 
1069047,31 80 
1069476,75 83 
1069712,47 64 236
1069797,53 74 68
1069797,53 62 68
1070208,19 150 
1070238,14 68 
1070538,78 249
1070748,57 92 
1070748,57 65 
1070769,1 103 
1070769,1 101 
1071301,24 100 
1071301,24 3
1071301,24 1938
1071301,24 10
1073275,39 25 
1073448,99 75 
1074356,2 72 
1074434,99 70 
1075424,01 80 
1075967,25 83 
1076030,55 64 64
1076187,27 74 141
1076187,27 62 141
1076995,28 150 
1077021,27 68 
1077300,75 249
1077835,07 92 
1077835,07 65 
1077859,51 103 
1077859,51 101 
1078407,27 100 
1078407,27 3
1078407,27 1938
1078407,27 11
1080379,06 25 
1081005,89 75 
1081913,2 72 
1081991,87 70 
1082976,59 80 
1083524,15 83 
1083543,64 64 20
1083736,52 74 173
1083736,52 63 173
1084148,21 150 
1084165,04 68 
1084976,56 92 
1084976,56 65 
1084989,8 103 
1084989,8 101 
1085521,26 100 
1085521,26 3
1085521,26 1938
1085521,26 11
1087496,09 25 
1088509,35 75 
1089419,22 72 
1089495,4 70 
1090477,61 80 
1090947,63 83 
1091189,84 64 242
1091353,77 74 140
1091353,77 63 140
1092161,96 150 
1092189,04 68 
1092696,76 92 
1092696,76 65 
1092719,87 103 
1092719,87 101 
1093252,67 100 
1093252,67 3
1093252,67 1938
1093252,67 11
1095226,16 25 
1095652,98 75 
1096561,72 72 
1096638,99 70 
1097632,92 80 
1098064,64 83 
1098159,52 64 95
1098347,11 74 163
1098347,11 63 163
1098759,94 150 
1098786,2 68 
1099993,56 92 
1099993,56 65 
1100010,15 103 
1100010,15 101 
1100548,52 100 
1100548,52 3
1100548,52 1938
1100548,52 11
1102529,73 25 
1103289,77 75 
1104197,64 72 
1104275,76 70 
1105263,82 80 
1105701,55 83 
1105837,61 64 137
1106004,87 74 144
1106004,87 63 144
1106818 150 
1106836,17 68 
1108044,28 92 
1108044,28 65 
1108060,09 103 
1108060,09 101 
1108600,64 100 
1108600,64 3
1108600,64 1938
1108600,64 10
1110579,67 25 
1112072,8 75 
1112979,99 72 
1113058,78 70 
1114049,58 80 
1114537,76 83 
1114672,44 64 135
1114831,39 74 134
1114831,39 62 134
1115243,37 150 
1115272,89 68 
1115531,29 249
1116084,77 92 
1116084,77 65 
1116096,73 103 
1116096,73 101 
1116629,77 100 
1116629,77 3
1116629,77 1938
1116629,77 10
1118603,05 25 
1118669,94 75 
1119576,68 72 
1119655,96 70 
1120646,67 80 
1121188,27 83 
1121226,64 64 39
1121249,5 256 
1121271,32 74 31
1121271,32 62 31
1122080,85 152 
1122108,97 69 
1122900,22 249 
1123118,84 93 
1123133,74 103 
1123133,74 101 
1126676,51 100 
1126676,51 3
1126676,51 1938
1126676,51 11
1128652,15 25 
1128679,6 75 
1129586,98 72 
1129851,73 70 
1131159,53 80 
1131863,75 83 
1131926,12 64 62
1132117,18 74 173
1132117,18 63 173
1132526,86 150 
1132544,67 68 
1133753,68 92 
1133753,68 65 
1133769,27 103 
1133769,27 101 
1134301,38 100 
1134301,38 3
1134301,38 1938
1134301,38 10
1136275,53 25 
1138355,06 75 
1139262,05 72 
1139514,28 70 
1140840,37 80 
1141513,6 250 
1141525,9 101 
1143539,19 100 
1143539,19 3
1143539,19 1938
1143539,19 10
1143539,19 25 
1146631,67 75 
1147542,28 72 
1147884,12 70 
1148999,39 80 
1149642,94 83 
1149714,77 64 72
1149853,81 74 118
1149853,81 62 118
1150666,07 150 
1150684,34 68 
1150984,16 249
1151327,47 172 
1151496,93 92 
1151496,93 65 
1151521,81 103 
1151521,81 101 
1152071,85 100 
1152071,85 3
1152071,85 1938
1152071,85 10
1154041,43 25 
1154069,1 75 
1154977,59 72 
1155187,67 70 
1156344,25 80 
1156893,24 83 
1157113,31 64 221
1157267,65 74 135
1157267,65 62 135
1158077,72 150 
1158107,85 68 
1158399,38 249
1158616,3 92 
1158616,3 65 
1158638,79 103 
1158638,79 101 
1159177,46 100 
1159177,46 3
1159177,46 1938
1159177,46 11
1161158,39 25 
1161731,86 75 
1162640,86 72 
1162717,87 70 
1163706,37 80 
1164236,81 83 
1164373,08 64 136
1164403,35 256 
1164500,4 74 104
1164500,4 63 104
1164911,95 150 
1164930,97 68 
1165439,73 92 
1165439,73 65 
1165462,57 103 
1165462,57 101 
1165997,42 100 
1165997,42 3
1165997,42 1938
1165997,42 10
1167968,89 25 
1170061,7 75 
1170968,53 72 
1171047,69 70 
1172040,57 80 
1172526,73 83 
1172739,37 64 213
1172926,91 74 174
1172926,91 62 174
1173735,67 150 
1173754,65 68 
1174050,79 249
1174565,67 92 
1174565,67 65 
1174592,15 103 
1174592,15 101 
1175125,43 100 
1175125,43 3
1175125,43 1938
1175125,43 11
1177098,37 25 
1179057,91 75 
1179965,32 72 
1180043,9 70 
1181040,86 80 
1181469,6 83 
1181701,69 64 233
1181912,26 74 190
1181912,26 63 190
1182321,22 152 
1182350,26 69 
1182862,48 93 
1182881,95 103 
1182881,95 101 
1186425,23 100 
1186425,23 3
1186425,23 1938
1186425,23 10
1188400,26 25 
1191612,61 75 
1192522,68 72 
1192598,6 70 
1193584,85 80 
1194130,89 83 
1194326,06 64 195
1194500,17 74 156
1194500,17 62 156
1195307,34 150 
1195331,48 68 
1195601,29 249
1195823,04 172 
1196540,52 92 
1196540,52 65 
1196556,2 103 
1196556,2 101 
1197087,11 100 
1197087,11 3
1197087,11 1938
1197087,11 10
1199062,46 25 
1199089,6 75 
1199999,33 72 
1200075,52 70 
1201063,97 80 
1201567,77 83 
1201726,03 64 158
1201747,53 256 
1201769,82 74 29
1201769,82 62 29
1202177,83 150 
1202195,24 68 
1202704,34 92 
1202704,34 65 
1202726,93 103 
1202726,93 101 
1203259,86 100 
1203259,86 3
1203259,86 1938
1203259,86 11
1205233,17 25 
1206087,55 75 
1206994,9 72 
1207072,59 70 
1208069,91 80 
1208498,14 83 
1208691,71 64 194
1208864,19 74 154
1208864,19 63 154
1209673,61 150 
1209699,49 68 
1210507,85 92 
1210507,85 65 
1210536,95 103 
1210536,95 101 
1211075,24 100 
1211075,24 3
1211075,24 1938
1211075,24 10
1213056,66 25 
1215589,36 75 
1216495,39 72 
1216577,13 70 
1217570,24 80 
1218107,5 83 
1218180,78 64 74
1218333,4 74 133
1218333,4 62 133
1218744,8 150 
1218762,56 68 
1219102,71 249
1219975,09 92 
1219975,09 65 
1219999,67 103 
1219999,67 101 
1220544,38 100 
1220544,38 3
1220544,38 1938
1220544,38 11
1222519,26 25 
1223372,59 75 
1224279,45 72 
1224358,64 70 
1225345,21 80 
1225839,27 83 
1226146,59 64 310
1226312,21 74 142
1226312,21 62 142
1227124,09 151 
1227145,45 69 
1227654,4 93 
1227663,17 103 
1227663,17 101 
1231195,87 100 
1231195,87 3
1231195,87 1938
1231195,87 11
1233168,13 25 
1233195,43 75 
1234102,96 72 
1234181,3 70 
1235171,37 80 
1235606,9 83 
1235837,39 64 231
1236002,68 256 
1236043,5 74 184
1236043,5 63 184
1236453,67 150 
1236474,2 68 
1237285,32 92 
1237285,32 65 
1237299,08 103 
1237299,08 101 
1237843,34 100 
1237843,34 3
1237843,34 1938
1237843,34 10
1239818,67 25 
1242871,09 75 
1243777,39 72 
1243857,04 70 
1244838,81 80 
1245375,98 83 
1245624,62 64 249
1245808,14 74 166
1245808,14 62 166
1246617,33 150 
1246644,98 68 
1246944,12 249
1247072,23 172 
1247454,21 92 
1247454,21 65 
1247468,06 103 
1247468,06 101 
1248000,17 100 
1248000,17 3
1248000,17 1938
1248000,17 10
1249974,38 25 
1254719,51 75 
1255627,09 72 
1255705,63 70 
1256707,24 80 
1257197,75 83 
1257302,79 64 105
1257456,33 74 139
1257456,33 62 139
1257864,37 150 
1257891,85 68 
1258600,49 249
1259102,46 92 
1259102,46 65 
1259116,8 103 
1259116,8 101 
1259667,47 100 
1259667,47 3
1259667,47 1938
1259667,47 11
1261636,16 25 
1261836,59 75 
1262746,8 72 
1263009,03 70 
1264324,58 80 
1265047,66 83 
1265055,49 64 8
1265182,21 74 109
1265182,21 63 109
1265992,45 150 
1266022,94 68 
1266532,78 92 
1266532,78 65 
1266553,39 103 
1266553,39 101 
1267091,79 100 
1267091,79 3
1267091,79 1938
1267091,79 11
1269072,97 25 
1269686,44 75 
1270594,26 72 
1270845,7 70 
1272160,75 80 
1272777,78 83 
1272866,91 64 89
1273031,98 74 148
1273031,98 63 148
1273441,36 150 
1273459,61 68 
1274670,33 92 
1274670,33 65 
1274696,63 103 
1274696,63 101 
1275230,37 100 
1275230,37 3
1275230,37 1938
1275230,37 10
1277203,27 25 
1278789,3 75 
1279697,89 72 
1279961,89 70 
1281118,5 80 
1281709,18 250 
1281720,26 101 
1283733,5 100 
1283733,5 3
1283733,5 1938
1283733,5 10
1283733,5 25 
1284760,1 75 
1285667,75 72 
1285959,53 70 
1287065,63 80 
1287651,54 83 
1287857,63 64 207
1288077,66 74 200
1288077,66 62 200
1288888,25 152 
1288919,52 69 
1289397,08 249 
1289428,53 93 
1289450,47 103 
1289450,47 101 
1292982,88 100 
1292982,88 3
1292982,88 1938
1292982,88 10
1294956,52 25 
1295062,45 75 
1295139,59 250 
1295154,23 101 
1297167,82 100 
1297167,82 3
1297167,82 1938
1297167,82 10
1297167,82 25 
1297540,63 75 
1298447,64 72 
1298527,44 70 
1299524,28 80 
1300019,67 83 
1300293,52 64 274
1300465,57 74 153
1300465,57 62 153
1300877,13 150 
1300901,21 68 
1301236,76 249
1301331,71 172 
1301713,21 92 
1301713,21 65 
1301738,68 103 
1301738,68 101 
1302286,02 100 
1302286,02 3
1302286,02 1938
1302286,02 11
1304258,22 25 
1309989,49 75 
1310093,5 250 
1310107,95 101 
1312121,53 100 
1312121,53 3
1312121,53 1938
1312121,53 11
1312121,53 25 
1312267,76 75 
1313176,71 72 
1313254,53 70 
1314259,12 80 
1314813,44 83 
1315086,33 64 274
1315253,4 256 
1315267,44 74 160
1315267,44 63 160
1316079,19 150 
1316107,31 68 
1316574,79 249
1316633,28 173 
1317318,01 92 
1317318,01 65 
1317345,34 103 
1317345,34 101 
1317877,74 100 
1317877,74 3
1317877,74 1938
1317877,74 11
1319851,67 25 
1320651,68 75 
1321558,42 72 
1321637,64 70 
1322634,22 80 
1323076,62 83 
1323277,63 64 201
1323440,21 74 138
1323440,21 63 138
1323848,93 150 
1323878,1 68 
1324688,43 92 
1324688,43 65 
1324702,31 103 
1324702,31 101 
1325234,01 100 
1325234,01 3
1325234,01 1938
1325234,01 11
1327208,59 25 
1328501,67 75 
1329410,01 72 
1329487,78 70 
1330489,55 80 
1330966,64 83 
1331111,23 64 145
1331282,56 74 157
1331282,56 63 157
1331695,15 150 
1331714,86 68 
1332030,77 249
1332065,49 173 
1332224,6 92 
1332224,6 65 
1332245,75 103 
1332245,75 101 
1332784,89 100 
1332784,89 3
1332784,89 1938
1332784,89 10
1334765,34 25 
1335672,07 75 
1336579,73 72 
1336658,18 70 
1337648,53 80 
1338097,14 83 
1338236,87 64 140
1338385,91 74 129
1338385,91 62 129
1339195,97 150 
1339218,39 68 
1339520,6 249
1340429,32 92 
1340429,32 65 
1340455,62 103 
1340455,62 101 
1340994,13 100 
1340994,13 3
1340994,13 1938
1340994,13 10
1342975,24 25 
1351731,96 75 
1352639,43 72 
1352718,1 70 
1353722,18 80 
1354210,34 83 
1354291,55 64 82
1354414,5 74 98
1354414,5 62 98
1355222,51 150 
1355250,88 68 
1355576,38 249
1355639,91 172 
1356060,29 92 
1356060,29 65 
1356075,91 103 
1356075,91 101 
1356608,31 100 
1356608,31 3
1356608,31 1938
1356608,31 11
1358582,02 25 
1360115,05 75 
1361022,68 72 
1361101,07 70 
1362098,73 80 
1362646,76 83 
1362921,15 64 274
1363086,67 74 147
1363086,67 63 147
1363498,03 150 
1363527,39 68 
1364039,58 92 
1364039,58 65 
1364059,04 103 
1364059,04 101 
1364604,28 100 
1364604,28 3
1364604,28 1938
1364604,28 10
1366578,74 25 
1373096,4 75 
1374003,98 72 
1374082,23 70 
1375067,66 80 
1375494,56 83 
1375772,93 64 279
1375937,58 74 150
1375937,58 62 150
1376745,46 150 
1376777,01 68 
1377070,75 249
1377148,53 172 
1377988,89 92 
1377988,89 65 
1378013,16 103 
1378013,16 101 
1378550,09 100 
1378550,09 3
1378550,09 1938
1378550,09 11
1380519,57 25 
1384118,29 75 
1385026,14 72 
1385104,28 70 
1386102,94 80 
1386994 250 
1387009,28 101 
1389022,67 100 
1389022,67 3
1389022,67 1938
1389022,67 11
1389022,67 25 
1390755,78 75 
1391665,03 72 
1391915,12 70 
1393217,62 80 
1393860,15 83 
1393944,64 64 85
1394127,54 74 161
1394127,54 63 161
1394536,31 150 
1394554,37 68 
1395363,97 92 
1395363,97 65 
1395379,18 103 
1395379,18 101 
1395915,15 100 
1395915,15 3
1395915,15 1938
1395915,15 11
1397885,49 25 
1398672,28 75 
1399583,57 72 
1399831,43 70 
1401131,23 80 
1401803,49 83 
1401899,85 64 97
1402073,14 74 150
1402073,14 63 150
1402480,68 150 
1402498,43 68 
1403009,26 92 
1403009,26 65 
1403029,3 103 
1403029,3 101 
1403569,36 100 
1403569,36 3
1403569,36 1938
1403569,36 10
1405548,91 25 
1407521,81 75 
1408430,67 72 
1408761,04 70 
1409885,55 80 
1410493,27 83 
1410569,8 64 77
1410737,35 74 152
1410737,35 62 152
1411545,49 150 
1411574,66 68 
1411858,91 249
1412383,1 92 
1412383,1 65 
1412398,69 103 
1412398,69 101 
1412930,32 100 
1412930,32 3
1412930,32 1938
1412930,32 11
1414904,99 25 
1418184,09 75 
1419092,81 72 
1419169,99 70 
1420162,5 80 
1420715,53 83 
1421164,84 64 450
1421547,82 74 366
1421547,82 62 366
1421955,17 151 
1421982,72 69 
1422940,78 249 
1422994,11 93 
1423007,54 103 
1423007,54 101 
1426538,68 100 
1426538,68 3
1426538,68 1938
1426538,68 10
1428512,6 25 
1428540,35 75 
1429447,54 72 
1429525,62 70 
1430524,72 80 
1430978,07 83 
1431217,33 64 240
1431419,06 74 188
1431419,06 62 188
1432229,77 150 
1432258,44 68 
1432563,34 249
1432769,9 92 
1432769,9 65 
1432790,09 103 
1432790,09 101 
1433336,63 100 
1433336,63 3
1433336,63 1938
1433336,63 10
1435309,75 25 
1436469,63 75 
1437377,79 72 
1437455,86 70 
1438446,72 80 
1438894,6 83 
1438928,86 64 35
1439084,7 74 137
1439084,7 62 137
1439894,41 152 
1439921,85 69 
1440733,69 93 
1440746,83 103 
1440746,83 101 
1444278,07 100 
1444278,07 3
1444278,07 1938
1444278,07 11
1446265,15 25 
1449890,59 75 
1450798 72 
1450876,64 70 
1451877,21 80 
1452408,85 83 
1452644,06 64 235
1452878,57 74 217
1452878,57 63 217
1453287,51 150 
1453317,22 68 
1454528,14 92 
1454528,14 65 
1454554,3 103 
1454554,3 101 
1455090,47 100 
1455090,47 1
1455090,47 1938
1455090,47 11
1455090,47 78 
1455090,47 198 
1457060,54 25 
1459846,46 75 
1460754,97 72 
1460832,53 70 
1461833,03 80 
1462311,35 83 
1462841,7 64 531
1463039,32 74 182
1463039,32 63 182
1463450,14 151 
1463472,68 69 
1463983,17 93 
1464003,63 103 
1464003,63 101 
1467544,6 100 
1467544,6 1
1467544,6 1938
1467544,6 10
1469521,99 25 
1469550,25 75 
1470458,96 72 
1470535,09 70 
1471537,03 80 
1472013,93 83 
1472324,91 64 311
1472496,66 74 150
1472496,66 62 150
1473307,8 151 
1473335,19 69 
1473707,22 249 
1473971,13 256 
1475219,96 93 
1475238,9 103 
1475238,9 101 
1478774,55 100 
1478774,55 1
1478774,55 1938
1478774,55 11
1480743,97 25 
1483609,76 75 
1484518,17 72 
1484595,88 70 
1485595,98 80 
1486048,08 83 
1486316,45 64 269
1487602,58 74 1275
1487602,58 62 1275
1488411,34 150 
1488435,53 68 
1488740,67 249
1488816,38 172 
1489244,59 92 
1489244,59 65 
1489259,66 103 
1489259,66 101 
1489790,86 100 
1489790,86 1
1489790,86 1938
1489790,86 11
1491765,98 25 
1492246,31 75 
1493155,7 72 
1493232,16 70 
1494225,27 80 
1494764,36 83 
1494873,09 64 109
1495049,2 74 152
1495049,2 62 152
1495457,69 150 
1495485,16 68 
1495867,73 249
1495994,62 92 
1495994,62 65 
1496016,83 103 
1496016,83 101 
1496558,65 100 
1496558,65 1
1496558,65 1938
1496558,65 11
1498536,46 25 
1498576,84 75 
1499484,89 72 
1499562,89 70 
1500552,11 80 
1501001,76 83 
1501205,24 64 203
1501374,95 74 147
1501374,95 62 147
1502186,36 150 
1502215,78 68 
1502506,02 249
1502727,07 92 
1502727,07 65 
1502747,33 103 
1502747,33 101 
1503280,25 100 
1503280,25 1
1503280,25 1938
1503280,25 10
1505253,61 25 
1505281,53 75 
1506190,89 72 
1506266,68 70 
1507270,67 80 
1507812,24 83 
1508042,99 64 231
1508193,44 74 129
1508193,44 62 129
1508605,47 151 
1508626,32 69 
1510219 93 
1510237,52 103 
1510237,52 101 
1513773,13 100 
1513773,13 1
1513773,13 1938
1513773,13 10
1515742,68 25 
1515769,77 75 
1516676,22 72 
1516888,88 70 
1517896,16 80 
1518381,12 83 
1518853,09 64 472
1519084,95 74 211
1519084,95 62 211
1519896,74 151 
1519915,81 69 
1520337,42 249 
1522081,57 93 
1522099,2 103 
1522099,2 101 
1525641,67 100 
1525641,67 1
1525641,67 1938
1525641,67 10
1527617,52 25 
1530376,87 75 
1531285,66 72 
1531362,72 70 
1532344,45 80 
1532775,11 83 
1533847,31 64 1073
1534323,91 74 456
1534323,91 62 456
1534734,5 151 
1534762,02 69 
1535270,48 93 
1535280,48 103 
1535280,48 101 
1538812,73 100 
1538812,73 1
1538812,73 1938
1538812,73 11
1540785,32 25 
1540812,81 75 
1541720,62 72 
1541798,33 70 
1542784,72 80 
1543317,32 83 
1543459,51 64 143
1543657,12 74 180
1543657,12 62 180
1544066,18 152 
1544092,09 69 
1544538,91 249 
1547099,34 93 
1547115,49 103 
1547115,49 101 
1550647,27 100 
1550647,27 1
1550647,27 1938
1550647,27 10
1552620,33 25 
1555660,45 75 
1556569,67 72 
1556645,43 70 
1557631,23 80 
1558097,72 83 
1558506,6 64 409
1559107,2 74 584
1559107,2 62 584
1559919,72 151 
1559938,21 69 
1560752,89 93 
1560763 103 
1560763 101 
1564309,41 100 
1564309,41 1
1564309,41 1938
1564309,41 10
1566281,26 25 
1566308,45 75 
1567216,58 72 
1567294,32 70 
1568283,58 80 
1568826,56 83 
1569121,46 64 296
1569376,35 74 231
1569376,35 63 231
1570183,99 151 
1570214,47 69 
1571023,4 93 
1571038,58 103 
1571038,58 101 
1574569,68 100 
1574569,68 1
1574569,68 1938
1574569,68 10
1576543,65 25 
1578236,6 75 
1579144,76 72 
1579222,6 70 
1580214,52 80 
1580688,25 83 
1580961,83 64 274
1581427,16 74 446
1581427,16 61 446
1581836,39 150 
1581862,21 68 
1583074,01 92 
1583074,01 65 
1583100,19 103 
1583100,19 101 
1583633,75 100 
1583633,75 1
1583633,75 1938
1583633,75 11
1585606,49 25 
1585726,79 75 
1586635,09 72 
1586712,82 70 
1587698,1 80 
1588125,1 83 
1588563,76 64 439
1588889,12 74 311
1588889,12 62 311
1589300,12 150 
1589326,55 68 
1589726,65 249
1589842,91 172 
1590609,03 92 
1590609,03 65 
1590630,34 103 
1590630,34 101 
1591170,1 100 
1591170,1 1
1591170,1 1938
1591170,1 10
1593150 25 
1593177,21 75 
1594084,1 72 
1594163,03 70 
1595143,82 80 
1595668,56 83 
1595898,46 64 231
1596095,72 74 174
1596095,72 61 174
1596903,62 150 
1596922,53 68 
1598132,38 92 
1598132,38 65 
1598147,17 103 
1598147,17 101 
1598681,11 100 
1598681,11 1
1598681,11 1938
1598681,11 11
1600653,46 25 
1600680,74 75 
1601589,47 72 
1601666,49 70 
1602662,83 80 
1603092,21 83 
1603300,65 64 209
1603469,46 74 151
1603469,46 61 151
1604279,22 151 
1604306,86 69 
1604817,11 93 
1604837,73 103 
1604837,73 101 
1608370,87 100 
1608370,87 1
1608370,87 1938
1608370,87 11
1610342,81 25 
1610596,41 75 
1611504,05 72 
1611582,44 70 
1612571,86 80 
1613061,29 83 
1613246,52 64 186
1613650,68 74 390
1613650,68 61 390
1614059,93 151 
1614089,29 69 
1614899,93 93 
1614913,51 103 
1614913,51 101 
1618461,34 100 
1618461,34 1
1618461,34 1938
1618461,34 11
1620431,84 25 
1620459,03 75 
1621368,16 72 
1621631,52 70 
1622946,5 80 
1623696,77 83 
1623942 64 245
1624231,39 74 269
1624231,39 62 269
1625041,54 152 
1625071,38 69 
1625601,46 249 
1626081,05 93 
1626095,44 103 
1626095,44 101 
1629626,96 100 
1629626,96 1
1629626,96 1938
1629626,96 11
1631600,5 25 
1633973,45 75 
1634882,1 72 
1635145,73 70 
1636463,61 80 
1637251,08 83 
1638601,2 64 1351
1639452,35 74 829
1639452,35 61 829
1639864,11 151 
1639891,05 69 
1640399,67 93 
1640409,4 103 
1640409,4 101 
1643946,7 100 
1643946,7 1
1643946,7 1938
1643946,7 10
1645927,76 25 
1645955,55 75 
1646864,29 72 
1646940,78 70 
1647938,86 80 
1648473,07 83 
1695851,52 64 47379
1696011,28 74 145
1696011,28 61 145
1696823,64 150 
1696854,51 68 
1698063,26 92 
1698063,26 65 
1698078,55 103 
1698078,55 101 
1698617,63 100 
1698617,63 1
1698617,63 1938
1698617,63 10
1700598,11 25 
1700625,36 75 
1701534 72 
1701611,12 70 
1702606,97 80 
1703090,09 83 
1703248,31 64 159
1703421,21 74 158
1703421,21 61 158
1703832,39 150 
1703851,58 68 
1705063,32 92 
1705063,32 65 
1705088,86 103 
1705088,86 101 
1705623,48 100 
1705623,48 1
1705623,48 1938
1705623,48 11
1707595,15 25 
1707623,03 75 
1708531,2 72 
1708608,16 70 
1709598,13 80 
1710033,76 83 
1710329,69 64 296
1710571,18 74 218
1710571,18 62 218
1711381,7 152 
1711408,41 69 
1711722,35 249 
1712070,54 256 
1714863,75 93 
1714884,73 103 
1714884,73 101 
1718415,68 100 
1718415,68 1
1718415,68 1938
1718415,68 10
1720389,75 25 
1720417,06 75 
1721325,08 72 
1721402,83 70 
1722395,14 80 
1722935,02 83 
1723049,91 64 115
1723231,74 74 164
1723231,74 61 164
1723642,84 150 
1723669,88 68 
1724177,47 92 
1724177,47 65 
1724200,84 103 
1724200,84 101 
1724744,06 100 
1724744,06 1
1724744,06 1938
1724744,06 10
1726720,49 25 
1726747,94 75 
1727655,84 72 
1727733,85 70 
1728736 80 
1729279,02 83 
1729513,56 64 235
1729683,06 74 151
1729683,06 61 151
1730093,54 150 
1730120,51 68 
1731329,67 92 
1731329,67 65 
1731344,51 103 
1731344,51 101 
1731875,66 100 
1731875,66 1
1731875,66 1938
1731875,66 10
1733850,99 25 
1734797,43 75 
1735706,74 72 
1735796,76 70 
1736791,3 80 
1737222,4 83 
1737411,24 64 190
1737575,6 74 141
1737575,6 61 141
1738383,44 150 
1738410,34 68 
1739221,63 92 
1739221,63 65 
1739247,81 103 
1739247,81 101 
1739779,17 100 
1739779,17 1
1739779,17 1938
1739779,17 11
1741754,15 25 
1743886,92 75 
1744793,9 72 
1745059,47 70 
1746360,45 80 
1746938,25 83 
1747529,89 64 592
1747748,05 74 197
1747748,05 63 197
1748557,67 151 
1748578,72 69 
1749089,99 93 
1749110,42 103 
1749110,42 101 
1752649,18 100 
1752649,18 1
1752649,18 1938
1752649,18 11
1754628,72 25 
1754655,93 75 
1755563,54 72 
1755641,86 70 
1756643,55 80 
1757094,02 83 
1757349,15 64 255
1757691,43 74 318
1757691,43 61 318
1758098,58 151 
1758122,17 69 
1758932,61 93 
1758946,19 103 
1758946,19 101 
1762482,09 100 
1762482,09 1
1762482,09 1938
1762482,09 11
1764451,24 25 
1766930,56 75 
1767841,13 72 
1767916,58 70 
1768908,79 80 
1769435,61 83 
1769843,12 64 408
1770143,64 74 282
1770143,64 62 282
1770555,84 150 
1770583,57 68 
1770857,88 249
1771095,01 92 
1771095,01 65 
1771114,43 103 
1771114,43 101 
1771645,91 100 
1771645,91 1
1771645,91 1938
1771645,91 11
1773620,7 25 
1773647,99 75 
1774556,11 72 
1774633,71 70 
1775634,77 80 
1776139,33 83 
1776299,85 64 161
1776478,09 74 165
1776478,09 62 165
1777287,03 150 
1777313,26 68 
1777651,4 249
1778125,55 92 
1778125,55 65 
1778151,55 103 
1778151,55 101 
1778691,8 100 
1778691,8 1
1778691,8 1938
1778691,8 10
1780671,14 25 
1784216,59 75 
1785123,91 72 
1785202,61 70 
1786197,18 80 
1786628,22 83 
1786829,47 64 202
1787013,27 74 172
1787013,27 61 172
1787820,46 150 
1787842,18 68 
1788651,21 92 
1788651,21 65 
1788667,03 103 
1788667,03 101 
1789197,93 100 
1789197,93 1
1789197,93 1938
1789197,93 10
1791173,3 25 
1792999,59 75 
1793909,1 72 
1793985,57 70 
1794970,23 80 
1795438,29 83 
1795527,3 64 90
1795679,17 74 134
1795679,17 61 134
1796087,21 150 
1796106,05 68 
1797313,4 92 
1797313,4 65 
1797330,02 103 
1797330,02 101 
1797866,84 100 
1797866,84 1
1797866,84 1938
1797866,84 10
1799836,36 25 
1802715,48 75 
1803623,57 72 
1803701,54 70 
1804698,47 80 
1805233,72 83 
1805323,48 64 90
1805658,41 74 319
1805658,41 62 319
1807336,87 151 
1807354,82 69 
1807826,39 249 
1808142,14 182 
1808170,85 93 
1808192,15 103 
1808192,15 101 
1811731,46 100 
1811731,46 1
1811731,46 1938
1811731,46 11
1813710,48 25 
1814030,87 75 
1814937,56 72 
1815016,72 70 
1815998,52 250 
1816015,42 101 
1818015,45 100 
1818015,45 1
1818015,45 1938
1818015,45 11
1818015,45 25 
1822160,65 75 
1823068,86 72 
1823079,17 70 
1823687,46 80 
1824132,44 83 
1824509,39 64 378
1824934,87 74 403
1824934,87 62 403
1825343,36 150 
1825373,85 68 
1825724,15 249
1826581,79 92 
1826581,79 65 
1826597,71 103 
1826597,71 101 
1827128,94 100 
1827128,94 1
1827128,94 1938
1827128,94 11
1829104 25 
1829730,78 75 
1830638,07 72 
1830716,8 70 
1831710,11 80 
1832262,36 83 
1832625,09 64 363
1832842,67 74 194
1832842,67 62 194
1833652,12 150 
1833676,23 68 
1834039,69 249
1834483,33 92 
1834483,33 65 
1834501,08 103 
1834501,08 101 
1835034,33 100 
1835034,33 1
1835034,33 1938
1835034,33 10
1837007,38 25 
1847009,3 254 
1847029,06 101 
1849028,33 100 
1849028,33 1
1849028,33 1938
1849028,33 10
1849028,33 25 
1857772,47 75 
1857823,55 250 
1857837,48 101 
1859852,19 100 
1859852,19 1
1859852,19 1938
1859852,19 10
1859852,19 25 
1861063,57 75 
1861972,73 72 
1862236,88 70 
1863437,36 80 
1864235,81 83 
1864446,31 64 212
1864619,66 74 158
1864619,66 61 158
1865031,52 150 
1865049,65 68 
1865560,71 92 
1865560,71 65 
1865581,35 103 
1865581,35 101 
1866127,09 100 
1866127,09 1
1866127,09 1938
1866127,09 11
1868100,98 25 
1868701,08 75 
1869608,26 72 
1869873,67 70 
1871035,28 80 
1871619,2 83 
1871690 64 71
1871876,27 74 165
1871876,27 62 165
1872284,39 150 
1872314,13 68 
1872634,62 249
1873124,43 92 
1873124,43 65 
1873138,27 103 
1873138,27 101 
1873671,62 100 
1873671,62 1
1873671,62 1938
1873671,62 11
1875644,47 25 
1876990,92 75 
1877897,77 72 
1877976,87 70 
1878961,35 80 
1879442,5 83 
1879589,54 64 148
1879768,31 74 167
1879768,31 62 167
1880576,94 150 
1880603,1 68 
1880932 249
1881112,65 92 
1881112,65 65 
1881134,86 103 
1881134,86 101 
1881669,83 100 
1881669,83 1
1881669,83 1938
1881669,83 11
1883641,05 25 
1883668,25 75 
1884575,24 72 
1884654,12 70 
1885632,53 80 
1886066,43 83 
1886246,37 64 181
1886517,79 74 252
1886517,79 62 252
1886925,9 150 
1886947,12 68 
1887230,26 249
1888158,22 92 
1888158,22 65 
1888171,83 103 
1888171,83 101 
1888712,27 100 
1888712,27 1
1888712,27 1938
1888712,27 10
1890691,45 25 
1892344,49 75 
1893250,43 72 
1893330,44 70 
1894323,32 80 
1894809,39 83 
1895006,8 64 198
1895172,4 74 150
1895172,4 61 150
1895982,88 150 
1896009,96 68 
1896521,11 92 
1896521,11 65 
1896541,65 103 
1896541,65 101 
1897078,04 100 
1897078,04 1
1897078,04 1938
1897078,04 10
1899047,9 25 
1903566,37 75 
1904474,45 72 
1904552,41 70 
1905537,28 80 
1905964,68 83 
1906168,95 64 204
1906336,9 74 146
1906336,9 61 146
1907148,31 150 
1907179,44 68 
1908389,61 92 
1908389,61 65 
1908403,41 103 
1908403,41 101 
1908935,77 100 
1908935,77 1
1908935,77 1938
1908935,77 10
1910909,59 25 
1913282,28 75 
1914190,98 72 
1914268,31 70 
1915252,53 80 
1915787,23 83 
1915990,32 64 204
1916150,24 74 137
1916150,24 61 137
1916558,07 152 
1916588,72 69 
1917012,82 249 
1917271,07 256 
1918108,73 181 
1919138,8 93 
1919158,84 103 
1919158,84 101 
1922701,85 100 
1922701,85 1
1922701,85 1938
1922701,85 10
1924677,15 25 
1927556,3 75 
1928465,69 72 
1928542,25 70 
1929526,77 80 
1930061,24 83 
1930164,62 64 104
1930342,67 74 162
1930342,67 61 162
1931151,06 150 
1931182,57 68 
1931990,17 92 
1931990,17 65 
1932006,73 103 
1932006,73 101 
1932538,88 100 
1932538,88 1
1932538,88 1938
1932538,88 11
1934513,01 25 
1938698,37 75 
1939606,91 72 
1939684,29 70 
1940671,23 80 
1941149,95 83 
1941342,29 64 193
1941571,1 74 208
1941571,1 62 208
1941982,24 150 
1942004,73 68 
1942288,77 249
1943215,29 92 
1943215,29 65 
1943241,99 103 
1943241,99 101 
1943777,04 100 
1943777,04 1
1943777,04 1938
1943777,04 11
1945748,38 25 
1949986,91 75 
1950895,47 72 
1950972,83 70 
1951956,27 80 
1952385,17 83 
1952592,81 64 208
1952782,32 74 171
1952782,32 62 171
1953592,57 150 
1953612,41 68 
1953824,16 249
1954121,95 92 
1954121,95 65 
1954144,06 103 
1954144,06 101 
1954682,19 100 
1954682,19 1
1954682,19 1938
1954682,19 10
1956663,67 25 
1958969,76 75 
1959876,38 72 
1959955,72 70 
1960948,98 80 
1961474,65 83 
1961670,15 64 195
1961847,52 74 160
1961847,52 61 160
1962260,09 150 
1962288,85 68 
1963502,27 92 
1963502,27 65 
1963526,8 103 
1963526,8 101 
1964057,59 100 
1964057,59 1
1964057,59 1938
1964057,59 10
1966033,09 25 
1966753,14 75 
1967660,41 72 
1967739,16 70 
1968732,5 80 
1969218,14 83 
1969372,41 64 155
1969559,89 74 169
1969559,89 62 169
1970373,62 151 
1970392,76 69 
1970903,24 93 
1970923,68 103 
1970923,68 101 
1974456,24 100 
1974456,24 1
1974456,24 1938
1974456,24 11
1976428,77 25 
1977095,46 75 
1978004,54 72 
1978254,69 70 
1979544,7 80 
1980266,77 83 
1980608,46 64 342
1980765,49 74 140
1980765,49 61 140
1981174,45 151 
1981201,47 69 
1982011,79 93 
1982025,67 103 
1982025,67 101 
1985570,89 100 
1985570,89 1
1985570,89 1938
1985570,89 11
1987544,03 25 
1988104,21 75 
1989012,93 72 
1989223,4 70 
1990378,21 80 
1990915,64 83 
1991289,21 64 375
1991459,92 74 158
1991459,92 61 158
1991869,67 151 
1991890,53 69 
1992700,89 93 
1992714,48 103 
1992714,48 101 
1996245,78 100 
1996245,78 1
1996245,78 1938
1996245,78 10
1998219,65 25 
1998246,7 75 
1999155,14 72 
1999232,55 70 
2000222,52 80 
2000751,55 83 
2001057,74 64 307
2001298,28 74 228
2001298,28 62 228
2002106,86 151 
2002125,42 69 
2002636,65 93 
2002656,99 103 
2002656,99 101 
2006189,02 100 
2006189,02 1
2006189,02 1938
2006189,02 11
2008162,15 25 
2008189,51 75 
2009099,24 72 
2009175,04 70 
2010163,33 80 
2010640,68 83 
2011445,65 64 805
2011682,49 74 216
2011682,49 63 216
2011971,55 256 
2014326,86 153 
2014347,6 68 
2015507,02 92 
2015507,02 65 
2015531,57 103 
2015531,57 101 
2016069,17 100 
2016069,17 1
2016069,17 1938
2016069,17 10
2018051,18 25 
2018491,38 75 
2019401,01 72 
2019477,37 70 
2020461,34 80 
2020889,68 83 
2021172,25 64 283
2021365,76 74 170
2021365,76 61 170
2022177,25 150 
2022197,72 68 
2023008,26 92 
2023008,26 65 
2023035,09 103 
2023035,09 101 
2023571,87 100 
2023571,87 1
2023571,87 1938
2023571,87 11
2025541,35 25 
2026862,12 75 
2027771,61 72 
2027847,25 70 
2028831,82 80 
2029352,78 83 
2029478,25 64 125
2029651,07 74 152
2029651,07 62 152
2030460,18 150 
2030487,58 68 
2030805,55 249
2031700,83 92 
2031700,83 65 
2031724,78 103 
2031724,78 101 
2032255,69 100 
2032255,69 1
2032255,69 1938
2032255,69 10
2034231,04 25 
2036803,99 75 
2037713,26 72 
2037789,65 70 
2038771,29 80 
2039255,28 83 
2039377,26 64 123
2039707,53 74 306
2039707,53 62 306
2042349,71 151 
2042375,39 69 
2042887,79 93 
2042906,72 103 
2042906,72 101 
2046450,37 100 
2046450,37 1
2046450,37 1938
2046450,37 11
2048425,05 25 
2048466,01 75 
2049374,53 72 
2049451,46 70 
2050436,79 80 
2050877,12 83 
2051099,59 64 223
2051566,92 74 450
2051566,92 62 450
2052375,85 150 
2052397,74 68 
2052715,16 249
2052906,19 92 
2052906,19 65 
2052929,24 103 
2052929,24 101 
2053461,35 100 
2053461,35 1
2053461,35 1938
2053461,35 10
2055435,45 25 
2056355,47 75 
2057263,42 72 
2057341,49 70 
2058334,85 80 
2058820,42 83 
2059427,17 64 607
2059601,3 74 155
2059601,3 61 155
2060011,76 150 
2060034,35 68 
2060845,15 92 
2060845,15 65 
2060859,26 103 
2060859,26 101 
2061394,17 100 
2061394,17 1
2061394,17 1938
2061394,17 10
2063365,47 25 
2065098,49 75 
2066009,48 72 
2066097,72 70 
2067078,53 80 
2067603,45 83 
2067777,62 64 175
2067934,13 74 131
2067934,13 61 131
2068743,41 150 
2068764,68 68 
2069973,93 92 
2069973,93 65 
2069988,66 103 
2069988,66 101 
2070527,85 100 
2070527,85 1
2070527,85 1938
2070527,85 10
2072508,23 25 
2082251,4 75 
2082636,08 250 
2082649,54 101 
2084663,14 100 
2084663,14 1
2084663,14 1938
2084663,14 10
2084663,14 25 
2084689,5 75 
2085598,5 72 
2085676,18 70 
2086666,11 80 
2087208,43 83 
2087348,75 64 141
2087512,98 74 145
2087512,98 61 145
2087922,25 150 
2087943,28 68 
2088454,23 92 
2088454,23 65 
2088474,21 103 
2088474,21 101 
2089006,23 100 
2089006,23 1
2089006,23 1938
2089006,23 11
2090980,48 25 
2096885,42 75 
2097794,82 72 
2098124,27 70 
2099243,25 80 
2099776,57 83 
2100125,69 64 350
2100367,42 74 218
2100367,42 62 218
2100777,39 150 
2100804,5 68 
2101091,94 249
2102014,5 92 
2102014,5 65 
2102028,5 103 
2102028,5 101 
2102562,4 100 
2102562,4 1
2102562,4 1938
2102562,4 11
2104534,95 25 
2105867,95 75 
2106775,97 72 
2106853,99 70 
2107847,45 80 
2108332,94 83 
2108533,94 64 201
2108727,74 74 182
2108727,74 62 182
2109535,64 150 
2109560,1 68 
2110370,98 92 
2110370,98 65 
2110384,97 103 
2110384,97 101 
2110930,85 100 
2110930,85 1
2110930,85 1938
2110930,85 11
2112904,62 25 
2115997,03 75 
2116905,37 72 
2116982,98 70 
2117984,57 80 
2118502,38 83 
2118625,93 64 124
2118813,28 74 166
2118813,28 62 166
2119621,57 150 
2119649,24 68 
2119942,93 249
2120857,73 92 
2120857,73 65 
2120873,9 103 
2120873,9 101 
2121406,51 100 
2121406,51 1
2121406,51 1938
2121406,51 10
2123380,17 25 
2125179,78 75 
2126086,82 72 
2126165,85 70 
2127157,62 80 
2127644,72 83 
2128268,88 64 624
2128436,52 74 153
2128436,52 61 153
2128847,24 152 
2128872,75 69 
2129114,85 249 
2129423,13 181 
2129683,17 93 
2129699,27 103 
2129699,27 101 
2133230,49 100 
2133230,49 1
2133230,49 1938
2133230,49 11
2135201,93 25 
2135269,11 75 
2136175,32 72 
2136254,87 70 
2137249,77 80 
2137693,89 83 
2137943,16 64 249
2138107,88 74 148
2138107,88 61 148
2138517,26 151 
2138536,56 69 
2139547,75 93 
2139559,39 103 
2139559,39 101 
2143096,54 100 
2143096,54 1
2143096,54 1938
2143096,54 10
2145077,74 25 
2147037,26 75 
2147945,84 72 
2148023,29 70 
2149015,63 80 
2149462,25 83 
2149952,41 64 491
2150202,31 74 234
2150202,31 62 234
2151013,35 151 
2151036,74 69 
2151630,69 249 
2151846,13 93 
2151860,85 103 
2151860,85 101 
2155395,79 100 
2155395,79 1
2155395,79 1938
2155395,79 10
2157366,02 25 
2158072,62 75 
2158982,29 72 
2159058,66 70 
2160053,56 80 
2160550,92 83 
2160904,12 64 353
2161416,6 74 493
2161416,6 61 493
2161824,54 150 
2161844,82 68 
2163054,2 92 
2163054,2 65 
2163069,47 103 
2163069,47 101 
2163601,79 100 
2163601,79 1
2163601,79 1938
2163601,79 10
2165575,86 25 
2166149,25 75 
2167058,1 72 
2167135,35 70 
2168130,22 80 
2168667,5 83 
2168816,16 64 149
2168983,63 74 143
2168983,63 61 143
2169793,3 150 
2169815,53 68 
2170625,31 92 
2170625,31 65 
2170639,63 103 
2170639,63 101 
2171181,6 100 
2171181,6 1
2171181,6 1938
2171181,6 10
2173159,33 25 
2173746,02 75 
2174655,04 72 
2174732,09 70 
2175730,28 80 
2176157,69 83 
2176394,95 64 237
2176581,89 74 171
2176581,89 61 171
2176990,5 152 
2177011,72 69 
2177045,05 249 
2177520,07 93 
2177530,3 103 
2177530,3 101 
2181061,35 100 
2181061,35 1
2181061,35 1938
2181061,35 10
2183035,19 25 
2185434,55 75 
2186341,54 72 
2186420,44 70 
2187412,49 80 
2187912,72 83 
2188389,57 64 477
2188660,54 74 255
2188660,54 62 255
2189469 151 
2189486,71 69 
2190009,71 249 
2190299,48 93 
2190311,37 103 
2190311,37 101 
2193846,88 100 
2193846,88 1
2193846,88 1938
2193846,88 11
2195816,49 25 
2195843,63 75 
2196752,45 72 
2196842,81 70 
2197836,52 80 
2198361,67 83 
2198648,8 64 287
2198827,87 74 160
2198827,87 61 160
2199239,44 151 
2199269,05 69 
2199917,51 249 
2200128,26 181 
2200598,96 256 
2302549,72 93 
2302570,84 103 
2302570,84 101 
2306108,6 100 
2306108,6 1
2306108,6 1938
2306108,6 11
2308089,15 25 
2308116,31 75 
2309024,7 72 
2309235,46 70 
2310238,89 80 
2310767,68 83 
2310947,08 64 179
2311126,25 74 159
2311126,25 61 159
2311936,46 151 
2311956,01 69 
2312766,87 93 
2312779,82 103 
2312779,82 101 
2316313,44 100 
2316313,44 1
2316313,44 1938
2316313,44 11
2318284,84 25 
2328286,6 254 
2328306,57 101 
2330319,05 100 
2330319,05 1
2330319,05 1938
2330319,05 11
2330319,05 25 
2330759,95 75 
2331666,59 72 
2331745,99 70 
2332734,25 80 
2333171,64 83 
2333569,44 64 399
2333750,7 74 166
2333750,7 61 166
2334161,59 151 
2334186,31 69 
2334857,85 249 
2335212,79 181 
2336743,03 256 
2343098,57 93 
2343114,89 103 
2343114,89 101 
2346644,82 100 
2346644,82 1
2346644,82 1938
2346644,82 11
2348618,77 25 
2349258,84 75 
2350167,19 72 
2350244,83 70 
2351226,13 80 
2351710,46 83 
2351887,42 64 178
2352104,96 74 195
2352104,96 62 195
2352221,12 256 
2353151,71 150 
2353178,4 68 
2353414,51 249
2354387,73 172 
2354799,19 92 
2354799,19 65 
2354816,61 103 
2354816,61 101 
2355363,27 100 
2355363,27 1
2355363,27 1938
2355363,27 10
2357335,11 25 
2361600,32 75 
2362508,59 72 
2362586,38 70 
2363574,34 80 
2364012,02 83 
2364443,76 64 432
2364634,63 74 170
2364634,63 61 170
2365046,28 150 
2365066,78 68 
2365876,99 92 
2365876,99 65 
2365904,13 103 
2365904,13 101 
2366436,43 100 
2366436,43 1
2366436,43 1938
2366436,43 11
2368410,41 25 
2372808,95 75 
2373517,28 250 
2373527,15 101 
2375540,81 100 
2375540,81 1
2375540,81 1938
2375540,81 11
2375540,81 25 
2384669,88 75 
2384837,99 250 
2384855,78 101 
2386856,19 100 
2386856,19 1
2386856,19 1938
2386856,19 11
2386856,19 25 
2389014,71 75 
2389066,65 250 
2389080,6 101 
2391094,19 100 
2391094,19 1
2391094,19 1938
2391094,19 11
2391094,19 25 
2392240 75 
2393148,15 72 
2393226,74 70 
2394219,12 80 
2394692,46 83 
2395018,89 64 327
2395174,6 74 136
2395174,6 61 136
2395983,93 151 
2396013,69 69 
2396423,23 256 
2396427,53 249 
2396458,27 182 
2420374,54 93 
2420387,86 103 
2420387,86 101 
2423921,29 100 
2423921,29 1
2423921,29 1938
2423921,29 11
2425892,88 25 
2430424,69 75 
2430431,72 250 
2430449,87 101 
2432463,47 100 
2432463,47 1
2432463,47 1938
2432463,47 11
2432463,47 25 
2433862,53 75 
2434769,33 72 
2434982,69 70 
2435984,49 80 
2436501,5 83 
2436780,01 64 279
2436934,22 74 140
2436934,22 61 140
2437343,23 151 
2437369,92 69 
2438381,22 93 
2438393,61 103 
2438393,61 101 
2441935,24 100 
2441935,24 1
2441935,24 1938
2441935,24 10
2443912,06 25 
2450403 75 
2451309,23 72 
2451388,93 70 
2452376,78 80 
2452828,05 83 
2452920,79 64 93
2453117,09 74 183
2453117,09 62 183
2453929,28 151 
2453948,54 69 
2454957,55 93 
2454973,32 103 
2454973,32 101 
2458508,18 100 
2458508,18 1
2458508,18 1938
2458508,18 11
2460478,47 25 
2462024,93 75 
2462935,14 72 
2463010,89 70 
2463996,19 80 
2464476,33 83 
2464810,55 64 335
2465035,1 74 212
2465035,1 62 212
2465843,26 150 
2465864,28 68 
2466199,88 249
2466675,22 92 
2466675,22 65 
2466701,71 103 
2466701,71 101 
2467233,75 100 
2467233,75 6
2467233,75 1938
2467233,75 11
2467233,75 78 
2467233,75 198 
2469208,01 25 
2471021,06 75 
2471929,96 72 
2472006,99 70 
2472993,9 80 
2473512,64 83 
2473569,43 64 58
2473742,11 74 150
2473742,11 61 150
2474155,92 150 
2474180,25 68 
2475393,62 92 
2475393,62 65 
2475418,03 103 
2475418,03 101 
2475959,58 100 
2475959,58 6
2475959,58 1938
2475959,58 10
2477937,63 25 
2487939,89 254 
2487959,36 101 
2489971,86 100 
2489971,86 6
2489971,86 1938
2489971,86 10
2489971,86 25 
2490519,52 75 
2490563,41 250 
2490571,35 101 
2492584,85 100 
2492584,85 6
2492584,85 1938
2492584,85 10
2492584,85 25 
2496889,34 75 
2496896,61 250 
2496915,37 101 
2498928,83 100 
2498928,83 6
2498928,83 1938
2498928,83 10
2498928,83 25 
2499701,53 75 
2499707,47 250 
2499714,06 101 
2501727,66 100 
2501727,66 6
2501727,66 1938
2501727,66 10
2501727,66 25 
2506205,37 75 
2506263,56 250 
2506271,28 101 
2508271,81 100 
2508271,81 6
2508271,81 1938
2508271,81 10
2508271,81 25 
2514148,73 75 
2514155,02 250 
2514174,76 101 
2516188,21 100 
2516188,21 6
2516188,21 1938
2516188,21 10
2516188,21 25 
2520079,56 75 
2520165,5 250 
2520185,45 101 
2522199,12 100 
2522199,12 6
2522199,12 1938
2522199,12 10
2522199,12 25 
2525037,47 75 
2525043,8 250 
2525050,06 101 
2527051,8 100 
2527051,8 6
2527051,8 1938
2527051,8 10
2527051,8 25 
2533460,57 75 
2533489,19 250 
2533499,83 101 
2535513,48 100 
2535513,48 6
2535513,48 1938
2535513,48 10
2535513,48 25 
2545515,89 254 
2545535,14 101 
2547547,66 100 
2547547,66 6
2547547,66 1938
2547547,66 10
2547547,66 25 
2549773,71 75 
2550683,28 72 
2550947,09 70 
2552095,96 80 
2552719,29 83 
2552852,08 64 133
2553039,63 74 174
2553039,63 62 174
2553447,42 153 
2553467,46 68 
2553732,39 249
2553975,41 92 
2553975,41 65 
2553998,31 103 
2553998,31 101 
2554532,31 100 
2554532,31 6
2554532,31 1938
2554532,31 11
2556504,65 25 
2557637,86 75 
2558546,07 72 
2558757,09 70 
2559911,37 80 
2560596,03 83 
2560612,05 64 16
2560812,4 74 177
2560812,4 62 177
2561624,89 151 
2561650,66 69 
2562266,31 249 
2562535,3 256 
2564130,74 93 
2564140,76 103 
2564140,76 101 
2567675,99 100 
2567675,99 6
2567675,99 1938
2567675,99 10
2569645,83 25 
2572938,18 75 
2573847,03 72 
2573924,03 70 
2574909,95 80 
2575336,35 83 
2575563,59 64 228
2575741,81 74 166
2575741,81 61 166
2576552,21 151 
2576577,79 69 
2577077,69 249 
2577462,67 181 
2580434,68 256 
2590824,39 93 
2590836,15 103 
2590836,15 101 
2594378,34 100 
2594378,34 6
2594378,34 1938
2594378,34 10
2596354,49 25 
2606355,41 254 
2606376,22 101 
2608402,05 100 
2608402,05 6
2608402,05 1938
2608402,05 10
2608402,05 25 
2612374,89 75 
2613281,2 72 
2613360,83 70 
2614348,18 80 
2614773,18 83 
2614821,34 64 49
2614977,71 74 138
2614977,71 61 138
2615389,18 151 
2615414,7 69 
2615550,08 249 
2616223,23 93 
2616238,79 103 
2616238,79 101 
2619772,46 100 
2619772,46 6
2619772,46 1938
2619772,46 11
2621743,84 25 
2623330,2 75 
2624237,49 72 
2624316,23 70 
2625308,9 80 
2625781,79 83 
2625905,42 64 124
2626065,25 74 138
2626065,25 63 138
2626875,33 151 
2626902,52 69 
2627915,09 93 
2627928,23 103 
2627928,23 101 
2631458,06 100 
2631458,06 6
2631458,06 1938
2631458,06 10
2633432,23 25 
2634792,07 75 
2635701,95 72 
2635791,33 70 
2636787,74 80 
2637310,32 83 
2637641,67 64 332
2637879,59 256 
2639181,26 74 1525
2639181,26 62 1525
2643142,56 251 
2643142,56 241 
2643160,74 101 
2645174,01 100 
2645174,01 6
2645174,01 1938
2645174,01 10
2645174,01 25 
2649719,09 75 
2649770,17 250 
2649784,24 101 
2651797,99 100 
2651797,99 6
2651797,99 1938
2651797,99 10
2651797,99 25 
2656302,27 75 
2657210,59 72 
2657289,04 70 
2658275,72 80 
2658794,88 83 
2658947,38 64 153
2659129,43 74 162
2659129,43 61 162
2659152,39 256 
2659631,35 153 
2659662,07 68 
2660473,03 92 
2660473,03 65 
2660486,91 103 
2660486,91 101 
2661033,53 100 
2661033,53 6
2661033,53 1938
2661033,53 10
2663006,55 25 
2663846,52 75 
2664755,34 72 
2664832,44 70 
2665819,33 80 
2666338,1 83 
2666444,77 64 107
2666601,62 74 144
2666601,62 61 144
2667010,16 151 
2667033,01 69 
2667842,08 93 
2667857,11 103 
2667857,11 101 
2671390,04 100 
2671390,04 6
2671390,04 1938
2671390,04 10
2673362,12 25 
2674562,01 75 
2675472,14 72 
2675734,58 70 
2676884,62 80 
2677457,45 250 
2677466,29 101 
2679466,51 100 
2679466,51 6
2679466,51 1938
2679466,51 10
2679466,51 25 
2679973,3 75 
2680880,81 72 
2681092,27 70 
2682098,51 80 
2682584,56 83 
2682763,11 64 179
2682918,35 74 135
2682918,35 61 135
2683726,47 151 
2683746,02 69 
2684254,98 93 
2684276,86 103 
2684276,86 101 
2687808,86 100 
2687808,86 6
2687808,86 1938
2687808,86 11
2689781,85 25 
2693447,43 75 
2694356,38 72 
2694433,37 70 
2695424 80 
2695858,97 83 
2696201,39 64 343
2696408,46 74 190
2696408,46 62 190
2697380,81 151 
2697406,89 69 
2697795,44 249 
2698091,37 256 
2701035,15 182 
2701934,36 93 
2701949,41 103 
2701949,41 101 
2705489,18 100 
2705489,18 6
2705489,18 1938
2705489,18 11
2707467,84 25 
2707788,2 75 
2708698,12 72 
2708774,26 70 
2709774,78 80 
2710199,6 83 
2710407,87 64 209
2710580,96 74 155
2710580,96 61 155
2710992,87 150 
2711014,63 68 
2711822,26 92 
2711822,26 65 
2711839,55 103 
2711839,55 101 
2712372,87 100 
2712372,87 6
2712372,87 1938
2712372,87 11
2714344,87 25 
2718223,58 75 
2719133,59 72 
2719209,56 70 
2720191,9 80 
2720675,25 83 
2720897,33 64 223
2721147,85 74 233
2721147,85 62 233
2721959,97 151 
2721982,43 69 
2722415,55 249 
2722744,38 256 
2723530,64 182 
2724550,84 93 
2724566,58 103 
2724566,58 101 
2728097,51 100 
2728097,51 6
2728097,51 1938
2728097,51 10
2730071,63 25 
2730098,78 75 
2731006,45 72 
2731084,65 70 
2732070,31 80 
2732603,52 83 
2732725,42 64 123
2732899,99 74 150
2732899,99 61 150
2733308,87 151 
2733338,35 69 
2733846,28 93 
2733855,98 103 
2733855,98 101 
2737399,61 100 
2737399,61 6
2737399,61 1938
2737399,61 11
2739374,34 25 
2739401,48 75 
2740308,74 72 
2740387,42 70 
2741371,86 80 
2741893,23 83 
2742065,6 64 173
2742273,08 74 194
2742273,08 61 194
2743538,59 150 
2743560,91 68 
2744770,58 92 
2744770,58 65 
2744784,82 103 
2744784,82 101 
2745315,96 100 
2745315,96 6
2745315,96 1938
2745315,96 10
2747290,98 25 
2749930,25 75 
2750840,44 72 
2750916,24 70 
2751906,09 80 
2752395,26 83 
2752542,4 64 148
2752706,86 74 152
2752706,86 61 152
2753115,63 151 
2753143,43 69 
2753595,93 249 
2753867,26 181 
2764553,46 256 
2774330,33 93 
2774345,68 103 
2774345,68 101 
2777885,21 100 
2777885,21 6
2777885,21 1938
2777885,21 11
2779863,94 25 
2780557,42 75 
2781464,85 72 
2781810,01 70 
2782922,22 80 
2783448,87 83 
2783803,12 64 354
2783990,75 74 169
2783990,75 63 169
2784403,33 151 
2784422,8 69 
2785229,58 93 
2785247,67 103 
2785247,67 101 
2788785,23 100 
2788785,23 6
2788785,23 1938
2788785,23 11
2790766,09 25 
2792392,68 75 
2793301,25 72 
2793391,71 70 
2794378,05 80 
2794804,04 83 
2795050,65 64 247
2795223,3 74 154
2795223,3 61 154
2796033,39 150 
2796058,65 68 
2797267,6 92 
2797267,6 65 
2797282,62 103 
2797282,62 101 
2799475,84 102 
