71,8 100 
71,8 5
71,8 1895
71,8 11
2034,96 25 
2059,99 75 
3269,16 72 
3618,98 70 
4294,59 80 
4885,42 83 
5160,84 64 275
5348,5 74 169
5348,5 61 169
6158,29 153 
6178,61 68 
7389,8 92 
7389,8 65 
7406,18 103 
7406,18 101 
7935,28 100 
7935,28 5
7935,28 1895
7935,28 10
9910,53 25 
9951,06 75 
11159,97 72 
11243,29 70 
11737,59 80 
12215,79 83 
12444,61 64 229
12641,76 74 172
12641,76 63 172
13053,21 150 
13083,96 68 
13597,74 92 
13597,74 65 
13614,85 103 
13614,85 101 
14146,57 100 
14146,57 5
14146,57 1895
14146,57 10
16121,21 25 
16150,99 75 
17359,61 72 
17440,74 70 
17944,88 80 
18479,81 83 
18594,67 64 116
18800,01 74 187
18800,01 63 187
19611,98 150 
19641,28 68 
20452,61 92 
20452,61 65 
20465,33 103 
20465,33 101 
21004,51 100 
21004,51 5
21004,51 1895
21004,51 11
22984,93 25 
23012,77 75 
24221,07 72 
24304,5 70 
24797,33 80 
25276,99 83 
25372,26 64 96
25536,59 74 140
25536,59 61 140
25943,9 151 
25970,29 69 
26781,15 93 
26795,99 103 
26795,99 101 
30333,91 100 
30333,91 5
30333,91 1895
30333,91 11
32314,63 25 
32342,23 75 
33549,83 72 
33633,95 70 
34122,56 80 
34566,43 83 
34824,48 64 258
35012,06 74 166
35012,06 61 166
35819,33 151 
35847,73 69 
36858,68 93 
36871,78 103 
36871,78 101 
40403,95 100 
40403,95 5
40403,95 1895
40403,95 10
42376,88 25 
42404,1 75 
43613,38 72 
43696,42 70 
44191,46 80 
44722,28 83 
44896,91 64 175
45085,1 74 163
45085,1 63 163
45496,36 150 
45523,73 68 
46333,48 92 
46333,48 65 
46347,89 103 
46347,89 101 
46888,41 100 
46888,41 5
46888,41 1895
46888,41 10
48867,47 25 
49387,65 75 
50596,46 72 
50680,18 70 
51183,09 80 
51719,28 83 
51960,08 64 241
52143,53 74 158
52143,53 63 158
52952,24 150 
52974,05 68 
53482,47 92 
53482,47 65 
53504,91 103 
53504,91 101 
54036,02 100 
54036,02 5
54036,02 1895
54036,02 10
56011,3 25 
56038,95 75 
57247,04 72 
57330,73 70 
57824,99 80 
58303,17 83 
58506,3 64 203
58719,6 74 190
58719,6 63 190
59129,55 150 
59158,06 68 
59555,96 249
59588,6 173 
59970,5 92 
59970,5 65 
59995,47 103 
59995,47 101 
60531,15 100 
60531,15 5
60531,15 1895
60531,15 11
62501,74 25 
62702,09 75 
63909,68 72 
63994,55 70 
64484,97 80 
64927,08 83 
65101,98 64 175
65274,69 74 149
65274,69 61 149
65684,36 151 
65715,28 69 
66224,53 93 
66246,19 103 
66246,19 101 
69787,16 100 
69787,16 5
69787,16 1895
69787,16 11
71764,57 25 
71791,83 75 
73002,9 72 
73084,16 70 
73589,06 80 
74029,99 83 
74829,95 64 801
75207,77 74 364
75207,77 62 364
76018,66 150 
76044,36 68 
76313,15 249
77603,73 92 
77603,73 65 
77628,16 103 
77628,16 101 
78162,73 100 
78162,73 5
78162,73 1895
78162,73 10
80134,4 25 
80162,2 75 
81368,1 72 
81453,94 70 
81953,88 80 
82453,13 83 
82545,51 64 92
82758,2 74 199
82758,2 63 199
83168,94 150 
83187,33 68 
83700,22 92 
83700,22 65 
83718,97 103 
83718,97 101 
84251,07 100 
84251,07 5
84251,07 1895
84251,07 11
86225,18 25 
86253,38 75 
87461,26 72 
87544,71 70 
88042,92 80 
88597,21 83 
88820,54 64 223
89121,04 74 284
89121,04 62 284
89929,71 150 
89958,47 68 
90257,63 249
90301,35 172 
90769,99 92 
90769,99 65 
90795,93 103 
90795,93 101 
91341,73 100 
91341,73 5
91341,73 1895
91341,73 10
93315,59 25 
93342,92 75 
94550,79 72 
94635,14 70 
95137,96 80 
95634,31 83 
95710,03 64 76
95734,1 256 
95897,55 74 170
95897,55 62 170
96307,16 151 
96342,15 69 
96738,84 256 
96745,09 249 
98121,62 182 
98545,9 93 
98566,01 103 
98566,01 101 
102100,45 100 
102100,45 5
102100,45 1895
102100,45 10
104071,05 25 
104098,93 75 
105306,25 72 
105390,7 70 
105886,73 80 
106429,78 83 
106567,87 64 139
106733,31 74 144
106733,31 62 144
107544,73 151 
107563,75 69 
107911,1 249 
108209,98 256 
109712,65 93 
109721,39 103 
109721,39 101 
113257,2 100 
113257,2 5
113257,2 1895
113257,2 11
115226,57 25 
115254,49 75 
116462,15 72 
116799,21 70 
117632,2 80 
118384,75 83 
118513,6 64 129
118684,08 256 
118703,13 74 172
118703,13 63 172
119115,56 151 
119145,58 69 
119655,95 93 
119677,24 103 
119677,24 101 
123217,11 100 
123217,11 5
123217,11 1895
123217,11 11
125195,6 25 
125222,88 75 
126432,27 72 
126768,38 70 
127441,43 80 
128047,38 83 
128278,66 64 231
129229,42 74 929
129229,42 62 929
130039,18 152 
130061,68 69 
130349,16 249 
131447,38 182 
132022,64 93 
132032,2 103 
132032,2 101 
135569,19 100 
135569,19 5
135569,19 1895
135569,19 10
137550,48 25 
137578,44 75 
138785,44 72 
138869,96 70 
139366,1 80 
139909,11 83 
140207,62 64 298
140391,83 74 164
140391,83 61 164
141203,6 151 
141229,74 69 
141740 93 
141761,32 103 
141761,32 101 
145292,68 100 
145292,68 5
145292,68 1895
145292,68 11
147266,34 25 
147293,62 75 
148501,98 72 
148585,94 70 
149078,64 80 
149531,84 83 
149827,34 64 296
150106,34 74 255
150106,34 62 255
150517,88 150 
150545,79 68 
150866,69 249
151354,21 92 
151354,21 65 
151370,62 103 
151370,62 101 
151912,64 100 
151912,64 5
151912,64 1895
151912,64 10
153890,33 25 
153930,95 75 
155140,56 72 
155223,17 70 
155712,47 80 
156155,67 83 
156341,98 64 187
156555,43 74 200
156555,43 63 200
156966,51 150 
156983,35 68 
157793,53 92 
157793,53 65 
157808,4 103 
157808,4 101 
158341,22 100 
158341,22 5
158341,22 1895
158341,22 11
160314,23 25 
160354,85 75 
161564,92 72 
161647,1 70 
162144,31 80 
162646,27 83 
162841,09 64 195
162995,12 74 136
162995,12 62 136
163805,08 150 
163834,42 68 
164180,97 249
164211,47 172 
165046,67 92 
165046,67 65 
165071,57 103 
165071,57 101 
165609,26 100 
165609,26 5
165609,26 1895
165609,26 11
167577,85 25 
167605,48 75 
168813,21 72 
168897,49 70 
169391,79 80 
169936,57 83 
169983,56 64 47
170183,91 74 181
170183,91 62 181
170993,11 150 
171017,18 68 
171301,2 249
171358,51 172 
171527,89 92 
171527,89 65 
171548,89 103 
171548,89 101 
172102,79 100 
172102,79 5
172102,79 1895
172102,79 10
174081,82 25 
174109,05 75 
175314,92 72 
175401,39 70 
175896,82 80 
176347,25 83 
176791,98 64 445
177053,24 74 240
177053,24 62 240
177461,46 151 
177481,21 69 
177842,26 249 
178629,45 182 
178993,91 93 
179012,42 103 
179012,42 101 
182544,29 100 
182544,29 5
182544,29 1895
182544,29 10
184517,53 25 
184544,62 75 
185753,73 72 
185837 70 
186329,03 80 
186809,71 83 
187186,67 64 377
187359,84 74 151
187359,84 62 151
188169,39 151 
188197,45 69 
188487,27 249 
189255,87 93 
189274,79 103 
189274,79 101 
192806,9 100 
192806,9 5
192806,9 1895
192806,9 10
194779,86 25 
194807,11 75 
196013,2 72 
196099,59 70 
196595,71 80 
197151,85 83 
197427,2 64 276
197625,69 74 182
197625,69 61 182
198035,2 151 
198059,24 69 
198871,15 93 
198884,13 103 
198884,13 101 
202430,5 100 
202430,5 5
202430,5 1895
202430,5 11
204402,53 25 
204429,7 75 
205637,37 72 
205708,76 70 
206200,41 80 
206694,52 83 
206921,1 64 227
206948,77 256 
206981,98 74 48
206981,98 62 48
207790,55 150 
207815,18 68 
208108,73 249
208150,58 172 
209023,82 92 
209023,82 65 
209039,84 103 
209039,84 101 
209571,63 100 
209571,63 5
209571,63 1895
209571,63 11
211546,15 25 
211573,49 75 
212782,69 72 
212865,75 70 
213356,94 80 
213798,23 83 
213915,44 64 117
214067,06 74 136
214067,06 62 136
214476,01 150 
214505,71 68 
214813,71 249
214868,63 172 
215314,97 92 
215314,97 65 
215330,58 103 
215330,58 101 
215865,46 100 
215865,46 5
215865,46 1895
215865,46 10
217836,95 25 
217864,03 75 
219070 72 
219156,41 70 
219647,48 80 
220182,31 83 
220247,68 64 66
220487,82 74 226
220487,82 63 226
220898,36 150 
220916,34 68 
221424,83 92 
221424,83 65 
221448,13 103 
221448,13 101 
221987,6 100 
221987,6 5
221987,6 1895
221987,6 10
223967,62 25 
225460,73 75 
226667,71 72 
227006,73 70 
227832,96 80 
228566,03 250 
228578,7 101 
230592,48 100 
230592,48 5
230592,48 1895
230592,48 10
230592,48 25 
230619,02 75 
231827,49 72 
232164,36 70 
232975,24 80 
233816,74 83 
233826,51 64 10
234020,76 74 178
234020,76 63 178
234831,38 152 
234857,97 69 
235246,46 249 
235306,54 256 
235554,89 183 
235886,34 93 
235908,68 103 
235908,68 101 
239445,54 100 
239445,54 5
239445,54 1895
239445,54 11
241427,07 25 
241454,3 75 
242660,2 72 
242986,49 70 
243813,99 80 
244572,05 83 
244887,05 64 316
245051,18 74 146
245051,18 62 146
245461,04 150 
245480,27 68 
245791,49 249
246411,15 172 
246688,52 92 
246688,52 65 
246704,13 103 
246704,13 101 
247236,75 100 
247236,75 5
247236,75 1895
247236,75 11
249210,42 25 
250330,38 75 
251538,18 72 
251862,79 70 
252692,46 80 
253488,3 83 
253738,1 64 250
253947,61 74 193
253947,61 62 193
254758,79 150 
254782,95 68 
255075,05 249
255147,96 172 
255591,79 92 
255591,79 65 
255607,08 103 
255607,08 101 
256152,27 100 
256152,27 5
256152,27 1895
256152,27 10
258128,06 25 
258833,54 75 
260044,63 72 
260379,31 70 
261051,45 80 
261658,27 83 
261838,22 64 180
262050,67 74 193
262050,67 63 193
262458,95 150 
262485,64 68 
263695,01 92 
263695,01 65 
263710,38 103 
263710,38 101 
264241,77 100 
264241,77 5
264241,77 1895
264241,77 10
266216,69 25 
266776,79 75 
267983,73 72 
268069,37 70 
268560,3 80 
269081,85 83 
269365,98 64 285
269583,02 74 194
269583,02 63 194
270393,92 150 
270416,58 68 
271227,6 92 
271227,6 65 
271253,89 103 
271253,89 101 
271788,66 100 
271788,66 5
271788,66 1895
271788,66 11
273760,21 25 
273788,29 75 
274996,22 72 
275079,73 70 
275575,62 80 
276012,25 83 
276323,76 64 312
276497,44 74 152
276497,44 62 152
276908,43 150 
276933,83 68 
277209,39 249
277244,41 172 
277441,51 92 
277441,51 65 
277464,63 103 
277464,63 101 
278006,7 100 
278006,7 5
278006,7 1895
278006,7 11
279984,28 25 
280011,43 75 
281229,78 72 
281317,12 70 
281817,66 80 
282356,49 83 
282551,45 64 195
282738,02 74 169
282738,02 62 169
283548,74 150 
283571,05 68 
283846,9 249
283898,31 172 
284079,53 92 
284079,53 65 
284101,82 103 
284101,82 101 
284633,77 100 
284633,77 5
284633,77 1895
284633,77 11
286608,17 25 
286636,03 75 
287844,1 72 
287927,69 70 
288420,64 80 
288926,83 83 
289205,94 64 280
289397,87 74 179
289397,87 62 179
290208,98 150 
290234,11 68 
290529,83 249
290564,47 172 
291440,86 92 
291440,86 65 
291458,82 103 
291458,82 101 
291990,01 100 
291990,01 5
291990,01 1895
291990,01 11
293965,1 25 
294765,12 75 
295973,63 72 
296057,65 70 
296553,51 80 
297003,47 83 
297296,78 64 294
297485,97 74 177
297485,97 62 177
297898,48 150 
297924,19 68 
298213,03 249
298268,44 172 
298733,88 92 
298733,88 65 
298749,06 103 
298749,06 101 
299293,97 100 
299293,97 5
299293,97 1895
299293,97 11
301268,74 25 
303348,42 75 
304554,82 72 
304627,43 70 
305117,05 80 
305559,94 83 
305792,23 64 233
305963,71 74 151
305963,71 62 151
306376,21 150 
306400,63 68 
306713,06 249
307607,87 92 
307607,87 65 
307625,34 103 
307625,34 101 
308157,71 100 
308157,71 5
308157,71 1895
308157,71 10
310131,62 25 
310678,5 75 
311886,12 72 
311971,03 70 
312455,83 80 
312945,14 83 
313141,29 64 198
313374,07 74 205
313374,07 63 205
314185,62 150 
314210,73 68 
314722,25 92 
314722,25 65 
314742,41 103 
314742,41 101 
315274,17 100 
315274,17 5
315274,17 1895
315274,17 10
317248,67 25 
317822,14 75 
319030,13 72 
319101,46 70 
319605,89 80 
320140,46 83 
320366,64 64 226
320567,38 74 187
320567,38 63 187
321375,94 152 
321395,39 69 
321784,97 249 
321834,89 183 
329908,37 256 
340607,86 93 
340624,9 103 
340624,9 101 
344164,5 100 
344164,5 5
344164,5 1895
344164,5 10
346143,24 25 
346316,91 75 
347524,08 72 
347609,43 70 
348106,96 80 
348661,88 83 
348844,48 64 183
349072,23 74 211
349072,23 63 211
349484,69 150 
349503,46 68 
350313,42 92 
350313,42 65 
350327,57 103 
350327,57 101 
350866,2 100 
350866,2 5
350866,2 1895
350866,2 11
352833,94 25 
352861,23 75 
354070,38 72 
354153,4 70 
354644,36 80 
355139,2 83 
355361,73 64 223
355553,73 74 175
355553,73 62 175
356361,66 150 
356380,55 68 
356687,85 249
356718,54 172 
356891,5 92 
356891,5 65 
356911,43 103 
356911,43 101 
357443,69 100 
357443,69 5
357443,69 1895
357443,69 10
359417,72 25 
359444,95 75 
360651,96 72 
361003,9 70 
361830,05 80 
362576,07 83 
362590,54 64 14
362794,65 74 192
362794,65 63 192
363202,96 150 
363230,22 68 
364439,42 92 
364439,42 65 
364454,97 103 
364454,97 101 
364995,56 100 
364995,56 5
364995,56 1895
364995,56 11
366974,64 25 
367441,45 75 
368650,14 72 
368987,21 70 
369665,51 80 
370266,21 83 
370384,44 64 118
370410,07 256 
370508,22 74 109
370508,22 62 109
371318,88 150 
371347,71 68 
371624,31 249
372156,13 92 
372156,13 65 
372171,72 103 
372171,72 101 
372704,33 100 
372704,33 5
372704,33 1895
372704,33 10
374678 25 
374705,61 75 
375914,42 72 
375997,57 70 
376492,69 80 
377023,4 83 
377107,01 64 84
377299,59 74 170
377299,59 63 170
377710,27 150 
377730,83 68 
378940,89 92 
378940,89 65 
378955,56 103 
378955,56 101 
379492,09 100 
379492,09 5
379492,09 1895
379492,09 10
381461,91 25 
382608,51 75 
383817,46 72 
383900,94 70 
384391,49 80 
384820,12 83 
385084,59 64 264
385305,77 74 207
385305,77 63 207
386115,84 150 
386141,48 68 
386651,1 92 
386651,1 65 
386672,32 103 
386672,32 101 
387212,05 100 
387212,05 5
387212,05 1895
387212,05 11
389191,99 25 
389498,9 75 
390708,4 72 
390791,44 70 
391286,88 80 
391778,97 83 
391947,77 64 171
392183,35 74 220
392183,35 62 220
392590,87 150 
392618,72 68 
392909,97 249
392947,71 172 
393430,93 92 
393430,93 65 
393456,15 103 
393456,15 101 
393989,22 100 
393989,22 5
393989,22 1895
393989,22 10
395962,44 25 
395989,72 75 
397197,01 72 
397282,03 70 
397778,33 80 
398334,45 83 
398556,1 64 222
398769,44 74 195
398769,44 63 195
399181,15 152 
399203,35 69 
400213,52 93 
400226,63 103 
400226,63 101 
403759,04 100 
403759,04 5
403759,04 1895
403759,04 11
405731,8 25 
406105,39 75 
407313,9 72 
407397,84 70 
407893 80 
408343,64 83 
408561,9 64 219
408590,5 256 
408600,27 74 17
408600,27 62 17
409408,55 150 
409437,64 68 
409949,55 92 
409949,55 65 
409969,25 103 
409969,25 101 
410516,26 100 
410516,26 5
410516,26 1895
410516,26 10
412488,87 25 
412822,54 75 
414030,53 72 
414114,97 70 
414602,39 80 
415047,61 83 
415488,4 64 441
415734,78 74 235
415734,78 63 235
416142,69 150 
416168,92 68 
416979,65 92 
416979,65 65 
416993,23 103 
416993,23 101 
417526,41 100 
417526,41 5
417526,41 1895
417526,41 11
419499,31 25 
419939,47 75 
421146,66 72 
421232,02 70 
421730,94 80 
422217,86 83 
422299,09 64 82
422483,33 74 159
422483,33 62 159
423293,46 150 
423312,57 68 
423577,55 249
423823,96 92 
423823,96 65 
423843,66 103 
423843,66 101 
424378,09 100 
424378,09 5
424378,09 1895
424378,09 11
426349,79 25 
427336,41 75 
428543,93 72 
428628,9 70 
429124,69 80 
429668,09 83 
429674,94 64 8
429836,35 74 142
429836,35 62 142
430647,26 152 
430669,66 69 
430968,81 249 
431640,37 93 
431653,53 103 
431653,53 101 
435191,91 100 
435191,91 5
435191,91 1895
435191,91 10
437171,93 25 
437199,15 75 
438407,57 72 
438491,42 70 
438994,27 80 
439477,27 83 
439717,14 64 240
439906,32 74 176
439906,32 63 176
440317,05 150 
440344,68 68 
440730,24 249
440818,65 173 
441151,73 92 
441151,73 65 
441169,55 103 
441169,55 101 
441708,73 100 
441708,73 5
441708,73 1895
441708,73 11
443676,02 25 
444849,13 75 
446056,26 72 
446141,58 70 
446633,16 80 
447074,18 83 
447291,35 64 217
447473,85 74 161
447473,85 62 161
448286,16 150 
448315,44 68 
448826,55 92 
448826,55 65 
448846,38 103 
448846,38 101 
449378,85 100 
449378,85 5
449378,85 1895
449378,85 11
451352,68 25 
451379,74 75 
452587,4 72 
452672,19 70 
453169,08 80 
453724,7 83 
453866,54 64 142
454060,24 74 176
454060,24 62 176
454470,86 150 
454498,77 68 
454855,61 249
455018,72 172 
455709,02 92 
455709,02 65 
455723,47 103 
455723,47 101 
456272,03 100 
456272,03 5
456272,03 1895
456272,03 10
458243,11 25 
458470,14 75 
459678,07 72 
459749,28 70 
460244,02 80 
460788,38 83 
461093,42 64 305
461276,52 256 
461559,12 74 451
461559,12 63 451
461968,02 150 
461989,78 68 
462427,56 249
462799,62 92 
462799,62 65 
462813,84 103 
462813,84 101 
463344,99 100 
463344,99 5
463344,99 1895
463344,99 10
465320,16 25 
465347,95 75 
466556,34 72 
466639,73 70 
467147,51 80 
467598,87 83 
467605,95 64 8
467823,99 74 199
467823,99 63 199
468633,51 150 
468652,89 68 
469162,18 92 
469162,18 65 
469184,54 103 
469184,54 101 
469720,17 100 
469720,17 5
469720,17 1895
469720,17 10
471690,8 25 
473263,87 75 
474471,75 72 
474796,51 70 
475485,86 80 
476075,35 83 
476088,7 64 14
476268,02 256 
476277,01 74 162
476277,01 63 162
477085,54 150 
477103,5 68 
478311,83 92 
478311,83 65 
478321,99 249
478367,3 103 
478367,3 101 
478907,45 100 
478907,45 5
478907,45 1895
478907,45 11
480887,05 25 
481553,76 75 
482761,01 72 
482846,29 70 
483342,95 80 
483778,76 83 
484017,12 64 239
484186,5 74 155
484186,5 62 155
484593,87 150 
484619,51 68 
484951,46 249
485057,93 172 
485430,53 92 
485430,53 65 
485444,44 103 
485444,44 101 
485976,12 100 
485976,12 5
485976,12 1895
485976,12 11
487950,78 25 
489870,29 75 
491078,78 72 
491162,83 70 
491653,33 80 
492135,27 83 
492271,82 64 137
492464,79 74 170
492464,79 62 170
493276,15 150 
493296,01 68 
493598,74 249
493635,57 172 
494503,73 92 
494503,73 65 
494520,6 103 
494520,6 101 
495057,89 100 
495057,89 5
495057,89 1895
495057,89 10
497026,93 25 
498853,2 75 
500059,66 72 
500145,75 70 
500646,97 80 
501184,88 83 
501610,33 64 426
502278,26 74 654
502278,26 63 654
502580,89 256 
503479,2 150 
503504,98 68 
504014,88 92 
504014,88 65 
504036,61 103 
504036,61 101 
504582,14 100 
504582,14 5
504582,14 1895
504582,14 11
506556,22 25 
507369,64 75 
508578,73 72 
508662,13 70 
509145,08 80 
509594,7 83 
509749,95 64 156
509924,59 74 157
509924,59 62 157
510737,35 150 
510756,17 68 
511442,87 249
511565,73 92 
511565,73 65 
511580,1 103 
511580,1 101 
512111,22 100 
512111,22 5
512111,22 1895
512111,22 10
514086,43 25 
514606,55 75 
515814,71 72 
515899,09 70 
516388,98 80 
516871,6 83 
516998,23 64 127
517173,94 74 156
517173,94 63 156
517584,52 150 
517605,81 68 
518117,66 92 
518117,66 65 
518137,37 103 
518137,37 101 
518672,89 100 
518672,89 5
518672,89 1895
518672,89 11
520643,78 25 
521590,31 75 
522798,28 72 
522882,92 70 
523381,4 80 
523935,41 83 
524024,2 64 89
524208,51 74 167
524208,51 62 167
525017,7 150 
525043,45 68 
525328,31 249
525813,66 172 
526253,02 92 
526253,02 65 
526267,52 103 
526267,52 101 
526809,93 100 
526809,93 5
526809,93 1895
526809,93 11
528786,95 25 
529680,28 75 
530887,72 72 
530972,83 70 
531472,33 80 
531918,65 83 
532105,59 64 187
532343,8 74 226
532343,8 62 226
532754,07 150 
532773,51 68 
533072,76 249
533136,35 172 
533584,05 92 
533584,05 65 
533597,63 103 
533597,63 101 
534133,11 100 
534133,11 5
534133,11 1895
534133,11 10
536104,01 25 
536131,85 75 
537340,35 72 
537423,6 70 
537913,12 80 
538436,12 83 
538460,21 64 25
538658,84 74 184
538658,84 63 184
538752,29 256 
539802,97 150 
539823,11 68 
540331,06 92 
540331,06 65 
540354,81 103 
540354,81 101 
540886,94 100 
540886,94 5
540886,94 1895
540886,94 10
542861,07 25 
543367,89 75 
544577,03 72 
544660,43 70 
545148,09 80 
545646,33 83 
545666,06 64 20
545919,89 74 234
545919,89 63 234
546328,58 150 
546354,55 68 
546462,22 249
546564,4 173 
547564,73 92 
547564,73 65 
547578,43 103 
547578,43 101 
548119,96 100 
548119,96 5
548119,96 1895
548119,96 10
550098,09 25 
551391,23 75 
552600,16 72 
552683,73 70 
553183 80 
553682,9 83 
553862,54 64 180
554048,64 74 167
554048,64 63 167
554457,91 152 
554483,77 69 
554967,99 249 
555237,51 183 
555293,64 93 
555308,57 103 
555308,57 101 
558843,45 100 
558843,45 5
558843,45 1895
558843,45 10
560813,6 25 
562999,75 75 
564205,94 72 
564292,24 70 
564784,29 80 
565211,43 83 
565631,93 64 421
565816,7 74 166
565816,7 62 166
566625,91 151 
566652,69 69 
567023,2 249 
567618,15 93 
567636,69 103 
567636,69 101 
571172,81 100 
571172,81 5
571172,81 1895
571172,81 11
573141,99 25 
573169,01 75 
574377,29 72 
574461,35 70 
575226,97 80 
575969,53 250 
575979,81 101 
577993,06 100 
577993,06 5
577993,06 1895
577993,06 11
577993,06 25 
578020,55 75 
579226,71 72 
579552,5 70 
580366,18 80 
581204,7 83 
581340,92 64 137
581600,28 74 236
581600,28 62 236
582409,76 150 
582432,05 68 
582759,86 249
582801,74 172 
582940,08 92 
582940,08 65 
582963,65 103 
582963,65 101 
583501,82 100 
583501,82 5
583501,82 1895
583501,82 11
585469,97 25 
586136,72 75 
587345,96 72 
587682,49 70 
588365,07 80 
589054,83 83 
589187,73 64 134
589384,42 74 183
589384,42 62 183
589794,79 150 
589815,61 68 
590092,46 249
590625,26 92 
590625,26 65 
590640,39 103 
590640,39 101 
591176,2 100 
591176,2 5
591176,2 1895
591176,2 10
593146,73 25 
596918,98 75 
596925,65 250 
596944,03 101 
598957,66 100 
598957,66 5
598957,66 1895
598957,66 10
598957,66 25 
599783,66 75 
600990,66 72 
601076,86 70 
601575,39 80 
602022,72 83 
602134,68 64 112
602321,58 74 166
602321,58 63 166
603130,96 150 
603156,65 68 
604365,57 92 
604365,57 65 
604381,36 103 
604381,36 101 
604915,12 100 
604915,12 5
604915,12 1895
604915,12 10
606887,66 25 
607900,94 75 
609110,58 72 
609193,5 70 
609681,2 80 
610165,97 83 
610280,43 64 115
610500,79 74 202
610500,79 63 202
610910,34 152 
610940,06 69 
611395,37 249 
611450,81 93 
611471,71 103 
611471,71 101 
615016,99 100 
615016,99 5
615016,99 1895
615016,99 11
616990,08 25 
617043,8 75 
618252,59 72 
618336,3 70 
618830,41 80 
619268,88 83 
619479,72 64 212
619695,03 74 200
619695,03 62 200
620507,55 150 
620536,8 68 
620859,07 249
620892,38 172 
621346,51 92 
621346,51 65 
621360,96 103 
621360,96 101 
621893,46 100 
621893,46 5
621893,46 1895
621893,46 10
623867,26 25 
626426,55 75 
627635,42 72 
627719,04 70 
628207,36 80 
628744,86 83 
628825,58 64 81
629021,44 74 170
629021,44 63 170
629431,24 150 
629452,35 68 
629934,11 256 
631612,45 92 
631612,45 65 
631636,64 103 
631636,64 101 
632169,07 100 
632169,07 5
632169,07 1895
632169,07 11
634142,93 25 
635223,11 75 
636433,28 72 
636515,37 70 
637013,24 80 
637501,19 83 
637766,58 64 265
637949,02 74 168
637949,02 62 168
638759,8 150 
638782,58 68 
639072,28 249
639106,54 172 
639292,55 92 
639292,55 65 
639313,45 103 
639313,45 101 
639867,04 100 
639867,04 4
639867,04 1895
639867,04 11
639867,04 78 
639867,04 198 
641846,37 25 
641873,51 75 
643081,49 72 
643165,92 70 
643661,16 80 
644098,51 83 
644345,98 64 248
644532,61 74 168
644532,61 62 168
644945,49 151 
644965,9 69 
645369,22 249 
645610,24 256 
646108,84 182 
647084,9 93 
647096,84 103 
647096,84 101 
650631,21 100 
650631,21 4
650631,21 1895
650631,21 10
652601,92 25 
652629,15 75 
653839,5 72 
653921,54 70 
654416,75 80 
654960,8 83 
654996,25 64 36
655200,55 74 187
655200,55 63 187
656012,11 151 
656041,31 69 
656520,27 249 
656653,28 183 
656850,3 93 
656866,16 103 
656866,16 101 
660398,14 100 
660398,14 4
660398,14 1895
660398,14 11
662371,28 25 
662398,37 75 
663609,27 72 
663690,85 70 
664189,65 80 
664689,92 83 
664887,16 64 198
665073,6 74 170
665073,6 61 170
665483,88 150 
665503,95 68 
665570,05 249
665768,98 171
666012,95 92 
666012,95 65 
666035,58 103 
666035,58 101 
666576,63 100 
666576,63 4
666576,63 1895
666576,63 10
668555,24 25 
668582,54 75 
669792,84 72 
669874,78 70 
670360,06 80 
670794,03 83 
671229,12 64 436
671425,81 74 179
671425,81 63 179
672236,94 151 
672261,93 69 
673273,48 93 
673285,88 103 
673285,88 101 
676817,03 100 
676817,03 4
676817,03 1895
676817,03 11
678790,93 25 
678818,22 75 
678969,81 250 
678976,4 101 
680990,07 100 
680990,07 4
680990,07 1895
680990,07 11
680990,07 25 
681016,46 75 
682222,79 72 
682296,28 70 
682787,37 80 
683268,79 83 
684200,81 64 933
684437,06 74 223
684437,06 61 223
684846,6 150 
684870,32 68 
685383,27 92 
685383,27 65 
685400,85 103 
685400,85 101 
685935,84 100 
685935,84 4
685935,84 1895
685935,84 10
687907,22 25 
687934,35 75 
689144,38 72 
689226,68 70 
689723,39 80 
690265,85 83 
691244,11 64 979
691532,06 74 267
691532,06 62 267
692340,46 150 
692360,11 68 
692693,75 249
693170,81 92 
693170,81 65 
693184,42 103 
693184,42 101 
693724,57 100 
693724,57 4
693724,57 1895
693724,57 10
695703,93 25 
695731 75 
696939,57 72 
697023,47 70 
697525,73 80 
698062,55 83 
698228,52 64 166
698397,78 74 149
698397,78 62 149
698806,78 150 
698823,62 68 
699154,62 249
699214,62 172 
699632,44 92 
699632,44 65 
699648,28 103 
699648,28 101 
700180,83 100 
700180,83 4
700180,83 1895
700180,83 11
702154,55 25 
702181,74 75 
703388,63 72 
703474,08 70 
703961,78 80 
704446,56 83 
704607,18 64 161
704796,57 74 177
704796,57 61 177
705606,54 150 
705634,64 68 
706144,17 92 
706144,17 65 
706165,49 103 
706165,49 101 
706697,54 100 
706697,54 4
706697,54 1895
706697,54 11
708671,82 25 
708698,86 75 
709906,94 72 
709991,35 70 
710490,95 80 
710925,7 83 
711162,33 64 239
711339,86 74 163
711339,86 61 163
711748,52 150 
711778,67 68 
712987,85 92 
712987,85 65 
713002,66 103 
713002,66 101 
713546,5 100 
713546,5 4
713546,5 1895
713546,5 10
715522,27 25 
715550,06 75 
716759,22 72 
716841,79 70 
717336,27 80 
717814,34 83 
717987,5 64 173
718253,84 74 254
718253,84 62 254
719062,36 150 
719082,29 68 
719423,46 249
719460,11 172 
719890,53 92 
719890,53 65 
719906,5 103 
719906,5 101 
720437,96 100 
720437,96 4
720437,96 1895
720437,96 10
722412,74 25 
722439,97 75 
723648,6 72 
723732,28 70 
724227,29 80 
724771,52 83 
724951,31 64 180
725141,18 74 170
725141,18 62 170
725551,28 150 
725572,27 68 
725854,72 249
725924,3 172 
726095,38 92 
726095,38 65 
726117,15 103 
726117,15 101 
726648,68 100 
726648,68 4
726648,68 1895
726648,68 11
728623,49 25 
728650,77 75 
729860,01 72 
729943,06 70 
730443 80 
730888,86 83 
731140,65 64 252
731313,21 74 158
731313,21 61 158
731724,26 150 
731743,12 68 
732953,2 92 
732953,2 65 
732967,64 103 
732967,64 101 
733506,94 100 
733506,94 4
733506,94 1895
733506,94 11
735487,25 25 
735514,53 75 
736720,97 72 
736806,81 70 
737309,31 80 
737792,63 83 
737956,51 64 164
738151,92 74 173
738151,92 61 173
738963,17 150 
738980,69 68 
739488,73 92 
739488,73 65 
739511,56 103 
739511,56 101 
740047,09 100 
740047,09 4
740047,09 1895
740047,09 11
742017,96 25 
742045,3 75 
743252,22 72 
743337,41 70 
743828,66 80 
744269,93 83 
744490,83 64 222
744658,28 74 149
744658,28 61 149
745467,51 152 
745497,94 69 
746507,19 93 
746522,1 103 
746522,1 101 
750053,52 100 
750053,52 4
750053,52 1895
750053,52 10
752027,06 25 
752054,33 75 
753262,4 72 
753346,57 70 
753837,1 80 
754372,37 83 
754498,65 64 126
754691,94 74 174
754691,94 61 174
755103,07 151 
755133,89 69 
755946,29 93 
755958,04 103 
755958,04 101 
759502,67 100 
759502,67 4
759502,67 1895
759502,67 10
761476,39 25 
761836,96 75 
763046,6 72 
763129,21 70 
763632,28 80 
764114,96 83 
764306,12 64 192
764489,09 74 161
764489,09 61 161
764900,4 151 
764929,99 69 
765438,1 93 
765447,64 103 
765447,64 101 
768979,34 100 
768979,34 4
768979,34 1895
768979,34 11
770952,47 25 
770979,69 75 
772187,97 72 
772272,1 70 
772768,57 80 
773311,1 83 
773419,3 64 108
773607,89 74 164
773607,89 61 164
774417,4 150 
774445,88 68 
774955,18 92 
774955,18 65 
774976,73 103 
774976,73 101 
775512,59 100 
775512,59 4
775512,59 1895
775512,59 11
777483,09 25 
777510,31 75 
778721,59 72 
778802,57 70 
779293,96 80 
779735,11 83 
780008,83 64 274
780188,72 74 161
780188,72 61 161
780602,73 150 
780629,9 68 
781439,08 92 
781439,08 65 
781454,06 103 
781454,06 101 
781995,33 100 
781995,33 4
781995,33 1895
781995,33 10
783973,65 25 
784000,94 75 
785206,69 72 
785293,27 70 
785789,06 80 
786279,06 83 
786616,7 64 339
786846,5 74 208
786846,5 63 208
787654,43 151 
787680,31 69 
788489,13 93 
788504,45 103 
788504,45 101 
792039,53 100 
792039,53 4
792039,53 1895
792039,53 11
794009,53 25 
794037,04 75 
795247,22 72 
795582,3 70 
796252,3 80 
796954,57 83 
796961,43 64 7
797134,2 74 153
797134,2 61 153
797941,83 150 
797969,4 68 
798477,76 92 
798477,76 65 
798500,27 103 
798500,27 101 
799034,03 100 
799034,03 4
799034,03 1895
799034,03 10
801006,59 25 
801620,16 75 
802828,41 72 
802912,51 70 
803409,71 80 
803845,19 83 
804135,53 64 290
804370,17 74 219
804370,17 63 219
804780,18 153 
804806,52 68 
806015,43 92 
806015,43 65 
806030,44 103 
806030,44 101 
806579,64 100 
806579,64 4
806579,64 1895
806579,64 10
808550,09 25 
808577,35 75 
809785,07 72 
809869,64 70 
810369,44 80 
810815,43 83 
810995,58 64 180
811198,39 74 183
811198,39 63 183
811607,95 151 
811630,36 69 
812138,46 93 
812147,91 103 
812147,91 101 
815679,28 100 
815679,28 4
815679,28 1895
815679,28 10
817653 25 
820345,52 75 
821552,92 72 
821638,15 70 
822127,1 80 
822665,44 83 
822906,35 64 243
823081,18 74 151
823081,18 61 151
823891,07 151 
823918,13 69 
824929,44 93 
824942,53 103 
824942,53 101 
828476,84 100 
828476,84 4
828476,84 1895
828476,84 11
830447,58 25 
830474,73 75 
831681,86 72 
831767,16 70 
832270,45 80 
832752,94 83 
832948,75 64 196
833109,94 74 144
833109,94 61 144
833521,53 150 
833541,32 68 
834052,77 92 
834052,77 65 
834072,13 103 
834072,13 101 
834612,04 100 
834612,04 4
834612,04 1895
834612,04 11
836591,69 25 
837405,03 75 
838612,55 72 
838697,57 70 
839187,55 80 
839670,03 83 
839830 64 161
839999,29 74 156
839999,29 61 156
840806,67 150 
840831,43 68 
842041,12 92 
842041,12 65 
842055,45 103 
842055,45 101 
842591,88 100 
842591,88 4
842591,88 1895
842591,88 11
844561,77 25 
845135,17 75 
846342,4 72 
846427,77 70 
846926,64 80 
847466,82 83 
847640,83 64 175
847803,1 74 150
847803,1 61 150
848613,97 150 
848641,61 68 
849451,27 92 
849451,27 65 
849465,63 103 
849465,63 101 
849998,56 100 
849998,56 4
849998,56 1895
849998,56 11
851971,95 25 
852412,13 75 
853621,23 72 
853704,66 70 
854195,54 80 
854623,87 83 
854726,22 64 103
854928,73 74 186
854928,73 61 186
855337,02 152 
855358,67 69 
856368 93 
856382,73 103 
856382,73 101 
859923,31 100 
859923,31 4
859923,31 1895
859923,31 11
861901,11 25 
861928,92 75 
863138,02 72 
863220,66 70 
863714,87 80 
864206,46 83 
864244,21 64 38
864407,46 74 148
864407,46 61 148
864818,94 150 
864848,04 68 
866055,98 92 
866055,98 65 
866072,05 103 
866072,05 101 
866604,21 100 
866604,21 4
866604,21 1895
866604,21 10
868578,49 25 
868605,56 75 
869813,17 72 
869897,87 70 
870391,04 80 
870923,65 83 
870971,99 64 49
871229,4 74 239
871229,4 63 239
872040,15 151 
872058,5 69 
872421,9 249 
872466 256 
872696,07 183 
873314,41 93 
873335,65 103 
873335,65 101 
876874,62 100 
876874,62 4
876874,62 1895
876874,62 10
878840,8 25 
878867,75 75 
880073,91 72 
880160,25 70 
880654,92 80 
881092,78 83 
881869,53 64 777
882509,21 74 617
882509,21 62 617
883321,73 150 
883347,07 68 
883629,48 249
884233,23 92 
884233,23 65 
884251,07 103 
884251,07 101 
884791,7 100 
884791,7 4
884791,7 1895
884791,7 10
886757,48 25 
888383,96 75 
889591,27 72 
889676,29 70 
890162,48 80 
890702,15 83 
890888,33 64 186
891066,6 74 165
891066,6 62 165
891475,76 150 
891502,94 68 
891840,79 249
891867,53 172 
892711,04 92 
892711,04 65 
892727,54 103 
892727,54 101 
893258,49 100 
893258,49 4
893258,49 1895
893258,49 11
895233,94 25 
895980,56 75 
897188,02 72 
897273,11 70 
897765,69 80 
898219 83 
898495,56 64 277
898691,81 74 180
898691,81 61 180
899101,68 150 
899126,52 68 
899936,35 92 
899936,35 65 
899951,21 103 
899951,21 101 
900483,89 100 
900483,89 4
900483,89 1895
900483,89 11
902457,52 25 
912459,79 254 
912479,21 101 
914491,72 100 
914491,72 4
914491,72 1895
914491,72 11
914491,72 25 
914519,72 75 
915727,68 72 
916065,29 70 
916903,66 80 
917690,87 83 
917895,34 64 205
918094,9 74 178
918094,9 61 178
918907,96 150 
918932,23 68 
919445,32 92 
919445,32 65 
919463,06 103 
919463,06 101 
920009,54 100 
920009,54 4
920009,54 1895
920009,54 10
921982,7 25 
922009,94 75 
923217,2 72 
923502,15 70 
924178,58 80 
924714,57 83 
924999,6 64 285
925164,62 74 144
925164,62 62 144
925971,72 150 
925995,83 68 
926303,2 249
926374,42 172 
926506,28 92 
926506,28 65 
926526,76 103 
926526,76 101 
927063,85 100 
927063,85 4
927063,85 1895
927063,85 10
929033,16 25 
929539,96 75 
930750,11 72 
930832,48 70 
931335,72 80 
931778,28 83 
932024,39 64 245
932201,73 74 158
932201,73 62 158
932610,81 150 
932632,33 68 
932940,6 249
932975,31 172 
933442,53 92 
933442,53 65 
933458,29 103 
933458,29 101 
933990,24 100 
933990,24 4
933990,24 1895
933990,24 10
935963,48 25 
936523,64 75 
937731,3 72 
937816,23 70 
938310,7 80 
938855,28 83 
938902,28 64 47
938930,37 256 
938971,56 74 50
938971,56 62 50
939780,19 150 
939803,52 68 
940258,92 249
941014,8 92 
941014,8 65 
941027,52 103 
941027,52 101 
941567,48 100 
941567,48 4
941567,48 1895
941567,48 11
943547,07 25 
943574,35 75 
944783,71 72 
944866,58 70 
945362,63 80 
945905,68 83 
946012,65 64 107
946210,12 74 185
946210,12 61 185
946620,32 150 
946639,85 68 
947148,66 92 
947148,66 65 
947171,5 103 
947171,5 101 
947706,68 100 
947706,68 4
947706,68 1895
947706,68 11
949677,81 25 
951597,45 75 
952806,85 72 
952889,9 70 
953385,67 80 
953862,37 83 
954123,35 64 261
954305,89 74 164
954305,89 61 164
954716,88 150 
954743,81 68 
955954,59 92 
955954,59 65 
955981,1 103 
955981,1 101 
956513,59 100 
956513,59 4
956513,59 1895
956513,59 10
958487,43 25 
959447,68 75 
960657,3 72 
960739,94 70 
961233,46 80 
961659,06 83 
961929,35 64 270
962136,03 74 184
962136,03 62 184
962945,03 150 
962967,16 68 
963308,08 249
963344,82 172 
963775,28 92 
963775,28 65 
963791,19 103 
963791,19 101 
964334,47 100 
964334,47 4
964334,47 1895
964334,47 11
966310,79 25 
967070,85 75 
968277,46 72 
968363,4 70 
968853,36 80 
969295,88 83 
969567,33 64 272
969722,53 74 133
969722,53 61 133
970531,56 150 
970550,03 68 
971058,09 92 
971058,09 65 
971081,47 103 
971081,47 101 
971612,47 100 
971612,47 4
971612,47 1895
971612,47 10
973587,76 25 
974027,97 75 
975234,81 72 
975320,57 70 
975825,26 80 
976306,51 83 
976395,65 64 90
976447,32 256 
976691,72 74 280
976691,72 62 280
977101,15 150 
977121,32 68 
977400,22 249
977513,71 172 
977929,26 92 
977929,26 65 
977945,28 103 
977945,28 101 
978483,08 100 
978483,08 4
978483,08 1895
978483,08 10
980451,61 25 
981904,77 75 
983114,59 72 
983197,28 70 
983693,22 80 
984223,02 83 
984388,75 64 167
985095,63 74 687
985095,63 61 687
985506,15 151 
985530,96 69 
986538,72 93 
986555,01 103 
986555,01 101 
990110,89 100 
990110,89 4
990110,89 1895
990110,89 11
992086,72 25 
999484,08 75 
1000691,41 72 
1000776,59 70 
1001266,56 80 
1001762,39 83 
1002444,29 64 682
1002474,54 256 
1003341,61 74 873
1003341,61 61 873
1007625,46 251 
1007625,46 242 
1007639,51 101 
1009652,74 100 
1009652,74 4
1009652,74 1895
1009652,74 11
1009652,74 25 
1010399,43 75 
1011608,32 72 
1011691,95 70 
1012197,02 80 
1012677,78 83 
1012870,48 64 193
1013032,71 74 143
1013032,71 61 143
1013844,42 150 
1013865,1 68 
1015074,92 92 
1015074,92 65 
1015089,77 103 
1015089,77 101 
1015622,25 100 
1015622,25 4
1015622,25 1895
1015622,25 11
1017596,09 25 
1018209,51 75 
1019417,89 72 
1019502,06 70 
1020001,2 80 
1020434,54 83 
1020736,86 64 303
1020907,02 74 153
1020907,02 61 153
1021318,18 150 
1021342,73 68 
1021852,57 92 
1021852,57 65 
1021873,6 103 
1021873,6 101 
1022404,74 100 
1022404,74 4
1022404,74 1895
1022404,74 10
1024379,88 25 
1025006,71 75 
1026213,67 72 
1026565,73 70 
1027396,94 80 
1028284,66 83 
1028291,96 64 8
1028539,76 74 229
1028539,76 62 229
1029349,46 152 
1029379,28 69 
1029800,82 249 
1030024,75 256 
1030566,39 182 
1031617,07 93 
1031629,5 103 
1031629,5 101 
1035177,96 100 
1035177,96 4
1035177,96 1895
1035177,96 10
1037147,87 25 
1038187,85 75 
1039396,48 72 
1039680,26 70 
1040204,3 80 
1040746,09 83 
1040753,27 64 8
1040966,57 74 194
1040966,57 63 194
1041374,84 151 
1041400,94 69 
1042209,98 93 
1042225,06 103 
1042225,06 101 
1045757,15 100 
1045757,15 4
1045757,15 1895
1045757,15 11
1047730,11 25 
1057730,96 254 
1057738,74 101 
1059751,04 100 
1059751,04 4
1059751,04 1895
1059751,04 11
1059751,04 25 
1064163,77 75 
1065372,45 72 
1065456,16 70 
1065955,36 80 
1066388,65 83 
1066716,07 64 328
1066741,84 256 
1066993,81 74 259
1066993,81 61 259
1067804,52 150 
1067830,21 68 
1069039,93 92 
1069039,93 65 
1069053,89 103 
1069053,89 101 
1069591,11 100 
1069591,11 4
1069591,11 1895
1069591,11 11
1071560,2 25 
1072013,95 75 
1073223,54 72 
1073306,23 70 
1073803,25 80 
1074292,19 83 
1074477,43 64 185
1074665,73 74 175
1074665,73 61 175
1075473,13 150 
1075493,36 68 
1076004,87 92 
1076004,87 65 
1076024,3 103 
1076024,3 101 
1076564,36 100 
1076564,36 4
1076564,36 1895
1076564,36 10
1078543,94 25 
1078957,49 75 
1080165,62 72 
1080250,01 70 
1080744,68 80 
1081275,79 83 
1081383,6 64 108
1081612,79 74 218
1081612,79 62 218
1082024,23 150 
1082050,61 68 
1082386,4 249
1082491,53 172 
1083690,99 92 
1083690,99 65 
1083714,39 103 
1083714,39 101 
1084252,86 100 
1084252,86 4
1084252,86 1895
1084252,86 10
1086220,81 25 
1087034,2 75 
1088244,35 72 
1088326,64 70 
1088824,6 80 
1089259,23 83 
1089375,68 64 117
1089557,07 74 165
1089557,07 62 165
1089968,77 150 
1089993,29 68 
1090274,22 249
1090856,02 92 
1090856,02 65 
1090871,43 103 
1090871,43 101 
1091403,76 100 
1091403,76 4
1091403,76 1895
1091403,76 11
1093377,79 25 
1093578,19 75 
1094785,72 72 
1094870,52 70 
1095365,43 80 
1095869,71 83 
1096030,33 64 161
1096214 74 172
1096214 61 172
1097021,75 150 
1097043,7 68 
1097855,01 92 
1097855,01 65 
1097868,72 103 
1097868,72 101 
1098409,83 100 
1098409,83 4
1098409,83 1895
1098409,83 10
1100388,16 25 
1101388,24 75 
1102596,18 72 
1102680,6 70 
1103175,5 80 
1103679,78 83 
1103781,04 64 102
1104028,36 74 229
1104028,36 62 229
1104438,94 150 
1104468,21 68 
1104723,59 249
1105637,15 92 
1105637,15 65 
1105651,93 103 
1105651,93 101 
1106183,04 100 
1106183,04 4
1106183,04 1895
1106183,04 10
1108158,21 25 
1109624,64 75 
1110832,16 72 
1110917,17 70 
1111412,86 80 
1111849,67 83 
1112048,64 64 199
1112222,45 74 160
1112222,45 62 160
1113032,85 152 
1113051,41 69 
1113466,04 249 
1113610,43 182 
1113693,11 256 
1142277,79 93 
1142290 103 
1142290 101 
1145826,35 100 
1145826,35 4
1145826,35 1895
1145826,35 11
1147808,31 25 
1147835,46 75 
1149042,98 72 
1149367,78 70 
1150203,77 80 
1151059,96 83 
1151139,05 64 80
1151338,19 74 185
1151338,19 61 185
1152147,49 150 
1152167,27 68 
1153376,28 92 
1153376,28 65 
1153392,97 103 
1153392,97 101 
1153931,88 100 
1153931,88 4
1153931,88 1895
1153931,88 11
1155911,58 25 
1157284,73 75 
1158491,66 72 
1158817,2 70 
1159658,12 80 
1160399,63 250 
1160415,62 101 
1162428,87 100 
1162428,87 4
1162428,87 1895
1162428,87 11
1162428,87 25 
1162457,21 75 
1163665,44 72 
1163988,37 70 
1164670,28 80 
1165280,69 83 
1165624,45 64 344
1165647,25 256 
1165849,07 74 209
1165849,07 61 209
1166256,82 150 
1166282,09 68 
1167493,11 92 
1167493,11 65 
1167519,41 103 
1167519,41 101 
1168053,04 100 
1168053,04 2
1168053,04 1895
1168053,04 11
1168053,04 78 
1168053,04 198 
1170025,86 25 
1172798,31 75 
1174004,72 72 
1174090,77 70 
1174594,91 80 
1175076,78 250 
1175089,46 101 
1177102,76 100 
1177102,76 2
1177102,76 1895
1177102,76 11
1177102,76 25 
1177129,88 75 
1178338,16 72 
1178422,32 70 
1178925,38 80 
1179461,43 83 
1179773,47 64 312
1179801,31 256 
1179983,42 74 189
1179983,42 61 189
1180795,05 151 
1180822,67 69 
1181631,15 93 
1181646,83 103 
1181646,83 101 
1185178,04 100 
1185178,04 2
1185178,04 1895
1185178,04 11
1187151,87 25 
1192736,61 75 
1193945,2 72 
1194029,1 70 
1194527,36 80 
1194975,01 83 
1195216,93 64 243
1195448,59 74 207
1195448,59 62 207
1195859,24 151 
1195883,05 69 
1196373,54 249 
1196893,54 93 
1196907,11 103 
1196907,11 101 
1200450,19 100 
1200450,19 2
1200450,19 1895
1200450,19 10
1202425,49 25 
1202452,72 75 
1202713,08 250 
1202730,91 101 
1204744,53 100 
1204744,53 2
1204744,53 1895
1204744,53 10
1204744,53 25 
1204784,38 75 
1205994,74 72 
1206077,4 70 
1206576,6 80 
1207116,57 83 
1207516,39 64 400
1207536,46 256 
1208065,24 74 536
1208065,24 61 536
1214262,3 150 
1214288,78 68 
1214754,6 249
1214821,85 171
1215095,87 92 
1215095,87 65 
1215112,89 103 
1215112,89 101 
1215645,26 100 
1215645,26 2
1215645,26 1895
1215645,26 11
1217619,15 25 
1218165,93 75 
1219373,79 72 
1219458,47 70 
1219957,5 80 
1220444,31 83 
1220629,44 64 185
1220884,66 74 241
1220884,66 61 241
1221296,74 151 
1221325,07 69 
1221835,47 93 
1221856,7 103 
1221856,7 101 
1225388,75 100 
1225388,75 2
1225388,75 1895
1225388,75 11
1227361,73 25 
1232759,82 75 
1233969,65 72 
1234052,42 70 
1234537,46 80 
1234984,91 83 
1235439,37 64 455
1235673,67 74 210
1235673,67 63 210
1236485,73 150 
1236506,16 68 
1237018,34 92 
1237018,34 65 
1237037,01 103 
1237037,01 101 
1237576,79 100 
1237576,79 2
1237576,79 1895
1237576,79 10
1239556,78 25 
1239583,88 75 
1240792,41 72 
1240876,21 70 
1241371,7 80 
1241915,34 83 
1241931,53 64 16
1242192,77 74 238
1242192,77 61 238
1242603,9 150 
1242623,52 68 
1243833,09 92 
1243833,09 65 
1243847,52 103 
1243847,52 101 
1244383,19 100 
1244383,19 2
1244383,19 1895
1244383,19 10
1246353,83 25 
1246834,02 75 
1248041,53 72 
1248126,61 70 
1248615,78 80 
1249099,1 83 
1249155,4 64 56
1249193,5 256 
1249458,75 74 281
1249458,75 61 281
1250270,52 150 
1250300,36 68 
1251111,81 92 
1251111,81 65 
1251137,81 103 
1251137,81 101 
1251668,83 100 
1251668,83 2
1251668,83 1895
1251668,83 10
1253644,07 25 
1255670,26 75 
1256877,81 72 
1256962,79 70 
1257459,23 80 
1257895,34 83 
1258031,54 64 136
1258077,89 256 
1258310,84 74 256
1258310,84 61 256
1258722,39 150 
1258750,14 68 
1259260,27 92 
1259260,27 65 
1259281,17 103 
1259281,17 101 
1259822,09 100 
1259822,09 2
1259822,09 1895
1259822,09 11
1261800,69 25 
1263027,23 75 
1264235,33 72 
1264586,36 70 
1265269,97 80 
1265918,76 83 
1266064,87 64 147
1266246,44 74 168
1266246,44 61 168
1267055,91 153 
1267080 68 
1267588,39 92 
1267588,39 65 
1267610,93 103 
1267610,93 101 
1268143,37 100 
1268143,37 2
1268143,37 1895
1268143,37 10
1270117,26 25 
1271037,26 75 
1272245,41 72 
1272329,76 70 
1272822,65 80 
1273302,26 83 
1273483,08 64 181
1273508,77 256 
1273678,15 74 176
1273678,15 62 176
1274087,41 151 
1274117,18 69 
1274660,58 249 
1275073,9 182 
1276508,53 256 
1299302,48 93 
1299317,66 103 
1299317,66 101 
1302854,18 100 
1302854,18 2
1302854,18 1895
1302854,18 10
1304822,91 25 
1304850,04 75 
1306061,13 72 
1306142,28 70 
1306639,04 80 
1307074,84 83 
1307305,06 64 231
1307483,05 74 156
1307483,05 61 156
1308295,61 150 
1308316,16 68 
1309125,07 92 
1309125,07 65 
1309140,24 103 
1309140,24 101 
1309679,64 100 
1309679,64 2
1309679,64 1895
1309679,64 11
1311659,87 25 
1312260 75 
1313469,21 72 
1313552,48 70 
1314049,38 80 
1314485,1 83 
1314741,46 64 257
1314945,93 74 182
1314945,93 61 182
1315353,58 151 
1315379,88 69 
1315891,53 93 
1315910,76 103 
1315910,76 101 
1319442,12 100 
1319442,12 2
1319442,12 1895
1319442,12 11
1321415,89 25 
1321443,08 75 
1322653,37 72 
1322735,37 70 
1323228,75 80 
1323774,49 83 
1324000,3 64 226
1324208,18 74 194
1324208,18 61 194
1324619,88 153 
1324643,49 68 
1325453,14 92 
1325453,14 65 
1325466,72 103 
1325466,72 101 
1325998,41 100 
1325998,41 2
1325998,41 1895
1325998,41 10
1327973,06 25 
1333384,53 75 
1334592,24 72 
1334677,07 70 
1335181,28 80 
1335689,51 83 
1336047,94 64 359
1336207,36 74 145
1336207,36 61 145
1337016,77 150 
1337037,43 68 
1337546,88 92 
1337546,88 65 
1337568,35 103 
1337568,35 101 
1338112,77 100 
1338112,77 2
1338112,77 1895
1338112,77 10
1340088,02 25 
1340954,73 75 
1342164,1 72 
1342247,25 70 
1342738,26 80 
1343259,68 83 
1343286,36 64 27
1343504,38 74 205
1343504,38 61 205
1344316,93 150 
1344341,12 68 
1345152,67 92 
1345152,67 65 
1345178,59 103 
1345178,59 101 
1345711,17 100 
1345711,17 2
1345711,17 1895
1345711,17 11
1347684,83 25 
1349057,93 75 
1350266,3 72 
1350350,48 70 
1350847,61 80 
1351349,65 83 
1351580,85 64 232
1351777,58 74 175
1351777,58 61 175
1352184,71 151 
1352204,55 69 
1353011,9 93 
1353028,59 103 
1353028,59 101 
1356561,01 100 
1356561,01 2
1356561,01 1895
1356561,01 10
1358533,62 25 
1368536,67 254 
1368555,33 101 
1370567,84 100 
1370567,84 2
1370567,84 1895
1370567,84 10
1370567,84 25 
1370595,76 75 
1371802,11 72 
1372141,34 70 
1372962,97 80 
1373700,31 83 
1373781,29 64 81
1373961,66 74 169
1373961,66 61 169
1374373,34 150 
1374395,23 68 
1374906,84 92 
1374906,84 65 
1374926,56 103 
1374926,56 101 
1375468,06 100 
1375468,06 2
1375468,06 1895
1375468,06 10
1377459,09 25 
1387458,78 254 
1387467,44 101 
1389479,93 100 
1389479,93 2
1389479,93 1895
1389479,93 10
1389479,93 25 
1393199,97 75 
1393288,96 250 
1393304,61 101 
1395318,25 100 
1395318,25 2
1395318,25 1895
1395318,25 10
1395318,25 25 
1395478,37 75 
1396686,9 72 
1397024,32 70 
1397697,85 80 
1398293,77 250 
1398302,97 101 
1400316,14 100 
1400316,14 2
1400316,14 1895
1400316,14 10
1400316,14 25 
1400862,97 75 
1402072,53 72 
1402155,49 70 
1402658,95 80 
1403141,35 83 
1403383,68 64 243
1403545,34 74 138
1403545,34 61 138
1404355,61 150 
1404382,74 68 
1405192,82 92 
1405192,82 65 
1405206,88 103 
1405206,88 101 
1405742,69 100 
1405742,69 2
1405742,69 1895
1405742,69 11
1407713,18 25 
1408326,56 75 
1409535,35 72 
1409619,06 70 
1410119,96 80 
1410551,57 83 
1410858,85 64 308
1411067,47 74 183
1411067,47 61 183
1411477,83 151 
1411499,67 69 
1412510,16 93 
1412523,73 103 
1412523,73 101 
1416054,92 100 
1416054,92 2
1416054,92 1895
1416054,92 11
1418028,75 25 
1418135,79 75 
1419343,6 72 
1419428,29 70 
1419916,71 80 
1420454,11 83 
1420532,76 64 79
1420892,93 74 346
1420892,93 62 346
1421702,68 151 
1421722,06 69 
1422231,05 93 
1422252,97 103 
1422252,97 101 
1425796,14 100 
1425796,14 2
1425796,14 1895
1425796,14 10
1427771,44 25 
1430823,9 75 
1432032,66 72 
1432116,32 70 
1432610,65 80 
1433048,81 83 
1433272,18 64 224
1433516,24 74 228
1433516,24 62 228
1434325,37 153 
1434343,61 68 
1434693,98 249
1434781,55 172 
1434852,23 92 
1434852,23 65 
1434874,37 103 
1434874,37 101 
1435406,89 100 
1435406,89 2
1435406,89 1895
1435406,89 11
1437380,72 25 
1437434,42 75 
1438642,25 72 
1438726,88 70 
1439222,85 80 
1439712,72 83 
1439876,63 64 164
1440098,73 74 199
1440098,73 61 199
1440511,18 151 
1440540,93 69 
1441552,22 93 
1441564,9 103 
1441564,9 101 
1445103,42 100 
1445103,42 2
1445103,42 1895
1445103,42 11
1447070,16 25 
1447097,5 75 
1448305,72 72 
1448389,52 70 
1448884,37 80 
1449428,64 83 
1449733,35 64 305
1449968,37 74 220
1449968,37 63 220
1450402,79 256 
1452519,44 150 
1452549,41 68 
1453595,19 249
1453700,43 173 
1453761,72 92 
1453761,72 65 
1453786,48 103 
1453786,48 101 
1454325,94 100 
1454325,94 2
1454325,94 1895
1454325,94 10
1456306,1 25 
1457839,16 75 
1459047,97 72 
1459131,67 70 
1459622,18 80 
1460064,29 83 
1460258,51 64 194
1460443,24 74 166
1460443,24 61 166
1460851,95 150 
1460879,08 68 
1462087,75 92 
1462087,75 65 
1462103,03 103 
1462103,03 101 
1462640,1 100 
1462640,1 2
1462640,1 1895
1462640,1 11
1464609,34 25 
1465742,57 75 
1466948,67 72 
1467035,17 70 
1467538,81 80 
1468034,17 83 
1468109,23 64 75
1468343,09 74 216
1468343,09 62 216
1469152,32 151 
1469182,3 69 
1469994,28 93 
1470006,35 103 
1470006,35 101 
1473539,72 100 
1473539,72 2
1473539,72 1895
1473539,72 10
1475511,53 25 
1478217,35 75 
1479424,94 72 
1479509,84 70 
1480006,26 80 
1480548,99 83 
1480835,56 64 287
1481019,29 74 164
1481019,29 61 164
1481432,32 150 
1481457,16 68 
1482268,29 92 
1482268,29 65 
1482281,27 103 
1482281,27 101 
1482825,73 100 
1482825,73 2
1482825,73 1895
1482825,73 10
1484800,89 25 
1494557,18 75 
1495766,03 72 
1495849,67 70 
1496351,72 80 
1496888,88 83 
1497710,17 64 822
1497888,02 74 160
1497888,02 61 160
1498298,05 150 
1498317,01 68 
1499527,17 92 
1499527,17 65 
1499554 103 
1499554 101 
1500086,75 100 
1500086,75 2
1500086,75 1895
1500086,75 10
1502060,32 25 
1503086,97 75 
1504293,76 72 
1504646,03 70 
1505482,13 80 
1506227,97 250 
1506244,49 101 
1508257,71 100 
1508257,71 2
1508257,71 1895
1508257,71 10
1508257,71 25 
1508284,8 75 
1509494,4 72 
1509843,88 70 
1510675,69 80 
1511496,05 83 
1511527,06 64 32
1511565,21 256 
1511827,16 74 278
1511827,16 61 278
1512635,63 150 
1512657,53 68 
1513464,76 92 
1513464,76 65 
1513481,5 103 
1513481,5 101 
1514014,8 100 
1514014,8 2
1514014,8 1895
1514014,8 11
1515987,84 25 
1516508 75 
1517716,44 72 
1518000,47 70 
1518510,21 80 
1518946,44 83 
1519206,61 64 260
1519408,81 74 183
1519408,81 61 183
1519817,89 151 
1519841,11 69 
1520352,05 93 
1520371,99 103 
1520371,99 101 
1523911,55 100 
1523911,55 2
1523911,55 1895
1523911,55 11
1525890,38 25 
1530208,96 75 
1531419,62 72 
1531501,43 70 
1532003,47 80 
1532447,28 83 
1532699,88 64 253
1532897,76 74 184
1532897,76 62 184
1533707,41 151 
1533728,57 69 
1534425,9 249 
1534762,45 256 
1535938,92 182 
1541271,15 93 
1541283,22 103 
1541283,22 101 
1544818,93 100 
1544818,93 2
1544818,93 1895
1544818,93 11
1546788,33 25 
1546828,75 75 
1546834,59 250 
1546853,93 101 
1548867,47 100 
1548867,47 2
1548867,47 1895
1548867,47 11
1548867,47 25 
1548894,21 75 
1549035,57 250 
1549052,88 101 
1551066,54 100 
1551066,54 2
1551066,54 1895
1551066,54 11
1551066,54 25 
1551093,35 75 
1552300,03 72 
1552386,04 70 
1552772,17 250 
1552785,02 101 
1554798,27 100 
1554798,27 2
1554798,27 1895
1554798,27 11
1554798,27 25 
1555452,05 75 
1555524,32 250 
1555543,49 101 
1557557,29 100 
1557557,29 2
1557557,29 1895
1557557,29 11
1557557,29 25 
1558769,58 75 
1559645,02 250 
1559661,77 101 
1561675,48 100 
1561675,48 2
1561675,48 1895
1561675,48 11
1561675,48 25 
1568379,3 75 
1569586,94 72 
1569604,7 70 
1569715,82 80 
1570146,47 250 
1570164,44 101 
1572177,68 100 
1572177,68 2
1572177,68 1895
1572177,68 11
1572177,68 25 
1572897,81 75 
1574106,92 72 
1574190,32 70 
1574688,07 80 
1575229,44 83 
1576233,34 64 1004
1576401,42 74 146
1576401,42 62 146
1577210,38 151 
1577230,48 69 
1577412,12 256 
1578439,25 93 
1578454,39 103 
1578454,39 101 
1581985,71 100 
1581985,71 2
1581985,71 1895
1581985,71 10
1583959,52 25 
1587398,8 75 
1587453,6 250 
1587463,48 101 
1589477,12 100 
1589477,12 2
1589477,12 1895
1589477,12 10
1589477,12 25 
1597753,37 75 
1597760,18 250 
1597765,85 101 
1599779,48 100 
1599779,48 2
1599779,48 1895
1599779,48 10
1599779,48 25 
1602271,38 75 
1602278,13 250 
1602297,31 101 
1604310,98 100 
1604310,98 2
1604310,98 1895
1604310,98 10
1604310,98 25 
1604337,38 75 
1605543,95 72 
1605617,24 70 
1606108,1 80 
1606541,68 250 
1606562,55 101 
1608575,86 100 
1608575,86 2
1608575,86 1895
1608575,86 10
1608575,86 25 
1618578,36 254 
1618597,59 101 
1620610,06 100 
1620610,06 2
1620610,06 1895
1620610,06 10
1620610,06 25 
1621930,78 75 
1623138,23 72 
1623476,36 70 
1624147 80 
1624795,4 83 
1624806,42 64 11
1624999,66 74 179
1624999,66 61 179
1625408,59 150 
1625437,87 68 
1626249 92 
1626249 65 
1626274,41 103 
1626274,41 101 
1626815,82 100 
1626815,82 2
1626815,82 1895
1626815,82 10
1628794,07 25 
1629420,81 75 
1630627,89 72 
1630899,95 70 
1631420,97 80 
1631952,4 83 
1632240,26 64 288
1632438,47 74 180
1632438,47 61 180
1632847,67 150 
1632873,88 68 
1633684,28 92 
1633684,28 65 
1633697,99 103 
1633697,99 101 
1634230,07 100 
1634230,07 2
1634230,07 1895
1634230,07 10
1636204,26 25 
1639071,13 75 
1640278,53 72 
1640362,68 70 
1640859,09 80 
1641348,47 83 
1641888,18 64 540
1642049,95 74 142
1642049,95 61 142
1642860,18 150 
1642883,1 68 
1644090,6 92 
1644090,6 65 
1644106,96 103 
1644106,96 101 
1644643,37 100 
1644643,37 2
1644643,37 1895
1644643,37 10
1646613,6 25 
1647066,86 75 
1648276,19 72 
1648359,29 70 
1648855,03 80 
1649305,12 83 
1649809,13 64 504
1650040,48 74 216
1650040,48 62 216
1650450,44 151 
1650479,82 69 
1651194,07 249 
1651289,92 93 
1651303,94 103 
1651303,94 101 
1654845,24 100 
1654845,24 2
1654845,24 1895
1654845,24 11
1656822,38 25 
1666823,3 254 
1666830,92 101 
1668843,24 100 
1668843,24 2
1668843,24 1895
1668843,24 11
1668843,24 25 
1668871,63 75 
1670079,16 72 
1670163,5 70 
1670662 80 
1671109,37 83 
1671413,59 64 304
1671631,68 74 203
1671631,68 61 203
1672442,64 151 
1672469,98 69 
1673478 93 
1673494,66 103 
1673494,66 101 
1677029 100 
1677029 2
1677029 1895
1677029 11
1678999,76 25 
1686290,34 75 
1687498,9 72 
1687583 70 
1688080,42 80 
1688622,04 83 
1688799,44 64 178
1689041,92 74 221
1689041,92 63 221
1689453,24 150 
1689476,88 68 
1689990,44 92 
1689990,44 65 
1690007,81 103 
1690007,81 101 
1690539,48 100 
1690539,48 2
1690539,48 1895
1690539,48 11
1692514,12 25 
1693060,97 75 
1694270,49 72 
1694353,49 70 
1694851,04 80 
1695365,93 83 
1695603,83 64 239
1695771,07 74 152
1695771,07 62 152
1696580,83 151 
1696607,25 69 
1697106,14 249 
1697576,27 182 
1697759,06 93 
1697777,86 103 
1697777,86 101 
1701324,14 100 
1701324,14 2
1701324,14 1895
1701324,14 10
1703296,28 25 
1703323,52 75 
1704530,86 72 
1704615,8 70 
1705105,08 80 
1705548,32 83 
1705886,58 64 338
1706097,7 74 190
1706097,7 61 190
1706509,49 152 
1706536,51 69 
1707346,67 93 
1707360,56 103 
1707360,56 101 
1710893,12 100 
1710893,12 2
1710893,12 1895
1710893,12 11
1712865,58 25 
1713852,34 75 
1715058,97 72 
1715144,73 70 
1715644,06 80 
1716183,89 83 
1716346,37 64 163
1716383,58 256 
1716595,14 74 225
1716595,14 62 225
1717403,03 151 
1717425,21 69 
1717935,33 93 
1717956,1 103 
1717956,1 101 
1721489,38 100 
1721489,38 2
1721489,38 1895
1721489,38 10
1723461,15 25 
1723634,78 75 
1724842,39 72 
1724927,33 70 
1725429,61 80 
1725926,52 83 
1726308,16 64 382
1726484,01 74 158
1726484,01 62 158
1726895,58 151 
1726914,63 69 
1727923,66 93 
1727938,6 103 
1727938,6 101 
1731478,2 100 
1731478,2 2
1731478,2 1895
1731478,2 11
1733457 25 
1743459 254 
1743478,72 101 
1745491,25 100 
1745491,25 2
1745491,25 1895
1745491,25 11
1745491,25 25 
1745519,29 75 
1746726,06 72 
1747064,73 70 
1747754,57 80 
1748290,43 83 
1748296,92 64 7
1748826,02 256 
1748887,76 74 571
1748887,76 62 571
1751124,34 153 
1751144,51 68 
1751702,14 249
1752698,69 172 
1753933,14 92 
1753933,14 65 
1753967,71 103 
1753967,71 101 
1754501,65 100 
1754501,65 2
1754501,65 1895
1754501,65 11
1756474,12 25 
1757593,91 75 
1758800,09 72 
1758886,45 70 
1759394,35 80 
1759938,96 83 
1760185,19 64 247
1760212,13 256 
1760456,39 74 251
1760456,39 62 251
1761267,26 151 
1761286,97 69 
1761980,72 249 
1762190,36 182 
1762245,93 256 
1819007,14 93 
1819020,55 103 
1819020,55 101 
1822551,84 100 
1822551,84 2
1822551,84 1895
1822551,84 11
1824525,63 25 
1834527,34 254 
1834547,44 101 
1836546,66 100 
1836546,66 2
1836546,66 1895
1836546,66 11
1836546,66 25 
1838080,46 75 
1839289,05 72 
1839372,85 70 
1839873,32 80 
1840372,05 83 
1840500,09 64 129
1840534,39 256 
1840707,38 74 189
1840707,38 61 189
1841115,44 151 
1841133,77 69 
1841165,68 249 
1841522,17 181 
1841944,83 93 
1841957,64 103 
1841957,64 101 
1845501,68 100 
1845501,68 2
1845501,68 1895
1845501,68 10
1847476,27 25 
1847503,24 75 
1848711,86 72 
1849048,82 70 
1849727,91 80 
1850327,84 83 
1850350,69 64 24
1850532,74 74 166
1850532,74 63 166
1851344,19 151 
1851369,36 69 
1852180,17 93 
1852193,35 103 
1852193,35 101 
1855726,31 100 
1855726,31 2
1855726,31 1895
1855726,31 10
1857698,49 25 
1858098,65 75 
1859305,39 72 
1859391,17 70 
1859889,38 80 
1860336,97 83 
1860687,38 64 351
1860881,95 74 172
1860881,95 62 172
1861293,06 151 
1861311,78 69 
1861822,38 93 
1861842,71 103 
1861842,71 101 
1865376,66 100 
1865376,66 2
1865376,66 1895
1865376,66 11
1867347,8 25 
1868960,72 75 
1870167,91 72 
1870253,24 70 
1870745,2 80 
1871292,39 83 
1871463,98 64 172
1871641,84 74 164
1871641,84 62 164
1872052,94 151 
1872080,69 69 
1873091,96 93 
1873104,63 103 
1873104,63 101 
1876644,41 100 
1876644,41 2
1876644,41 1895
1876644,41 10
1878622,99 25 
1879837,12 75 
1879843,62 250 
1879861,47 101 
1881861,71 100 
1881861,71 2
1881861,71 1895
1881861,71 10
1881861,71 25 
1882341,04 75 
1883549,39 72 
1883634,34 70 
1884137,46 80 
1884620,21 83 
1884870,2 64 250
1884911,56 256 
1885254,52 74 368
1885254,52 62 368
1886064,7 151 
1886088,17 69 
1886599,08 93 
1886619 103 
1886619 101 
1890151,5 100 
1890151,5 2
1890151,5 1895
1890151,5 11
1892124,07 25 
1898921,54 75 
1900132,35 72 
1900214,2 70 
1900713,34 80 
1901149,26 250 
1901159,48 101 
1903172,72 100 
1903172,72 2
1903172,72 1895
1903172,72 11
1903172,72 25 
1906091,88 75 
1906097,62 250 
1906117,17 101 
1908130,66 100 
1908130,66 2
1908130,66 1895
1908130,66 11
1908130,66 25 
1908250,2 75 
1908332,1 250 
1908342,78 101 
1910356,38 100 
1910356,38 2
1910356,38 1895
1910356,38 11
1910356,38 25 
1910383,11 75 
1911592,06 72 
1911676 70 
1912180,6 80 
1912599,19 250 
1912621,36 101 
1914634,65 100 
1914634,65 2
1914634,65 1895
1914634,65 11
1914634,65 25 
1917660,51 75 
1918869,56 72 
1918952,95 70 
1919452,65 80 
1919992,09 83 
1920092,54 64 101
1920273,09 74 162
1920273,09 61 162
1921081,13 151 
1921100,21 69 
1921909,96 93 
1921924,24 103 
1921924,24 101 
1925456,49 100 
1925456,49 2
1925456,49 1895
1925456,49 10
1927429,26 25 
1928695,8 75 
1929903,88 72 
1929988,33 70 
1930475,13 80 
1930907,54 83 
1931237,11 64 330
1931418,66 74 166
1931418,66 62 166
1931826,11 151 
1931855,59 69 
1932866,71 93 
1932879,74 103 
1932879,74 101 
1936425,89 100 
1936425,89 2
1936425,89 1895
1936425,89 10
1938398,22 25 
1938425,11 75 
1939630,67 72 
1939704,21 70 
1940191,51 80 
1940676,76 83 
1940784,85 64 109
1940971,73 74 176
1940971,73 61 176
1941380,8 150 
1941411,8 68 
1942619,71 92 
1942619,71 65 
1942635,57 103 
1942635,57 101 
1943168,22 100 
1943168,22 2
1943168,22 1895
1943168,22 11
1945141,96 25 
1945955,24 75 
1947162,03 72 
1947247,79 70 
1947753,26 80 
1948180,31 83 
1948504,34 64 324
1948711,53 74 185
1948711,53 61 185
1949523,63 151 
1949541,61 69 
1950370,59 93 
1950392,3 103 
1950392,3 101 
1953925,6 100 
1953925,6 2
1953925,6 1895
1953925,6 10
1955897,46 25 
1955924,6 75 
1957131,77 72 
1957456,93 70 
1958131,74 80 
1958815,9 83 
1959021,29 64 206
1959226,38 74 184
1959226,38 61 184
1959636,31 150 
1959657,38 68 
1960168,67 92 
1960168,67 65 
1960188,25 103 
1960188,25 101 
1960728,38 100 
1960728,38 2
1960728,38 1895
1960728,38 10
1962707,87 25 
1963507,96 75 
1964715,97 72 
1965000,36 70 
1965665,9 80 
1966199,39 83 
1966421,73 64 223
1966463,89 256 
1966650,8 74 212
1966650,8 61 212
1967460,33 150 
1967480,94 68 
1967991,76 92 
1967991,76 65 
1968011,64 103 
1968011,64 101 
1968546,86 100 
1968546,86 2
1968546,86 1895
1968546,86 10
1970517,93 25 
1976315,89 75 
1977525,58 72 
1977608,43 70 
1978109,13 80 
1978554,25 83 
1978822,89 64 269
1978993,21 74 146
1978993,21 61 146
1979803,54 152 
1979822,25 69 
1980633,77 93 
1980646,42 103 
1980646,42 101 
1984178,39 100 
1984178,39 6
1984178,39 1895
1984178,39 10
1984178,39 78 
1984178,39 198 
1986151,4 25 
1986605,55 75 
1987813,41 72 
1987897,59 70 
1988402,1 80 
1988949,91 83 
1988960,52 64 11
1989197,27 74 221
1989197,27 62 221
1989607,36 151 
1989631,5 69 
1990086,77 249 
1990213,16 182 
1990639,58 93 
1990655,48 103 
1990655,48 101 
1994198,22 100 
1994198,22 6
1994198,22 1895
1994198,22 11
1996173,88 25 
1996827,3 75 
1998034,69 72 
1998119,88 70 
1998609,02 80 
1999092,33 83 
1999589,68 64 498
1999791,94 74 180
1999791,94 63 180
2000203,35 151 
2000227,34 69 
2000738,77 93 
2000757,92 103 
2000757,92 101 
2004291,58 100 
2004291,58 6
2004291,58 1895
2004291,58 11
2006263 25 
2006290,66 75 
2007498,9 72 
2007582,66 70 
2008081,2 80 
2008528,42 83 
2008808,31 64 280
2008990,25 74 169
2008990,25 61 169
2009799,82 150 
2009823,03 68 
2011029,81 92 
2011029,81 65 
2011047 103 
2011047 101 
2011582,48 100 
2011582,48 6
2011582,48 1895
2011582,48 11
2013553,31 25 
2014473,36 75 
2015681,86 72 
2015765,85 70 
2016266,35 80 
2016804,93 83 
2016907,47 64 103
2016940,07 256 
2017115,66 74 192
2017115,66 61 192
2017926,65 150 
2017953,06 68 
2018764,01 92 
2018764,01 65 
2018777,15 103 
2018777,15 101 
2019314,81 100 
2019314,81 6
2019314,81 1895
2019314,81 11
2021283,43 25 
2029680,31 75 
2030886,85 72 
2030972,78 70 
2031463,69 80 
2031905,34 83 
2032033,92 64 129
2032063,21 256 
2032291,51 74 240
2032291,51 61 240
2032700,9 150 
2032720,3 68 
2032752,43 249
2033016,67 171
2033531,48 92 
2033531,48 65 
2033557,67 103 
2033557,67 101 
2034092,16 100 
2034092,16 6
2034092,16 1895
2034092,16 10
2036063,86 25 
2037157,11 75 
2038366,12 72 
2038449,68 70 
2038934,35 80 
2039475,53 83 
2039729,66 64 254
2039922,09 74 167
2039922,09 62 167
2040733,3 151 
2040756,11 69 
2041264,42 93 
2041274,38 103 
2041274,38 101 
2044806,35 100 
2044806,35 6
2044806,35 1895
2044806,35 11
2046779,37 25 
2046913,09 75 
2048119,76 72 
2048205,6 70 
2048695,86 80 
2049191,42 83 
2049383,98 64 193
2049577,54 74 173
2049577,54 61 173
2049988,57 150 
2050019,56 68 
2050528,81 92 
2050528,81 65 
2050550,48 103 
2050550,48 101 
2051096,92 100 
2051096,92 6
2051096,92 1895
2051096,92 10
2053070,15 25 
2053603,61 75 
2054814,64 72 
2054896,18 70 
2055386,45 80 
2055828,66 83 
2056343,37 64 515
2056535,71 74 175
2056535,71 63 175
2056943,55 150 
2056963,33 68 
2057474,03 92 
2057474,03 65 
2057494,23 103 
2057494,23 101 
2058026,54 100 
2058026,54 6
2058026,54 1895
2058026,54 10
2060000,54 25 
2060147,65 75 
2061355,68 72 
2061426,87 70 
2061926,49 80 
2062465,86 83 
2062487,09 64 22
2062708,57 74 203
2062708,57 63 203
2063520,5 150 
2063547,4 68 
2064758,95 92 
2064758,95 65 
2064784,57 103 
2064784,57 101 
2065317,03 100 
2065317,03 6
2065317,03 1895
2065317,03 10
2067290,83 25 
2069023,89 75 
2070233,74 72 
2070516,25 70 
2071035,34 80 
2071515,4 83 
2071748,1 64 233
2071922,58 74 154
2071922,58 61 154
2072729,86 151 
2072756,84 69 
2072921,7 249 
2073036,46 181 
2073567,48 93 
2073580,84 103 
2073580,84 101 
2077118,15 100 
2077118,15 6
2077118,15 1895
2077118,15 11
2079099,3 25 
2081645,28 75 
2082854,02 72 
2082937,72 70 
2083425,75 80 
2083963,54 83 
2084103,15 64 140
2084280,11 74 157
2084280,11 61 157
2084691,12 150 
2084711,74 68 
2085523,15 92 
2085523,15 65 
2085549,21 103 
2085549,21 101 
2086085,29 100 
2086085,29 6
2086085,29 1895
2086085,29 11
2088055,52 25 
2089428,61 75 
2090635,83 72 
2090721,14 70 
2091205,35 80 
2091640,38 83 
2091820,28 64 180
2092023,77 74 184
2092023,77 62 184
2092431,52 153 
2092455,18 68 
2092819,67 249
2092861,69 172 
2093663,04 92 
2093663,04 65 
2093679,14 103 
2093679,14 101 
2094210,59 100 
2094210,59 6
2094210,59 1895
2094210,59 11
2096185,46 25 
2096585,62 75 
2097794,28 72 
2097878,17 70 
2098373,27 80 
2098863,97 83 
2099037,02 64 174
2099209,35 74 159
2099209,35 61 159
2100017,23 150 
2100037,91 68 
2100548,26 92 
2100548,26 65 
2100569,57 103 
2100569,57 101 
2101110,76 100 
2101110,76 6
2101110,76 1895
2101110,76 11
2103089,31 25 
2104102,56 75 
2105309,42 72 
2105395,06 70 
2105887,24 80 
2106314,43 83 
2106493,92 64 180
2106681,69 74 168
2106681,69 61 168
2107493,44 150 
2107515,52 68 
2107592,23 249
2107720,79 171
2108724,84 92 
2108724,84 65 
2108739,53 103 
2108739,53 101 
2109271,49 100 
2109271,49 6
2109271,49 1895
2109271,49 10
2111245,83 25 
2111646,33 75 
2112855,02 72 
2112938,56 70 
2113432,82 80 
2113964,94 83 
2114142,68 64 179
2114342,22 74 178
2114342,22 63 178
2114750,84 150 
2114779,16 68 
2115014,99 249
2115050,3 173 
2115590,01 92 
2115590,01 65 
2115616,65 103 
2115616,65 101 
2116152,16 100 
2116152,16 6
2116152,16 1895
2116152,16 11
2118123,02 25 
2119296,14 75 
2120504,7 72 
2120588,64 70 
2121086,69 80 
2121574,52 83 
2121788,2 64 214
2121981,67 74 181
2121981,67 61 181
2122393,94 150 
2122416,1 68 
2122928,89 92 
2122928,89 65 
2122946,92 103 
2122946,92 101 
2123484,36 100 
2123484,36 6
2123484,36 1895
2123484,36 11
2125466,52 25 
2126653,1 75 
2127860,61 72 
2127945,61 70 
2128441,77 80 
2128931,45 83 
2129090,05 64 159
2129397,62 74 294
2129397,62 62 294
2130208,81 151 
2130226,34 69 
2131001,28 249 
2131149,48 256 
2133015,4 182 
2135937,49 93 
2135954,8 103 
2135954,8 101 
2139487,98 100 
2139487,98 6
2139487,98 1895
2139487,98 11
2141459,88 25 
2142659,68 75 
2143868,89 72 
2143952,25 70 
2144447,19 80 
2144898,23 83 
2145198,99 64 301
2145229,26 256 
2145237,46 74 20
2145237,46 62 20
2147275,22 151 
2147298,92 69 
2148307,44 93 
2148322,93 103 
2148322,93 101 
2151855,34 100 
2151855,34 6
2151855,34 1895
2151855,34 10
2153828,04 25 
2153856,52 75 
2154791,3 250 
2154799,8 101 
2156800,15 100 
2156800,15 6
2156800,15 1895
2156800,15 10
2156800,15 25 
2159331,99 75 
2160538,29 72 
2160625,4 70 
2161119,61 80 
2161651,07 83 
2161854,42 64 203
2162004,47 74 127
2162004,47 61 127
2162413,24 151 
2162439,24 69 
2162947,1 93 
2162957,03 103 
2162957,03 101 
2166504,8 100 
2166504,8 6
2166504,8 1895
2166504,8 11
2168475,26 25 
2176139,06 75 
2177345,77 72 
2177684,86 70 
2178503,64 80 
2179283,92 83 
2179365,98 64 83
2179530,36 74 140
2179530,36 61 140
2180340,41 150 
2180365,22 68 
2181573,15 92 
2181573,15 65 
2181589,08 103 
2181589,08 101 
2182120,99 100 
2182120,99 6
2182120,99 1895
2182120,99 10
2184095,34 25 
2184455,62 75 
2185664,86 72 
2186001,4 70 
2186826,28 80 
2187573,61 83 
2187765,39 64 192
2187963,66 74 178
2187963,66 63 178
2188377,53 152 
2188401,86 69 
2188912,44 93 
2188932,67 103 
2188932,67 101 
2192466,18 100 
2192466,18 6
2192466,18 1895
2192466,18 10
2194437,7 25 
2196530,56 75 
2197738,34 72 
2198076,3 70 
2198754,23 80 
2199448,6 83 
2199469,64 64 21
2199668,16 74 180
2199668,16 61 180
2200080,26 151 
2200103,67 69 
2200916 93 
2200927,72 103 
2200927,72 101 
2204464,41 100 
2204464,41 6
2204464,41 1895
2204464,41 10
2206446,01 25 
2208952,05 75 
2210158,94 72 
2210244,58 70 
2210745,86 80 
2211243,73 83 
2211391,08 64 148
2211564,37 74 161
2211564,37 61 161
2212372,95 151 
2212390,96 69 
2213202,33 93 
2213215,84 103 
2213215,84 101 
2216752,19 100 
2216752,19 6
2216752,19 1895
2216752,19 10
2218721,01 25 
2218748,74 75 
2219958,49 72 
2220040,49 70 
2220527,72 80 
2221066,25 83 
2221337,94 64 272
2221495,1 74 136
2221495,1 62 136
2222304,89 151 
2222334,25 69 
2222715,37 249 
2223181,22 182 
2223794,47 93 
2223811,44 103 
2223811,44 101 
2227343,4 100 
2227343,4 6
2227343,4 1895
2227343,4 11
2229316,5 25 
2231755,79 75 
2232963,78 72 
2233048,35 70 
2233535,26 80 
2233967,53 83 
2234386,45 64 419
2234413,95 256 
2234587,11 74 180
2234587,11 61 180
2234997,2 150 
2235022,3 68 
2235833,14 92 
2235833,14 65 
2235859,73 103 
2235859,73 101 
2236402,04 100 
2236402,04 6
2236402,04 1895
2236402,04 11
2238379,39 25 
2238872,83 75 
2240081,2 72 
2240165,39 70 
2240663,71 80 
2241151,71 83 
2241373,41 64 222
2241531,99 74 141
2241531,99 61 141
2241942,5 150 
2241966,1 68 
2243175,75 92 
2243175,75 65 
2243190 103 
2243190 101 
2243721,09 100 
2243721,09 6
2243721,09 1895
2243721,09 11
2245696,28 25 
2246949,48 75 
2248157,83 72 
2248242,02 70 
2248730,14 80 
2249143,64 250 
2249160,76 101 
2251174 100 
2251174 6
2251174 1895
2251174 11
2251174 25 
2251680,82 75 
2252889,88 72 
2252973,38 70 
2253470,08 80 
2253906,01 83 
2254313,63 64 408
2254488,08 74 156
2254488,08 61 156
2255295,72 150 
2255320,53 68 
2255827,69 92 
2255827,69 65 
2255851,39 103 
2255851,39 101 
2256389,1 100 
2256389,1 6
2256389,1 1895
2256389,1 10
2258357,91 25 
2258784,62 75 
2259992,82 72 
2260077,05 70 
2260566,17 80 
2261102,88 83 
2261224,97 64 123
2261432,45 74 183
2261432,45 62 183
2262242,65 151 
2262263,53 69 
2262772,84 93 
2262795,15 103 
2262795,15 101 
2266335,8 100 
2266335,8 6
2266335,8 1895
2266335,8 10
2268313,55 25 
2270886,23 75 
2272094,74 72 
2272178,68 70 
2272679,67 80 
2273124,49 83 
2273318,73 64 195
2273537,78 74 201
2273537,78 62 201
2273945,74 151 
2273965,56 69 
2274475,96 93 
2274496,92 103 
2274496,92 101 
2278029,32 100 
2278029,32 6
2278029,32 1895
2278029,32 10
2280002,83 25 
2280682,07 75 
2281889,85 72 
2281974,59 70 
2282462,94 80 
2283000,38 83 
2283119,15 64 119
2283293,54 74 160
2283293,54 61 160
2283704,36 151 
2283735,29 69 
2284459,37 249 
2284545,65 93 
2284559,42 103 
2284559,42 101 
2288092,08 100 
2288092,08 6
2288092,08 1895
2288092,08 10
2290064,44 25 
2300067,24 254 
2300086,15 101 
2302098,66 100 
2302098,66 6
2302098,66 1895
2302098,66 10
2302098,66 25 
2305591,63 75 
2306799,18 72 
2307150,75 70 
2307823 80 
2308416,44 83 
2308744,02 64 328
2308905,37 74 143
2308905,37 61 143
2309713,91 151 
2309737,03 69 
2310745,09 93 
2310761,8 103 
2310761,8 101 
2314307,7 100 
2314307,7 6
2314307,7 1895
2314307,7 10
2316280,24 25 
2316307,94 75 
2317514,82 72 
2317599,8 70 
2318095,41 80 
2318585,54 83 
2318853,93 64 269
2319073,66 74 196
2319073,66 61 196
2319306,75 256 
2319614,43 251 
2319614,43 242 
2319638,04 101 
2321651,25 100 
2321651,25 6
2321651,25 1895
2321651,25 10
2321651,25 25 
2321691,64 75 
2322897,88 72 
2322984,13 70 
2323478,59 80 
2323956,61 83 
2324061,83 64 106
2324084,96 256 
2324101,19 74 25
2324101,19 61 25
2324912,15 151 
2324931,7 69 
2325347,96 249 
2325394,08 256 
2329973,97 182 
2381691,47 93 
2381705,45 103 
2381705,45 101 
2385237,1 100 
2385237,1 6
2385237,1 1895
2385237,1 11
2387210,54 25 
2392875,17 75 
2394083,49 72 
2394167,7 70 
2394655,86 80 
2395086,97 83 
2395360,94 64 275
2395518,12 74 138
2395518,12 61 138
2395928,91 150 
2395955,09 68 
2397168,23 92 
2397168,23 65 
2397192,34 103 
2397192,34 101 
2397724,41 100 
2397724,41 6
2397724,41 1895
2397724,41 11
2399698,63 25 
2400325,37 75 
2401533,97 72 
2401617,94 70 
2402121,12 80 
2402657,08 83 
2402664,02 64 8
2402846,86 74 164
2402846,86 61 164
2403259,62 152 
2403285,37 69 
2404096,91 93 
2404109,42 103 
2404109,42 101 
2407649,13 100 
2407649,13 6
2407649,13 1895
2407649,13 11
2409627,85 25 
2415585,79 75 
2416792,85 72 
2417131,52 70 
2417802,14 80 
2418450,44 83 
2418652,83 64 203
2418882,48 74 206
2418882,48 62 206
2418994,68 256 
2424614,17 151 
2424649,83 69 
2424682,71 249 
2424980,89 256 
2427316,01 182 
2428114,91 93 
2428126,06 103 
2428126,06 101 
2431661,24 100 
2431661,24 6
2431661,24 1895
2431661,24 10
2433631,16 25 
2440535,26 75 
2441743,96 72 
2441827,82 70 
2442317,07 80 
2442800,28 83 
2443105,83 64 306
2443285,67 74 166
2443285,67 61 166
2444098,22 151 
2444121,6 69 
2445131,31 93 
2445145,64 103 
2445145,64 101 
2448678,53 100 
2448678,53 6
2448678,53 1895
2448678,53 10
2450650,73 25 
2451290,74 75 
2452497,63 72 
2452583,29 70 
2453073,25 80 
2453515,87 83 
2453654,24 64 139
2453686,79 256 
2454221,21 74 546
2454221,21 62 546
2454629,22 151 
2454650,53 69 
2455162,97 93 
2455181,46 103 
2455181,46 101 
2458726,79 100 
2458726,79 6
2458726,79 1895
2458726,79 11
2460699,8 25 
2460727,07 75 
2461933,8 72 
2462019,34 70 
2462514,2 80 
2462951,88 83 
2463272,34 64 321
2463469,66 74 185
2463469,66 63 185
2463882,28 153 
2463913,39 68 
2464425,01 92 
2464425,01 65 
2464444,2 103 
2464444,2 101 
2464975,37 100 
2464975,37 6
2464975,37 1895
2464975,37 11
2466950,51 25 
2468470,27 75 
2468653,5 250 
2468668,87 101 
2470682,37 100 
2470682,37 6
2470682,37 1895
2470682,37 11
2470682,37 25 
2472374,54 75 
2473582,79 72 
2473667,82 70 
2474166,57 80 
2474693,66 83 
2475091,56 64 398
2475119,46 256 
2475316,78 74 211
2475316,78 61 211
2476123,98 150 
2476148,29 68 
2477357,88 92 
2477357,88 65 
2477372,15 103 
2477372,15 101 
2477907,67 100 
2477907,67 6
2477907,67 1895
2477907,67 11
2479878,52 25 
2480518,54 75 
2481727,47 72 
2481811,09 70 
2482297,5 80 
2482796,9 83 
2482947,83 64 152
2483134,21 74 164
2483134,21 61 164
2483545,07 150 
2483571,9 68 
2484382,4 92 
2484382,4 65 
2484409,23 103 
2484409,23 101 
2484948,65 100 
2484948,65 6
2484948,65 1895
2484948,65 10
2486929,08 25 
2490114,6 75 
2491322 72 
2491407,09 70 
2491904,16 80 
2492459,65 83 
2492508,39 64 49
2492757,8 74 232
2492757,8 62 232
2493567,08 151 
2493594,28 69 
2494404,78 93 
2494418,37 103 
2494418,37 101 
2497952,14 100 
2497952,14 6
2497952,14 1895
2497952,14 11
2499923,42 25 
2504548,57 75 
2505755,07 72 
2505827,78 70 
2506323,84 80 
2506760,3 83 
2507135,88 64 376
2507324,1 74 165
2507324,1 61 165
2507731,89 150 
2507761,68 68 
2508571,68 92 
2508571,68 65 
2508599,12 103 
2508599,12 101 
2509131,19 100 
2509131,19 6
2509131,19 1895
2509131,19 11
2511105,39 25 
2512265,3 75 
2513472,75 72 
2513557,81 70 
2514041,85 80 
2514530,36 83 
2514997,65 64 467
2515166,82 74 157
2515166,82 61 157
2515975,82 150 
2515998,21 68 
2517208,44 92 
2517208,44 65 
2517222,19 103 
2517222,19 101 
2517769,35 100 
2517769,35 6
2517769,35 1895
2517769,35 10
2519741,82 25 
2520235,33 75 
2521443,14 72 
2521781,09 70 
2522605,86 80 
2523419,98 83 
2523426,92 64 8
2523735,2 74 289
2523735,2 62 289
2524143,64 151 
2524168,17 69 
2524967,86 249 
2525039,27 182 
2525176,77 93 
2525192,18 103 
2525192,18 101 
2528724,36 100 
2528724,36 6
2528724,36 1895
2528724,36 10
2530697,35 25 
2531750,49 75 
2532957,91 72 
2533296,27 70 
2533969,17 80 
2534662,67 250 
2534681,46 101 
2536681,42 100 
2536681,42 6
2536681,42 1895
2536681,42 10
2536681,42 25 
2537601,47 75 
2538810,53 72 
2539093,83 70 
2539762,11 80 
2540401,17 83 
2540588,34 64 189
2540769,33 74 157
2540769,33 62 157
2541580,11 151 
2541600,87 69 
2542112,02 93 
2542131,8 103 
2542131,8 101 
2545663,8 100 
2545663,8 6
2545663,8 1895
2545663,8 11
2547636,78 25 
2554314,39 75 
2555521,53 72 
2555606,94 70 
2556109,94 80 
2556552,8 83 
2556786,35 64 234
2556954,86 74 150
2556954,86 61 150
2557765,69 150 
2557794,11 68 
2558305,02 92 
2558305,02 65 
2558325 103 
2558325 101 
2558865,48 100 
2558865,48 6
2558865,48 1895
2558865,48 10
2560844,61 25 
2563977,05 75 
2565183,71 72 
2565269,69 70 
2565768,34 80 
2566308,79 83 
2566399,62 64 91
2566519,94 74 105
2566519,94 62 105
2567027,19 151 
2567056,46 69 
2568067,09 93 
2568080,93 103 
2568080,93 101 
2571616,77 100 
2571616,77 6
2571616,77 1895
2571616,77 11
2573586,05 25 
2577531,37 75 
2578737,9 72 
2578823,93 70 
2579321,64 80 
2579809,7 83 
2579992,09 64 183
2580193,35 74 184
2580193,35 61 184
2581002,4 150 
2581024,44 68 
2582231,95 92 
2582231,95 65 
2582248,39 103 
2582248,39 101 
2582779,78 100 
2582779,78 6
2582779,78 1895
2582779,78 10
2584754,73 25 
2586101,2 75 
2587308,21 72 
2587393,67 70 
2587889,3 80 
2588326,15 83 
2588487,47 64 161
2588518,78 256 
2588706,3 74 194
2588706,3 61 194
2589117,14 151 
2589141,04 69 
2589291,07 249 
2589621,16 181 
2589951,25 93 
2589965,14 103 
2589965,14 101 
2593507,3 100 
2593507,3 6
2593507,3 1895
2593507,3 10
2595483,59 25 
2596243,56 75 
2597452,39 72 
2597536,09 70 
2598029,12 80 
2598561,87 83 
2598705,4 64 144
2598891,35 74 170
2598891,35 61 170
2599702,01 151 
2599723,23 69 
2600733,62 93 
2600747,27 103 
2600747,27 101 
2604278,74 100 
2604278,74 6
2604278,74 1895
2604278,74 11
2606252,34 25 
2606279,43 75 
2607075,41 250 
2607090,85 101 
2609091,21 100 
2609091,21 6
2609091,21 1895
2609091,21 11
2609091,21 25 
2609117,45 75 
2610325,57 72 
2610410,68 70 
2610909,51 80 
2611356,54 83 
2611753,08 64 397
2611928,29 74 159
2611928,29 61 159
2612337,87 150 
2612357,92 68 
2613566,02 92 
2613566,02 65 
2613581,89 103 
2613581,89 101 
2614116,9 100 
2614116,9 6
2614116,9 1895
2614116,9 10
2616088,38 25 
2617914,48 75 
2619120,65 72 
2619207,04 70 
2619702,62 80 
2620192,87 83 
2620272,65 64 80
2620439,15 74 153
2620439,15 61 153
2620851,21 153 
2620874,4 68 
2620981,37 249
2621122,82 171
2621382,11 92 
2621382,11 65 
2621405,32 103 
2621405,32 101 
2621944,29 100 
2621944,29 6
2621944,29 1895
2621944,29 11
2623924,94 25 
2624978,2 75 
2626187,22 72 
2626270,81 70 
2626758,79 80 
2627189,91 83 
2627421,63 64 232
2627619,17 74 176
2627619,17 61 176
2628432,43 150 
2628457,95 68 
2628965,89 92 
2628965,89 65 
2628988,87 103 
2628988,87 101 
2629521,85 100 
2629521,85 6
2629521,85 1895
2629521,85 11
2631495,12 25 
2632535,14 75 
2633744,42 72 
2633827,62 70 
2634321,42 80 
2634853,44 83 
2634956,07 64 103
2635165,98 74 193
2635165,98 61 193
2635978,59 150 
2636001,35 68 
2636809,07 92 
2636809,07 65 
2636825,6 103 
2636825,6 101 
2637357,58 100 
2637357,58 6
2637357,58 1895
2637357,58 10
2639331,83 25 
2641224,77 75 
2642434,62 72 
2642783,87 70 
2643453,79 80 
2644062,89 83 
2644319,99 64 258
2644487,44 74 145
2644487,44 61 145
2644898,34 151 
2644917,75 69 
2645929,27 93 
2645941,71 103 
2645941,71 101 
2649490,65 100 
2649490,65 6
2649490,65 1895
2649490,65 10
2651460,13 25 
2651487,84 75 
2652694,73 72 
2652779,65 70 
2653272,85 80 
2653698,88 83 
2653836,64 64 138
2654053,17 74 195
2654053,17 61 195
2654861,96 151 
2654886,13 69 
2655394,57 93 
2655404,46 103 
2655404,46 101 
2658937,26 100 
2658937,26 6
2658937,26 1895
2658937,26 11
2660909,59 25 
2662096,02 75 
2663302,92 72 
2663388,56 70 
2663877,7 80 
2664414,43 83 
2664826,3 64 412
2665016,87 74 177
2665016,87 62 177
2665428,08 151 
2665455,74 69 
2665854,01 249 
2666347,31 182 
2666752,9 93 
2666773,03 103 
2666773,03 101 
2670305,89 100 
2670305,89 6
2670305,89 1895
2670305,89 11
2672278,12 25 
2673597,99 75 
2674807,44 72 
2674890,42 70 
2675380,89 80 
2675862,9 83 
2676049,27 64 187
2676223,48 74 161
2676223,48 61 161
2676631,03 150 
2676651,22 68 
2677460,01 92 
2677460,01 65 
2677475,24 103 
2677475,24 101 
2678015,9 100 
2678015,9 6
2678015,9 1895
2678015,9 10
2679994,84 25 
2680688,33 75 
2681896,98 72 
2681980,77 70 
2682467,75 80 
2683006,61 83 
2683147,31 64 141
2683341,07 74 175
2683341,07 61 175
2684148,39 151 
2684168,03 69 
2684644,48 249 
2684716,51 181 
2685717,38 93 
2685738,43 103 
2685738,43 101 
2689275,34 100 
2689275,34 6
2689275,34 1895
2689275,34 10
2691256,8 25 
2693496,25 75 
2694703,47 72 
2694788,87 70 
2695285,06 80 
2695774,63 83 
2695920,93 64 147
2695941,64 256 
2696064,28 74 130
2696064,28 62 130
2696875,05 151 
2696896 69 
2697407,94 93 
2697426,96 103 
2697426,96 101 
2700958,93 100 
2700958,93 6
2700958,93 1895
2700958,93 11
2702932,02 25 
2703372,14 75 
2704581,57 72 
2704664,68 70 
2705162,47 80 
2705597,25 83 
2705859,4 64 262
2706037,68 74 162
2706037,68 61 162
2706446,24 150 
2706465,38 68 
2707677,47 92 
2707677,47 65 
2707702,61 103 
2707702,61 101 
2708244,95 100 
2708244,95 6
2708244,95 1895
2708244,95 11
2710222,25 25 
2710542,5 75 
2711750,45 72 
2711834,96 70 
2712329,18 80 
2712767,53 83 
2713013,72 64 246
2713040,87 256 
2713211,75 74 179
2713211,75 61 179
2714023,23 150 
2714048,89 68 
2714857,67 92 
2714857,67 65 
2714872,94 103 
2714872,94 101 
2715404,04 100 
2715404,04 6
2715404,04 1895
2715404,04 10
2717379,24 25 
2718006,02 75 
2719213,97 72 
2719298,57 70 
2719791,31 80 
2720284,34 83 
2720377,75 64 94
2720554,79 74 165
2720554,79 61 165
2720963,61 153 
2720992,55 68 
2721501,16 92 
2721501,16 65 
2721523,57 103 
2721523,57 101 
2722059,18 100 
2722059,18 6
2722059,18 1895
2722059,18 10
2724029,93 25 
2725749,49 75 
2726960,26 72 
2727041,99 70 
2727543,86 80 
2728081,12 83 
2728138,73 64 58
2728357,87 74 198
2728357,87 61 198
2728765,75 151 
2728789,35 69 
2729299,6 93 
2729320,22 103 
2729320,22 101 
2732859,98 100 
2732859,98 6
2732859,98 1895
2732859,98 11
2734838,64 25 
2741596,24 75 
2742803,71 72 
2743155,24 70 
2743984,21 80 
2744740,85 83 
2744855,24 64 115
2745025,83 74 152
2745025,83 61 152
2745835,18 150 
2745862,17 68 
2746373,23 92 
2746373,23 65 
2746393,11 103 
2746393,11 101 
2746926,19 100 
2746926,19 6
2746926,19 1895
2746926,19 10
2748899,41 25 
2749419,57 75 
2750628,71 72 
2750965,35 70 
2751792,97 80 
2752544,29 250 
2752563,8 101 
2754577,06 100 
2754577,06 6
2754577,06 1895
2754577,06 10
2754577,06 25 
2755816,92 75 
2757026,17 72 
2757349,34 70 
2758160,01 80 
2758955,25 250 
2758974,45 101 
2761001,04 100 
2761001,04 6
2761001,04 1895
2761001,04 10
2761001,04 25 
2761334,57 75 
2762544,84 72 
2762880,39 70 
2763562,42 80 
2764159,56 83 
2764497,48 64 338
2764668,18 74 149
2764668,18 61 149
2765077,72 151 
2765107,47 69 
2765190,54 249 
2765454,22 181 
2765916,06 93 
2765931,59 103 
2765931,59 101 
2769463,78 100 
2769463,78 6
2769463,78 1895
2769463,78 11
2771436,72 25 
2771876,88 75 
2773086,36 72 
2773169,43 70 
2773665,56 80 
2774208,48 83 
2774414,1 64 206
2774617,81 74 184
2774617,81 61 184
2775429,26 150 
2775449,83 68 
2776262,19 92 
2776262,19 65 
2776287,27 103 
2776287,27 101 
2776832,27 100 
2776832,27 6
2776832,27 1895
2776832,27 11
2778806,89 25 
2779980,13 75 
2781188,28 72 
2781272,7 70 
2781769,96 80 
2782258,5 83 
2782548,08 64 290
2782730,78 74 167
2782730,78 61 167
2783541,91 150 
2783566,46 68 
2784074,96 92 
2784074,96 65 
2784097,35 103 
2784097,35 101 
2784630,15 100 
2784630,15 6
2784630,15 1895
2784630,15 10
2786603,63 25 
2788456,57 75 
2789664,28 72 
2789749,13 70 
2790243,05 80 
2790774,96 83 
2790998,16 64 224
2791252,03 256 
2793585,47 74 2571
2793585,47 62 2571
2793993,75 151 
2794015,46 69 
2794524,25 93 
2794546,39 103 
2794546,39 101 
2798078,29 100 
2798078,29 6
2798078,29 1895
2798078,29 10
2800051,35 25 
2804757,52 75 
2805963,92 72 
2806048,98 70 
2806540,74 80 
2806968,16 83 
2807225,61 64 257
2807408,81 74 162
2807408,81 61 162
2808219,33 151 
2808249,42 69 
2808310,21 249 
2808567,69 181 
2809258,43 93 
2809273,5 103 
2809273,5 101 
2812812,29 100 
2812812,29 6
2812812,29 1895
2812812,29 11
2814791,85 25 
2819337,08 75 
2820547,11 72 
2820629,57 70 
2821119,57 80 
2821668,71 83 
2821961,02 64 293
2822120,96 74 146
2822120,96 61 146
2822532,53 152 
2822563,47 69 
2823570,78 93 
2823587,55 103 
2823587,55 101 
2827126,92 100 
2827126,92 6
2827126,92 1895
2827126,92 10
2829105,92 25 
2832624,87 75 
2833833,39 72 
2833917,31 70 
2834419,5 80 
2834849,83 83 
2835046,87 64 198
2835258,78 74 197
2835258,78 62 197
2835669,34 151 
2835691,42 69 
2836400,09 249 
2836487,4 182 
2836507,36 93 
2836528,8 103 
2836528,8 101 
2840060,27 100 
2840060,27 6
2840060,27 1895
2840060,27 11
2842033,8 25 
2843940,19 75 
2845148,14 72 
2845232,58 70 
2845731,49 80 
2846218,45 83 
2846445,59 64 227
2846606,67 74 136
2846606,67 61 136
2847415,39 150 
2847446,39 68 
2848253,31 92 
2848253,31 65 
2848270,53 103 
2848270,53 101 
2848813,6 100 
2848813,6 6
2848813,6 1895
2848813,6 10
2850790,19 25 
2852429,88 75 
2853639,18 72 
2853722,35 70 
2854215,29 80 
2854721,54 83 
2854924,17 64 203
2855120,96 74 173
2855120,96 62 173
2855930,8 151 
2855949,59 69 
2856398,4 249 
2856457,5 93 
2856467,37 103 
2856467,37 101 
2859999,33 100 
2859999,33 6
2859999,33 1895
2859999,33 11
2861972,18 25 
2863625,16 75 
2864834,64 72 
2865184,27 70 
2865846,84 80 
2866476,69 83 
2866737,37 64 261
2866899,35 74 143
2866899,35 61 143
2867308,94 150 
2867331,45 68 
2868543,55 92 
2868543,55 65 
2868568,76 103 
2868568,76 101 
2869103,27 100 
2869103,27 6
2869103,27 1895
2869103,27 10
2871075,08 25 
2872194,92 75 
2873402,36 72 
2873487,45 70 
2873976,45 80 
2874420 83 
2874649,16 64 230
2874850,96 74 178
2874850,96 61 178
2875258,9 151 
2875287,36 69 
2876099,14 93 
2876112,23 103 
2876112,23 101 
2879651,11 100 
2879651,11 6
2879651,11 1895
2879651,11 11
2881630,66 25 
2881831,05 75 
2883037,77 72 
2883123,45 70 
2883610,37 80 
2884149,27 83 
2884244,39 64 95
2884416,78 74 148
2884416,78 61 148
2885229,33 150 
2885257,36 68 
2886467,65 92 
2886467,65 65 
2886481,27 103 
2886481,27 101 
2887015,61 100 
2887015,61 6
2887015,61 1895
2887015,61 10
2888987,68 25 
2896158,35 75 
2897366,19 72 
2897450,76 70 
2897952,91 80 
2898396,62 83 
2898803,32 64 407
2899037,72 74 215
2899037,72 62 215
2899847,92 153 
2899877,88 68 
2900200,39 249
2900249,2 172 
2900387,97 92 
2900387,97 65 
2900408,74 103 
2900408,74 101 
2900940,17 100 
2900940,17 6
2900940,17 1895
2900940,17 11
2902915,16 25 
2905154,58 75 
2906361,81 72 
2906447,04 70 
2906947,34 80 
2907446,2 83 
2907670,26 64 224
2907835,64 74 150
2907835,64 61 150
2908247,93 150 
2908273,62 68 
2909082,93 92 
2909082,93 65 
2909098,46 103 
2909098,46 101 
2909645,84 100 
2909645,84 6
2909645,84 1895
2909645,84 11
2911618,16 25 
2912871,24 75 
2914079,71 72 
2914163,82 70 
2914654,75 80 
2915189,62 83 
2915420,18 64 231
2915630,25 74 188
2915630,25 61 188
2916440,3 150 
2916457,78 68 
2917265,72 92 
2917265,72 65 
2917281,87 103 
2917281,87 101 
2917813,57 100 
2917813,57 6
2917813,57 1895
2917813,57 11
2919787,99 25 
2924706,44 75 
2925915,95 72 
2925998,83 70 
2926492,32 80 
2926984,69 83 
2927225,71 64 242
2927406,33 74 155
2927406,33 61 155
2927814,77 150 
2927839,51 68 
2929046,88 92 
2929046,88 65 
2929063,52 103 
2929063,52 101 
2929595,01 100 
2929595,01 6
2929595,01 1895
2929595,01 11
2931569,74 25 
2932449,76 75 
2933660,28 72 
2933742,29 70 
2934233,42 80 
2934661,48 83 
2935198,19 64 537
2935433,9 74 213
2935433,9 61 213
2935843,28 150 
2935862,86 68 
2936374,36 92 
2936374,36 65 
2936393,81 103 
2936393,81 101 
2936931,36 100 
2936931,36 6
2936931,36 1895
2936931,36 10
2938913,33 25 
2940646,35 75 
2941855,26 72 
2941938,84 70 
2942437,62 80 
2942871,34 83 
2943074,51 64 203
2943262,7 74 166
2943262,7 62 166
2944074,03 151 
2944099,42 69 
2944450,23 249 
2944913,9 182 
2945606,57 256 
2946794,87 93 
2946816,02 103 
2946816,02 101 
2950352,57 100 
2950352,57 6
2950352,57 1895
2950352,57 10
2952321,07 25 
2952761,25 75 
2953968,78 72 
2954053,8 70 
2954546,02 80 
2955039,69 83 
2955120,37 64 81
2955302,62 74 170
2955302,62 61 170
2955713,36 151 
2955734,6 69 
2956541,79 93 
2956558,63 103 
2956558,63 101 
2960090,02 100 
2960090,02 6
2960090,02 1895
2960090,02 10
2962063,72 25 
2962730,43 75 
2963937,64 72 
2964023 70 
2964521,52 80 
2965115,46 83 
2965234,28 64 119
2965415,41 74 167
2965415,41 61 167
2966226,12 151 
2966250,11 69 
2966758,87 93 
2966781,02 103 
2966781,02 101 
2970323,94 100 
2970323,94 1
2970323,94 1895
2970323,94 11
2970323,94 78 
2970323,94 198 
2972299,4 25 
2973179,4 75 
2974385,89 72 
2974671,84 70 
2975330,45 80 
2975871,18 83 
2976183,84 64 314
2976387,57 74 183
2976387,57 61 183
2976800,52 151 
2976819,06 69 
2976873,88 249 
2977326,82 93 
2977336,59 103 
2977336,59 101 
2980867,56 100 
2980867,56 1
2980867,56 1895
2980867,56 10
2982841,77 25 
2982868,85 75 
2984075,37 72 
2984161,18 70 
2984656,35 80 
2985107,07 83 
2985555,26 64 449
2985731,08 74 158
2985731,08 61 158
2986538,94 150 
2986561,97 68 
2987069,72 92 
2987069,72 65 
2987092,54 103 
2987092,54 101 
2987629,43 100 
2987629,43 1
2987629,43 1895
2987629,43 10
2989612,22 25 
2989825,78 75 
2991036,19 72 
2991118,31 70 
2991617,09 80 
2992157,45 83 
2992164,55 64 7
2992355,62 74 171
2992355,62 61 171
2993164,14 150 
2993185,6 68 
2993992,86 92 
2993992,86 65 
2994009,66 103 
2994009,66 101 
2994549,95 100 
2994549,95 1
2994549,95 1895
2994549,95 10
2996529,32 25 
2999435,11 75 
3000643,33 72 
3000727,7 70 
3001227,91 80 
3001766,77 83 
3001878,9 64 113
3002111,05 74 212
3002111,05 62 212
3002520,27 151 
3002540,98 69 
3003550,42 93 
3003565,66 103 
3003565,66 101 
3007098,71 100 
3007098,71 1
3007098,71 1895
3007098,71 10
3009070,7 25 
3011723,31 75 
3012933,01 72 
3013015,85 70 
3013504,33 80 
3013988,34 83 
3014239,51 64 251
3014422,93 74 155
3014422,93 61 155
3015232,59 150 
3015256,43 68 
3016467,27 92 
3016467,27 65 
3016493,59 103 
3016493,59 101 
3017024,51 100 
3017024,51 1
3017024,51 1895
3017024,51 10
3018999,86 25 
3020026,47 75 
3021235,8 72 
3021319 70 
3021815,89 80 
3022264,88 83 
3022463 64 199
3022677,74 74 200
3022677,74 62 200
3023087,9 151 
3023106,38 69 
3023493,71 249 
3023916,5 93 
3023930,46 103 
3023930,46 101 
3027475,26 100 
3027475,26 1
3027475,26 1895
3027475,26 11
3029462,17 25 
3029689,12 75 
3030897,4 72 
3030981,72 70 
3031476,04 80 
3032007,47 83 
3032175,3 64 168
3032349,7 74 157
3032349,7 61 157
3032758,82 153 
3032782,35 68 
3032875,8 249
3032989,17 171
3033594,37 92 
3033594,37 65 
3033619,8 103 
3033619,8 101 
3034151 100 
3034151 1
3034151 1895
3034151 11
3036126,11 25 
3042017,33 75 
3043224,1 72 
3043311,52 70 
3043798,89 80 
3044229,06 83 
3044489,04 64 261
3044655,55 74 147
3044655,55 61 147
3045463,54 151 
3045482,99 69 
3046493,58 93 
3046507,76 103 
3046507,76 101 
3050041,15 100 
3050041,15 1
3050041,15 1895
3050041,15 11
3052012,8 25 
3052612,97 75 
3053822,06 72 
3053905,44 70 
3054395,47 80 
3054891,22 83 
3055180 64 289
3055355,5 74 158
3055355,5 61 158
3055767,41 151 
3055786 69 
3056594,42 93 
3056610,18 103 
3056610,18 101 
3060147,81 100 
3060147,81 1
3060147,81 1895
3060147,81 11
3062128,52 25 
3062155,8 75 
3063364,94 72 
3063448,21 70 
3063936,88 80 
3064420,61 83 
3064919,87 64 500
3065102,39 74 162
3065102,39 61 162
3065912,41 151 
3065941,75 69 
3066952,43 93 
3066965,82 103 
3066965,82 101 
3070500,43 100 
3070500,43 1
3070500,43 1895
3070500,43 10
3072470,96 25 
3072498,7 75 
3073706,83 72 
3073790,47 70 
3074280,83 80 
3074749,61 83 
3075058,91 64 310
3075241,72 74 160
3075241,72 61 160
3075652,18 150 
3075671,23 68 
3076483,23 92 
3076483,23 65 
3076508,51 103 
3076508,51 101 
3077042,52 100 
3077042,52 1
3077042,52 1895
3077042,52 11
3079014,83 25 
3080174,75 75 
3081383,74 72 
3081467,24 70 
3081961,46 80 
3082493,13 83 
3082654,25 64 162
3082862,76 74 197
3082862,76 62 197
3083671,39 150 
3083694,37 68 
3083977,47 249
3084079,6 172 
3084201,97 92 
3084201,97 65 
3084225,29 103 
3084225,29 101 
3084769,27 100 
3084769,27 1
3084769,27 1895
3084769,27 11
3086744,9 25 
3088797,79 75 
3090006,77 72 
3090090,33 70 
3090588,09 80 
3091076,12 83 
3091333,39 64 257
3091513,72 74 159
3091513,72 61 159
3091924,52 151 
3091944,44 69 
3092455,2 93 
3092475,15 103 
3092475,15 101 
3096007,2 100 
3096007,2 1
3096007,2 1895
3096007,2 11
3097980,2 25 
3098273,81 75 
3099481,71 72 
3099566,34 70 
3100057,47 80 
3100592,18 83 
3100945,1 64 353
3101120,02 74 155
3101120,02 61 155
3101930,45 151 
3101953,5 69 
3102761,02 93 
3102777,52 103 
3102777,52 101 
3106314,89 100 
3106314,89 1
3106314,89 1895
3106314,89 10
3108295,93 25 
3110188,83 75 
3111398,37 72 
3111481,38 70 
3111979,15 80 
3112427,25 83 
3112636,28 64 209
3112805,26 74 152
3112805,26 62 152
3113616,37 151 
3113641,92 69 
3114054,93 249 
3114390,31 182 
3115178,95 93 
3115199,02 103 
3115199,02 101 
3118737,68 100 
3118737,68 1
3118737,68 1895
3118737,68 11
3120717,44 25 
3121131,16 75 
3122341,25 72 
3122423,44 70 
3122921,42 80 
3123409,27 83 
3123502,53 64 93
3123688,93 74 160
3123688,93 61 160
3124101,31 153 
3124130,81 68 
3125342,33 92 
3125342,33 65 
3125354,87 103 
3125354,87 101 
3125886,91 100 
3125886,91 1
3125886,91 1895
3125886,91 10
3127861,21 25 
3128607,8 75 
3129816,89 72 
3129900,33 70 
3130400,47 80 
3130939,5 83 
3131053,75 64 115
3131083,9 256 
3131247,6 74 175
3131247,6 61 175
3131655,69 150 
3131674,34 68 
3132484,8 92 
3132484,8 65 
3132498,48 103 
3132498,48 101 
3133030,08 100 
3133030,08 1
3133030,08 1895
3133030,08 11
3135004,77 25 
3136391,23 75 
3137599,67 72 
3137685,57 70 
3138175,82 80 
3138616,26 83 
3138847,85 64 232
3139004,12 74 135
3139004,12 61 135
3139813,97 151 
3139843,6 69 
3140353,18 93 
3140375,18 103 
3140375,18 101 
3143921,95 100 
3143921,95 1
3143921,95 1895
3143921,95 10
3145893,56 25 
3146760,24 75 
3147969,59 72 
3148052,88 70 
3148549,02 80 
3149051,9 83 
3149231,01 64 180
3149454,26 74 203
3149454,26 61 203
3150265,28 150 
3150293,26 68 
3151502,55 92 
3151502,55 65 
3151517,19 103 
3151517,19 101 
3152049,43 100 
3152049,43 1
3152049,43 1895
3152049,43 10
3154023,51 25 
3154596,99 75 
3155804,66 72 
3155889,46 70 
3156383,79 80 
3156915,41 83 
3157059,06 64 144
3157241,73 74 167
3157241,73 61 167
3157653,94 150 
3157676,8 68 
3158489,16 92 
3158489,16 65 
3158514,25 103 
3158514,25 101 
3159047,12 100 
3159047,12 1
3159047,12 1895
3159047,12 11
3161020,59 25 
3163366,64 75 
3164573,76 72 
3164659,18 70 
3165156,87 80 
3165604,99 83 
3166013,69 64 410
3166198,04 74 167
3166198,04 61 167
3166608,14 151 
3166633,11 69 
3167146,63 93 
3167163,98 103 
3167163,98 101 
3170702,36 100 
3170702,36 1
3170702,36 1895
3170702,36 10
3172682,57 25 
3173189,15 75 
3174396,06 72 
3174481,73 70 
3175335,5 80 
3176040,65 83 
3176183,39 64 143
3176344,15 74 144
3176344,15 61 144
3177155,86 150 
3177175,32 68 
3177683,74 92 
3177683,74 65 
3177706,29 103 
3177706,29 101 
3178241,31 100 
3178241,31 1
3178241,31 1895
3178241,31 11
3180212,63 25 
3181812,28 75 
3183021,26 72 
3183104,77 70 
3183599,56 80 
3184050,67 83 
3184323,13 64 273
3184363,37 256 
3184572,69 74 230
3184572,69 61 230
3184985,38 151 
3185012,08 69 
3185522,59 93 
3185542,99 103 
3185542,99 101 
3189075,83 100 
3189075,83 1
3189075,83 1895
3189075,83 10
3191048,03 25 
3193673,99 75 
3194880,76 72 
3194966,51 70 
3195478,03 80 
3195965,68 83 
3196281,41 64 316
3196468,03 74 169
3196468,03 61 169
3197275,61 150 
3197300,24 68 
3197373,72 249
3197565,77 171
3198510,73 92 
3198510,73 65 
3198524,32 103 
3198524,32 101 
3199064,75 100 
3199064,75 1
3199064,75 1895
3199064,75 11
3201043,86 25 
3201977,16 75 
3203184,41 72 
3203269,74 70 
3203762,63 80 
3204202,3 83 
3204450,54 64 248
3204475,62 256 
3204652,45 74 184
3204652,45 61 184
3205459,89 151 
3205483,62 69 
3206494,56 93 
3206507,55 103 
3206507,55 101 
3210039,65 100 
3210039,65 1
3210039,65 1895
3210039,65 11
3212012,61 25 
3214371,96 75 
3215583,4 72 
3215664,54 70 
3216156,16 80 
3216650,35 83 
3216820,79 64 171
3216982,88 74 147
3216982,88 61 147
3217393,51 151 
3217412,22 69 
3218225,84 93 
3218235,99 103 
3218235,99 101 
3221772,74 100 
3221772,74 1
3221772,74 1895
3221772,74 11
3223754,38 25 
3223794,93 75 
3225003,8 72 
3225087,23 70 
3225579,79 80 
3226139,72 83 
3226305,03 64 166
3226482,11 74 156
3226482,11 61 156
3227290,14 153 
3227314,6 68 
3227823,89 92 
3227823,89 65 
3227845,31 103 
3227845,31 101 
3228387,07 100 
3228387,07 1
3228387,07 1895
3228387,07 10
3230364,91 25 
3231124,98 75 
3232332,11 72 
3232417,57 70 
3232911,26 80 
3233403,32 83 
3233996,63 64 593
3234190,25 74 174
3234190,25 62 174
3234598,79 151 
3234618,17 69 
3235126,78 93 
3235149 103 
3235149 101 
3238680,42 100 
3238680,42 1
3238680,42 1895
3238680,42 10
3240653,96 25 
3240681,77 75 
3241889,4 72 
3241975,45 70 
3242466,69 80 
3242976,59 250 
3242985,56 101 
3244998,79 100 
3244998,79 1
3244998,79 1895
3244998,79 10
3244998,79 25 
3246198,74 75 
3247407,59 72 
3247491,31 70 
3247981,61 80 
3248503,88 83 
3248694,85 64 192
3248874,67 74 158
3248874,67 61 158
3249286,96 150 
3249318,54 68 
3250526,08 92 
3250526,08 65 
3250542,48 103 
3250542,48 101 
3254212,41 102 
