49,3 100 
49,3 6
49,3 1941
49,3 11
2025,29 25 
2344,79 75 
3253,24 72 
3624,86 70 
4890,65 80 
5583,46 83 
5749,02 64 166
5893,52 74 124
5893,52 61 124
6702,41 150 
6731,44 68 
7541,12 92 
7541,12 65 
7555,58 103 
7555,58 101 
8090,91 100 
8090,91 6
8090,91 1941
8090,91 11
10061,99 25 
10648,67 75 
11557,9 72 
11821,16 70 
12986,11 80 
13473,39 83 
13704,15 64 231
13733,64 256 
13889,09 74 163
13889,09 61 163
14301,4 150 
14328,38 68 
14836,59 92 
14836,59 65 
14859,11 103 
14859,11 101 
15391,96 100 
15391,96 6
15391,96 1941
15391,96 10
17365,42 25 
18898,56 75 
19807,96 72 
20017,66 70 
21026,72 80 
21563,31 83 
21710,91 64 148
21865,84 74 143
21865,84 62 143
22673,65 151 
22698,06 69 
23206,76 93 
23228,88 103 
23228,88 101 
26771,91 100 
26771,91 6
26771,91 1941
26771,91 11
28747,24 25 
28774,89 75 
29683,46 72 
29760,34 70 
30757,3 80 
31292,46 83 
31305,77 64 14
31442,74 74 124
31442,74 61 124
31853,55 150 
31880,72 68 
32391,62 92 
32391,62 65 
32411,67 103 
32411,67 101 
32948,53 100 
32948,53 6
32948,53 1941
32948,53 11
34918,02 25 
35464,76 75 
36375,53 72 
36450,81 70 
37436,4 80 
37916,34 83 
38045,46 64 130
38206,9 74 144
38206,9 61 144
38617,07 150 
38637,91 68 
39446,34 92 
39446,34 65 
39462,05 103 
39462,05 101 
39994,75 100 
39994,75 6
39994,75 1941
39994,75 10
41968,38 25 
42581,79 75 
43491,75 72 
43567,66 70 
44557,65 80 
44993,31 83 
45265,94 64 273
45447,13 74 161
45447,13 63 161
46257,22 150 
46288,03 68 
47497,52 92 
47497,52 65 
47511,97 103 
47511,97 101 
48055,32 100 
48055,32 6
48055,32 1941
48055,32 10
50031,5 25 
50431,78 75 
51339,77 72 
51417,8 70 
52407,81 80 
52896,66 83 
53037,26 64 141
53235,14 74 179
53235,14 63 179
54042,71 150 
54071,32 68 
54583,33 92 
54583,33 65 
54602,2 103 
54602,2 101 
55134,83 100 
55134,83 6
55134,83 1941
55134,83 11
57108,66 25 
57735,28 75 
58643,35 72 
58721,44 70 
59708,37 80 
60253,63 83 
60375,52 64 123
60516 74 116
60516 61 116
60927,86 150 
60948,38 68 
61005,7 249
61183,17 171
61755,48 92 
61755,48 65 
61772,57 103 
61772,57 101 
62308,9 100 
62308,9 6
62308,9 1941
62308,9 10
64278,88 25 
64306,15 75 
65214,95 72 
65291,92 70 
66292,06 80 
66731,1 83 
66843,42 64 113
67026,68 74 163
67026,68 63 163
67836,61 152 
67865,51 69 
68375,72 93 
68396,43 103 
68396,43 101 
71937,54 100 
71937,54 6
71937,54 1941
71937,54 10
73914,74 25 
73942,21 75 
74850,94 72 
74927,85 70 
75929,65 80 
76473,27 83 
76563,7 64 91
76744,33 74 165
76744,33 63 165
77157,28 150 
77181,56 68 
77692,37 92 
77692,37 65 
77712,44 103 
77712,44 101 
78249,88 100 
78249,88 6
78249,88 1941
78249,88 11
80218,67 25 
80245,85 75 
81152,49 72 
81231,68 70 
82220,75 80 
82657,43 83 
82760,17 64 103
82914,91 74 138
82914,91 61 138
83323,23 150 
83352,27 68 
84561,43 92 
84561,43 65 
84576,15 103 
84576,15 101 
85107,75 100 
85107,75 6
85107,75 1941
85107,75 10
87082,49 25 
87282,79 75 
88191,54 72 
88268,75 70 
89259,3 80 
89747,63 83 
89949,92 64 203
90141,17 74 167
90141,17 63 167
90951,54 150 
90975,78 68 
91785,81 92 
91785,81 65 
91799,77 103 
91799,77 101 
92346,07 100 
92346,07 6
92346,07 1941
92346,07 10
94319,4 25 
94879,47 75 
95787,55 72 
95865,5 70 
96858,55 80 
97291,18 83 
97371,55 64 81
97536,2 74 152
97536,2 63 152
98348,87 150 
98372,57 68 
98532,71 249
98624,96 173 
99582,24 92 
99582,24 65 
99596,55 103 
99596,55 101 
100129,46 100 
100129,46 6
100129,46 1941
100129,46 10
102102,75 25 
102130,28 75 
103038,58 72 
103115,8 70 
104110,56 80 
104648,09 83 
104737,11 64 89
104879,31 74 126
104879,31 63 126
105288,22 150 
105316,28 68 
105825,17 92 
105825,17 65 
105847,14 103 
105847,14 101 
106380,46 100 
106380,46 6
106380,46 1941
106380,46 11
108353,46 25 
108381,18 75 
109290,32 72 
109366,45 70 
110362,19 80 
110845,44 83 
111047,62 64 203
111205,54 74 134
111205,54 62 134
111613,53 151 
111633,62 69 
112105,3 249 
112143,44 93 
112164,45 103 
112164,45 101 
115704,52 100 
115704,52 6
115704,52 1941
115704,52 10
117682,82 25 
117710,19 75 
118618,89 72 
118695,95 70 
119690,03 80 
120148,21 83 
120260,91 64 113
120427,1 74 146
120427,1 63 146
121237,91 150 
121256,39 68 
121766,17 92 
121766,17 65 
121787,07 103 
121787,07 101 
122328,38 100 
122328,38 6
122328,38 1941
122328,38 11
124306,68 25 
124773,59 75 
125683,73 72 
125892,8 70 
126889,29 80 
127425,07 83 
127478,59 64 54
127634,3 74 143
127634,3 61 143
128043,95 150 
128066,63 68 
128877,32 92 
128877,32 65 
128904,1 103 
128904,1 101 
129437,66 100 
129437,66 6
129437,66 1941
129437,66 11
131410,45 25 
131943,87 75 
132856,47 72 
132929,87 70 
133914,59 80 
134408,66 83 
134452,3 64 44
134593,09 74 118
134593,09 61 118
135401,54 152 
135422,84 69 
135930,89 93 
135940,97 103 
135940,97 101 
139487,59 100 
139487,59 6
139487,59 1941
139487,59 10
141459,48 25 
141486,86 75 
142395,84 72 
142472,51 70 
143463,04 80 
143898,09 83 
144092,44 64 195
144257,21 74 146
144257,21 63 146
145068,69 150 
145099,68 68 
145609,33 92 
145609,33 65 
145630,24 103 
145630,24 101 
146164,13 100 
146164,13 6
146164,13 1941
146164,13 11
148136,52 25 
148350,26 75 
149259,32 72 
149336,2 70 
150331,83 80 
150855,17 83 
150890,95 64 36
151050,03 74 142
151050,03 61 142
151457,25 150 
151483,56 68 
151627,35 249
151733,2 171
152294,12 92 
152294,12 65 
152320,7 103 
152320,7 101 
152859,63 100 
152859,63 6
152859,63 1941
152859,63 11
154827,19 25 
155547,16 75 
156454,36 72 
156533,15 70 
157518,47 80 
157998,62 83 
158158,4 64 161
158188,9 256 
158406,76 74 235
158406,76 61 235
158818,88 150 
158840,28 68 
158998,79 249
159064,49 171
160048,78 92 
160048,78 65 
160064,19 103 
160064,19 101 
160611,48 100 
160611,48 6
160611,48 1941
160611,48 10
162610,38 25 
163157,25 75 
164066,53 72 
164143,24 70 
165143,56 80 
165587,38 83 
165594,72 64 8
165781,42 74 173
165781,42 63 173
166593,76 150 
166623,55 68 
167434,68 92 
167434,68 65 
167447,79 103 
167447,79 101 
167980,28 100 
167980,28 6
167980,28 1941
167980,28 10
169953,94 25 
170980,61 75 
171889,97 72 
171966,47 70 
172954,63 80 
173445,65 83 
173709,25 64 264
173908,35 74 184
173908,35 63 184
174717,03 152 
174740,23 69 
175247,53 93 
175257,61 103 
175257,61 101 
178790,22 100 
178790,22 6
178790,22 1941
178790,22 11
180762,72 25 
180789,96 75 
181699,92 72 
181775,86 70 
182764,88 80 
183308,04 83 
183372,51 64 65
183518,39 74 131
183518,39 61 131
183927,21 150 
183949,61 68 
184458,27 92 
184458,27 65 
184480,45 103 
184480,45 101 
185026,85 100 
185026,85 6
185026,85 1941
185026,85 11
187000,03 25 
187213,76 75 
188121,66 72 
188199,66 70 
189189,39 80 
189679,25 250 
189691,49 101 
191704,7 100 
191704,7 6
191704,7 1941
191704,7 11
191704,7 25 
191732,14 75 
191739,66 250 
191757 101 
193770,52 100 
193770,52 6
193770,52 1941
193770,52 11
193770,52 25 
193797,1 75 
194707,08 72 
194783,56 70 
195783,18 80 
196302,51 83 
196381,63 64 80
196529,25 74 134
196529,25 61 134
197339,24 150 
197370,62 68 
198582,35 92 
198582,35 65 
198607,83 103 
198607,83 101 
199140,44 100 
199140,44 6
199140,44 1941
199140,44 10
201114,09 25 
201700,97 75 
202607,41 72 
202686,87 70 
203680,5 80 
204165,85 83 
204184,04 64 19
204402,28 74 197
204402,28 63 197
204809,97 150 
204834,14 68 
205342,22 92 
205342,22 65 
205364,89 103 
205364,89 101 
205898,45 100 
205898,45 6
205898,45 1941
205898,45 10
207871,25 25 
209164,35 75 
210071,74 72 
210150,44 70 
211141,46 80 
211575,93 83 
211682,99 64 107
211859,8 74 151
211859,8 63 151
212268,17 150 
212297,57 68 
213107,5 92 
213107,5 65 
213121,57 103 
213121,57 101 
213659,74 100 
213659,74 6
213659,74 1941
213659,74 10
215641,2 25 
216507,95 75 
217416,49 72 
217493,99 70 
218484,11 80 
218972,79 83 
219045,72 64 73
219230,67 74 165
219230,67 63 165
220045,03 150 
220067,85 68 
220879,03 92 
220879,03 65 
220891,98 103 
220891,98 101 
221428,69 100 
221428,69 6
221428,69 1941
221428,69 11
223398,68 25 
224304,68 75 
225213,07 72 
225290,66 70 
226272,16 80 
227155,97 83 
227163,25 64 7
227304,38 74 123
227304,38 61 123
228115,77 150 
228144,28 68 
229353,41 92 
229353,41 65 
229368,06 103 
229368,06 101 
229901,95 100 
229901,95 6
229901,95 1941
229901,95 11
231874,41 25 
232541,09 75 
233447,78 72 
233713,84 70 
235036,88 80 
235726,27 250 
235738,59 101 
237751,85 100 
237751,85 6
237751,85 1941
237751,85 11
237751,85 25 
237778,82 75 
238687,13 72 
238951,42 70 
240273,45 80 
241123,44 83 
241372,41 64 250
241561,41 74 172
241561,41 61 172
241973,75 150 
241991,96 68 
242499,4 92 
242499,4 65 
242522,43 103 
242522,43 101 
243065,81 100 
243065,81 6
243065,81 1941
243065,81 10
245042,22 25 
245255,8 75 
246162,45 72 
246374,93 70 
247381,65 80 
247814,33 83 
248284,2 64 470
248502,89 74 196
248502,89 63 196
249315,31 150 
249335,38 68 
249843,33 92 
249843,33 65 
249866,05 103 
249866,05 101 
250398,39 100 
250398,39 6
250398,39 1941
250398,39 10
252372,35 25 
253719,75 75 
254627,53 72 
254704,75 70 
255696,04 80 
256237 83 
256243,45 64 7
256408,45 74 146
256408,45 63 146
256820,06 150 
256839,05 68 
258049,01 92 
258049,01 65 
258062,49 103 
258062,49 101 
258599,24 100 
258599,24 6
258599,24 1941
258599,24 11
260568,9 25 
260596,01 75 
261504,89 72 
261581,89 70 
262574,8 80 
263060,8 83 
263417,83 64 358
263592,64 74 159
263592,64 61 159
264402,66 150 
264422,02 68 
265234,91 92 
265234,91 65 
265259,47 103 
265259,47 101 
265799,61 100 
265799,61 6
265799,61 1941
265799,61 10
267779,14 25 
269232,19 75 
270140,9 72 
270218,12 70 
271206,76 80 
271750,42 83 
271904,06 64 154
272091,48 74 169
272091,48 63 169
272499,96 150 
272525,4 68 
273733,52 92 
273733,52 65 
273749,25 103 
273749,25 101 
274282,55 100 
274282,55 6
274282,55 1941
274282,55 10
276255,59 25 
276856,13 75 
277765,68 72 
277841,73 70 
278833,72 80 
279320,71 83 
279501,03 64 181
279672,49 74 153
279672,49 63 153
280080,74 152 
280108,34 69 
280619,56 93 
280639,62 103 
280639,62 101 
284172,98 100 
284172,98 6
284172,98 1941
284172,98 11
286144,71 25 
286172,06 75 
287082,46 72 
287157,68 70 
288147,91 80 
288583,26 83 
289004,2 64 421
289192,68 74 170
289192,68 61 170
290003,47 150 
290024,71 68 
290531,47 92 
290531,47 65 
290555,37 103 
290555,37 101 
291101,6 100 
291101,6 6
291101,6 1941
291101,6 11
293075 25 
294941,25 75 
297092,77 250 
297112,18 101 
299125,86 100 
299125,86 6
299125,86 1941
299125,86 11
299125,86 25 
299152,24 75 
300060,64 72 
300138,83 70 
301131,45 80 
301617,7 83 
301767,69 64 151
301928,81 74 138
301928,81 61 138
302736,28 150 
302766,64 68 
303979,33 92 
303979,33 65 
304002,98 103 
304002,98 101 
304534,64 100 
304534,64 6
304534,64 1941
304534,64 10
306509,32 25 
306536,64 75 
307447,08 72 
307535,71 70 
308521,2 80 
308948 83 
309146,61 64 199
309318,86 74 158
309318,86 63 158
309729,93 150 
309749,75 68 
310561,05 92 
310561,05 65 
310587,86 103 
310587,86 101 
311120,83 100 
311120,83 6
311120,83 1941
311120,83 11
313093,18 25 
313120,95 75 
314029,6 72 
314106,23 70 
315086,56 80 
315625,16 83 
315803,57 64 179
315987,47 74 163
315987,47 61 163
316799,26 150 
316826,64 68 
317336,9 92 
317336,9 65 
317357,34 103 
317357,34 101 
317897,12 100 
317897,12 6
317897,12 1941
317897,12 11
319876,95 25 
323982,42 75 
324891,83 72 
324968,33 70 
325957,32 80 
326393,88 83 
326573,51 64 180
326727,58 74 134
326727,58 61 134
327137 150 
327155,61 68 
327665,57 92 
327665,57 65 
327686,24 103 
327686,24 101 
328224,61 100 
328224,61 6
328224,61 1941
328224,61 11
330192,57 25 
331139,24 75 
332047,99 72 
332125,4 70 
333117,42 80 
333604,09 83 
333791,48 64 188
333954,82 74 150
333954,82 61 150
334362,92 150 
334392,36 68 
335204,72 92 
335204,72 65 
335229,76 103 
335229,76 101 
335762,87 100 
335762,87 6
335762,87 1941
335762,87 11
337736,15 25 
338456,12 75 
339362,75 72 
339442,19 70 
340434,59 80 
340961,2 83 
341141,72 64 181
341301,56 74 141
341301,56 61 141
342110,58 150 
342135,85 68 
343345,63 92 
343345,63 65 
343359,78 103 
343359,78 101 
343902,02 100 
343902,02 6
343902,02 1941
343902,02 10
345879,46 25 
346492,76 75 
347402,65 72 
347678,94 70 
349003,5 80 
349690,62 83 
349728,29 64 38
349938,58 74 195
349938,58 63 195
350350,85 150 
350372,35 68 
350881,73 92 
350881,73 65 
350903,05 103 
350903,05 101 
351435,98 100 
351435,98 6
351435,98 1941
351435,98 10
353409,51 25 
354156,37 75 
355064,92 72 
355355,45 70 
356417,36 80 
357020,81 83 
357045,59 64 25
357244,62 74 184
357244,62 63 184
358057,72 150 
358088,98 68 
358902,12 92 
358902,12 65 
358926,3 103 
358926,3 101 
359463 100 
359463 6
359463 1941
359463 10
361432,63 25 
362432,57 75 
363340,57 72 
363551,92 70 
364556,46 80 
365097,47 83 
365392,66 64 296
365582,9 74 166
365582,9 63 166
365992,63 152 
366018,97 69 
367030,25 93 
367042,95 103 
367042,95 101 
370581,15 100 
370581,15 6
370581,15 1941
370581,15 11
372561,25 25 
372748,31 75 
373658,12 72 
373734,3 70 
374720,82 80 
375199,88 83 
375360,6 64 161
375513,86 74 128
375513,86 61 128
376321,9 150 
376347,91 68 
376859,84 92 
376859,84 65 
376878,8 103 
376878,8 101 
377410,87 100 
377410,87 6
377410,87 1941
377410,87 11
379385,09 25 
380078,47 75 
380987,05 72 
381064,47 70 
382051,48 80 
382596,73 83 
382660,64 64 65
382807,37 74 132
382807,37 61 132
383218,74 150 
383238,35 68 
384049,41 92 
384049,41 65 
384075,72 103 
384075,72 101 
384609,04 100 
384609,04 6
384609,04 1941
384609,04 10
386582 25 
387302,01 75 
388213,32 72 
388301,37 70 
389285,48 80 
389713,72 83 
389884,36 64 172
390096,71 74 197
390096,71 63 197
390907,84 150 
390941,64 68 
392150,92 92 
392150,92 65 
392178,96 103 
392178,96 101 
392726,03 100 
392726,03 6
392726,03 1941
392726,03 10
394698,59 25 
395418,52 75 
396329,52 72 
396404,63 70 
397391,74 80 
397870,23 83 
397980,15 64 110
398179,39 74 177
398179,39 63 177
398589,84 150 
398618,62 68 
399126,53 92 
399126,53 65 
399149,26 103 
399149,26 101 
399680,81 100 
399680,81 6
399680,81 1941
399680,81 11
401655,57 25 
402362,4 75 
403269,96 72 
403348,37 70 
404335,07 80 
404804 250 
404826,8 101 
406840,05 100 
406840,05 6
406840,05 1941
406840,05 11
406840,05 25 
406867,45 75 
407773,51 72 
407853,13 70 
408845,48 80 
409385,27 83 
409674,64 64 290
410033,58 74 342
410033,58 62 342
410842,67 151 
410866,53 69 
411194,94 249 
412211,28 93 
412224,89 103 
412224,89 101 
415756,43 100 
415756,43 6
415756,43 1941
415756,43 10
417728,8 25 
417756 75 
418665,02 72 
418741,78 70 
419732,88 80 
420167,42 83 
420699,7 64 533
420916,4 74 203
420916,4 63 203
421727,07 150 
421755,36 68 
422963,88 92 
422963,88 65 
422979,14 103 
422979,14 101 
423521,01 100 
423521,01 6
423521,01 1941
423521,01 10
425498,84 25 
425526,05 75 
426434,8 72 
426511,83 70 
427506,71 80 
428044,06 83 
428108,41 64 65
428306,91 74 183
428306,91 63 183
428716,72 150 
428739,01 68 
429246,51 92 
429246,51 65 
429269,9 103 
429269,9 101 
429809,01 100 
429809,01 6
429809,01 1941
429809,01 11
431776,15 25 
432936,1 75 
433843,56 72 
433921,98 70 
434915,95 80 
435400,88 83 
435467,81 64 67
435645,3 74 165
435645,3 61 165
436056,75 152 
436081,71 69 
436890,25 93 
436906,55 103 
436906,55 101 
440439,51 100 
440439,51 6
440439,51 1941
440439,51 11
442411,61 25 
442439,34 75 
443346,6 72 
443424,58 70 
444410,03 80 
444836,85 83 
445087,95 64 251
445250,99 74 148
445250,99 61 148
446062,51 150 
446091,7 68 
446898,84 92 
446898,84 65 
446915,87 103 
446915,87 101 
447459,65 100 
447459,65 6
447459,65 1941
447459,65 10
449435,39 25 
450848,46 75 
451757,08 72 
451834,47 70 
452828,6 80 
453313,47 83 
453439,2 64 125
453640,51 74 181
453640,51 63 181
454451,65 150 
454474,78 68 
454983,32 92 
454983,32 65 
455005,6 103 
455005,6 101 
455537,74 100 
455537,74 6
455537,74 1941
455537,74 11
457511,82 25 
457538,96 75 
458446,39 72 
458524,85 70 
459507,94 80 
460030,61 83 
460138,92 64 109
460306,33 74 144
460306,33 61 144
460716,63 150 
460738,85 68 
461951,18 92 
461951,18 65 
461975,99 103 
461975,99 101 
462512,69 100 
462512,69 6
462512,69 1941
462512,69 10
464482,37 25 
465335,67 75 
466244,68 72 
466521,6 70 
467847,26 80 
468493,47 83 
468603,58 64 111
468833,46 74 207
468833,46 63 207
469245,91 150 
469268,59 68 
470080,42 92 
470080,42 65 
470105,83 103 
470105,83 101 
470646,4 100 
470646,4 6
470646,4 1941
470646,4 10
472625,5 25 
472652,87 75 
473562,17 72 
473825,19 70 
474990,05 80 
475490,55 83 
475728,59 64 239
475916,41 74 173
475916,41 63 173
476726,14 150 
476745,39 68 
477556,37 92 
477556,37 65 
477582,64 103 
477582,64 101 
478117,26 100 
478117,26 6
478117,26 1941
478117,26 11
480089,1 25 
481128,95 75 
482037,41 72 
482114,85 70 
483114,41 80 
483660,38 83 
483688,81 64 29
483859,69 74 147
483859,69 61 147
484671,91 150 
484702,02 68 
485210,21 92 
485210,21 65 
485232,83 103 
485232,83 101 
485766,03 100 
485766,03 6
485766,03 1941
485766,03 11
487739,03 25 
488565,78 75 
489474,99 72 
489565,06 70 
490565,78 80 
491057,41 83 
491181,88 64 125
491353,77 74 150
491353,77 61 150
491766,81 150 
491792,45 68 
493000,44 92 
493000,44 65 
493016,06 103 
493016,06 101 
493564,35 100 
493564,35 6
493564,35 1941
493564,35 11
495535,87 25 
496189,33 75 
497096,88 72 
497175,12 70 
498161,74 80 
498707,36 83 
498913,11 64 206
499093,61 74 160
499093,61 61 160
499501,71 150 
499522,36 68 
500031,51 92 
500031,51 65 
500053,15 103 
500053,15 101 
500586,58 100 
500586,58 6
500586,58 1941
500586,58 10
502559,4 25 
503159,52 75 
504067,26 72 
504145,53 70 
505139,64 80 
505571,08 83 
505888,47 64 318
506077,33 74 174
506077,33 63 174
506889,03 150 
506919,15 68 
507729,09 92 
507729,09 65 
507743,23 103 
507743,23 101 
508279,07 100 
508279,07 6
508279,07 1941
508279,07 11
510249,59 25 
510276,66 75 
511183,58 72 
511262,64 70 
512251,28 80 
512741,51 83 
512824,69 64 84
512980,88 74 133
512980,88 61 133
513390,14 150 
513409,65 68 
514618,46 92 
514618,46 65 
514633,59 103 
514633,59 101 
515173,67 100 
515173,67 6
515173,67 1941
515173,67 10
517153,17 25 
517846,9 75 
518755,4 72 
518832,7 70 
519828,87 80 
520311,51 83 
520645,65 64 335
520881,07 74 210
520881,07 61 210
521689,92 151 
521712,9 69 
522723,48 93 
522736,78 103 
522736,78 101 
526274,99 100 
526274,99 6
526274,99 1941
526274,99 10
528255,22 25 
528282,38 75 
528308,39 250 
528320,6 101 
530321,02 100 
530321,02 6
530321,02 1941
530321,02 10
530321,02 25 
530347,79 75 
531255,88 72 
531334,04 70 
532319,63 80 
532759,58 83 
533013,37 64 255
533171,66 74 146
533171,66 61 146
533980,53 153 
534001,36 68 
534809,68 92 
534809,68 65 
534824,96 103 
534824,96 101 
535357,48 100 
535357,48 6
535357,48 1941
535357,48 10
537331,42 25 
537904,83 75 
538814,37 72 
538890,89 70 
539883,89 80 
540392,15 250 
540409,17 101 
542422,48 100 
542422,48 6
542422,48 1941
542422,48 10
542422,48 25 
542702,71 75 
543610,87 72 
543688,72 70 
544676,79 80 
545207,6 83 
545341,03 64 134
545518,65 74 165
545518,65 61 165
545929,72 151 
545956,04 69 
546566,04 249 
546791,68 181 
547506,49 256 
548374,74 93 
548392,53 103 
548392,53 101 
551934,25 100 
551934,25 6
551934,25 1941
551934,25 11
553910,97 25 
554417,75 75 
555327,75 72 
555417,1 70 
556408,52 80 
556935,98 83 
557052,76 64 117
557223,97 74 155
557223,97 61 155
557635,12 150 
557657,59 68 
558864,5 92 
558864,5 65 
558881,43 103 
558881,43 101 
559415,3 100 
559415,3 6
559415,3 1941
559415,3 11
561387,76 25 
562134,59 75 
563045,6 72 
563120,52 70 
564107,72 80 
564532,73 83 
564750,66 64 219
564950,15 74 178
564950,15 61 178
565758,92 150 
565787,39 68 
566297,85 92 
566297,85 65 
566318,3 103 
566318,3 101 
566853,64 100 
566853,64 6
566853,64 1941
566853,64 11
568824,78 25 
570104,53 75 
571011,89 72 
571090,38 70 
572078,61 80 
572542,8 83 
572797,86 64 256
572962,08 74 140
572962,08 61 140
573773,08 150 
573797,42 68 
574607,99 92 
574607,99 65 
574634,88 103 
574634,88 101 
575187,01 100 
575187,01 6
575187,01 1941
575187,01 10
577167,84 25 
578847,38 75 
579755,05 72 
580020,03 70 
581334,05 80 
582085,28 83 
582226,25 64 141
582430,26 74 185
582430,26 63 185
582839,84 150 
582860,2 68 
584067,85 92 
584067,85 65 
584084,08 103 
584084,08 101 
584617,32 100 
584617,32 6
584617,32 1941
584617,32 10
586590,56 25 
589669,48 75 
590580,15 72 
590922,03 70 
592195,52 80 
592934,07 83 
593942,14 64 1008
594189,84 74 230
594189,84 61 230
594602,79 151 
594628,56 69 
595138,77 93 
595159,38 103 
595159,38 101 
598693,75 100 
598693,75 6
598693,75 1941
598693,75 10
600664,39 25 
600691,59 75 
601598,81 72 
601864,08 70 
603188,34 80 
603982,83 83 
604033,55 64 52
604281,82 74 233
604281,82 63 233
605090,15 150 
605117,42 68 
605625,58 92 
605625,58 65 
605648,26 103 
605648,26 101 
606196,09 100 
606196,09 6
606196,09 1941
606196,09 11
608167,98 25 
608195,31 75 
609105,17 72 
609447,52 70 
610713,17 80 
611352,9 83 
611396,49 64 44
611565,13 74 146
611565,13 61 146
612373,91 150 
612394,48 68 
612903,12 92 
612903,12 65 
612925,19 103 
612925,19 101 
613457,52 100 
613457,52 6
613457,52 1941
613457,52 10
615431,51 25 
615964,99 75 
616874,95 72 
617137,55 70 
618305,55 80 
618842,96 83 
618918,01 64 75
619135,06 74 199
619135,06 63 199
619545,6 150 
619564,85 68 
620375,04 92 
620375,04 65 
620388,65 103 
620388,65 101 
620920,3 100 
620920,3 6
620920,3 1941
620920,3 11
622894,93 25 
623681,63 75 
624591,24 72 
624681,13 70 
625669,91 80 
626226,61 83 
626271,5 64 46
626438,21 74 145
626438,21 61 145
627247,4 150 
627267,98 68 
628477,87 92 
628477,87 65 
628494,6 103 
628494,6 101 
629032,06 100 
629032,06 3
629032,06 1941
629032,06 10
629032,06 78 
629032,06 198 
631011,54 25 
631785,05 75 
632692,97 72 
632770,9 70 
633766,5 80 
634303,13 83 
634351,65 64 49
634506,63 74 138
634506,63 63 138
634916,52 151 
634944,94 69 
635453,03 93 
635475,61 103 
635475,61 101 
639012,71 100 
639012,71 3
639012,71 1941
639012,71 11
640994,2 25 
641021,15 75 
641929,8 72 
642006,97 70 
642998,47 80 
643445,94 83 
643655,9 64 210
643828,24 74 156
643828,24 61 156
644638,01 151 
644660,67 69 
645468,68 93 
645484,73 103 
645484,73 101 
649016,91 100 
649016,91 3
649016,91 1941
649016,91 11
650989,9 25 
651017,5 75 
651924,35 72 
652002,74 70 
652997,24 80 
653495,05 83 
653648,81 64 154
653823,98 74 156
653823,98 61 156
654234,29 151 
654256,52 69 
655243,54 249 
655271,78 93 
655293,9 103 
655293,9 101 
658837,04 100 
658837,04 3
658837,04 1941
658837,04 11
660812,27 25 
660852,69 75 
661761,29 72 
661838,51 70 
662833,96 80 
663317,5 83 
663599,28 64 282
663807,6 74 184
663807,6 61 184
664615,79 151 
664638,17 69 
665449,85 93 
665462,8 103 
665462,8 101 
668995,17 100 
668995,17 3
668995,17 1941
668995,17 10
670968,7 25 
670995,24 75 
671904,18 72 
671980,96 70 
672972,41 80 
673406,55 83 
674536,91 64 1131
674748,27 74 197
674748,27 63 197
675158,01 153 
675181 68 
676389,62 92 
676389,62 65 
676404,93 103 
676404,93 101 
676943,71 100 
676943,71 3
676943,71 1941
676943,71 11
678911,31 25 
679577,95 75 
680486,38 72 
680564,02 70 
681547,54 80 
682069,55 83 
682143,04 64 74
682300,49 74 138
682300,49 61 138
683110,69 151 
683137,61 69 
683740,36 249 
683981,61 181 
685402,49 93 
685414,45 103 
685414,45 101 
688956,32 100 
688956,32 3
688956,32 1941
688956,32 10
690932,72 25 
690974,38 75 
691881,88 72 
691959,12 70 
692947,35 80 
693384,73 83 
694217,5 64 834
694659,37 74 423
694659,37 63 423
695071,57 151 
695092,59 69 
695604,18 93 
695623,4 103 
695623,4 101 
699157,52 100 
699157,52 3
699157,52 1941
699157,52 11
701128,51 25 
701741,85 75 
702651,59 72 
702727,95 70 
703711,52 80 
704233,48 83 
704642,53 64 410
704893,41 74 234
704893,41 61 234
705706 151 
705728,07 69 
706407,31 249 
706474,29 181 
707273,08 93 
707287,38 103 
707287,38 101 
710816,69 100 
710816,69 3
710816,69 1941
710816,69 11
712790,25 25 
712817,49 75 
713725,56 72 
713803,34 70 
714790,68 80 
715268,76 83 
715478,52 64 211
715716,12 74 221
715716,12 63 221
716128,81 150 
716150,36 68 
716662,02 92 
716662,02 65 
716681,1 103 
716681,1 101 
717228,82 100 
717228,82 3
717228,82 1941
717228,82 10
719200,71 25 
719427,83 75 
720337,11 72 
720600,3 70 
721915,08 80 
722718,9 83 
723351,79 64 633
723626,73 74 255
723626,73 62 255
724035,21 152 
724053,95 69 
724581,76 249 
725431,08 182 
725591,74 93 
725610,64 103 
725610,64 101 
729144,71 100 
729144,71 3
729144,71 1941
729144,71 10
731115,71 25 
731143,41 75 
732051,31 72 
732315,36 70 
733475,15 80 
734100,74 83 
734301,98 64 202
734501,98 74 175
734501,98 63 175
735311,89 151 
735341,36 69 
735850,32 93 
735859,9 103 
735859,9 101 
739391,91 100 
739391,91 3
739391,91 1941
739391,91 10
741364,79 25 
741391,79 75 
742299,79 72 
742377,75 70 
743361,32 80 
743790,07 83 
744391,39 64 602
745325,09 74 909
745325,09 62 909
746133,04 150 
746164,19 68 
746418,49 249
746608,79 172 
746973,84 92 
746973,84 65 
746988,3 103 
746988,3 101 
747529,8 100 
747529,8 3
747529,8 1941
747529,8 11
749507,91 25 
749536,55 75 
750445,12 72 
750520,87 70 
751508,52 80 
751933,13 83 
752093,62 64 161
752255,36 74 135
752255,36 61 135
752662,78 151 
752681,61 69 
753468,85 249 
753605,96 181 
753694,12 93 
753705,48 103 
753705,48 101 
757243,47 100 
757243,47 3
757243,47 1941
757243,47 11
759212,45 25 
759237,75 75 
760146,29 72 
760223,55 70 
761219,92 80 
761755,71 83 
761988 64 233
762204,47 74 196
762204,47 63 196
762616,59 150 
762636,5 68 
763448,38 92 
763448,38 65 
763474,57 103 
763474,57 101 
764007,55 100 
764007,55 3
764007,55 1941
764007,55 10
765980,99 25 
766008,08 75 
766916,11 72 
766993,92 70 
767985,06 80 
768472,87 83 
768974,73 64 502
769168,29 74 177
769168,29 61 177
769981,24 151 
770007,39 69 
770814,91 93 
770831,48 103 
770831,48 101 
774376,37 100 
774376,37 3
774376,37 1941
774376,37 10
776349,88 25 
776377,06 75 
777284,81 72 
777362,85 70 
778347,56 80 
778828,38 83 
779224,35 64 396
779515,42 74 275
779515,42 63 275
780323,03 151 
780348,9 69 
781360,68 93 
781373,69 103 
781373,69 101 
784905,42 100 
784905,42 3
784905,42 1941
784905,42 10
786878,79 25 
786906,08 75 
787814,87 72 
787891,72 70 
788883,1 80 
789330,74 83 
789529,85 64 200
789727,35 74 184
789727,35 63 184
790136,67 151 
790158,89 69 
790665,55 93 
790676,35 103 
790676,35 101 
794214,56 100 
794214,56 3
794214,56 1941
794214,56 11
796194,74 25 
796222,45 75 
797129,68 72 
797207,66 70 
798197,11 80 
798740,01 83 
799910,59 64 1171
800201,91 74 276
800201,91 63 276
800612,29 150 
800634,43 68 
801843,83 92 
801843,83 65 
801858,38 103 
801858,38 101 
802399,1 100 
802399,1 3
802399,1 1941
802399,1 11
804377,88 25 
804405,57 75 
805315,12 72 
805390,98 70 
806380,47 80 
806869,86 83 
806999,24 64 129
807132,12 74 116
807132,12 63 116
807940,09 150 
807964,74 68 
809176,56 92 
809176,56 65 
809201,95 103 
809201,95 101 
809735,36 100 
809735,36 3
809735,36 1941
809735,36 11
811708,19 25 
812561,5 75 
813471,44 72 
813547,48 70 
814533,7 80 
814959,83 83 
815136,69 64 178
815304,15 74 145
815304,15 63 145
816115,59 152 
816134,54 69 
816661,95 249 
816759,09 183 
817145,86 93 
817158,46 103 
817158,46 101 
820691,18 100 
820691,18 3
820691,18 1941
820691,18 11
822663,56 25 
822690,96 75 
823598,75 72 
823676,49 70 
824669,39 80 
825208,79 83 
825363,14 64 155
825577,71 74 196
825577,71 63 196
825987,56 150 
826010,33 68 
826520,64 92 
826520,64 65 
826541,19 103 
826541,19 101 
827090,64 100 
827090,64 3
827090,64 1941
827090,64 10
829060,77 25 
829714,25 75 
830624,26 72 
830700,22 70 
831687,95 80 
832125,86 83 
832573,51 64 447
832846,05 74 254
832846,05 62 254
833256,55 150 
833287,27 68 
833574,75 249
833796,76 92 
833796,76 65 
833818,08 103 
833818,08 101 
834351,7 100 
834351,7 3
834351,7 1941
834351,7 10
836324,35 25 
836351,71 75 
837260,47 72 
837523,98 70 
838681,3 80 
839336,16 83 
839405,76 64 70
839563,33 74 135
839563,33 62 135
840375,36 150 
840403,48 68 
840676,46 249
840754,77 172 
841212,87 92 
841212,87 65 
841228,21 103 
841228,21 101 
841763,04 100 
841763,04 3
841763,04 1941
841763,04 10
843734,56 25 
843762,02 75 
844668,58 72 
844747,55 70 
845942,58 80 
846586,33 83 
846647,18 64 61
846775,09 74 109
846775,09 62 109
847183,38 150 
847201,19 68 
847532,74 249
847750,82 172 
848412,75 92 
848412,75 65 
848425,22 103 
848425,22 101 
848968,25 100 
848968,25 3
848968,25 1941
848968,25 11
850944,85 25 
851384,98 75 
852293,5 72 
852504,32 70 
853514,53 80 
853943,34 83 
854121,44 64 179
854194,8 256 
854214,52 74 72
854214,52 63 72
855026,91 150 
855050,52 68 
855858,46 92 
855858,46 65 
855875,42 103 
855875,42 101 
856412,69 100 
856412,69 3
856412,69 1941
856412,69 10
858381,62 25 
859101,7 75 
860008,9 72 
860087,8 70 
861071,89 80 
861566,77 83 
861618,27 64 52
861733,8 74 101
861733,8 62 101
862143,42 150 
862168,45 68 
862492,17 249
862595,59 172 
863378,21 92 
863378,21 65 
863405,48 103 
863405,48 101 
863938,19 100 
863938,19 3
863938,19 1941
863938,19 11
865925,15 25 
865952,82 75 
866858,62 72 
866938,27 70 
867927,94 80 
868470,36 83 
868587,26 64 117
868750,66 74 148
868750,66 63 148
869559,06 150 
869577,71 68 
870088,59 92 
870088,59 65 
870109,38 103 
870109,38 101 
870651,47 100 
870651,47 3
870651,47 1941
870651,47 11
872628,92 25 
873215,79 75 
874125,55 72 
874201,65 70 
875185,37 80 
875720,6 83 
875770,08 64 50
875928,76 74 142
875928,76 63 142
876338,4 150 
876362,3 68 
876871,22 92 
876871,22 65 
876893,24 103 
876893,24 101 
877426,38 100 
877426,38 3
877426,38 1941
877426,38 11
879399,48 25 
880159,48 75 
881070,56 72 
881158,73 70 
882141,13 80 
882571,27 83 
882750,9 64 180
882942,69 74 172
882942,69 63 172
883753,77 150 
883772,73 68 
884981,99 92 
884981,99 65 
884996,34 103 
884996,34 101 
885533,44 100 
885533,44 3
885533,44 1941
885533,44 10
887502,64 25 
888355,97 75 
889264,78 72 
889341,95 70 
890328,67 80 
890807,54 83 
891007,21 64 200
891028,47 256 
891042,86 74 22
891042,86 62 22
891853,16 150 
891875,7 68 
892152,75 249
892685,65 92 
892685,65 65 
892699,68 103 
892699,68 101 
893240,88 100 
893240,88 3
893240,88 1941
893240,88 11
895219,4 25 
896032,71 75 
896941,49 72 
897018,78 70 
898011 80 
898484,33 83 
898557,29 64 73
898690,19 74 113
898690,19 63 113
899100,85 150 
899125,11 68 
899637,28 92 
899637,28 65 
899656,77 103 
899656,77 101 
900190,98 100 
900190,98 3
900190,98 1941
900190,98 10
902163,05 25 
902723,34 75 
903630,98 72 
903709,33 70 
904696,63 80 
905134,74 83 
905320,81 64 186
905467,26 74 133
905467,26 62 133
906275,59 150 
906296,24 68 
906565,25 249
907507,2 92 
907507,2 65 
907533,39 103 
907533,39 101 
908065,81 100 
908065,81 3
908065,81 1941
908065,81 10
910039,69 25 
910866,47 75 
911772,82 72 
911852,42 70 
912837,29 80 
913329,2 250 
913344,19 101 
915357,55 100 
915357,55 3
915357,55 1941
915357,55 10
915357,55 25 
915385,06 75 
916294,15 72 
916370,62 70 
917358,39 80 
917889,35 83 
918006,03 64 117
918166,32 74 144
918166,32 62 144
918576,44 150 
918596,94 68 
918914,49 249
919011,94 172 
919407,32 92 
919407,32 65 
919421,69 103 
919421,69 101 
919967,4 100 
919967,4 3
919967,4 1941
919967,4 10
921941,29 25 
921968,94 75 
922877,04 72 
922954,36 70 
923944,19 80 
924380,08 83 
924743,73 64 364
924928,38 74 163
924928,38 62 163
925739,83 150 
925767,18 68 
926040,7 249
926277,06 92 
926277,06 65 
926298,77 103 
926298,77 101 
926831,6 100 
926831,6 3
926831,6 1941
926831,6 11
928805,13 25 
928832,31 75 
929738,58 72 
929818,14 70 
930803,59 80 
931324,07 83 
931461,57 64 138
931647,3 74 165
931647,3 63 165
932058,85 152 
932085,25 69 
933097,64 93 
933109,2 103 
933109,2 101 
936643,58 100 
936643,58 3
936643,58 1941
936643,58 10
938614,3 25 
938641,86 75 
939550,12 72 
939627,21 70 
940616,87 80 
941108,14 83 
941437,21 64 331
941648,68 74 197
941648,68 62 197
942461,17 150 
942480,13 68 
942827,37 249
943288,89 92 
943288,89 65 
943304,87 103 
943304,87 101 
943847,5 100 
943847,5 3
943847,5 1941
943847,5 10
945824,56 25 
946198,18 75 
947106,27 72 
947184,15 70 
948182,93 80 
948609,82 83 
948815,63 64 207
948844,1 256 
948853,96 74 18
948853,96 62 18
949266,27 150 
949290,65 68 
949607,79 249
949700,48 172 
950101,55 92 
950101,55 65 
950115,33 103 
950115,33 101 
950652,33 100 
950652,33 3
950652,33 1941
950652,33 11
952621,65 25 
952888,6 75 
953796,93 72 
954074,51 70 
955398,97 80 
956099,89 83 
956289,1 64 189
956475,97 74 163
956475,97 63 163
957286,47 150 
957313,89 68 
957823,76 92 
957823,76 65 
957845,42 103 
957845,42 101 
958378,18 100 
958378,18 3
958378,18 1941
958378,18 11
960351,76 25 
960911,88 75 
961821,26 72 
961897,87 70 
962886,47 80 
963430,01 83 
963442,87 64 13
963616,33 256 
963626,4 74 171
963626,4 63 171
964034,26 152 
964058,42 69 
964871,41 93 
964882,41 103 
964882,41 101 
968426,1 100 
968426,1 3
968426,1 1941
968426,1 11
970400,73 25 
970428,1 75 
971336,22 72 
971413,89 70 
972410,45 80 
972945,99 83 
973062,73 64 117
973233,8 74 155
973233,8 63 155
974043,29 150 
974067,48 68 
974577,62 92 
974577,62 65 
974598,26 103 
974598,26 101 
975131,37 100 
975131,37 3
975131,37 1941
975131,37 10
977104,53 25 
977598,16 75 
978507,84 72 
978584,09 70 
979571,8 80 
980063,1 83 
980301,04 64 238
980473,95 74 158
980473,95 62 158
980883,19 150 
980904,73 68 
981198,88 249
981329,19 172 
981717,36 92 
981717,36 65 
981741,95 103 
981741,95 101 
982278,94 100 
982278,94 3
982278,94 1941
982278,94 10
984248,25 25 
984861,77 75 
985769,91 72 
985847,69 70 
986841,17 80 
987273,45 83 
987376,65 64 104
987535,15 74 142
987535,15 62 142
988343,23 150 
988367,29 68 
988671,33 249
988765,92 172 
989575,78 92 
989575,78 65 
989591,86 103 
989591,86 101 
990132,76 100 
990132,76 3
990132,76 1941
990132,76 11
992111,62 25 
996563,39 75 
997470,69 72 
997549,34 70 
998549,55 80 
998975 83 
999197,11 64 222
999351,51 74 137
999351,51 63 137
999759,73 150 
999789,13 68 
1000298,17 92 
1000298,17 65 
1000320,67 103 
1000320,67 101 
1000855,43 100 
1000855,43 3
1000855,43 1941
1000855,43 11
1002827,04 25 
1002854,42 75 
1003761,62 72 
1003840,01 70 
1004825,59 80 
1005359,01 83 
1005378,29 64 19
1005563,79 74 165
1005563,79 63 165
1005972,5 150 
1006000,42 68 
1007211,17 92 
1007211,17 65 
1007237,7 103 
1007237,7 101 
1007771,62 100 
1007771,62 3
1007771,62 1941
1007771,62 10
1009744,09 25 
1012476,64 75 
1013386,41 72 
1013462,59 70 
1014455,61 80 
1014941,52 83 
1015044,78 64 104
1015218,2 74 157
1015218,2 62 157
1016029,44 150 
1016049,72 68 
1016377,05 249
1016858,83 92 
1016858,83 65 
1016873,66 103 
1016873,66 101 
1017423,4 100 
1017423,4 3
1017423,4 1941
1017423,4 10
1019393,28 25 
1019860,33 75 
1020769,15 72 
1020846,2 70 
1021834,09 80 
1022271,79 83 
1022481,01 64 210
1022639,01 74 141
1022639,01 62 141
1023448,07 150 
1023472,34 68 
1023819,64 249
1023957,3 172 
1023982,56 92 
1023982,56 65 
1024003,99 103 
1024003,99 101 
1024537,21 100 
1024537,21 3
1024537,21 1941
1024537,21 10
1026510,24 25 
1027003,79 75 
1027911,32 72 
1027989,79 70 
1028978,24 80 
1029522,05 83 
1029611,03 64 89
1029809,58 74 182
1029809,58 62 182
1030218,96 150 
1030243,65 68 
1030800,05 249
1031452,76 92 
1031452,76 65 
1031467,53 103 
1031467,53 101 
1032002,34 100 
1032002,34 3
1032002,34 1941
1032002,34 10
1033973,92 25 
1034001,04 75 
1034906,76 72 
1034986,73 70 
1035981,51 80 
1036479,02 83 
1036839,7 64 361
1037065,12 74 213
1037065,12 62 213
1037473,26 150 
1037493,19 68 
1037789,03 249
1038302,1 92 
1038302,1 65 
1038317,9 103 
1038317,9 101 
1038856,44 100 
1038856,44 3
1038856,44 1941
1038856,44 10
1040824,31 25 
1040851,68 75 
1041759,4 72 
1041837,16 70 
1042825,01 80 
1043262,88 83 
1043437,64 64 175
1043474,33 256 
1043612,36 74 151
1043612,36 62 151
1044423,97 150 
1044450,07 68 
1044819,44 249
1044970,22 172 
1045258,16 92 
1045258,16 65 
1045274,96 103 
1045274,96 101 
1045811,74 100 
1045811,74 3
1045811,74 1941
1045811,74 11
1047782,08 25 
1048154,84 75 
1049065,76 72 
1049154,17 70 
1050145,99 80 
1050646,3 83 
1050777,87 64 132
1050966,48 74 174
1050966,48 63 174
1051775,9 150 
1051807,14 68 
1053017,27 92 
1053017,27 65 
1053031,7 103 
1053031,7 101 
1053563,82 100 
1053563,82 3
1053563,82 1941
1053563,82 11
1055538,01 25 
1056378,12 75 
1057285,41 72 
1057563,97 70 
1058883 80 
1059611,41 250 
1059628,72 101 
1061642,12 100 
1061642,12 3
1061642,12 1941
1061642,12 11
1061642,12 25 
1061669,18 75 
1062578,25 72 
1062855,18 70 
1064184,36 80 
1064933,6 83 
1065144,46 64 212
1065379,92 74 220
1065379,92 63 220
1065788,3 150 
1065815,28 68 
1066327,64 92 
1066327,64 65 
1066345,96 103 
1066345,96 101 
1066887,19 100 
1066887,19 3
1066887,19 1941
1066887,19 11
1068865,74 25 
1070678,62 75 
1071588,28 72 
1071851,33 70 
1073165,23 80 
1073916,54 83 
1074218,45 64 303
1074409,05 74 173
1074409,05 63 173
1074818,14 150 
1074838,18 68 
1076046,64 92 
1076046,64 65 
1076061,86 103 
1076061,86 101 
1076594,54 100 
1076594,54 3
1076594,54 1941
1076594,54 11
1078568,13 25 
1079235,02 75 
1080145,73 72 
1080407,48 70 
1081566,69 80 
1082246,31 83 
1082297,2 64 51
1082477,5 74 165
1082477,5 63 165
1083285,96 152 
1083314,47 69 
1084124,86 93 
1084138,41 103 
1084138,41 101 
1087675,86 100 
1087675,86 3
1087675,86 1941
1087675,86 10
1089656,84 25 
1089683,92 75 
1090590,8 72 
1090803,22 70 
1091801,82 80 
1092282,01 83 
1092535,38 64 254
1092688,38 74 141
1092688,38 62 141
1093499,5 150 
1093523,32 68 
1093810,8 249
1094033,09 92 
1094033,09 65 
1094054,2 103 
1094054,2 101 
1096361,92 102 
