97,57 100 
97,57 3
97,57 1898
97,57 11
2035,71 25 
2327,2 75 
3534,89 72 
3793 70 
4451,98 80 
5046,13 83 
5536,37 64 490
5770,49 74 217
5770,49 62 217
6580,26 151 
6606,02 69 
6944,53 249 
7117,78 93 
7140,36 103 
7140,36 101 
10671,34 100 
10671,34 3
10671,34 1898
10671,34 11
12643,37 25 
12671,04 75 
13878,35 72 
13962,88 70 
14457,47 80 
14895,46 83 
15129,88 64 235
15303,48 74 154
15303,48 61 154
15717,36 151 
15736,11 69 
16548,9 93 
16561,01 103 
16561,01 101 
20094,84 100 
20094,84 3
20094,84 1898
20094,84 10
22066,01 25 
22093,89 75 
23299,79 72 
23385,7 70 
23872,58 80 
24358,42 83 
24574,64 64 217
24757,5 74 160
24757,5 61 160
25569,54 151 
25599,38 69 
26607,09 93 
26623,43 103 
26623,43 101 
30162,62 100 
30162,62 3
30162,62 1898
30162,62 11
32141,81 25 
32169,47 75 
33375,79 72 
33461,3 70 
33950,49 80 
34433,84 83 
34651,49 64 218
34846,12 74 172
34846,12 63 172
35258,16 150 
35287,16 68 
35798,18 92 
35798,18 65 
35819,55 103 
35819,55 101 
36356,23 100 
36356,23 3
36356,23 1898
36356,23 10
38339,16 25 
38366,52 75 
39574,8 72 
39658,74 70 
40153,4 80 
40591,24 83 
42018,88 64 1428
42714,77 74 685
42714,77 62 685
43122,59 150 
43152,15 68 
43468,81 249
43963,68 92 
43963,68 65 
43989,45 103 
43989,45 101 
44521,76 100 
44521,76 3
44521,76 1898
44521,76 10
46495,76 25 
46523,12 75 
47731,04 72 
47815,27 70 
48306,23 80 
48854,42 83 
49060,21 64 206
49227,48 74 147
49227,48 63 147
50037,95 151 
50069,06 69 
50701,12 249 
50843,22 183 
50878,75 93 
50893,19 103 
50893,19 101 
54436,55 100 
54436,55 3
54436,55 1898
54436,55 11
56411,58 25 
56438,99 75 
57648,59 72 
57731,09 70 
58226,66 80 
58718,89 83 
59097,72 64 381
59316,69 74 201
59316,69 63 201
60126,68 150 
60144,35 68 
60953,66 92 
60953,66 65 
60968,95 103 
60968,95 101 
61501,42 100 
61501,42 3
61501,42 1898
61501,42 10
63475,23 25 
63582,26 75 
64792,07 72 
64874,9 70 
65363,42 80 
65913,92 83 
66426,08 64 512
66631,5 74 185
66631,5 62 185
67039,76 150 
67061,92 68 
67406,13 249
68271,73 92 
68271,73 65 
68285,9 103 
68285,9 101 
68824,42 100 
68824,42 3
68824,42 1898
68824,42 10
70792,17 25 
70820,34 75 
72029,18 72 
72111,77 70 
72600,57 80 
73030,95 83 
73456,78 64 426
73486,45 256 
73727,47 74 257
73727,47 63 257
74538,64 153 
74564,82 68 
75075,22 92 
75075,22 65 
75096,43 103 
75096,43 101 
75637,05 100 
75637,05 3
75637,05 1898
75637,05 11
77616 25 
77643,28 75 
78849,83 72 
78935,52 70 
79427,87 80 
79881,46 83 
80160,2 64 279
80364,31 74 191
80364,31 62 191
80773,47 151 
80802,82 69 
81186,05 249 
81854,7 93 
81866,91 103 
81866,91 101 
85399,42 100 
85399,42 3
85399,42 1898
85399,42 11
87371,84 25 
87399,93 75 
88609,78 72 
88691,39 70 
89192,97 80 
89690,53 83 
91252,53 64 1563
91461,24 74 185
91461,24 63 185
92270,13 150 
92291,4 68 
93499,13 92 
93499,13 65 
93515,38 103 
93515,38 101 
94047,08 100 
94047,08 3
94047,08 1898
94047,08 10
96021,67 25 
96048,99 75 
97257,91 72 
97341,11 70 
97847,79 80 
98380,2 83 
99178,6 64 799
99199,97 256 
99501,74 74 309
99501,74 62 309
99911,4 150 
99941,52 68 
100244,47 249
100318,63 172 
100452,76 92 
100452,76 65 
100472,34 103 
100472,34 101 
101019,71 100 
101019,71 3
101019,71 1898
101019,71 10
102991,98 25 
103019,21 75 
104227,6 72 
104578,12 70 
105187,59 80 
105830,41 83 
105837,33 64 7
106010,53 74 154
106010,53 63 154
106818,1 151 
106844,42 69 
107357,36 93 
107376,11 103 
107376,11 101 
110908,32 100 
110908,32 3
110908,32 1898
110908,32 11
112881,11 25 
112908,29 75 
114117,26 72 
114200,7 70 
114952,21 80 
115453,07 83 
115822,65 64 370
115992,1 74 153
115992,1 63 153
116398,96 150 
116427,17 68 
116936,5 92 
116936,5 65 
116958,75 103 
116958,75 101 
117492,37 100 
117492,37 3
117492,37 1898
117492,37 11
119465,01 25 
119532,02 75 
120738,9 72 
120824,55 70 
121317,85 80 
121823,72 83 
121997,83 64 175
122189,85 74 179
122189,85 63 179
122600,49 150 
122625,25 68 
123833,41 92 
123833,41 65 
123849,23 103 
123849,23 101 
124387,05 100 
124387,05 3
124387,05 1898
124387,05 10
126368,75 25 
126396,62 75 
127603,09 72 
127688,41 70 
128195,32 80 
128647,51 83 
129176,66 64 530
129347,64 74 154
129347,64 62 154
130155,59 152 
130182,11 69 
130498,55 249 
131020,5 182 
132197,85 93 
132219,02 103 
132219,02 101 
135758,08 100 
135758,08 3
135758,08 1898
135758,08 11
137737,35 25 
137764,87 75 
138974,54 72 
139056,94 70 
139547,81 80 
140029,37 83 
140284,39 64 256
140447,03 74 138
140447,03 63 138
141257,22 150 
141284,07 68 
141793,17 92 
141793,17 65 
141814,94 103 
141814,94 101 
142347,32 100 
142347,32 3
142347,32 1898
142347,32 10
144321,21 25 
144362,1 75 
145571,63 72 
145654,14 70 
146160,55 80 
146693,23 83 
147307,33 64 614
147502,55 74 184
147502,55 62 184
147915,77 150 
147934,62 68 
148233,55 249
148272,36 172 
148746,01 92 
148746,01 65 
148758,65 103 
148758,65 101 
149303,23 100 
149303,23 3
149303,23 1898
149303,23 10
151278,39 25 
151306,29 75 
152513,73 72 
152597,86 70 
153094,44 80 
153636,97 83 
153843,52 64 207
154285,33 74 423
154285,33 62 423
155097,5 150 
155117,6 68 
155406,78 249
155927,94 92 
155927,94 65 
155942,31 103 
155942,31 101 
156474,03 100 
156474,03 3
156474,03 1898
156474,03 11
158448,7 25 
158475,9 75 
159684,3 72 
159768,13 70 
160259,02 80 
160700,71 83 
160913,96 64 214
161104,95 256 
161119,04 74 192
161119,04 63 192
161528,04 150 
161554,82 68 
162064,5 92 
162064,5 65 
162086,38 103 
162086,38 101 
162629,27 100 
162629,27 3
162629,27 1898
162629,27 11
164606,19 25 
164633,4 75 
165840,12 72 
165925,56 70 
166429,02 80 
166911,4 83 
167068,04 64 157
167241,49 74 158
167241,49 63 158
167649,48 150 
167672,92 68 
168883,36 92 
168883,36 65 
168910,29 103 
168910,29 101 
169449,83 100 
169449,83 3
169449,83 1898
169449,83 10
171416,46 25 
171670,08 75 
172876,91 72 
172962,61 70 
173458,62 80 
173948,45 83 
174202,52 64 255
174235,02 256 
174260,31 74 32
174260,31 62 32
175070,68 150 
175096,49 68 
175385,56 249
175428,21 172 
176308,3 92 
176308,3 65 
176320,42 103 
176320,42 101 
176853,06 100 
176853,06 3
176853,06 1898
176853,06 11
178826,71 25 
178854,11 75 
180061,89 72 
180146,22 70 
180636,39 80 
181185,37 83 
181534,03 64 349
181726,26 74 168
181726,26 63 168
182534,29 150 
182559,96 68 
183070,28 92 
183070,28 65 
183090,87 103 
183090,87 101 
183624,15 100 
183624,15 3
183624,15 1898
183624,15 10
185597,15 25 
185624,64 75 
186832,17 72 
186916,77 70 
187403,5 80 
187849,32 83 
188137,61 64 289
188163,6 256 
188251,38 74 96
188251,38 62 96
188661,52 150 
188690,81 68 
188971,48 249
189012,1 172 
189500,47 92 
189500,47 65 
189514,89 103 
189514,89 101 
190059,47 100 
190059,47 3
190059,47 1898
190059,47 11
192034,53 25 
192061,71 75 
193271,16 72 
193353,99 70 
193854,45 80 
194393,17 83 
194631,95 64 239
194804,45 74 159
194804,45 63 159
195613,75 150 
195633,68 68 
196444,31 92 
196444,31 65 
196458,59 103 
196458,59 101 
196990,59 100 
196990,59 3
196990,59 1898
196990,59 11
198964,85 25 
198991,96 75 
200198,45 72 
200271,4 70 
200770,96 80 
201216,93 83 
201441,27 64 224
201628,63 74 172
201628,63 63 172
202037,43 150 
202058,42 68 
202566,52 92 
202566,52 65 
202589,38 103 
202589,38 101 
203123,7 100 
203123,7 3
203123,7 1898
203123,7 10
205095,77 25 
205162,64 75 
206371,06 72 
206455,2 70 
206964,71 80 
207454,33 83 
207692,97 64 239
207835,48 74 129
207835,48 62 129
208243,66 150 
208269,22 68 
208509,9 249
208590,35 172 
209479,13 92 
209479,13 65 
209493,17 103 
209493,17 101 
210031,59 100 
210031,59 3
210031,59 1898
210031,59 11
211999,54 25 
212026,78 75 
213235,41 72 
213318,92 70 
213820,83 80 
214358,08 83 
214466,27 64 108
214657,39 74 167
214657,39 63 167
215468,75 152 
215492,83 69 
216005,66 93 
216023,67 103 
216023,67 101 
219559,58 100 
219559,58 3
219559,58 1898
219559,58 10
221528,68 25 
221556,39 75 
222763,38 72 
223021,52 70 
223833,53 80 
224527,16 83 
224779,54 64 253
224940,5 74 148
224940,5 62 148
225752,73 150 
225781,16 68 
226073,09 249
226589,14 92 
226589,14 65 
226605,89 103 
226605,89 101 
227137,36 100 
227137,36 3
227137,36 1898
227137,36 10
229112,2 25 
229139,71 75 
230346,35 72 
230618,32 70 
231429,19 80 
232177,23 83 
232424,64 64 248
232569,64 74 126
232569,64 62 126
232977,86 150 
233004,71 68 
233646,11 249
234084,79 172 
234213,6 92 
234213,6 65 
234229,34 103 
234229,34 101 
234774,38 100 
234774,38 3
234774,38 1898
234774,38 11
236748,94 25 
236776,38 75 
237986,68 72 
238241,8 70 
238913,92 80 
239507,61 83 
239862,63 64 356
240066,33 74 187
240066,33 63 187
240475,15 150 
240495,65 68 
241006,65 92 
241006,65 65 
241026,48 103 
241026,48 101 
241561,2 100 
241561,2 3
241561,2 1898
241561,2 10
243532,78 25 
243973,02 75 
245182,08 72 
245265,54 70 
245769,71 80 
246317,95 83 
246485,6 64 168
246667,13 74 163
246667,13 62 163
247480,01 150 
247506,17 68 
247811,43 249
247865,14 172 
248317,65 92 
248317,65 65 
248343,44 103 
248343,44 101 
248881,48 100 
248881,48 3
248881,48 1898
248881,48 11
250849,68 25 
250876,98 75 
252086,16 72 
252169,23 70 
252671,64 80 
253168,37 83 
253818,14 64 650
254037,5 74 203
254037,5 63 203
254849,35 150 
254875,42 68 
256084,77 92 
256084,77 65 
256100,19 103 
256100,19 101 
256639,86 100 
256639,86 3
256639,86 1898
256639,86 11
258619,74 25 
258647,07 75 
259856,13 72 
259939,28 70 
260438,85 80 
260991,78 83 
261245,13 64 254
261439,29 74 181
261439,29 63 181
261847,27 150 
261873,31 68 
263080,46 92 
263080,46 65 
263097,29 103 
263097,29 101 
263629,54 100 
263629,54 3
263629,54 1898
263629,54 10
265603,48 25 
265870,45 75 
267079,68 72 
267162,9 70 
267658,44 80 
268108,8 83 
268392,76 64 285
268576,78 74 161
268576,78 62 161
268985,86 152 
269016,96 69 
269587,37 256 
270685,75 93 
270707,29 103 
270707,29 101 
274239,14 100 
274239,14 3
274239,14 1898
274239,14 10
276212,33 25 
276239,59 75 
277446,44 72 
277531,93 70 
278030,1 80 
278531,25 83 
279071,6 64 541
279309,49 74 219
279309,49 62 219
280121 150 
280145,55 68 
280466,34 249
280515,93 172 
280956,87 92 
280956,87 65 
280983,03 103 
280983,03 101 
281528,45 100 
281528,45 3
281528,45 1898
281528,45 11
283502,65 25 
284076,11 75 
285286,19 72 
285368,61 70 
285873,79 80 
286314,46 83 
288854,26 64 2540
289109,82 74 237
289109,82 63 237
289918,61 150 
289940,65 68 
291151,2 92 
291151,2 65 
291165,36 103 
291165,36 101 
291698,33 100 
291698,33 3
291698,33 1898
291698,33 10
293671,64 25 
293699,26 75 
294908,35 72 
294991,28 70 
295493,71 80 
295990,35 83 
296529,78 64 540
296768,57 74 219
296768,57 62 219
297177,37 150 
297205,29 68 
297528,97 249
297566,56 172 
298013,57 92 
298013,57 65 
298029,14 103 
298029,14 101 
298563,64 100 
298563,64 3
298563,64 1898
298563,64 11
300535,49 25 
300562,66 75 
301768,55 72 
301855,09 70 
302345,06 80 
302894,24 83 
303073,33 64 179
303276,55 74 183
303276,55 63 183
304085,69 150 
304108,06 68 
304619,94 92 
304619,94 65 
304639,7 103 
304639,7 101 
305179,21 100 
305179,21 3
305179,21 1898
305179,21 10
307159,29 25 
307187,37 75 
308396,93 72 
308478,85 70 
308972,89 80 
309478,17 83 
309757 64 279
309778,58 256 
309819,12 74 48
309819,12 62 48
310227,58 150 
310253,89 68 
310541,58 249
310592,31 172 
311063,36 92 
311063,36 65 
311076,96 103 
311076,96 101 
311614,64 100 
311614,64 3
311614,64 1898
311614,64 10
313583,49 25 
313610,47 75 
314816,39 72 
314902,86 70 
315400,77 80 
315942,02 83 
316199,26 64 257
316490,56 74 269
316490,56 62 269
316903,09 150 
316929,35 68 
317221,39 249
317269,71 172 
317438,62 92 
317438,62 65 
317461 103 
317461 101 
317994,89 100 
317994,89 3
317994,89 1898
317994,89 10
319967,25 25 
319994,66 75 
321205,65 72 
321286,79 70 
321798,69 80 
322245,95 83 
322476,89 64 231
322666,69 74 168
322666,69 62 168
323479,6 150 
323499,86 68 
323769,68 249
323886,74 172 
324706,58 92 
324706,58 65 
324724,64 103 
324724,64 101 
325268,73 100 
325268,73 3
325268,73 1898
325268,73 11
327244,19 25 
327751,22 75 
328959,84 72 
329043,59 70 
329539,97 80 
330029,35 83 
330266,85 64 238
330454,45 74 173
330454,45 63 173
331263,14 150 
331283,4 68 
332094,67 92 
332094,67 65 
332108,1 103 
332108,1 101 
332641 100 
332641 3
332641 1898
332641 10
334614,51 25 
334641,78 75 
335851,54 72 
335934,03 70 
336425,25 80 
336973,08 83 
337204,87 64 232
337397,99 74 172
337397,99 62 172
337808,91 150 
337828,12 68 
338093,73 249
338195,71 172 
339036,66 92 
339036,66 65 
339051,87 103 
339051,87 101 
339587,87 100 
339587,87 3
339587,87 1898
339587,87 11
341558,15 25 
341985,08 75 
343193,79 72 
343464,17 70 
344177,76 80 
344929,72 83 
345021,24 64 92
345236,9 74 201
345236,9 63 201
346044,57 152 
346063,83 69 
346578,63 249 
346766,58 183 
347072,68 93 
347088,5 103 
347088,5 101 
350627,41 100 
350627,41 3
350627,41 1898
350627,41 11
352606,84 25 
352634,43 75 
353843,6 72 
354099,72 70 
354776,26 80 
355471,95 83 
355966,64 64 495
356212,81 74 222
356212,81 63 222
356621,76 150 
356645,97 68 
357856,11 92 
357856,11 65 
357870,79 103 
357870,79 101 
358405,04 100 
358405,04 3
358405,04 1898
358405,04 10
360376,98 25 
360404,32 75 
361610,75 72 
361683,34 70 
362174,69 80 
362615,6 83 
362888,91 64 274
363094,32 74 185
363094,32 62 185
363506,24 150 
363537,19 68 
363814,29 249
363976,82 172 
364046,92 92 
364046,92 65 
364068,03 103 
364068,03 101 
364600 100 
364600 3
364600 1898
364600 10
366574,4 25 
366602,05 75 
367809,62 72 
367893,87 70 
368383,7 80 
368879,63 83 
369056,69 64 178
369252,08 74 173
369252,08 62 173
370062,31 150 
370080,98 68 
370342,59 249
370432 172 
370891,97 92 
370891,97 65 
370905,19 103 
370905,19 101 
371455,56 100 
371455,56 3
371455,56 1898
371455,56 11
373424,76 25 
373452,23 75 
374663,02 72 
374744,32 70 
375239,41 80 
375716,8 83 
375908,13 64 191
376100,58 74 171
376100,58 63 171
376911,63 150 
376930,74 68 
378138,89 92 
378138,89 65 
378168,72 103 
378168,72 101 
378701,91 100 
378701,91 3
378701,91 1898
378701,91 11
380675,01 25 
381608,38 75 
382817,72 72 
382900,86 70 
383389,43 80 
383926,64 83 
384152,33 64 226
385179,04 74 1013
385179,04 62 1013
385588,23 151 
385607,83 69 
386011,78 249 
386418,4 182 
386686,5 93 
386698,45 103 
386698,45 101 
390234,16 100 
390234,16 3
390234,16 1898
390234,16 10
392203,51 25 
392230,97 75 
393438,34 72 
393523,05 70 
394020,5 80 
394455,55 83 
394770,13 64 315
394932,19 74 144
394932,19 62 144
395339,73 150 
395363,83 68 
395659,42 249
395873,87 92 
395873,87 65 
395894,58 103 
395894,58 101 
396433,35 100 
396433,35 3
396433,35 1898
396433,35 11
398414,26 25 
398441,63 75 
399648,59 72 
399733,81 70 
400225,08 80 
400653 83 
400944,36 64 292
401141,29 74 182
401141,29 63 182
401949,44 152 
401973,53 69 
402335,81 249 
402363,18 256 
402506,52 183 
403173,8 93 
403184,84 103 
403184,84 101 
406721,93 100 
406721,93 3
406721,93 1898
406721,93 11
408689,96 25 
408717,3 75 
409924,97 72 
410009,45 70 
410505,99 80 
411048,56 83 
411583,64 64 536
411808,79 74 201
411808,79 61 201
412616,57 151 
412637,27 69 
413647,87 93 
413660,44 103 
413660,44 101 
417195,29 100 
417195,29 3
417195,29 1898
417195,29 11
419165,5 25 
419192,93 75 
420399,99 72 
420485,03 70 
420965,78 80 
421457,5 83 
422615,22 64 1158
423061,21 74 431
423061,21 62 431
423468,31 151 
423498,6 69 
423839,38 249 
424272,34 182 
424523,48 93 
424535,88 103 
424535,88 101 
428079,83 100 
428079,83 3
428079,83 1898
428079,83 11
430054,21 25 
430081,62 75 
431290,55 72 
431373,74 70 
431859,92 80 
432359,64 83 
434360,26 64 2001
434998,05 74 613
434998,05 62 613
435808,1 151 
435825,85 69 
436135,37 249 
436699,57 182 
438085,48 93 
438103,61 103 
438103,61 101 
441636,5 100 
441636,5 5
441636,5 1898
441636,5 10
441636,5 78 
441636,5 198 
443609,49 25 
443955,39 75 
445163,31 72 
445247,93 70 
445740,24 80 
446287,17 83 
447138,09 64 851
447382,99 74 230
447382,99 62 230
447793,93 151 
447820,9 69 
448289,47 249 
448656,42 182 
449853,18 93 
449871,85 103 
449871,85 101 
453412,77 100 
453412,77 5
453412,77 1898
453412,77 10
455390,19 25 
455417,72 75 
456625,15 72 
456896,55 70 
457704,75 80 
458442,16 83 
458913,2 64 471
459328,77 74 394
459328,77 63 394
460138,71 150 
460162,42 68 
460670,65 92 
460670,65 65 
460694 103 
460694 101 
461235,38 100 
461235,38 5
461235,38 1898
461235,38 10
463213,6 25 
463600,6 75 
464809,92 72 
465146,28 70 
465768,31 80 
466358,6 83 
467301,63 64 944
467768,96 74 451
467768,96 61 451
468179,02 151 
468198,97 69 
468955,44 249 
469326,93 181 
470329,9 93 
470343,24 103 
470343,24 101 
473877,88 100 
473877,88 5
473877,88 1898
473877,88 10
475848,25 25 
475875,57 75 
477085,33 72 
477301,18 70 
477806,65 80 
478366,88 83 
478658,94 64 292
479851,2 74 1178
479851,2 63 1178
480258,98 150 
480287,89 68 
481096,48 92 
481096,48 65 
481112,03 103 
481112,03 101 
481645,28 100 
481645,28 5
481645,28 1898
481645,28 11
483618,32 25 
483646,66 75 
484856,44 72 
484937,87 70 
485424,44 80 
485870,47 83 
486974,68 64 1105
487718,63 74 729
487718,63 61 729
488527,78 151 
488551,13 69 
489060,73 93 
489082,04 103 
489082,04 101 
492629,82 100 
492629,82 5
492629,82 1898
492629,82 10
494600,4 25 
494627,94 75 
495835,58 72 
495919,91 70 
496408,09 80 
496892,4 83 
497222,89 64 331
497431,63 74 193
497431,63 63 193
497844,14 150 
497867,33 68 
498676,17 92 
498676,17 65 
498691,39 103 
498691,39 101 
499224,4 100 
499224,4 5
499224,4 1898
499224,4 11
501197,58 25 
501225,18 75 
502433,76 72 
502517,22 70 
503012,18 80 
503463,02 83 
503669,69 64 207
503893,38 74 204
503893,38 63 204
504703,1 151 
504731,01 69 
505239,81 93 
505261,9 103 
505261,9 101 
508798,93 100 
508798,93 5
508798,93 1898
508798,93 10
510766,94 25 
510795,42 75 
512003,78 72 
512086,48 70 
512580,6 80 
513125,58 83 
513768,31 64 643
514511,9 74 720
514511,9 61 720
514923,9 151 
514952,95 69 
515494,28 249 
515692 181 
516492,63 93 
516510,48 103 
516510,48 101 
520048,91 100 
520048,91 5
520048,91 1898
520048,91 10
522028,83 25 
522056,11 75 
523266,4 72 
523348,4 70 
523844,42 80 
524387,48 83 
524832,6 64 446
527101,69 74 2248
527101,69 62 2248
527911,82 151 
527934,47 69 
528943,89 93 
528958,54 103 
528958,54 101 
532492,81 100 
532492,81 5
532492,81 1898
532492,81 10
534463,59 25 
534490,91 75 
535698,88 72 
535783,11 70 
536269,53 80 
536702,67 83 
546065,51 64 9364
546529,61 74 445
546529,61 63 445
546941,22 150 
546966,49 68 
547478,49 92 
547478,49 65 
547497,42 103 
547497,42 101 
548032,06 100 
548032,06 5
548032,06 1898
548032,06 11
550003,7 25 
550031,33 75 
551239,57 72 
551323,25 70 
551829,8 80 
552309,11 83 
552694,9 64 386
552980,69 74 272
552980,69 62 272
553790,33 150 
553816,97 68 
554139,89 249
554393,46 172 
554626,82 92 
554626,82 65 
554641,08 103 
554641,08 101 
555186,02 100 
555186,02 5
555186,02 1898
555186,02 10
557160,7 25 
557189,01 75 
558395,67 72 
558480,32 70 
558965,61 80 
559506,1 83 
559585 64 79
559771,86 74 173
559771,86 63 173
560181,38 150 
560201,33 68 
561411,34 92 
561411,34 65 
561424,99 103 
561424,99 101 
561956,71 100 
561956,71 5
561956,71 1898
561956,71 11
563931,14 25 
564331,36 75 
565540,83 72 
565623,89 70 
566123,95 80 
566623,06 83 
566923,69 64 301
567131,91 74 189
567131,91 62 189
567942,2 150 
567970,99 68 
568280,13 249
568338,08 172 
568481,65 92 
568481,65 65 
568501,89 103 
568501,89 101 
569040,24 100 
569040,24 5
569040,24 1898
569040,24 11
571008,29 25 
571038,29 75 
572246,41 72 
572327,74 70 
572831,77 80 
573260,23 83 
573514,42 64 255
573704,43 74 178
573704,43 62 178
574517,07 152 
574541,15 69 
574906,2 249 
575102,1 256 
575355,78 182 
576770,65 93 
576791,72 103 
576791,72 101 
580328,51 100 
580328,51 5
580328,51 1898
580328,51 11
582310,12 25 
582337,92 75 
583545,46 72 
583803,19 70 
584626,5 80 
585361,82 83 
585634,92 64 273
585945,75 74 291
585945,75 62 291
586357,08 150 
586377,51 68 
586710,32 249
587185,89 92 
587185,89 65 
587200,69 103 
587200,69 101 
587735,82 100 
587735,82 5
587735,82 1898
587735,82 11
589707,01 25 
589734,16 75 
590941,45 72 
591026,69 70 
591514,58 80 
591959,04 83 
592187,74 64 229
592218,82 74 7
592218,82 62 7
592630,21 150 
592653,18 68 
592957,16 249
592996,97 172 
593863,79 92 
593863,79 65 
593877,92 103 
593877,92 101 
594409,64 100 
594409,64 5
594409,64 1898
594409,64 11
596384,2 25 
596424,75 75 
597634,79 72 
597717,03 70 
598216,16 80 
598702,92 83 
598898,84 64 196
599049,87 74 134
599049,87 62 134
599857,58 150 
599876,88 68 
600166,87 249
600266,49 172 
600413,66 92 
600413,66 65 
600435,11 103 
600435,11 101 
600983,27 100 
600983,27 5
600983,27 1898
600983,27 10
602954,71 25 
602982,73 75 
604190,55 72 
604274,26 70 
604773,96 80 
605273,46 83 
605403,32 64 130
605590,55 74 171
605590,55 63 171
606000,83 150 
606020,95 68 
606532,6 92 
606532,6 65 
606552,52 103 
606552,52 101 
607084,19 100 
607084,19 5
607084,19 1898
607084,19 10
609058,82 25 
609086,26 75 
610295,95 72 
610378,46 70 
610884,93 80 
611310,9 83 
611619,19 64 308
611804,75 74 161
611804,75 63 161
612613,43 150 
612632,16 68 
613443,56 92 
613443,56 65 
613469,65 103 
613469,65 101 
614004,79 100 
614004,79 5
614004,79 1898
614004,79 11
615976,01 25 
616003,09 75 
617210,63 72 
617295,48 70 
617781,29 80 
618321,27 83 
618548,19 64 227
618568,4 256 
618597,07 74 36
618597,07 62 36
619007,84 150 
619029,57 68 
619337,36 249
620237,5 92 
620237,5 65 
620253,42 103 
620253,42 101 
620794,43 100 
620794,43 5
620794,43 1898
620794,43 11
622773,07 25 
622813,75 75 
624022,87 72 
624105,92 70 
624602,88 80 
625051,8 83 
625300,58 64 250
625325,97 256 
625357,27 74 39
625357,27 62 39
626164,59 150 
626185,68 68 
626474,51 249
626540,4 172 
626996,06 92 
626996,06 65 
627010,6 103 
627010,6 101 
627549,82 100 
627549,82 5
627549,82 1898
627549,82 10
629530,29 25 
629557,92 75 
630764,52 72 
630849,72 70 
631342,11 80 
631875,65 83 
632060,78 64 186
632221,34 74 147
632221,34 63 147
632629,57 152 
632650,39 69 
633160,64 93 
633181,31 103 
633181,31 101 
636714,33 100 
636714,33 5
636714,33 1898
636714,33 10
638686,34 25 
638713,78 75 
639922,81 72 
640005,88 70 
640503,35 80 
640991,75 83 
641333,48 64 343
641531,93 256 
641541,12 74 190
641541,12 63 190
642353,37 150 
642378,92 68 
643591,8 92 
643591,8 65 
643616,95 103 
643616,95 101 
644159,57 100 
644159,57 5
644159,57 1898
644159,57 11
646136,54 25 
646164,28 75 
647372,86 72 
647456,12 70 
647954,43 80 
648401,96 83 
648620,34 64 219
648753,53 74 112
648753,53 62 112
649166,39 150 
649190,2 68 
649487,04 249
649535,03 172 
649997,69 92 
649997,69 65 
650014,32 103 
650014,32 101 
650546,77 100 
650546,77 5
650546,77 1898
650546,77 10
652520,54 25 
652720,85 75 
653929,2 72 
654013,33 70 
654521,58 80 
655012,58 83 
655206,29 64 194
655372,71 74 148
655372,71 63 148
656181,61 150 
656200,59 68 
657410,06 92 
657410,06 65 
657424,45 103 
657424,45 101 
657960,08 100 
657960,08 5
657960,08 1898
657960,08 11
659930,71 25 
659958,69 75 
661165,19 72 
661250,3 70 
661740,48 80 
662289,51 83 
662502,02 64 213
662657,73 74 142
662657,73 62 142
663467,68 150 
663491,72 68 
663801,9 249
664002,25 92 
664002,25 65 
664021,66 103 
664021,66 101 
664564,08 100 
664564,08 5
664564,08 1898
664564,08 10
666541,26 25 
666888,26 75 
668096,02 72 
668180,79 70 
668676,29 80 
669113,4 83 
669283,13 64 170
669451,26 74 151
669451,26 63 151
669859,89 150 
669887,47 68 
671099,12 92 
671099,12 65 
671112,23 103 
671112,23 101 
671645,44 100 
671645,44 5
671645,44 1898
671645,44 11
673618,31 25 
673645,72 75 
674853,09 72 
674937,98 70 
675440,61 80 
675976,99 83 
676247,78 64 271
676276,97 256 
676309,77 74 40
676309,77 62 40
676721,34 150 
676751,98 68 
677079,74 249
677560,4 92 
677560,4 65 
677575,97 103 
677575,97 101 
678108,96 100 
678108,96 5
678108,96 1898
678108,96 11
680082,23 25 
680575,96 75 
681784,82 72 
681868,32 70 
682366,84 80 
682854,11 83 
683024,21 64 170
683236,58 74 197
683236,58 62 197
684046,51 150 
684068,09 68 
684447,5 249
684577,36 92 
684577,36 65 
684599,69 103 
684599,69 101 
685147,13 100 
685147,13 5
685147,13 1898
685147,13 11
687119,32 25 
687146,67 75 
688357,62 72 
688705,44 70 
689333,58 80 
689891,08 83 
689898,68 64 8
690030,74 74 113
690030,74 62 113
690843,64 150 
690865,17 68 
691128,31 249
692077,63 92 
692077,63 65 
692103,2 103 
692103,2 101 
692635,94 100 
692635,94 5
692635,94 1898
692635,94 10
694609,5 25 
694636,69 75 
695843,38 72 
696062,32 70 
696591,38 80 
697101,4 83 
697276,01 64 175
697450,82 74 150
697450,82 63 150
697859,95 152 
697889,65 69 
698401,65 93 
698420,51 103 
698420,51 101 
701954,62 100 
701954,62 5
701954,62 1898
701954,62 11
703925,53 25 
703952,84 75 
705160,26 72 
705245,06 70 
705734,73 80 
706270,88 83 
706454,43 64 184
706624,52 74 154
706624,52 62 154
707032,96 150 
707058,42 68 
707374,89 249
707441,46 172 
707871,25 92 
707871,25 65 
707896,55 103 
707896,55 101 
708437,75 100 
708437,75 5
708437,75 1898
708437,75 10
710416,17 25 
710443,66 75 
711651,42 72 
711735,7 70 
712216,92 80 
712748,15 83 
712854,93 64 107
713001,68 74 134
713001,68 63 134
713810,97 150 
713828,9 68 
714637,69 92 
714637,69 65 
714653,68 103 
714653,68 101 
715189,47 100 
715189,47 5
715189,47 1898
715189,47 10
717159,95 25 
717626,86 75 
718836,04 72 
718919,38 70 
719413,71 80 
719851,83 83 
720191,32 64 339
720371,54 74 161
720371,54 63 161
721182,2 150 
721213,08 68 
722424,33 92 
722424,33 65 
722437,15 103 
722437,15 101 
722969,56 100 
722969,56 5
722969,56 1898
722969,56 10
724943,4 25 
725383,52 75 
726592,1 72 
726676,23 70 
727177,56 80 
727661,88 83 
727859,07 64 197
728041,86 74 167
728041,86 63 167
728454,67 150 
728476,72 68 
728988,67 92 
728988,67 65 
729007,69 103 
729007,69 101 
729555,14 100 
729555,14 5
729555,14 1898
729555,14 11
731527,3 25 
731994,34 75 
733200,51 72 
733286,61 70 
733775,65 80 
734219,15 83 
734462,48 64 244
734656,37 74 172
734656,37 62 172
735065,46 150 
735087,42 68 
735346,75 249
735425,22 172 
735598,84 92 
735598,84 65 
735618,15 103 
735618,15 101 
736150,37 100 
736150,37 5
736150,37 1898
736150,37 11
738124,44 25 
738151,89 75 
739359,25 72 
739444,01 70 
739948,53 80 
740443,15 83 
740568,26 64 125
740756,29 74 167
740756,29 62 167
741563,93 150 
741590,76 68 
741877,35 249
741986,8 172 
742398,58 92 
742398,58 65 
742415,37 103 
742415,37 101 
742958,76 100 
742958,76 5
742958,76 1898
742958,76 11
744934,96 25 
744962,62 75 
746171,82 72 
746254,46 70 
746750,67 80 
747293,6 83 
747516,93 64 224
747710,15 74 177
747710,15 62 177
748119,74 150 
748147,76 68 
748414,29 249
748557,63 172 
749358,41 92 
749358,41 65 
749372,39 103 
749372,39 101 
749913,31 100 
749913,31 5
749913,31 1898
749913,31 10
751891,97 25 
751919,51 75 
753125,68 72 
753211,54 70 
753709,93 80 
754144,04 83 
754431,49 64 288
754641,26 74 191
754641,26 63 191
755451,48 150 
755478,01 68 
756688,11 92 
756688,11 65 
756702,63 103 
756702,63 101 
757234,34 100 
757234,34 5
757234,34 1898
757234,34 11
759208,9 25 
759236,2 75 
760444,77 72 
760528,48 70 
761032,07 80 
761540,93 83 
761761,34 64 220
761916,53 74 136
761916,53 62 136
762327,98 150 
762355,81 68 
762638,97 249
762734,54 172 
763166,12 92 
763166,12 65 
763179,91 103 
763179,91 101 
763712,65 100 
763712,65 5
763712,65 1898
763712,65 10
765686,16 25 
766606,19 75 
767813,19 72 
767898,74 70 
768400,86 80 
768937,85 83 
769160,92 64 223
769344,29 74 167
769344,29 63 167
770153,43 150 
770178,43 68 
770686,31 92 
770686,31 65 
770710,05 103 
770710,05 101 
771254,9 100 
771254,9 5
771254,9 1898
771254,9 10
773229,77 25 
773683,22 75 
774892,51 72 
774975,7 70 
775465,19 80 
775894,97 83 
776301,48 64 407
776525,2 74 204
776525,2 63 204
776935,21 150 
776963,13 68 
777472,01 92 
777472,01 65 
777493,87 103 
777493,87 101 
778029,83 100 
778029,83 5
778029,83 1898
778029,83 10
780000,19 25 
780027,42 75 
781234,31 72 
781306,56 70 
781804,37 80 
782292,21 83 
782572,07 64 280
782759,95 74 175
782759,95 63 175
783567,46 150 
783586,9 68 
784399,67 92 
784399,67 65 
784424,29 103 
784424,29 101 
784958,8 100 
784958,8 5
784958,8 1898
784958,8 10
786930,57 25 
787397,46 75 
788605,59 72 
788690,18 70 
789175,99 80 
789716,03 83 
789975,92 64 260
790159,42 74 165
790159,42 63 165
790570,5 150 
790597,26 68 
791504,67 256 
795458,42 92 
795458,42 65 
795472,98 103 
795472,98 101 
796016,81 100 
796016,81 5
796016,81 1898
796016,81 11
797992,63 25 
798219,61 75 
799428,99 72 
799685,32 70 
800354,4 80 
801044,39 83 
801231,19 64 187
801375,74 74 132
801375,74 62 132
802186,68 152 
802205,75 69 
802497,88 249 
804621,35 182 
804689,59 93 
804709,09 103 
804709,09 101 
808246,84 100 
808246,84 5
808246,84 1898
808246,84 10
810227,52 25 
810254,77 75 
811462,56 72 
811546,97 70 
812054,45 80 
812532,78 83 
812914,97 64 382
813521,39 74 590
813521,39 63 590
813753,08 256 
814226,34 150 
814253,96 68 
815083,39 92 
815083,39 65 
815104,7 103 
815104,7 101 
815637,05 100 
815637,05 5
815637,05 1898
815637,05 11
817611,94 25 
817638,54 75 
818845,08 72 
818930,58 70 
819421,88 80 
819929,72 83 
820173,46 64 245
820360,27 74 164
820360,27 62 164
821169,96 150 
821197,78 68 
821519,24 249
822007,98 92 
822007,98 65 
822021,8 103 
822021,8 101 
822565,73 100 
822565,73 5
822565,73 1898
822565,73 11
824541,42 25 
825128,18 75 
826335,07 72 
826420,7 70 
826916,26 80 
827366,53 83 
827545,96 64 180
827732,09 74 166
827732,09 62 166
828142,04 152 
828168,19 69 
828503,36 249 
828691,59 256 
829575,63 182 
829799,12 93 
829818,5 103 
829818,5 101 
833350,3 100 
833350,3 5
833350,3 1898
833350,3 10
835323,58 25 
835457,24 75 
836664,34 72 
836749,75 70 
837248,56 80 
837788,81 83 
837894,39 64 106
838074,44 74 166
838074,44 63 166
838884,86 150 
838909,47 68 
839419,07 92 
839419,07 65 
839441,15 103 
839441,15 101 
839978,79 100 
839978,79 5
839978,79 1898
839978,79 10
841947,45 25 
842494,24 75 
843701,93 72 
843786,71 70 
844286,63 80 
844772,61 83 
844848,64 64 77
845063,35 74 197
845063,35 63 197
845876,1 150 
845907,39 68 
847116,44 92 
847116,44 65 
847131,2 103 
847131,2 101 
847669,84 100 
847669,84 5
847669,84 1898
847669,84 11
849650,81 25 
849678,84 75 
850887,35 72 
850970,46 70 
851467,14 80 
851916,22 83 
852137,57 64 222
852162,79 256 
852194,85 74 39
852194,85 62 39
852604,08 150 
852624,64 68 
852940,84 249
853836,41 92 
853836,41 65 
853861,7 103 
853861,7 101 
854394,99 100 
854394,99 5
854394,99 1898
854394,99 11
856368,02 25 
857021,47 75 
858231,36 72 
858314,03 70 
858824,1 80 
859313,14 83 
859428,6 64 116
859608,13 74 162
859608,13 62 162
860015,6 150 
860034,06 68 
860328,89 249
860844,92 92 
860844,92 65 
860858,74 103 
860858,74 101 
861390,56 100 
861390,56 5
861390,56 1898
861390,56 11
863365,17 25 
863392,31 75 
864600,34 72 
864684,59 70 
865177,95 80 
865710,53 83 
865836,48 64 127
866018,64 74 162
866018,64 62 162
866830,54 150 
866857,68 68 
867366,45 92 
867366,45 65 
867389,35 103 
867389,35 101 
867933,57 100 
867933,57 5
867933,57 1898
867933,57 10
869908,98 25 
872495,12 75 
873703,72 72 
873787,44 70 
874272,53 80 
874706,68 83 
874897,87 64 192
875000,94 256 
875029,4 74 110
875029,4 63 110
875841,63 150 
875867,29 68 
876378,69 92 
876378,69 65 
876398,89 103 
876398,89 101 
876930,22 100 
876930,22 5
876930,22 1898
876930,22 10
878905,31 25 
879345,41 75 
880553,19 72 
880637,98 70 
881136,07 80 
881677,04 83 
881773,36 64 97
881959,64 74 163
881959,64 63 163
882370,97 150 
882398,54 68 
883606,85 92 
883606,85 65 
883622,48 103 
883622,48 101 
884154,99 100 
884154,99 5
884154,99 1898
884154,99 11
886128,79 25 
887008,78 75 
888215,66 72 
888301,33 70 
888797,35 80 
889287,17 83 
889443,53 64 157
889636,93 74 177
889636,93 62 177
890044,22 150 
890062,19 68 
890374,6 249
890423,32 172 
890873,34 92 
890873,34 65 
890899,44 103 
890899,44 101 
891438,61 100 
891438,61 5
891438,61 1898
891438,61 11
893419,13 25 
895898,45 75 
897106,27 72 
897190,88 70 
897690,43 80 
898176,71 83 
898337,31 64 161
898484,77 74 135
898484,77 62 135
899293,11 150 
899310,81 68 
899636,6 249
899675,36 172 
900519,83 92 
900519,83 65 
900535,39 103 
900535,39 101 
901070,9 100 
901070,9 5
901070,9 1898
901070,9 10
903041,65 25 
903521,84 75 
904728,87 72 
904814,46 70 
905312,7 80 
905840,27 83 
906130,75 64 290
906299,65 74 154
906299,65 63 154
906711,46 150 
906735,23 68 
907245,01 92 
907245,01 65 
907265,89 103 
907265,89 101 
907800,11 100 
907800,11 5
907800,11 1898
907800,11 11
909772,14 25 
909799,65 75 
911008,44 72 
911278,29 70 
912109,83 80 
912850,54 83 
912988,34 64 138
913138,32 74 128
913138,32 62 128
913949,13 152 
913971,9 69 
914297,42 249 
914752,33 182 
916336,74 93 
916355,37 103 
916355,37 101 
919898,63 100 
919898,63 5
919898,63 1898
919898,63 11
921873,78 25 
921967,47 75 
923176,46 72 
923433,28 70 
924092,5 80 
924752,28 83 
924783,66 64 32
925042,31 74 237
925042,31 62 237
925451,22 150 
925473,73 68 
925775,06 249
925812,5 172 
926685,65 92 
926685,65 65 
926711 103 
926711 101 
927243,44 100 
927243,44 5
927243,44 1898
927243,44 10
929217,28 25 
929258,45 75 
930467,57 72 
930550,21 70 
931037,48 80 
931469,45 83 
931684,83 64 216
931847,21 74 138
931847,21 63 138
932654,66 150 
932683,24 68 
933192,74 92 
933192,74 65 
933214,95 103 
933214,95 101 
933751,22 100 
933751,22 5
933751,22 1898
933751,22 10
935721,19 25 
935748,83 75 
936955,44 72 
937040,77 70 
937546,76 80 
938053,25 83 
938160,49 64 108
938344,74 74 172
938344,74 63 172
938753,26 150 
938774,84 68 
939235,5 249
939273,67 173 
939585,66 92 
939585,66 65 
939598,98 103 
939598,98 101 
940140,44 100 
940140,44 5
940140,44 1898
940140,44 10
942118,52 25 
943931,49 75 
945137,75 72 
945224 70 
945711,95 80 
946156,54 83 
946380,62 64 225
946547,97 74 152
946547,97 63 152
947356,38 150 
947384,58 68 
947894 92 
947894 65 
947915,42 103 
947915,42 101 
948451,44 100 
948451,44 5
948451,44 1898
948451,44 10
950421,7 25 
951621,62 75 
952828,79 72 
952914,11 70 
953409,69 80 
953913,26 83 
954119,06 64 206
954316,5 74 177
954316,5 63 177
955123,96 150 
955154,57 68 
955837,5 249
955959,84 173 
956368,65 92 
956368,65 65 
956391,85 103 
956391,85 101 
956925,42 100 
956925,42 5
956925,42 1898
956925,42 11
958898,12 25 
959444,94 75 
960653,29 72 
960737,5 70 
961228,04 80 
961776,58 83 
961887,45 64 112
962039,87 74 130
962039,87 62 130
962447,88 150 
962471,47 68 
962762,36 249
963281,3 92 
963281,3 65 
963295,62 103 
963295,62 101 
963844,59 100 
963844,59 5
963844,59 1898
963844,59 11
965815,26 25 
965843,06 75 
967050,68 72 
967134,8 70 
967623,28 80 
968067,29 83 
968312,6 64 246
968452,68 74 119
968452,68 62 119
969263,46 152 
969281,19 69 
969584,92 249 
970028,96 182 
970052,71 256 
971516,59 93 
971532,25 103 
971532,25 101 
975067,01 100 
975067,01 5
975067,01 1898
975067,01 11
977037,21 25 
977197,5 75 
978406,16 72 
978490,04 70 
979000,62 80 
979555,86 83 
979805,29 64 249
979830,11 256 
979865,93 74 44
979865,93 62 44
980273,73 150 
980303,4 68 
980592,24 249
980694,81 172 
981162,04 92 
981162,04 65 
981181,56 103 
981181,56 101 
981717,47 100 
981717,47 5
981717,47 1898
981717,47 10
983687,72 25 
983715,24 75 
984923,22 72 
985007,32 70 
985508,78 80 
986006,53 83 
986244,53 64 239
986416,36 74 157
986416,36 63 157
987231,98 150 
987261,05 68 
988068,63 92 
988068,63 65 
988085,2 103 
988085,2 101 
988625,54 100 
988625,54 5
988625,54 1898
988625,54 10
990604,78 25 
991804,65 75 
993015,28 72 
993097,16 70 
993599,46 80 
994136,34 83 
994302,89 64 167
994539,53 74 217
994539,53 63 217
994948 150 
994977,77 68 
996188,09 92 
996188,09 65 
996202,11 103 
996202,11 101 
996737,66 100 
996737,66 5
996737,66 1898
996737,66 11
998708,06 25 
1000241,12 75 
1001449,62 72 
1001533,72 70 
1002032,86 80 
1002532,84 83 
1002694,68 64 162
1002889,99 74 171
1002889,99 62 171
1003304,67 150 
1003334,49 68 
1003601,47 249
1003843,36 92 
1003843,36 65 
1003865,21 103 
1003865,21 101 
1004396,8 100 
1004396,8 5
1004396,8 1898
1004396,8 10
1006371,47 25 
1007024,91 75 
1008231,95 72 
1008317,51 70 
1008816,53 80 
1009263,3 83 
1009608,46 64 346
1009807,58 74 185
1009807,58 63 185
1010617,47 150 
1010637,2 68 
1011447,23 92 
1011447,23 65 
1011462 103 
1011462 101 
1012004,62 100 
1012004,62 5
1012004,62 1898
1012004,62 10
1013981,61 25 
1015501,31 75 
1016709,81 72 
1016793,9 70 
1017286,61 80 
1017793,1 83 
1018041,14 64 248
1018234,26 74 175
1018234,26 63 175
1018644,89 150 
1018674,6 68 
1019184,69 92 
1019184,69 65 
1019205,38 103 
1019205,38 101 
1019737,21 100 
1019737,21 5
1019737,21 1898
1019737,21 10
1021711,74 25 
1022271,86 75 
1023481,56 72 
1023564,34 70 
1024076,55 80 
1024523,48 83 
1024786,02 64 263
1024991,04 74 188
1024991,04 63 188
1025800,07 150 
1025818,65 68 
1027027,74 92 
1027027,74 65 
1027042,11 103 
1027042,11 101 
1027577,29 100 
1027577,29 5
1027577,29 1898
1027577,29 11
1029548,37 25 
1030055,21 75 
1031264,11 72 
1031347,74 70 
1032261,96 80 
1033038,58 250 
1033053,15 101 
1035066,12 100 
1035066,12 5
1035066,12 1898
1035066,12 11
1035066,12 25 
1036292,71 75 
1037502,03 72 
1037771,69 70 
1038501,73 80 
1039237,3 83 
1039320,23 64 83
1039536,82 74 193
1039536,82 62 193
1039946,6 150 
1039972,28 68 
1040269,63 249
1040325,69 172 
1040779,81 92 
1040779,81 65 
1040796,32 103 
1040796,32 101 
1041337,65 100 
1041337,65 5
1041337,65 1898
1041337,65 11
1043315,92 25 
1043662,9 75 
1044871,51 72 
1045128,61 70 
1045965,23 80 
1046714,41 83 
1046829,56 64 116
1047052,11 74 205
1047052,11 62 205
1047860,01 150 
1047888,22 68 
1048192,99 249
1048237,03 172 
1048400,6 92 
1048400,6 65 
1048419,77 103 
1048419,77 101 
1048953,35 100 
1048953,35 2
1048953,35 1898
1048953,35 10
1048953,35 78 
1048953,35 198 
1050926,04 25 
1051379,53 75 
1052588,45 72 
1052805,41 70 
1053315,17 80 
1053817,88 83 
1053863,27 64 45
1054051,2 74 167
1054051,2 63 167
1054858,97 151 
1054885,24 69 
1055199,62 249 
1055235,74 256 
1055498,43 183 
1055962,35 93 
1055976,59 103 
1055976,59 101 
1059510,54 100 
1059510,54 2
1059510,54 1898
1059510,54 11
1061481,65 25 
1062908,02 75 
1064119,25 72 
1064200,62 70 
1064697,07 80 
1065239,77 83 
1065517,53 64 279
1065539,54 256 
1065712,68 74 180
1065712,68 62 180
1066122,76 151 
1066147,82 69 
1066513,62 249 
1067014,71 182 
1068046,29 256 
1069219,33 93 
1069237,67 103 
1069237,67 101 
1072784,15 100 
1072784,15 2
1072784,15 1898
1072784,15 10
1074756,06 25 
1074783,86 75 
1075992,75 72 
1076075,55 70 
1076566,91 80 
1077101,36 83 
1077235,6 64 135
1077407,49 74 160
1077407,49 63 160
1077817,83 151 
1077837,23 69 
1078847,22 93 
1078860,27 103 
1078860,27 101 
1082392,39 100 
1082392,39 2
1082392,39 1898
1082392,39 11
1084365,28 25 
1084392,75 75 
1085601,65 72 
1085684,84 70 
1086183,42 80 
1086617,36 83 
1087494,97 64 878
1088136,9 74 627
1088136,9 62 627
1088948,55 151 
1088977,44 69 
1089343,19 249 
1089524,6 256 
1090468,71 182 
1091514,69 93 
1091534,97 103 
1091534,97 101 
1095069,44 100 
1095069,44 2
1095069,44 1898
1095069,44 10
1097040,13 25 
1097067,39 75 
1098275,2 72 
1098359,56 70 
1098854,94 80 
1099358,62 83 
1099663,66 64 306
1099833,16 74 155
1099833,16 61 155
1100644,54 150 
1100666,7 68 
1101179,37 92 
1101179,37 65 
1101197,51 103 
1101197,51 101 
1101735,47 100 
1101735,47 2
1101735,47 1898
1101735,47 11
1103717,21 25 
1103744,4 75 
1104952,07 72 
1105036,69 70 
1105526,33 80 
1106009,21 83 
1106249,53 64 241
1106929,33 74 655
1106929,33 63 655
1107340,07 152 
1107369,7 69 
1108136,8 249 
1108178,25 93 
1108195,56 103 
1108195,56 101 
1111732,59 100 
1111732,59 2
1111732,59 1898
1111732,59 10
1113712,96 25 
1113740,26 75 
1114947,72 72 
1115032,49 70 
1115524,54 80 
1116071,66 83 
1117203,97 64 1133
1117637,39 74 420
1117637,39 62 420
1118049,01 151 
1118071,92 69 
1118387,02 249 
1119698,54 93 
1119709,71 103 
1119709,71 101 
1123242,94 100 
1123242,94 2
1123242,94 1898
1123242,94 11
1125214,76 25 
1125921,59 75 
1127131,88 72 
1127214,04 70 
1127715,16 80 
1128146,5 83 
1129536,91 64 1391
1129742,01 74 183
1129742,01 61 183
1130550,98 151 
1130573,28 69 
1131585,39 93 
1131598,07 103 
1131598,07 101 
1135144,97 100 
1135144,97 2
1135144,97 1898
1135144,97 10
1137116,38 25 
1137196,72 75 
1138403,56 72 
1138489,32 70 
1138992,17 80 
1139421,79 83 
1140258,18 64 836
1140618,39 256 
1140823,45 74 550
1140823,45 62 550
1141632,95 151 
1141662,72 69 
1142026,06 249 
1142505,87 182 
1143191,14 256 
1143843,64 93 
1143859,54 103 
1143859,54 101 
1147391,5 100 
1147391,5 2
1147391,5 1898
1147391,5 11
1149364,6 25 
1149391,82 75 
1150601,64 72 
1150684,17 70 
1151184,18 80 
1151669,93 83 
1151964,13 64 294
1152275,56 74 286
1152275,56 63 286
1152687,97 150 
1152711,42 68 
1153923 92 
1153923 65 
1153948,65 103 
1153948,65 101 
1154486,76 100 
1154486,76 2
1154486,76 1898
1154486,76 11
1156455,01 25 
1156708,71 75 
1157916,3 72 
1158174,38 70 
1158849,45 80 
1159440,01 83 
1159621,78 64 182
1159873,72 74 234
1159873,72 63 234
1160685,7 150 
1160707,98 68 
1161219,18 92 
1161219,18 65 
1161238,87 103 
1161238,87 101 
1161777,45 100 
1161777,45 2
1161777,45 1898
1161777,45 10
1163758,5 25 
1164452 75 
1165661,13 72 
1165744,47 70 
1166241,31 80 
1166690,38 83 
1167709,41 64 1020
1169047,83 74 1318
1169047,83 62 1318
1169455,99 151 
1169476,94 69 
1169831,06 249 
1170861,79 256 
1171489,06 182 
1171707,61 93 
1171727,83 103 
1171727,83 101 
1175261,45 100 
1175261,45 2
1175261,45 1898
1175261,45 10
1177232,87 25 
1177752,98 75 
1178959,95 72 
1179045,55 70 
1179547,28 80 
1180044,67 83 
1180861,01 64 817
1181166,95 74 283
1181166,95 63 283
1181975,45 153 
1182005,68 68 
1182418,02 249
1182484,19 173 
1182817,24 92 
1182817,24 65 
1182843,13 103 
1182843,13 101 
1183376,16 100 
1183376,16 2
1183376,16 1898
1183376,16 10
1185349,49 25 
1185376,73 75 
1186584,51 72 
1186669,03 70 
1187156,97 80 
1187694,81 83 
1187767,62 64 73
1187949,62 74 162
1187949,62 63 162
1188358,56 151 
1188389,76 69 
1188901,59 93 
1188920,58 103 
1188920,58 101 
1192470,11 100 
1192470,11 2
1192470,11 1898
1192470,11 11
1194438,93 25 
1197491,32 75 
1198698,95 72 
1198783,93 70 
1199270,18 80 
1199809,71 83 
1200581,07 64 772
1201417,87 74 822
1201417,87 63 822
1202228,77 150 
1202250,52 68 
1203064,04 92 
1203064,04 65 
1203087,99 103 
1203087,99 101 
1203621,24 100 
1203621,24 2
1203621,24 1898
1203621,24 11
1205594,29 25 
1206487,54 75 
1207695,26 72 
1207780,15 70 
1208277,98 80 
1208779,24 83 
1209199,39 64 421
1209381,05 74 162
1209381,05 63 162
1209792,94 150 
1209820,69 68 
1211029,9 92 
1211029,9 65 
1211044,66 103 
1211044,66 101 
1211577,72 100 
1211577,72 2
1211577,72 1898
1211577,72 11
1213550,91 25 
1215057,27 75 
1216265,85 72 
1216349,9 70 
1216832,5 80 
1217255,66 83 
1217555,14 64 300
1217739,08 74 164
1217739,08 63 164
1218149,74 150 
1218177,12 68 
1218688,61 92 
1218688,61 65 
1218708,02 103 
1218708,02 101 
1219247,93 100 
1219247,93 2
1219247,93 1898
1219247,93 10
1221227,67 25 
1221841,1 75 
1223049,65 72 
1223133,61 70 
1223632,53 80 
1224172,76 83 
1224268,51 64 97
1224461,16 74 169
1224461,16 63 169
1225273,89 151 
1225294,11 69 
1225806,02 93 
1225825,03 103 
1225825,03 101 
1229361,87 100 
1229361,87 2
1229361,87 1898
1229361,87 11
1231343,45 25 
1232316,66 75 
1233526,39 72 
1233609,27 70 
1234109,94 80 
1234541,73 83 
1234852,52 64 312
1235200,51 74 326
1235200,51 63 326
1235611,29 150 
1235636,48 68 
1236843,46 92 
1236843,46 65 
1236860,38 103 
1236860,38 101 
1237393,27 100 
1237393,27 2
1237393,27 1898
1237393,27 10
1239366,64 25 
1239393,9 75 
1240601,32 72 
1240686,19 70 
1241188,03 80 
1241672,03 83 
1241900,67 64 229
1242086,04 74 161
1242086,04 63 161
1242898,66 151 
1242926,35 69 
1243380,7 249 
1243408,81 256 
1244112,14 183 
1244910,56 93 
1244923,65 103 
1244923,65 101 
1248471,87 100 
1248471,87 2
1248471,87 1898
1248471,87 10
1250442,03 25 
1250469,44 75 
1251679,73 72 
1251761,54 70 
1252246,55 80 
1252774,02 83 
1253079,53 64 306
1253239,78 74 146
1253239,78 63 146
1254051,18 151 
1254082,02 69 
1254423,13 249 
1254494,9 183 
1255093,92 93 
1255106,06 103 
1255106,06 101 
1258637,56 100 
1258637,56 2
1258637,56 1898
1258637,56 11
1260611,04 25 
1263983,44 75 
1265190,36 72 
1265529,11 70 
1266156,13 80 
1266701,48 83 
1267581,17 64 880
1267818,14 74 224
1267818,14 63 224
1268226,58 150 
1268249,55 68 
1269460,36 92 
1269460,36 65 
1269473,28 103 
1269473,28 101 
1270008,63 100 
1270008,63 2
1270008,63 1898
1270008,63 10
1271979,61 25 
1273632,6 75 
1274839,56 72 
1274925,15 70 
1275413,72 80 
1275897,79 83 
1276282,81 64 386
1276515,02 74 218
1276515,02 63 218
1276924,64 153 
1276952,5 68 
1277463,92 92 
1277463,92 65 
1277483,26 103 
1277483,26 101 
1278022,89 100 
1278022,89 2
1278022,89 1898
1278022,89 10
1280002,88 25 
1280576,34 75 
1281784,99 72 
1281868,89 70 
1282380,56 80 
1282828,18 83 
1283060,52 64 233
1283277,05 74 196
1283277,05 63 196
1284085,48 151 
1284109,37 69 
1284492,19 249 
1284590,54 183 
1284618,35 93 
1284640,5 103 
1284640,5 101 
1288173 100 
1288173 2
1288173 1898
1288173 10
1290145,28 25 
1290305,64 75 
1291515,91 72 
1291598,21 70 
1292113,64 80 
1292597,25 83 
1293333,58 64 737
1293742,49 74 386
1293742,49 63 386
1294149,45 151 
1294171,84 69 
1294551,11 249 
1294630,74 183 
1295180,13 93 
1295195,8 103 
1295195,8 101 
1298728,49 100 
1298728,49 2
1298728,49 1898
1298728,49 11
1300700,88 25 
1300728,05 75 
1301934,14 72 
1302020,45 70 
1302516,16 80 
1303059,52 83 
1304217,66 64 1159
1305210,88 74 979
1305210,88 61 979
1306018,09 151 
1306046,74 69 
1306346,48 249 
1306586,28 256 
1306591,05 181 
1307413,31 93 
1307430,64 103 
1307430,64 101 
1310977,07 100 
1310977,07 2
1310977,07 1898
1310977,07 11
1312949,01 25 
1315255,09 75 
1316463,01 72 
1316547,64 70 
1317040,89 80 
1317506,77 83 
1318121,36 64 615
1318416,92 74 284
1318416,92 62 284
1319225,09 151 
1319254,61 69 
1319635,07 249 
1319869,7 256 
1320790,36 182 
1321236,19 93 
1321251,51 103 
1321251,51 101 
1324784,53 100 
1324784,53 2
1324784,53 1898
1324784,53 11
1326756,54 25 
1326783,77 75 
1327991,77 72 
1328076,12 70 
1328570,36 80 
1329115,22 83 
1329678,98 64 564
1332765,25 74 3064
1332765,25 62 3064
1334686,44 251 
1334686,44 241 
1334699,13 101 
1336712,33 100 
1336712,33 2
1336712,33 1898
1336712,33 11
1336712,33 25 
1342403,81 75 
1343612,82 72 
1343696,24 70 
1344204,25 80 
1344748,64 83 
1345471,93 64 724
1345941,85 74 447
1345941,85 63 447
1346353,91 150 
1346376,48 68 
1346886,71 92 
1346886,71 65 
1346907,42 103 
1346907,42 101 
1347440,4 100 
1347440,4 2
1347440,4 1898
1347440,4 11
1349413,67 25 
1349441,17 75 
1350649,14 72 
1350733,21 70 
1351231,17 80 
1351679,03 83 
1353665,53 64 1987
1354789,96 74 1112
1354789,96 62 1112
1355197,84 151 
1355226,22 69 
1355617,75 249 
1356633,04 256 
1356874,48 182 
1357874,02 93 
1357889,39 103 
1357889,39 101 
1361430,43 100 
1361430,43 2
1361430,43 1898
1361430,43 10
1363407,89 25 
1363434,98 75 
1364642,86 72 
1364727,31 70 
1365232,43 80 
1365779,79 83 
1366145,26 64 365
1366564,21 74 398
1366564,21 63 398
1367374,17 151 
1367394,3 69 
1368203,24 93 
1368218,4 103 
1368218,4 101 
1371756,5 100 
1371756,5 2
1371756,5 1898
1371756,5 11
1373723,51 25 
1373750,62 75 
1374958,44 72 
1375162,98 70 
1375679,71 80 
1376122,08 83 
1376981,09 64 859
1377238,17 74 237
1377238,17 63 237
1378045,51 150 
1378069,83 68 
1379282,57 92 
1379282,57 65 
1379307,05 103 
1379307,05 101 
1379838,57 100 
1379838,57 2
1379838,57 1898
1379838,57 10
1381813,36 25 
1381840,57 75 
1383047,94 72 
1383132,89 70 
1383636,5 80 
1384118,73 83 
1385324,46 64 1207
1386119,41 74 775
1386119,41 62 775
1386529,52 151 
1386559,49 69 
1387493,89 249 
1387741,99 181 
1391716,95 256 
1392830,64 93 
1392848 103 
1392848 101 
1396394,13 100 
1396394,13 2
1396394,13 1898
1396394,13 11
1398366,4 25 
1399659,65 75 
1400867,1 72 
1400952,04 70 
1401445,83 80 
1401884,58 83 
1402091,67 64 208
1402278,19 74 167
1402278,19 63 167
1402690,17 150 
1402712,74 68 
1403924,62 92 
1403924,62 65 
1403950,01 103 
1403950,01 101 
1404483,03 100 
1404483,03 2
1404483,03 1898
1404483,03 11
1406457,23 25 
1409055,64 75 
1410266,27 72 
1410348,07 70 
1410831,06 80 
1411320,61 83 
1411751,97 64 432
1412283,56 74 511
1412283,56 63 511
1413091,07 150 
1413108,62 68 
1413919,76 92 
1413919,76 65 
1413945,86 103 
1413945,86 101 
1414480,45 100 
1414480,45 2
1414480,45 1898
1414480,45 10
1416452,12 25 
1417305,47 75 
1418513,36 72 
1418597,96 70 
1419102,25 80 
1419637,08 83 
1420563,21 64 926
1421373,25 74 790
1421373,25 62 790
1422184,18 151 
1422211,53 69 
1422499,49 249 
1424319,08 93 
1424341,44 103 
1424341,44 101 
1427884,42 100 
1427884,42 2
1427884,42 1898
1427884,42 11
1429859,74 25 
1430459,89 75 
1431669,24 72 
1431752,41 70 
1432244,94 80 
1432671,61 83 
1433199,45 64 529
1433829,56 74 612
1433829,56 63 612
1434240,65 152 
1434258,69 69 
1434586,47 256 
1435661,6 93 
1435683,29 103 
1435683,29 101 
1439217,67 100 
1439217,67 2
1439217,67 1898
1439217,67 10
1441188,38 25 
1441216,19 75 
1442423,65 72 
1442507,9 70 
1443009,82 80 
1443507,05 83 
1444207,75 64 701
1444614,68 74 389
1444614,68 63 389
1445206,3 151 
1445228,21 69 
1445363,66 249 
1445566,86 183 
1446193,19 93 
1446212,25 103 
1446212,25 101 
1449748,5 100 
1449748,5 2
1449748,5 1898
1449748,5 11
1451717,3 25 
1451744,48 75 
1452950,12 72 
1453036,82 70 
1453534,72 80 
1454075,9 83 
1454994,97 64 919
1456003,49 74 995
1456003,49 63 995
1456815,35 150 
1456836,77 68 
1458047,46 92 
1458047,46 65 
1458073,93 103 
1458073,93 101 
1458618,86 100 
1458618,86 2
1458618,86 1898
1458618,86 10
1460593,54 25 
1462499,71 75 
1463707,61 72 
1463792,35 70 
1464292,23 80 
1464831,43 83 
1465021,17 64 190
1465253,38 74 210
1465253,38 61 210
1465665,77 150 
1465686,24 68 
1466497,02 92 
1466497,02 65 
1466523,65 103 
1466523,65 101 
1467055,73 100 
1467055,73 2
1467055,73 1898
1467055,73 10
1469029,93 25 
1469656,69 75 
1470864,92 72 
1470949,28 70 
1471432,63 80 
1471868,41 83 
1472120,6 64 253
1472310,88 74 176
1472310,88 61 176
1473121,37 150 
1473149,72 68 
1474361,46 92 
1474361,46 65 
1474387,01 103 
1474387,01 101 
1474919,89 100 
1474919,89 2
1474919,89 1898
1474919,89 11
1476893,33 25 
1477266,93 75 
1478473,91 72 
1478559,42 70 
1479059,67 80 
1479558,51 83 
1479655,14 64 97
1479821,25 74 143
1479821,25 63 143
1480231,83 150 
1480253,46 68 
1480761,84 92 
1480761,84 65 
1480784,33 103 
1480784,33 101 
1481326,85 100 
1481326,85 2
1481326,85 1898
1481326,85 10
1483303,9 25 
1484050,64 75 
1485258,28 72 
1485343,17 70 
1485829,18 80 
1486329,19 83 
1486718,67 64 390
1486882,13 74 140
1486882,13 62 140
1487694,64 151 
1487716,98 69 
1488020,89 249 
1488918,77 256 
1489565,16 182 
1490449,99 93 
1490460,29 103 
1490460,29 101 
1493997,43 100 
1493997,43 2
1493997,43 1898
1493997,43 10
1495978,61 25 
1496005,98 75 
1497215,05 72 
1497298,13 70 
1497782,61 80 
1498323,96 83 
1498778,59 64 455
1499028,47 74 226
1499028,47 61 226
1499837,16 150 
1499858,47 68 
1501070,58 92 
1501070,58 65 
1501095,75 103 
1501095,75 101 
1501626,93 100 
1501626,93 2
1501626,93 1898
1501626,93 11
1503602,02 25 
1505148,42 75 
1506355,82 72 
1506440,97 70 
1506940,86 80 
1507386,8 83 
1507594,59 64 208
1507786,3 74 173
1507786,3 63 173
1508199,18 150 
1508228,33 68 
1509039,44 92 
1509039,44 65 
1509065,85 103 
1509065,85 101 
1509608,96 100 
1509608,96 2
1509608,96 1898
1509608,96 11
1511585,38 25 
1512478,67 75 
1513687,96 72 
1513771,22 70 
1514281,17 80 
1514823,65 83 
1515024,33 64 202
1515187,8 74 151
1515187,8 63 151
1515995,61 150 
1516024,98 68 
1516835,04 92 
1516835,04 65 
1516849,14 103 
1516849,14 101 
1517381,86 100 
1517381,86 2
1517381,86 1898
1517381,86 10
1519355,4 25 
1525753,34 75 
1526962,33 72 
1527045,66 70 
1527532,81 80 
1528018,09 83 
1528320,01 64 302
1528509,7 74 172
1528509,7 61 172
1528920,38 150 
1528939,62 68 
1528985,6 249
1529168,2 171
1529452,01 92 
1529452,01 65 
1529470,49 103 
1529470,49 101 
1530005,58 100 
1530005,58 2
1530005,58 1898
1530005,58 10
1531976,76 25 
1532577,84 75 
1533787,16 72 
1533869,42 70 
1534374,17 80 
1534815,59 83 
1534980,82 64 166
1535149,43 74 148
1535149,43 61 148
1535959,83 150 
1535989,89 68 
1537200,19 92 
1537200,19 65 
1537213,89 103 
1537213,89 101 
1537753,52 100 
1537753,52 2
1537753,52 1898
1537753,52 11
1539733,53 25 
1540386,92 75 
1541598,2 72 
1541679,48 70 
1542175,23 80 
1542665,24 83 
1542787,02 64 122
1542952,85 74 141
1542952,85 63 141
1543364,41 150 
1543386,81 68 
1544196,43 92 
1544196,43 65 
1544210,94 103 
1544210,94 101 
1544744,1 100 
1544744,1 2
1544744,1 1898
1544744,1 11
1546717,27 25 
1547903,78 75 
1549111,01 72 
1549183,44 70 
1549677,57 80 
1550115,42 83 
1550344,08 64 229
1550503,3 74 135
1550503,3 63 135
1550914,03 150 
1550943,6 68 
1551372,64 249
1551430,5 173 
1551453,36 92 
1551453,36 65 
1551474,54 103 
1551474,54 101 
1552012,32 100 
1552012,32 2
1552012,32 1898
1552012,32 10
1553994,15 25 
1554887,84 75 
1556097,56 72 
1556179,98 70 
1556670,4 80 
1557205,84 83 
1557391,61 64 186
1557555,16 74 150
1557555,16 61 150
1558365,6 152 
1558393,07 69 
1558905,03 249 
1559094,11 181 
1559682,87 256 
1560924,61 93 
1560937,22 103 
1560937,22 101 
1564484,81 100 
1564484,81 2
1564484,81 1898
1564484,81 10
1566455,59 25 
1572520,24 75 
1573728,16 72 
1573812,57 70 
1574301,93 80 
1574798,42 83 
1575307,74 64 510
1575719,23 74 388
1575719,23 63 388
1576078,32 256 
1577498,28 151 
1577519,11 69 
1578326,95 93 
1578343,21 103 
1578343,21 101 
1581875,97 100 
1581875,97 2
1581875,97 1898
1581875,97 11
1583862,68 25 
1584448,36 75 
1585655,8 72 
1585927,54 70 
1586760,39 80 
1587459,92 83 
1587466,39 64 8
1587640,13 74 154
1587640,13 63 154
1588451,82 150 
1588474,57 68 
1589285,91 92 
1589285,91 65 
1589311,91 103 
1589311,91 101 
1589845,99 100 
1589845,99 2
1589845,99 1898
1589845,99 10
1591818,2 25 
1591845,83 75 
1593053,58 72 
1593324,37 70 
1594160,48 80 
1594958,81 250 
1594976,13 101 
1596989,35 100 
1596989,35 2
1596989,35 1898
1596989,35 10
1596989,35 25 
1597989,42 75 
1599198,77 72 
1599535,12 70 
1600151,1 80 
1600814,1 83 
1600880,26 64 66
1601065,9 74 172
1601065,9 61 172
1601477,96 150 
1601509,05 68 
1602018,49 92 
1602018,49 65 
1602039,88 103 
1602039,88 101 
1602580,83 100 
1602580,83 2
1602580,83 1898
1602580,83 10
1604559,6 25 
1605972,62 75 
1607180,28 72 
1607398,43 70 
1608078,24 80 
1608770,84 83 
1608907,65 64 138
1609084,39 74 155
1609084,39 61 155
1609897,05 150 
1609918,92 68 
1610428,49 92 
1610428,49 65 
1610449,7 103 
1610449,7 101 
1610986,45 100 
1610986,45 2
1610986,45 1898
1610986,45 11
1612956,05 25 
1613582,82 75 
1614789,79 72 
1615008,59 70 
1615528,83 80 
1615954,34 83 
1616206,76 64 253
1616369,74 74 149
1616369,74 63 149
1617177,68 150 
1617195,71 68 
1618407 92 
1618407 65 
1618433 103 
1618433 101 
1618964,41 100 
1618964,41 2
1618964,41 1898
1618964,41 10
1620939,32 25 
1621619,37 75 
1622826,68 72 
1622912,11 70 
1623412,49 80 
1623911,08 83 
1624193,32 64 282
1624323,94 256 
1624338,05 74 121
1624338,05 63 121
1624748,51 153 
1624779,19 68 
1625589,38 92 
1625589,38 65 
1625603,29 103 
1625603,29 101 
1626146,66 100 
1626146,66 2
1626146,66 1898
1626146,66 11
1628122,99 25 
1630295,72 75 
1631504,71 72 
1631588,3 70 
1632081,79 80 
1632507,39 83 
1632766,59 64 260
1632945,82 74 159
1632945,82 63 159
1633354,64 150 
1633375,59 68 
1634584,08 92 
1634584,08 65 
1634599,5 103 
1634599,5 101 
1635131,08 100 
1635131,08 2
1635131,08 1898
1635131,08 10
1637105,79 25 
1638745,45 75 
1639953,47 72 
1640038,07 70 
1640528,31 80 
1641077,12 83 
1641151,3 64 74
1641335,96 74 166
1641335,96 61 166
1642146,63 150 
1642172,15 68 
1642682,16 92 
1642682,16 65 
1642702,78 103 
1642702,78 101 
1643240,79 100 
1643240,79 2
1643240,79 1898
1643240,79 11
1645209,06 25 
1646422,43 75 
1647632,28 72 
1647714,75 70 
1648216,1 80 
1648713,94 83 
1648782,36 64 68
1648976,74 74 170
1648976,74 63 170
1649277,22 256 
1649895,63 150 
1649915,32 68 
1650385,9 249
1650437,51 173 
1650726,27 92 
1650726,27 65 
1650752,71 103 
1650752,71 101 
1651290,53 100 
1651290,53 2
1651290,53 1898
1651290,53 11
1653259,06 25 
1654965,31 75 
1656173,62 72 
1656257,84 70 
1656754,93 80 
1657190,33 83 
1657551,9 64 362
1657735,32 74 158
1657735,32 63 158
1658548,75 150 
1658578,27 68 
1659086,63 92 
1659086,63 65 
1659109,2 103 
1659109,2 101 
1659644,3 100 
1659644,3 2
1659644,3 1898
1659644,3 11
1661615,62 25 
1661709,15 75 
1662917,38 72 
1663001,71 70 
1663498,06 80 
1663974,18 83 
1664192,53 64 219
1664382,14 74 168
1664382,14 63 168
1665191,42 150 
1665215,51 68 
1666428,5 92 
1666428,5 65 
1666452,79 103 
1666452,79 101 
1666984,06 100 
1666984,06 2
1666984,06 1898
1666984,06 10
1668959,05 25 
1670146,57 75 
1671355,86 72 
1671438,18 70 
1671929,81 80 
1672477,23 83 
1672657,35 64 180
1672805,99 74 129
1672805,99 61 129
1673217,88 150 
1673238,76 68 
1674047,56 92 
1674047,56 65 
1674062,93 103 
1674062,93 101 
1674607,84 100 
1674607,84 2
1674607,84 1898
1674607,84 10
1676582,54 25 
1678155,6 75 
1679365,97 72 
1679448,06 70 
1679939,18 80 
1680405,98 250 
1680420,23 101 
1682433,37 100 
1682433,37 2
1682433,37 1898
1682433,37 10
1682433,37 25 
1685872,38 75 
1687083,33 72 
1687164,84 70 
1687655,54 80 
1688137,37 83 
1688386,36 64 249
1688573,4 74 170
1688573,4 63 170
1689385,12 151 
1689405,35 69 
1689768,01 249 
1689913,35 93 
1689922,89 103 
1689922,89 101 
1693457,56 100 
1693457,56 2
1693457,56 1898
1693457,56 11
1695427,91 25 
1695455,17 75 
1695506,33 250 
1695520,07 101 
1697533,67 100 
1697533,67 2
1697533,67 1898
1697533,67 11
1697533,67 25 
1698506,21 75 
1699713,83 72 
1699799,5 70 
1700288,44 80 
1700732,1 83 
1701076,84 64 345
1701239,57 74 148
1701239,57 63 148
1701653,47 150 
1701680,21 68 
1702109,01 249
1702357,97 173 
1702493,38 92 
1702493,38 65 
1702517,58 103 
1702517,58 101 
1703063,7 100 
1703063,7 2
1703063,7 1898
1703063,7 11
1705037,19 25 
1706676,91 75 
1707884,34 72 
1707969,43 70 
1708456,35 80 
1708961,52 250 
1708981,51 101 
1710994,72 100 
1710994,72 2
1710994,72 1898
1710994,72 11
1710994,72 25 
1711834,78 75 
1713044,34 72 
1713127,26 70 
1713617,5 80 
1714153,02 83 
1714472,3 64 319
1714672,84 74 186
1714672,84 63 186
1715483,99 150 
1715514,38 68 
1716723,5 92 
1716723,5 65 
1716738,26 103 
1716738,26 101 
1717275,02 100 
1717275,02 2
1717275,02 1898
1717275,02 10
1719257,99 25 
1720497,74 75 
1721704,36 72 
1721963,58 70 
1722788,48 80 
1723589,16 83 
1723639,18 64 50
1723829,3 74 174
1723829,3 61 174
1724241,38 150 
1724270,59 68 
1725081,06 92 
1725081,06 65 
1725108,06 103 
1725108,06 101 
1725645,32 100 
1725645,32 2
1725645,32 1898
1725645,32 10
1727614,4 25 
1729467,32 75 
1730674,78 72 
1730946,38 70 
1731776 80 
1732518,6 83 
1732707,7 64 190
1732877,42 74 146
1732877,42 61 146
1733286,35 152 
1733306,12 69 
1733815,59 93 
1733837,73 103 
1733837,73 101 
1737369,08 100 
1737369,08 2
1737369,08 1898
1737369,08 11
1739342,77 25 
1739370,02 75 
1740578,9 72 
1740782,34 70 
1741285,41 80 
1741821,39 83 
1741971,22 64 150
1742150,35 74 156
1742150,35 63 156
1742961,36 150 
1742982,84 68 
1743375,7 249
1743474,19 173 
1743492,98 92 
1743492,98 65 
1743513,67 103 
1743513,67 101 
1744057,5 100 
1744057,5 2
1744057,5 1898
1744057,5 11
1746033,27 25 
1746607,05 75 
1747814,02 72 
1747899,27 70 
1748392,67 80 
1748938,39 83 
1749283,63 64 346
1749476,88 74 179
1749476,88 63 179
1749888,38 150 
1749913,3 68 
1751124,16 92 
1751124,16 65 
1751137,11 103 
1751137,11 101 
1751668,94 100 
1751668,94 2
1751668,94 1898
1751668,94 10
1753643,37 25 
1754576,74 75 
1755785,55 72 
1755869,25 70 
1756371,97 80 
1756815,12 83 
1757220,11 64 405
1757419,13 74 178
1757419,13 61 178
1758229,87 150 
1758256,37 68 
1758766,99 92 
1758766,99 65 
1758787,22 103 
1758787,22 101 
1759325,37 100 
1759325,37 2
1759325,37 1898
1759325,37 11
1761293,58 25 
1761320,82 75 
1762529,87 72 
1762613,05 70 
1763109,26 80 
1763599,21 83 
1763786,71 64 188
1763978,48 74 180
1763978,48 63 180
1764790,46 150 
1764813,54 68 
1765256,93 249
1765422,64 173 
1765624,82 92 
1765624,82 65 
1765637,67 103 
1765637,67 101 
1766177,47 100 
1766177,47 2
1766177,47 1898
1766177,47 10
1768157,27 25 
1773528,81 75 
1774736,72 72 
1774821,36 70 
1775310,86 80 
1775793,87 83 
1776001,88 64 208
1776162,4 74 142
1776162,4 61 142
1776575,21 150 
1776595,2 68 
1777406,6 92 
1777406,6 65 
1777432,68 103 
1777432,68 101 
1777966,26 100 
1777966,26 2
1777966,26 1898
1777966,26 10
1779938,97 25 
1781085,55 75 
1782292,4 72 
1782378,05 70 
1782871,53 80 
1783310,6 83 
1783567,94 64 258
1783729,87 74 140
1783729,87 61 140
1784138,46 150 
1784165,44 68 
1784673,11 92 
1784673,11 65 
1784696,32 103 
1784696,32 101 
1785228,46 100 
1785228,46 2
1785228,46 1898
1785228,46 10
1787202,56 25 
1787962,69 75 
1789169,99 72 
1789255,19 70 
1789754,6 80 
1790294,36 83 
1790427,95 64 134
1790573,75 74 133
1790573,75 61 133
1791385 150 
1791415,65 68 
1792624,49 92 
1792624,49 65 
1792639,79 103 
1792639,79 101 
1793186,54 100 
1793186,54 2
1793186,54 1898
1793186,54 10
1795159,28 25 
1796985,48 75 
1798193,99 72 
1798278,06 70 
1798771,02 80 
1799263,85 83 
1799398,04 64 134
1799567,22 74 157
1799567,22 61 157
1800376,05 150 
1800398,66 68 
1801211,32 92 
1801211,32 65 
1801236,02 103 
1801236,02 101 
1801767,69 100 
1801767,69 6
1801767,69 1898
1801767,69 10
1801767,69 78 
1801767,69 198 
1803742,29 25 
1804968,82 75 
1806178,16 72 
1806261,3 70 
1806762,71 80 
1807287,17 83 
1807610,71 64 324
1807824,34 74 192
1807824,34 61 192
1808236,14 151 
1808261,94 69 
1808772,17 93 
1808792,8 103 
1808792,8 101 
1812325,02 100 
1812325,02 6
1812325,02 1898
1812325,02 11
1814297,87 25 
1815138 75 
1816346,08 72 
1816430,45 70 
1816925,97 80 
1817376,22 83 
1817498,64 64 123
1817689,25 74 166
1817689,25 63 166
1818498,7 153 
1818524,33 68 
1819736,23 92 
1819736,23 65 
1819761,53 103 
1819761,53 101 
1820311,22 100 
1820311,22 6
1820311,22 1898
1820311,22 11
1822281,17 25 
1822388,21 75 
1823594,71 72 
1823680,75 70 
1824179,89 80 
1824613,28 83 
1825026,51 64 414
1825200,51 74 162
1825200,51 62 162
1825608,48 151 
1825627,82 69 
1826138,63 93 
1826144,3 249 
1826185,69 103 
1826185,69 101 
1829721,12 100 
1829721,12 6
1829721,12 1898
1829721,12 11
1831690,52 25 
1831717,73 75 
1832927,22 72 
1833010,13 70 
1833508,26 80 
1834049,24 83 
1834203,22 64 154
1834374,43 74 153
1834374,43 61 153
1835185,22 150 
1835210,63 68 
1836019,6 92 
1836019,6 65 
1836034,71 103 
1836034,71 101 
1836567,91 100 
1836567,91 6
1836567,91 1898
1836567,91 11
1838540,97 25 
1838568,23 75 
1839774,64 72 
1839860,49 70 
1840349,39 80 
1840846,45 83 
1841218,16 64 372
1841382,35 74 150
1841382,35 61 150
1841793,55 150 
1841821,07 68 
1842332,62 92 
1842332,62 65 
1842352,06 103 
1842352,06 101 
1842898,65 100 
1842898,65 6
1842898,65 1898
1842898,65 10
1844871,73 25 
1846205,1 75 
1847412,29 72 
1847630,56 70 
1848135,81 80 
1848669,7 83 
1848952,65 64 284
1849160,99 74 185
1849160,99 63 185
1849968,8 150 
1849991,15 68 
1850501,17 92 
1850501,17 65 
1850521,96 103 
1850521,96 101 
1851054,83 100 
1851054,83 6
1851054,83 1898
1851054,83 11
1853028,18 25 
1854241,37 75 
1855449,02 72 
1855533,89 70 
1856020,73 80 
1856466,41 83 
1856690,5 64 225
1856905,06 74 199
1856905,06 61 199
1857311,95 150 
1857334,59 68 
1858141,96 92 
1858141,96 65 
1858158,77 103 
1858158,77 101 
1858694,16 100 
1858694,16 6
1858694,16 1898
1858694,16 11
1860665,03 25 
1864237,22 75 
1865445,39 72 
1865529,74 70 
1866028,1 80 
1866528,89 83 
1866831,33 64 302
1867048,38 74 201
1867048,38 63 201
1867858 151 
1867876,12 69 
1868388,69 93 
1868407,69 103 
1868407,69 101 
1871945,98 100 
1871945,98 6
1871945,98 1898
1871945,98 10
1873926,08 25 
1873953,26 75 
1875161,76 72 
1875245,61 70 
1875744,68 80 
1876285,13 83 
1876469,44 64 185
1876491,43 256 
1876676,17 74 192
1876676,17 61 192
1877083,96 151 
1877112,19 69 
1877623,1 93 
1877643,8 103 
1877643,8 101 
1881178,52 100 
1881178,52 6
1881178,52 1898
1881178,52 10
1883148,89 25 
1883176,53 75 
1884382,75 72 
1884468,38 70 
1884975,48 80 
1885467,96 83 
1885733,57 64 266
1886267,13 74 520
1886267,13 63 520
1887075,53 150 
1887096,38 68 
1887604,08 92 
1887604,08 65 
1887626,29 103 
1887626,29 101 
1888160,42 100 
1888160,42 6
1888160,42 1898
1888160,42 10
1890132,57 25 
1890160,12 75 
1891368,67 72 
1891452,1 70 
1891949,45 80 
1892384,6 83 
1892672,94 64 289
1892830,98 74 140
1892830,98 61 140
1893241,75 151 
1893266,1 69 
1893404,46 249 
1893768,98 181 
1895445,5 93 
1895462,99 103 
1895462,99 101 
1899009,13 100 
1899009,13 6
1899009,13 1898
1899009,13 10
1900981,3 25 
1901261,6 75 
1902468,68 72 
1902554,17 70 
1903048,38 80 
1903606,58 83 
1904209,28 64 603
1904439,62 74 207
1904439,62 61 207
1904848,54 151 
1904874,61 69 
1905090,91 249 
1905349,14 181 
1905888,29 93 
1905898,63 103 
1905898,63 101 
1909430,3 100 
1909430,3 6
1909430,3 1898
1909430,3 11
1911403,59 25 
1911430,83 75 
1912637,73 72 
1912723,15 70 
1913226,35 80 
1913655,62 83 
1913880,85 64 226
1914081,99 74 187
1914081,99 63 187
1914893,69 151 
1914923,62 69 
1915434,91 93 
1915454,55 103 
1915454,55 101 
1918987,95 100 
1918987,95 6
1918987,95 1898
1918987,95 11
1920959,58 25 
1920986,85 75 
1922194,58 72 
1922279,12 70 
1922779,66 80 
1923278,27 83 
1923756,9 64 479
1924269,16 74 498
1924269,16 61 498
1925078,78 152 
1925106,05 69 
1925563,87 249 
1925638,78 181 
1926437,39 93 
1926449,92 103 
1926449,92 101 
1929990,97 100 
1929990,97 6
1929990,97 1898
1929990,97 11
1931968,32 25 
1933314,78 75 
1934522,03 72 
1934607,32 70 
1935098,59 80 
1935646,41 83 
1936043,46 64 398
1936420,25 74 361
1936420,25 62 361
1936832,02 151 
1936861,06 69 
1937262,22 249 
1937792,36 182 
1938998,18 93 
1939017,97 103 
1939017,97 101 
1942555,06 100 
1942555,06 6
1942555,06 1898
1942555,06 11
1944536,34 25 
1944563,49 75 
1945770,98 72 
1945855,94 70 
1946353,72 80 
1946788,55 83 
1947083,08 64 295
1947376,26 74 268
1947376,26 63 268
1947787,95 151 
1947815,7 69 
1948327,09 93 
1948347,35 103 
1948347,35 101 
1951879,86 100 
1951879,86 6
1951879,86 1898
1951879,86 10
1953852,37 25 
1954172,65 75 
1955382,74 72 
1955651,79 70 
1956472,56 80 
1957157,47 83 
1957449,09 64 292
1957620,9 74 157
1957620,9 61 157
1958428,85 151 
1958451,96 69 
1958898,9 256 
1959782,24 93 
1959795,88 103 
1959795,88 101 
1963338,76 100 
1963338,76 6
1963338,76 1898
1963338,76 11
1965314,22 25 
1965341,38 75 
1966549,71 72 
1966807,03 70 
1967472,45 80 
1968006,1 83 
1968102,85 64 97
1968272,63 74 147
1968272,63 63 147
1968681,83 151 
1968700,97 69 
1968771,26 256 
1969161,61 249 
1969320,04 183 
1970010,65 93 
1970031,6 103 
1970031,6 101 
1973563,59 100 
1973563,59 6
1973563,59 1898
1973563,59 11
1975536,79 25 
1975896,96 75 
1977107,2 72 
1977189,4 70 
1977677,04 80 
1978215,16 83 
1978553,42 64 339
1978758,47 74 184
1978758,47 62 184
1979568,53 151 
1979589,75 69 
1979973,61 249 
1981069,04 256 
1981213,6 182 
1981897,39 93 
1981906,67 103 
1981906,67 101 
1985442,7 100 
1985442,7 6
1985442,7 1898
1985442,7 10
1987411,6 25 
1989637,91 75 
1990846,75 72 
1990930,31 70 
1991421,89 80 
1991902,7 83 
1992258,56 64 357
1992452,66 74 177
1992452,66 61 177
1992863,04 151 
1992890,14 69 
1993401,96 93 
1993421,7 103 
1993421,7 101 
1996962,36 100 
1996962,36 6
1996962,36 1898
1996962,36 10
1998941,02 25 
2001286,23 75 
2002493,81 72 
2002578,64 70 
2003076,64 80 
2003564,59 83 
2003878,27 64 314
2004619,45 74 723
2004619,45 63 723
2005430,09 150 
2005459,7 68 
2005971,76 92 
2005971,76 65 
2005989,76 103 
2005989,76 101 
2006531,42 100 
2006531,42 6
2006531,42 1898
2006531,42 10
2008509,38 25 
2009789,25 75 
2010996,84 72 
2011081,72 70 
2011573,33 80 
2012107,51 83 
2012252,72 64 146
2012418,44 74 152
2012418,44 61 152
2012827,74 151 
2012854,95 69 
2013865,55 93 
2013879,75 103 
2013879,75 101 
2017411,23 100 
2017411,23 6
2017411,23 1898
2017411,23 11
2019384,77 25 
2019411,97 75 
2020622,77 72 
2020704,44 70 
2021195,89 80 
2021623,58 83 
2021948,7 64 326
2022179,5 74 210
2022179,5 63 210
2022986,39 151 
2023011,47 69 
2023821,68 93 
2023835,59 103 
2023835,59 101 
2027384,57 100 
2027384,57 6
2027384,57 1898
2027384,57 10
2029353,92 25 
2033819,11 75 
2035028,81 72 
2035111,59 70 
2035610,63 80 
2036097,41 83 
2036270,72 64 174
2036450,86 74 167
2036450,86 61 167
2036860,69 151 
2036885,63 69 
2036946,83 249 
2037321,86 181 
2037895,02 93 
2037909,67 103 
2037909,67 101 
2041442,12 100 
2041442,12 6
2041442,12 1898
2041442,12 11
2043414,67 25 
2050105,74 75 
2051312,9 72 
2051398,15 70 
2051892,11 80 
2052437,29 83 
2052614,49 64 178
2052812,58 74 176
2052812,58 62 176
2053621,45 153 
2053651,95 68 
2053989,75 249
2054461,6 92 
2054461,6 65 
2054476,02 103 
2054476,02 101 
2055011,9 100 
2055011,9 6
2055011,9 1898
2055011,9 11
2056982,29 25 
2057902,35 75 
2059112,37 72 
2059194,8 70 
2059683,24 80 
2060114,02 83 
2060420,06 64 306
2060577,68 74 144
2060577,68 62 144
2061388,68 151 
2061408,66 69 
2061750,96 249 
2061937,33 256 
2062156,94 182 
2064138,66 93 
2064151,95 103 
2064151,95 101 
2067691,36 100 
2067691,36 6
2067691,36 1898
2067691,36 10
2069670,28 25 
2072536,17 75 
2072719,86 250 
2072734,52 101 
2074748,14 100 
2074748,14 6
2074748,14 1898
2074748,14 10
2074748,14 25 
2076280,47 75 
2077488,85 72 
2077746,98 70 
2078561,33 80 
2079325,76 250 
2079345,45 101 
2081358,83 100 
2081358,83 6
2081358,83 1898
2081358,83 10
2081358,83 25 
2085650,56 75 
2086859,59 72 
2087116,37 70 
2087932,47 80 
2088728,61 83 
2088735,2 64 7
2088910,88 74 156
2088910,88 63 156
2089322,06 150 
2089342,76 68 
2090150,78 92 
2090150,78 65 
2090167,64 103 
2090167,64 101 
2090703,33 100 
2090703,33 6
2090703,33 1898
2090703,33 11
2092673,96 25 
2093140,74 75 
2094349,4 72 
2094553,26 70 
2095076,97 80 
2095619,02 83 
2095784,32 64 165
2095948,18 74 143
2095948,18 61 143
2096759,3 150 
2096780,36 68 
2097991,16 92 
2097991,16 65 
2098017,68 103 
2098017,68 101 
2098550,26 100 
2098550,26 6
2098550,26 1898
2098550,26 10
2100523,98 25 
2102656,74 75 
2103864,29 72 
2103949,3 70 
2104449,17 80 
2104895,19 83 
2105315,59 64 421
2105492,54 74 158
2105492,54 63 158
2105902,8 150 
2105923,16 68 
2106430,38 92 
2106430,38 65 
2106455,21 103 
2106455,21 101 
2107002,06 100 
2107002,06 6
2107002,06 1898
2107002,06 10
2108973,69 25 
2109867,05 75 
2111075,69 72 
2111159,58 70 
2111648,15 80 
2112132,24 83 
2112412,4 64 281
2112580,81 74 156
2112580,81 61 156
2112994,6 151 
2113012,78 69 
2113616,58 249 
2113764,72 181 
2114765,49 93 
2114783,91 103 
2114783,91 101 
2118325,49 100 
2118325,49 6
2118325,49 1898
2118325,49 10
2120302,27 25 
2124460,92 75 
2125668,7 72 
2125753,45 70 
2126245,53 80 
2126672,61 83 
2127402,25 64 730
2127425,67 256 
2127590,86 74 172
2127590,86 63 172
2129841,64 150 
2129859,91 68 
2130368,92 92 
2130368,92 65 
2130390,73 103 
2130390,73 101 
2130928,32 100 
2130928,32 6
2130928,32 1898
2130928,32 11
2132897,17 25 
2134030,19 75 
2135238,76 72 
2135322,8 70 
2135824,35 80 
2136362 83 
2136510,94 64 149
2136668,7 74 134
2136668,7 61 134
2137476,84 150 
2137496,58 68 
2138708,31 92 
2138708,31 65 
2138733,85 103 
2138733,85 101 
2139271,02 100 
2139271,02 6
2139271,02 1898
2139271,02 10
2141253,49 25 
2144905,64 75 
2146113,8 72 
2146198,3 70 
2146703,38 80 
2147210,74 83 
2147385,81 64 176
2147554,52 74 145
2147554,52 61 145
2147962,55 153 
2147985,64 68 
2149195,41 92 
2149195,41 65 
2149209,4 103 
2149209,4 101 
2149741,55 100 
2149741,55 6
2149741,55 1898
2149741,55 11
2151715,68 25 
2153248,76 75 
2154458,35 72 
2154541,4 70 
2155044,3 80 
2155487,13 83 
2155728,29 64 241
2155915,33 74 163
2155915,33 63 163
2156724,31 151 
2156755,26 69 
2157106,03 249 
2157329,14 183 
2157398,87 256 
2158899,71 93 
2158912,02 103 
2158912,02 101 
2162443,76 100 
2162443,76 6
2162443,76 1898
2162443,76 11
2164417 25 
2165923,43 75 
2167131,33 72 
2167215,99 70 
2167712,09 80 
2168255,09 83 
2168326,37 64 72
2168492,97 74 145
2168492,97 61 145
2168902,19 150 
2168923,57 68 
2169733,01 92 
2169733,01 65 
2169747,42 103 
2169747,42 101 
2170293,24 100 
2170293,24 6
2170293,24 1898
2170293,24 10
2172267,07 25 
2173786,84 75 
2174993,66 72 
2175066,06 70 
2175552,58 80 
2176038,57 83 
2176226,69 64 189
2176427,27 74 176
2176427,27 63 176
2176917,78 256 
2178556,23 152 
2178586,03 69 
2179098,35 93 
2179116,84 103 
2179116,84 101 
2182648,77 100 
2182648,77 6
2182648,77 1898
2182648,77 11
2184621,93 25 
2184649 75 
2185857,77 72 
2185941,4 70 
2186450,32 80 
2186900,55 83 
2187139,5 64 240
2187303,61 74 150
2187303,61 61 150
2187715,75 150 
2187742,09 68 
2188251,66 92 
2188251,66 65 
2188273,03 103 
2188273,03 101 
2188806,38 100 
2188806,38 6
2188806,38 1898
2188806,38 11
2190779,26 25 
2193405,4 75 
2194614,6 72 
2194884,32 70 
2195556,77 80 
2196203,41 83 
2196459,48 64 257
2196760,73 74 278
2196760,73 63 278
2197167,6 151 
2197191,42 69 
2197733,9 249 
2197939,15 183 
2198002,2 93 
2198015,54 103 
2198015,54 101 
2201553,36 100 
2201553,36 6
2201553,36 1898
2201553,36 10
2203533,89 25 
2203561,1 75 
2204768,78 72 
2204853,48 70 
2205359,62 80 
2205852,58 83 
2206128,58 64 277
2206335,58 74 190
2206335,58 61 190
2207144,57 151 
2207173,91 69 
2207657,51 249 
2207741,2 181 
2208741,57 93 
2208757,7 103 
2208757,7 101 
2212293,62 100 
2212293,62 6
2212293,62 1898
2212293,62 11
2214262,87 25 
2218208,09 75 
2219418,06 72 
2219500,68 70 
2220004,42 80 
2220526,39 83 
2220609,29 64 83
2220715,79 74 83
2220715,79 62 83
2221126,9 151 
2221155,6 69 
2221560,78 249 
2221740,73 256 
2221938,28 182 
2223114,22 93 
2223124,98 103 
2223124,98 101 
2226657,54 100 
2226657,54 6
2226657,54 1898
2226657,54 11
2228630,04 25 
2228657,31 75 
2228808,25 250 
2228815,63 101 
2230829,04 100 
2230829,04 6
2230829,04 1898
2230829,04 11
2230829,04 25 
2231361,78 75 
2232571,46 72 
2232655,07 70 
2233157,21 80 
2233587,58 83 
2234022,65 64 436
2234200,73 74 161
2234200,73 61 161
2235013,12 150 
2235042,51 68 
2236253,7 92 
2236253,7 65 
2236279,45 103 
2236279,45 101 
2236824 100 
2236824 6
2236824 1898
2236824 10
2238799,01 25 
2239998,89 75 
2241207,19 72 
2241291,42 70 
2241786,29 80 
2242237,26 83 
2242522,47 64 286
2242717,64 74 174
2242717,64 63 174
2243530,01 150 
2243558,66 68 
2244765,43 92 
2244765,43 65 
2244782,5 103 
2244782,5 101 
2245313,74 100 
2245313,74 6
2245313,74 1898
2245313,74 10
2247288,8 25 
2248928,73 75 
2250136,73 72 
2250221,03 70 
2250722,8 80 
2251260,11 83 
2251745,98 64 486
2251973,59 74 208
2251973,59 63 208
2252383,49 150 
2252408,15 68 
2252916,87 92 
2252916,87 65 
2252939,07 103 
2252939,07 101 
2253476,42 100 
2253476,42 6
2253476,42 1898
2253476,42 11
2255458,79 25 
2257045,27 75 
2258251,62 72 
2258337,6 70 
2258822,84 80 
2259310,1 83 
2259449,56 64 140
2259619,48 74 150
2259619,48 61 150
2260029,32 150 
2260058,36 68 
2260870,48 92 
2260870,48 65 
2260895,84 103 
2260895,84 101 
2261434,45 100 
2261434,45 6
2261434,45 1898
2261434,45 10
2263415,32 25 
2264082,08 75 
2265291,31 72 
2265374,7 70 
2265859,72 80 
2266347,11 83 
2266888,13 64 541
2267076,47 74 170
2267076,47 63 170
2267889,26 150 
2267908,28 68 
2268717,52 92 
2268717,52 65 
2268732,45 103 
2268732,45 101 
2269265,16 100 
2269265,16 6
2269265,16 1898
2269265,16 11
2271238,75 25 
2272252,04 75 
2273460,82 72 
2273544,52 70 
2274035,31 80 
2274463,65 83 
2274645,43 64 183
2274820,25 74 157
2274820,25 61 157
2275629,05 150 
2275651,76 68 
2276163,46 92 
2276163,46 65 
2276182,69 103 
2276182,69 101 
2276714 100 
2276714 6
2276714 1898
2276714 10
2278688,9 25 
2282234,48 75 
2283442,34 72 
2283527 70 
2284016,98 80 
2284552,89 83 
2284725,98 64 173
2284915,37 74 177
2284915,37 61 177
2285326,54 151 
2285354,29 69 
2285414,25 249 
2285608,36 181 
2285866,01 93 
2285885,2 103 
2285885,2 101 
2289433,43 100 
2289433,43 6
2289433,43 1898
2289433,43 11
2291403,58 25 
2294949,22 75 
2296158,8 72 
2296241,64 70 
2296728,48 80 
2297187,47 83 
2297292 64 105
2297463,12 74 156
2297463,12 63 156
2297873,94 151 
2297895,87 69 
2297989,8 249 
2298217,58 183 
2298907,22 93 
2298919,75 103 
2298919,75 101 
2302451,11 100 
2302451,11 6
2302451,11 1898
2302451,11 11
2304424,76 25 
2305491,37 75 
2306698,77 72 
2306783,83 70 
2307275,49 80 
2307809,65 83 
2307928,95 64 120
2308083,77 74 141
2308083,77 61 141
2308894,79 150 
2308917,68 68 
2309428,94 92 
2309428,94 65 
2309448,61 103 
2309448,61 101 
2309980,67 100 
2309980,67 6
2309980,67 1898
2309980,67 10
2311954,89 25 
2312808,29 75 
2314016,29 72 
2314100,75 70 
2314594,98 80 
2315086,62 83 
2315340,9 64 255
2315536,87 74 184
2315536,87 63 184
2316344,99 150 
2316367,95 68 
2316800,12 249
2316852,99 173 
2317175,42 92 
2317175,42 65 
2317192,02 103 
2317192,02 101 
2317732,15 100 
2317732,15 6
2317732,15 1898
2317732,15 11
2319711,66 25 
2320311,78 75 
2321520,46 72 
2321604,29 70 
2322099,07 80 
2322576,77 83 
2322782,27 64 205
2322940,97 74 138
2322940,97 61 138
2323349,77 150 
2323378,29 68 
2323888,49 92 
2323888,49 65 
2323909,24 103 
2323909,24 101 
2324445,19 100 
2324445,19 6
2324445,19 1898
2324445,19 10
2326415,47 25 
2328215,05 75 
2329422,49 72 
2329507,65 70 
2329996,74 80 
2330520,12 83 
2331024,37 64 505
2331333,42 74 293
2331333,42 62 293
2332145,64 151 
2332174,57 69 
2332475,79 249 
2332713,1 256 
2332941,63 182 
2334022,46 93 
2334038,22 103 
2334038,22 101 
2337570,63 100 
2337570,63 6
2337570,63 1898
2337570,63 10
2339543,24 25 
2340036,8 75 
2341244,59 72 
2341329,33 70 
2341816,23 80 
2342248,52 83 
2342464,1 64 216
2342597,1 74 109
2342597,1 61 109
2343006,77 153 
2343036,73 68 
2344246,23 92 
2344246,23 65 
2344260,72 103 
2344260,72 101 
2344803,08 100 
2344803,08 6
2344803,08 1898
2344803,08 10
2346780,33 25 
2348779,81 75 
2349986,42 72 
2350072,36 70 
2350576,69 80 
2351018,23 83 
2351254,3 64 236
2351437,26 74 166
2351437,26 63 166
2351850,04 150 
2351872,97 68 
2351893,09 256 
2352290,66 249
2352388,72 173 
2355964,23 92 
2355964,23 65 
2355988,99 103 
2355988,99 101 
2356520,26 100 
2356520,26 6
2356520,26 1898
2356520,26 11
2358495,27 25 
2360454,89 75 
2361662,97 72 
2361747,38 70 
2362234,32 80 
2362773,17 83 
2362888,22 64 115
2363037,46 74 132
2363037,46 61 132
2363847,67 150 
2363867,95 68 
2364378,4 92 
2364378,4 65 
2364398,87 103 
2364398,87 101 
2364933,26 100 
2364933,26 6
2364933,26 1898
2364933,26 10
2366905,12 25 
2368571,49 75 
2369779,83 72 
2369863,95 70 
2370366,36 80 
2370863,09 83 
2371122,54 64 260
2371331,68 74 189
2371331,68 63 189
2372141,69 152 
2372170,3 69 
2372523,38 249 
2372559,91 256 
2372656,35 183 
2373095,77 93 
2373115,14 103 
2373115,14 101 
2376653,05 100 
2376653,05 6
2376653,05 1898
2376653,05 11
2378633,57 25 
2378662,48 75 
2379868,54 72 
2379953,05 70 
2380438,69 80 
2380992,26 83 
2381146,47 64 155
2381309,97 74 145
2381309,97 61 145
2381721,95 150 
2381740,49 68 
2382252,78 92 
2382252,78 65 
2382271,25 103 
2382271,25 101 
2382803,7 100 
2382803,7 6
2382803,7 1898
2382803,7 11
2384777,56 25 
2385804,14 75 
2387013,44 72 
2387096,74 70 
2387591,64 80 
2388042,49 83 
2388381,24 64 339
2388547,95 74 146
2388547,95 61 146
2388957,93 150 
2388977,36 68 
2389788,79 92 
2389788,79 65 
2389814,92 103 
2389814,92 101 
2390348,13 100 
2390348,13 6
2390348,13 1898
2390348,13 11
2392321,2 25 
2392881,24 75 
2394090,9 72 
2394173,71 70 
2394664,67 80 
2395159,6 83 
2395187,3 64 28
2395351,39 74 139
2395351,39 61 139
2396159,53 150 
2396187,76 68 
2397396,31 92 
2397396,31 65 
2397411,58 103 
2397411,58 101 
2401298,77 102 
