77,66 100 
77,66 2
77,66 1946
77,66 11
2028,82 25 
4705,75 75 
5279,52 250 
5291,87 101 
7305,17 100 
7305,17 2
7305,17 1946
7305,17 11
7305,17 25 
8037,75 75 
8946,71 72 
9316,9 70 
10420,67 80 
10969,84 83 
11049,81 64 80
11235,93 74 158
11235,93 62 158
11647,49 151 
11676,61 69 
12062,97 249 
12273,34 182 
12487,17 93 
12504,39 103 
12504,39 101 
16037,17 100 
16037,17 2
16037,17 1946
16037,17 10
18007,31 25 
18034,86 75 
18945,65 72 
19033,64 70 
20177,4 80 
20659,27 83 
21258,5 64 600
21456,19 74 183
21456,19 61 183
22268 150 
22298,82 68 
22808,23 92 
22808,23 65 
22831,32 103 
22831,32 101 
23367,5 100 
23367,5 2
23367,5 1946
23367,5 11
25337,71 25 
25951,15 75 
26860,5 72 
26936,97 70 
27919,77 80 
28455,92 83 
28655,02 64 200
28873,22 74 203
28873,22 63 203
29287,21 150 
29310,85 68 
30524,72 92 
30524,72 65 
30548,01 103 
30548,01 101 
31089,28 100 
31089,28 2
31089,28 1946
31089,28 11
33067,61 25 
33961,03 75 
34869,23 72 
34946,98 70 
35935,42 80 
36385,91 83 
36654,2 64 269
36817,18 74 139
36817,18 61 139
37628,52 151 
37653,9 69 
38164,72 93 
38184,79 103 
38184,79 101 
41720,93 100 
41720,93 2
41720,93 1946
41720,93 10
43690,17 25 
44050,02 75 
44959,14 72 
45036,09 70 
46036,03 80 
46541,62 83 
46920,51 64 379
47116,38 74 175
47116,38 61 175
47928,57 150 
47956,52 68 
49165,08 92 
49165,08 65 
49180,15 103 
49180,15 101 
49712,15 100 
49712,15 2
49712,15 1946
49712,15 11
51686,53 25 
52433,16 75 
53343,33 72 
53419,15 70 
54403,87 80 
54938,09 83 
54990,38 64 53
55211,74 74 207
55211,74 63 207
55621,22 152 
55646,36 69 
56659,44 93 
56670,32 103 
56670,32 101 
60213,15 100 
60213,15 2
60213,15 1946
60213,15 11
62188,68 25 
63548,49 75 
64457,04 72 
64534,53 70 
65541,16 80 
66040,08 83 
66211,11 64 172
66397,69 74 171
66397,69 61 171
66804,85 151 
66828,3 69 
67396,38 249 
68096,99 181 
68765,82 256 
69825,9 93 
69838,13 103 
69838,13 101 
73369,39 100 
73369,39 2
73369,39 1946
73369,39 10
75343,2 25 
75384,08 75 
76293,02 72 
76382,88 70 
77370,27 80 
77808,46 83 
78404,11 64 596
78613,19 74 192
78613,19 61 192
79422,79 150 
79449,69 68 
80261,42 92 
80261,42 65 
80287,06 103 
80287,06 101 
80822,11 100 
80822,11 2
80822,11 1946
80822,11 10
82793,39 25 
83406,99 75 
84316,28 72 
84406,18 70 
85396,83 80 
85951,75 83 
85988,72 64 37
86136,83 74 133
86136,83 61 133
86544,81 150 
86566,66 68 
87776,34 92 
87776,34 65 
87790,62 103 
87790,62 101 
88330,25 100 
88330,25 2
88330,25 1946
88330,25 10
90310,2 25 
91137,07 75 
92044,26 72 
92122,96 70 
93118,47 80 
93655,1 83 
93681,99 64 28
93838,97 74 145
93838,97 61 145
94648,56 150 
94669,99 68 
95179,25 92 
95179,25 65 
95200,8 103 
95200,8 101 
95734,74 100 
95734,74 2
95734,74 1946
95734,74 11
97707,18 25 
100199,76 75 
101108,22 72 
101185,78 70 
102180,87 80 
102611,38 83 
103457,23 64 846
103655,09 74 178
103655,09 62 178
104467,23 151 
104492,6 69 
104852,35 249 
105000,16 93 
105009,99 103 
105009,99 101 
108543,12 100 
108543,12 2
108543,12 1946
108543,12 10
110515,16 25 
111261,75 75 
112169,49 72 
112247,78 70 
113233,1 80 
113713,4 83 
113827,61 64 114
113990,4 74 144
113990,4 61 144
114402,6 150 
114421,83 68 
115633,36 92 
115633,36 65 
115658,85 103 
115658,85 101 
116204,32 100 
116204,32 2
116204,32 1946
116204,32 11
118178,51 25 
120177,98 75 
121089,38 72 
121363,94 70 
122523,72 80 
123096,14 83 
123544,33 64 449
123849,99 74 288
123849,99 62 288
124659,11 151 
124683,18 69 
125192,85 93 
125214,88 103 
125214,88 101 
128747,61 100 
128747,61 2
128747,61 1946
128747,61 10
130719,89 25 
131399,96 75 
132309,47 72 
132399,29 70 
133376,74 80 
133864,96 83 
134082,62 64 218
134251,6 74 147
134251,6 61 147
134660,28 150 
134679,75 68 
135187,8 92 
135187,8 65 
135210,62 103 
135210,62 101 
135744,28 100 
135744,28 2
135744,28 1946
135744,28 10
137717 25 
138103,8 75 
139012,76 72 
139092,46 70 
140082,75 80 
140515,52 83 
140986,68 64 471
141172,19 74 164
141172,19 61 164
141579,3 150 
141610,22 68 
142818,44 92 
142818,44 65 
142834,21 103 
142834,21 101 
143375,1 100 
143375,1 2
143375,1 1946
143375,1 11
145353,69 25 
147366,77 75 
148275,05 72 
148352,58 70 
149334,66 80 
149818,13 83 
150171,73 64 354
150442,12 74 251
150442,12 62 251
151255,13 151 
151285,5 69 
152095,84 93 
152110,18 103 
152110,18 101 
155647,2 100 
155647,2 2
155647,2 1946
155647,2 11
157616,47 25 
157643,23 75 
158552,98 72 
158628,3 70 
159621,27 80 
160067,14 83 
160854,7 64 788
161156,82 74 291
161156,82 62 291
162226,57 151 
162254,06 69 
162502,41 249 
162678,72 182 
162764,73 93 
162785,66 103 
162785,66 101 
166318,91 100 
166318,91 2
166318,91 1946
166318,91 10
168290,75 25 
168318,06 75 
169226,35 72 
169317,13 70 
170294,59 80 
170836 83 
171259,57 64 424
171429,2 74 154
171429,2 61 154
171838,83 150 
171864,06 68 
172675,07 92 
172675,07 65 
172701,51 103 
172701,51 101 
173246,2 100 
173246,2 2
173246,2 1946
173246,2 10
175221,2 25 
175728,05 75 
176637,35 72 
176714 70 
177697,08 80 
178232,9 83 
178423,65 64 191
178694,74 74 249
178694,74 61 249
179104,17 152 
179127,75 69 
179937,79 93 
179951,8 103 
179951,8 101 
183484,27 100 
183484,27 2
183484,27 1946
183484,27 11
185456,82 25 
186136,93 75 
187045,16 72 
187122,91 70 
188110,81 80 
188548,5 83 
189355,17 64 807
189662,62 74 288
189662,62 62 288
190470,13 151 
190496,23 69 
191006,93 93 
191027,12 103 
191027,12 101 
194562,34 100 
194562,34 2
194562,34 1946
194562,34 11
196532,21 25 
196560 75 
197467,6 72 
197545,33 70 
198529,57 80 
199010,81 83 
200055,38 64 1045
200375,87 74 300
200375,87 62 300
201183,51 151 
201211,09 69 
202221,97 93 
202235,73 103 
202235,73 101 
205776,31 100 
205776,31 2
205776,31 1946
205776,31 10
207754,12 25 
209047,37 75 
209958,33 72 
210046,62 70 
211029,76 80 
211472,36 83 
211868,61 64 396
212074,87 74 190
212074,87 61 190
212484,74 150 
212513,66 68 
213022,25 92 
213022,25 65 
213044,56 103 
213044,56 101 
213577,15 100 
213577,15 2
213577,15 1946
213577,15 10
215550,82 25 
218136,88 75 
219045,67 72 
219122,79 70 
220116,12 80 
220655,07 83 
220890,6 64 236
221130,72 74 223
221130,72 61 223
221941,95 150 
221962,99 68 
223174,95 92 
223174,95 65 
223200,24 103 
223200,24 101 
223733,78 100 
223733,78 2
223733,78 1946
223733,78 11
225706,56 25 
227013,21 75 
227922,04 72 
228185,65 70 
229336,94 80 
229984,41 83 
230221,17 64 237
230544,38 74 307
230544,38 62 307
230953,87 151 
230985,97 69 
231795,57 93 
231809,94 103 
231809,94 101 
235358,2 100 
235358,2 2
235358,2 1946
235358,2 10
237329,72 25 
237355,78 75 
238264,21 72 
238354,71 70 
239330,96 80 
239806,94 83 
240015,63 64 209
240182,96 74 150
240182,96 61 150
240993,87 150 
241021,89 68 
242232,91 92 
242232,91 65 
242258,95 103 
242258,95 101 
242792,93 100 
242792,93 2
242792,93 1946
242792,93 11
244765,22 25 
248937,18 75 
249845,1 72 
249923,15 70 
250917,27 80 
251455,36 83 
251926,53 64 471
252218,14 74 270
252218,14 62 270
252626,24 151 
252657,69 69 
253466,31 93 
253480,91 103 
253480,91 101 
257012,3 100 
257012,3 2
257012,3 1946
257012,3 10
258985,87 25 
259013,44 75 
259922,96 72 
259998,89 70 
260992,96 80 
261424,53 83 
261648,58 64 224
261847,86 74 184
261847,86 61 184
262258,05 150 
262279,41 68 
262786,85 92 
262786,85 65 
262810,23 103 
262810,23 101 
263351,63 100 
263351,63 2
263351,63 1946
263351,63 11
265329,85 25 
267942,48 75 
268618,63 250 
268634,02 101 
270647,63 100 
270647,63 2
270647,63 1946
270647,63 11
270647,63 25 
271940,04 75 
272849,75 72 
272926,77 70 
273918,52 80 
274459,08 83 
274937,26 64 479
275214,19 256 
275340,92 74 390
275340,92 63 390
276149,93 152 
276179,99 69 
276989,77 93 
277004,34 103 
277004,34 101 
280540,43 100 
280540,43 2
280540,43 1946
280540,43 10
282509,48 25 
285335,22 75 
286245,62 72 
286321,25 70 
287321,55 80 
287746,78 83 
288082,52 64 336
288254,11 74 148
288254,11 61 148
288662,97 150 
288695,04 68 
289905,55 92 
289905,55 65 
289932,18 103 
289932,18 101 
290465,64 100 
290465,64 2
290465,64 1946
290465,64 11
292438,46 25 
294677,89 75 
295584,41 72 
295663,94 70 
296653,51 80 
297142,87 83 
297991,82 64 849
298323,05 74 315
298323,05 62 315
299135,46 151 
299157,2 69 
300168,83 93 
300181,19 103 
300181,19 101 
303740,44 100 
303740,44 2
303740,44 1946
303740,44 11
305712,95 25 
305740,96 75 
306647,29 72 
306725,91 70 
307709,49 80 
308151,5 83 
308544,09 64 393
308762,27 74 198
308762,27 61 198
309574,6 151 
309592,92 69 
310102,28 93 
310123,67 103 
310123,67 101 
313656,05 100 
313656,05 2
313656,05 1946
313656,05 10
315628,69 25 
317081,83 75 
317989,97 72 
318067,84 70 
319045,04 80 
319533,53 83 
319618,24 64 85
319790,76 74 151
319790,76 61 151
320201,24 150 
320228,47 68 
321438,51 92 
321438,51 65 
321452,37 103 
321452,37 101 
321989,46 100 
321989,46 2
321989,46 1946
321989,46 11
323958,56 25 
325091,81 75 
325997,85 72 
326077,77 70 
327063,19 80 
327596,68 83 
327757,77 64 161
328002,66 74 233
328002,66 62 233
328415 151 
328438,3 69 
328799,72 249 
331107,9 93 
331129,12 103 
331129,12 101 
334669,89 100 
334669,89 2
334669,89 1946
334669,89 10
336646,57 25 
336673,75 75 
336681,87 250 
336698,69 101 
338712,43 100 
338712,43 2
338712,43 1946
338712,43 10
338712,43 25 
338911,83 75 
339820,71 72 
340178,54 70 
341278,67 80 
341892,95 250 
341910,2 101 
343925,27 100 
343925,27 2
343925,27 1946
343925,27 10
343925,27 25 
346709,38 75 
347619,32 72 
347695,41 70 
348708,53 80 
349187,64 83 
349381,22 64 194
349540,86 74 141
349540,86 61 141
350353,24 152 
350375,18 69 
350800,02 249 
351030,9 181 
352220,01 256 
353484,89 93 
353505,4 103 
353505,4 101 
357037,91 100 
357037,91 2
357037,91 1946
357037,91 10
359023,77 25 
364128,69 75 
365036,23 72 
365114,75 70 
366113,42 80 
366540,25 83 
366782,45 64 242
366948,69 74 142
366948,69 61 142
367760,98 150 
367781,65 68 
368991,82 92 
368991,82 65 
369018,88 103 
369018,88 101 
369551,48 100 
369551,48 2
369551,48 1946
369551,48 11
371525,2 25 
374031,15 75 
374941,33 72 
375030,48 70 
376028,76 80 
376562,89 83 
377122,73 64 560
377731,48 256 
378892,89 74 1745
378892,89 62 1745
379805,16 151 
379829,88 69 
380177,65 249 
380337,64 93 
380360,76 103 
380360,76 101 
383908,3 100 
383908,3 2
383908,3 1946
383908,3 11
385879,2 25 
388278,48 75 
389188,54 72 
389264,69 70 
390259,04 80 
390703,44 83 
391071,17 64 368
391418,84 74 329
391418,84 62 329
392230,57 151 
392250,58 69 
393259,59 93 
393275,31 103 
393275,31 101 
396808,28 100 
396808,28 2
396808,28 1946
396808,28 11
398780,36 25 
402139,39 75 
403047,15 72 
403138,71 70 
403825,94 250 
403844,14 101 
405857,58 100 
405857,58 2
405857,58 1946
405857,58 11
405857,58 25 
414853,98 75 
415762,56 72 
415772,52 70 
415819,78 250 
415839,09 101 
417852,33 100 
417852,33 2
417852,33 1946
417852,33 11
417852,33 25 
418479,12 75 
419387,33 72 
419397,65 70 
420006,58 80 
420504,26 83 
421836,43 64 1333
422197,26 74 347
422197,26 62 347
422610,99 151 
422638,13 69 
423146,08 93 
423156,27 103 
423156,27 101 
426690,82 100 
426690,82 2
426690,82 1946
426690,82 10
428661,4 25 
432553,25 75 
433461,6 72 
433539,24 70 
434533,54 80 
435071,49 83 
435274,06 64 203
435461,02 74 164
435461,02 61 164
436267,85 150 
436286,27 68 
437494,9 92 
437494,9 65 
437510,16 103 
437510,16 101 
438065,88 100 
438065,88 2
438065,88 1946
438065,88 10
440043,03 25 
441602,98 75 
442510,37 72 
442775,51 70 
444097,49 80 
444832,17 250 
444853,57 101 
446866,82 100 
446866,82 2
446866,82 1946
446866,82 10
446866,82 25 
447386,95 75 
448294,8 72 
448559,54 70 
449874,33 80 
450678,17 83 
450934,4 64 257
451111,92 74 155
451111,92 61 155
451520,98 150 
451546,48 68 
452761,77 92 
452761,77 65 
452783,62 103 
452783,62 101 
453319,91 100 
453319,91 2
453319,91 1946
453319,91 11
455289,98 25 
462527,32 75 
463435,13 72 
463699,94 70 
465011,22 80 
465645,25 83 
467486,7 64 1842
467725,84 74 215
467725,84 63 215
468538,7 150 
468565,95 68 
469376,52 92 
469376,52 65 
469390,04 103 
469390,04 101 
469922,75 100 
469922,75 2
469922,75 1946
469922,75 10
471896,26 25 
473336,05 75 
474242,13 72 
474322,1 70 
475314,43 80 
475840,97 83 
475954,66 64 114
476139,1 74 166
476139,1 61 166
476551,21 150 
476575,85 68 
477085,11 92 
477085,11 65 
477106,74 103 
477106,74 101 
477653,1 100 
477653,1 2
477653,1 1946
477653,1 10
479626,36 25 
483585,09 75 
484493,68 72 
484571,05 70 
485566,79 80 
486063,33 83 
486338,13 64 275
486543,2 74 187
486543,2 61 187
487354,19 150 
487384,69 68 
488595,78 92 
488595,78 65 
488621,88 103 
488621,88 101 
489154,43 100 
489154,43 2
489154,43 1946
489154,43 10
491128,17 25 
493994,02 75 
494903,08 72 
494980,17 70 
495979,01 80 
496525,64 83 
496887,67 64 362
497093 74 182
497093 61 182
497504,09 150 
497528,05 68 
498340,99 92 
498340,99 65 
498364,49 103 
498364,49 101 
498900,53 100 
498900,53 2
498900,53 1946
498900,53 11
500870,83 25 
510872,94 254 
510892,41 101 
512891,65 100 
512891,65 2
512891,65 1946
512891,65 11
512891,65 25 
516544,66 75 
517453,07 72 
517530,63 70 
518529,79 80 
518969,52 83 
519254,67 64 285
519484,51 74 209
519484,51 63 209
519893,68 150 
519917,71 68 
520430,03 92 
520430,03 65 
520448,49 103 
520448,49 101 
520988,38 100 
520988,38 2
520988,38 1946
520988,38 10
522968,12 25 
527260,15 75 
528171,15 72 
528259,4 70 
529256,51 80 
529791,71 83 
529969,21 64 178
530125,05 74 134
530125,05 61 134
530937,47 150 
530967,28 68 
531380,13 249
531450,92 171
531952,67 92 
531952,67 65 
531976,99 103 
531976,99 101 
532511,97 100 
532511,97 2
532511,97 1946
532511,97 10
534483,3 25 
536136,3 75 
537046,54 72 
537122,29 70 
538114,52 80 
538547,85 83 
538793,28 64 246
538970,01 74 156
538970,01 61 156
539381,83 150 
539402,75 68 
540615,91 92 
540615,91 65 
540640,02 103 
540640,02 101 
541172,47 100 
541172,47 2
541172,47 1946
541172,47 11
543146,26 25 
553145,68 254 
553155,65 101 
555167,13 100 
555167,13 2
555167,13 1946
555167,13 11
555167,13 25 
557687,25 75 
558594,17 72 
558673,19 70 
559672,84 80 
560165,44 83 
560800,65 64 635
562975,26 74 2157
562975,26 63 2157
563783,99 150 
563805,81 68 
564614,38 92 
564614,38 65 
564630 103 
564630 101 
565175,63 100 
565175,63 2
565175,63 1946
565175,63 11
567149,68 25 
570415,18 75 
571324,6 72 
571601,07 70 
572912,29 80 
573666,43 83 
573943,53 64 277
574121,14 74 162
574121,14 63 162
574529,17 152 
574548,15 69 
575359,15 93 
575372,04 103 
575372,04 101 
578903,32 100 
578903,32 2
578903,32 1946
578903,32 11
580877,07 25 
586048,76 75 
586958,92 72 
587048,01 70 
588046,76 80 
588526,82 83 
588786,83 64 260
588980,73 74 174
588980,73 62 174
589792,69 151 
589820,88 69 
590421,68 249 
590833,11 93 
590845,51 103 
590845,51 101 
594379,11 100 
594379,11 2
594379,11 1946
594379,11 10
596350,62 25 
598177 75 
599087,12 72 
599162,82 70 
600148,43 80 
600696,58 83 
600920,41 64 225
601091,07 74 157
601091,07 61 157
601178,04 256 
601590,42 150 
601616,55 68 
602428,43 92 
602428,43 65 
602453,93 103 
602453,93 101 
602994,35 100 
602994,35 2
602994,35 1946
602994,35 10
604973,59 25 
606719,89 75 
607628,3 72 
607705,95 70 
608707,98 80 
609251,44 83 
609301,19 64 50
609488,77 74 171
609488,77 61 171
610301,11 150 
610319,72 68 
610833,9 92 
610833,9 65 
610850,44 103 
610850,44 101 
611398,38 100 
611398,38 2
611398,38 1946
611398,38 11
613370,09 25 
616089,59 75 
616999,45 72 
617088,6 70 
618081,42 80 
618514,18 83 
619197,09 64 684
619437,16 74 217
619437,16 62 217
619846,15 151 
619875,03 69 
620883,07 93 
620899,55 103 
620899,55 101 
624432,04 100 
624432,04 2
624432,04 1946
624432,04 11
626404,61 25 
627897,69 75 
628807,97 72 
628883,83 70 
629887,32 80 
630375,89 83 
632663,72 64 2288
632923,1 74 242
632923,1 63 242
633732,18 150 
633763,08 68 
634971,79 92 
634971,79 65 
634986,94 103 
634986,94 101 
635529,64 100 
635529,64 2
635529,64 1946
635529,64 10
637506,56 25 
637533,82 75 
638440,54 72 
638519,58 70 
639541,29 80 
640078,52 83 
640299,4 64 221
640472,93 74 155
640472,93 61 155
640881,47 150 
640906,82 68 
641718,66 92 
641718,66 65 
641744,1 103 
641744,1 101 
642276 100 
642276 2
642276 1946
642276 11
644250,43 25 
646383,26 75 
647291,42 72 
647369,31 70 
648362,84 80 
648861,49 83 
649727,48 64 866
649983,05 74 243
649983,05 63 243
650793,66 152 
650822,61 69 
651633,55 93 
651646,6 103 
651646,6 101 
655183,82 100 
655183,82 2
655183,82 1946
655183,82 10
657165,06 25 
660230,73 75 
661140,4 72 
661216,77 70 
662201,39 80 
662628,97 83 
662895,27 64 267
663068,01 74 147
663068,01 61 147
663476,79 150 
663497,3 68 
664707,77 92 
664707,77 65 
664734,43 103 
664734,43 101 
665274 100 
665274 2
665274 1946
665274 11
667254,08 25 
669120,29 75 
670028,64 72 
670106,37 70 
671107,71 80 
671531,93 83 
672621,86 64 1091
672888,84 74 252
672888,84 62 252
673698,99 151 
673719,59 69 
674228,85 93 
674250,43 103 
674250,43 101 
677784,76 100 
677784,76 2
677784,76 1946
677784,76 11
679768,87 25 
680742,1 75 
681651,61 72 
681928,02 70 
683153,83 80 
683846,78 83 
684813,35 64 967
685202,74 256 
685210,88 74 379
685210,88 61 379
685622,55 151 
685647,59 69 
686659,05 93 
686671,88 103 
686671,88 101 
690204,07 100 
690204,07 2
690204,07 1946
690204,07 10
692177 25 
692204,43 75 
693112,52 72 
693189,94 70 
694171,55 80 
694708,83 83 
721448,34 64 26740
721695,3 74 225
721695,3 61 225
722506,76 150 
722525,86 68 
723334,86 92 
723334,86 65 
723349,78 103 
723349,78 101 
723900,79 100 
723900,79 2
723900,79 1946
723900,79 10
725869,42 25 
726589,54 75 
727496,84 72 
727575,48 70 
728551,87 80 
729027,74 83 
729175,94 64 149
729398,82 74 198
729398,82 61 198
730207,28 152 
730229,15 69 
731038,15 93 
731053,18 103 
731053,18 101 
734586,53 100 
734586,53 2
734586,53 1946
734586,53 11
736558,19 25 
741529,86 75 
742437,75 72 
742516,01 70 
743504,12 80 
744021,48 83 
744362,21 64 341
744586,88 74 207
744586,88 63 207
744998,62 150 
745023,09 68 
745075,62 249
745547,51 173 
745832,59 92 
745832,59 65 
745847,07 103 
745847,07 101 
746381,08 100 
746381,08 2
746381,08 1946
746381,08 10
748353,27 25 
758356,05 254 
758374,91 101 
760387,4 100 
760387,4 2
760387,4 1946
760387,4 10
760387,4 25 
760535,23 75 
761444,72 72 
761521,21 70 
762513,34 80 
762933,46 83 
763208,58 64 275
763409,26 74 182
763409,26 61 182
764220,15 150 
764241,45 68 
765451,63 92 
765451,63 65 
765465,4 103 
765465,4 101 
766006,04 100 
766006,04 2
766006,04 1946
766006,04 10
767998,33 25 
777997,57 254 
778006,65 101 
780019,18 100 
780019,18 2
780019,18 1946
780019,18 10
780019,18 25 
780047,19 75 
780956,03 72 
781032,97 70 
782018,29 80 
782445,34 83 
782643,7 64 199
782820,32 74 162
782820,32 61 162
783229,29 150 
783260,21 68 
784470,24 92 
784470,24 65 
784483,99 103 
784483,99 101 
785020,26 100 
785020,26 2
785020,26 1946
785020,26 11
786990,36 25 
788163,51 75 
789073,45 72 
789149,53 70 
790134,79 80 
790633,05 250 
790641,33 101 
792654,62 100 
792654,62 2
792654,62 1946
792654,62 11
792654,62 25 
796680,01 75 
797589,51 72 
797865,87 70 
799180,45 80 
799931,23 83 
800188,62 64 258
800452,81 74 242
800452,81 62 242
801262,13 151 
801292,58 69 
801804,12 93 
801823,37 103 
801823,37 101 
805355,03 100 
805355,03 4
805355,03 1946
805355,03 11
805355,03 78 
805355,03 198 
807328,5 25 
807355,66 75 
808263,78 72 
808488,06 70 
809490,98 80 
809966,97 83 
810185,93 64 219
810664,73 74 458
810664,73 61 458
811074,49 150 
811101,73 68 
811909,5 92 
811909,5 65 
811925,8 103 
811925,8 101 
812468,42 100 
812468,42 4
812468,42 1946
812468,42 10
814445,47 25 
824445,62 254 
824453,99 101 
826466,27 100 
826466,27 4
826466,27 1946
826466,27 10
826466,27 25 
826494,44 75 
827402,06 72 
827480,07 70 
828466,01 80 
828998,96 83 
829156,02 64 158
829336,69 74 165
829336,69 61 165
829748,57 151 
829773,55 69 
830279,04 249 
830497,62 181 
833150,02 256 
833720,11 93 
833730,1 103 
833730,1 101 
837262 100 
837262 4
837262 1946
837262 11
839235,1 25 
840434,95 75 
841129,54 250 
841139,71 101 
843153,34 100 
843153,34 4
843153,34 1946
843153,34 11
843153,34 25 
843180,16 75 
844086,24 72 
844166,39 70 
845158,05 80 
845591,98 83 
846517,72 64 926
848291,76 74 1754
848291,76 63 1754
849099,83 151 
849125,9 69 
850135 93 
850149,73 103 
850149,73 101 
853684,92 100 
853684,92 4
853684,92 1946
853684,92 10
855655,05 25 
860173,28 75 
861080,97 72 
861159,25 70 
862150,09 80 
862638,15 83 
863220,92 64 584
863401,8 74 164
863401,8 61 164
864213,91 151 
864239,48 69 
864709,61 249 
865045,3 181 
866185,39 256 
867538,18 93 
867555,88 103 
867555,88 101 
871097,78 100 
871097,78 4
871097,78 1946
871097,78 11
873074,16 25 
883075,34 254 
883095,77 101 
885108,26 100 
885108,26 4
885108,26 1946
885108,26 11
885108,26 25 
886322,18 75 
887229,44 72 
887308,3 70 
888305,23 80 
888747,15 83 
889639,18 64 893
890094,28 74 441
890094,28 62 441
890503,69 151 
890535,9 69 
891345,76 93 
891359,04 103 
891359,04 101 
894891,85 100 
894891,85 4
894891,85 1946
894891,85 10
896864,06 25 
906863,53 254 
906872,43 101 
908884,93 100 
908884,93 4
908884,93 1946
908884,93 10
908884,93 25 
918887,51 254 
918894,09 101 
920906,52 100 
920906,52 4
920906,52 1946
920906,52 10
920906,52 25 
924146,26 75 
925055,29 72 
925332,23 70 
926493,65 80 
927117,77 83 
928306,43 64 1189
928498,18 74 168
928498,18 61 168
928909,71 151 
928932,18 69 
929442,54 93 
929462,99 103 
929462,99 101 
932994,33 100 
932994,33 4
932994,33 1946
932994,33 10
934968,07 25 
941912,17 75 
941929,55 250 
941937,29 101 
943950,89 100 
943950,89 4
943950,89 1946
943950,89 10
943950,89 25 
952240,4 75 
952488,05 250 
952506,16 101 
954506,76 100 
954506,76 4
954506,76 1946
954506,76 10
954506,76 25 
954533,04 75 
955439,99 72 
955652,79 70 
956211,99 250 
956225 101 
958238,25 100 
958238,25 4
958238,25 1946
958238,25 10
958238,25 25 
958518,59 75 
958905,8 250 
958916,8 101 
960930,41 100 
960930,41 4
960930,41 1946
960930,41 10
960930,41 25 
965674,71 75 
965847,72 250 
965860,55 101 
967874,19 100 
967874,19 4
967874,19 1946
967874,19 10
967874,19 25 
977875,33 254 
977882,74 101 
979895,03 100 
979895,03 4
979895,03 1946
979895,03 10
979895,03 25 
989895,92 254 
989904,21 101 
991916,64 100 
991916,64 4
991916,64 1946
991916,64 10
991916,64 25 
1001917,42 254 
1001925,79 101 
1003938,23 100 
1003938,23 4
1003938,23 1946
1003938,23 10
1003938,23 25 
1007430,46 75 
1008340,08 72 
1008349,73 70 
1008958,47 80 
1009656,34 83 
1010270,65 64 614
1010302,66 74 7
1010302,66 62 7
1011414,37 256 
1016916,49 251 
1016916,49 241 
1016932,9 101 
1018945,99 100 
1018945,99 4
1018945,99 1946
1018945,99 10
1018945,99 25 
1021332,07 75 
1021646,08 250 
1021663,72 101 
1023677,4 100 
1023677,4 4
1023677,4 1946
1023677,4 10
1023677,4 25 
1031353,74 75 
1031701,57 250 
1031712,83 101 
1033713,42 100 
1033713,42 4
1033713,42 1946
1033713,42 10
1033713,42 25 
1034272,56 75 
1034448,79 250 
1034458,36 101 
1036471,96 100 
1036471,96 4
1036471,96 1946
1036471,96 10
1036471,96 25 
1041496,12 75 
1041767,17 250 
1041775,27 101 
1043775,83 100 
1043775,83 4
1043775,83 1946
1043775,83 10
1043775,83 25 
1053776,7 254 
1053784,18 101 
1055796,46 100 
1055796,46 4
1055796,46 1946
1055796,46 10
1055796,46 25 
1062660,57 75 
1062689,79 250 
1062699,79 101 
1064713,43 100 
1064713,43 4
1064713,43 1946
1064713,43 10
1064713,43 25 
1066685,56 75 
1066691,55 250 
1066698,26 101 
1068711,86 100 
1068711,86 4
1068711,86 1946
1068711,86 10
1068711,86 25 
1069910,83 75 
1070817,53 72 
1070897,59 70 
1071895,91 80 
1072443,26 83 
1072964,98 64 523
1073215,65 74 226
1073215,65 62 226
1074023,83 150 
1074044,45 68 
1074853,96 92 
1074853,96 65 
1074868,49 103 
1074868,49 101 
1075414,69 100 
1075414,69 4
1075414,69 1946
1075414,69 10
1077388,08 25 
1083452,57 75 
1084361,35 72 
1084438,61 70 
1085431,05 80 
1085864,22 83 
1086071,57 64 208
1086343,78 74 253
1086343,78 62 253
1086435,68 256 
1087317,22 150 
1087345,75 68 
1088602,91 92 
1088602,91 65 
1088622,65 103 
1088622,65 101 
1089154,12 100 
1089154,12 4
1089154,12 1946
1089154,12 11
1091128,96 25 
1094447,98 75 
1095356,61 72 
1095433,97 70 
1096430,53 80 
1096912,84 83 
1097113,85 64 202
1097590,92 74 452
1097590,92 62 452
1099725,41 151 
1099752,86 69 
1100141,13 249 
1100564,64 93 
1100577,68 103 
1100577,68 101 
1104111,9 100 
1104111,9 4
1104111,9 1946
1104111,9 11
1106082,74 25 
1107162,58 75 
1108072,56 72 
1108148,57 70 
1109139,66 80 
1110107,27 83 
1110921,74 64 814
1111195,76 74 249
1111195,76 62 249
1112002,85 151 
1112027,62 69 
1112536,03 93 
1112559,27 103 
1112559,27 101 
1116099,65 100 
1116099,65 4
1116099,65 1946
1116099,65 11
1118077,66 25 
1118105,41 75 
1119015,65 72 
1119237,3 70 
1120237,28 80 
1120729,59 83 
1339663,68 64 218934
1339832,9 256 
1339865,27 74 188
1339865,27 61 188
1340276,34 150 
1340304,86 68 
1340812,11 92 
1340812,11 65 
1340836,61 103 
1340836,61 101 
1341374,88 100 
1341374,88 4
1341374,88 1946
1341374,88 11
1343342,89 25 
1353345,61 254 
1353364,51 101 
1355377,01 100 
1355377,01 4
1355377,01 1946
1355377,01 11
1355377,01 25 
1356151,18 75 
1356685,97 250 
1356696,03 101 
1358696,53 100 
1358696,53 4
1358696,53 1946
1358696,53 11
1358696,53 25 
1359815,53 75 
1360724,62 72 
1360935,56 70 
1362106,23 80 
1362760,97 83 
1363627,2 64 867
1363873,33 74 233
1363873,33 63 233
1364681,01 151 
1364708,69 69 
1365169,55 249 
1365256,88 183 
1365321,15 256 
1405887,26 93 
1405902,47 103 
1405902,47 101 
1409434,12 100 
1409434,12 4
1409434,12 1946
1409434,12 10
1411407,49 25 
1412807,31 75 
1413715,37 72 
1413793,26 70 
1414783,99 80 
1415218,94 83 
1415431,7 64 213
1415596,2 74 151
1415596,2 61 151
1416007,58 153 
1416033,73 68 
1417243,34 92 
1417243,34 65 
1417257,69 103 
1417257,69 101 
1417801,37 100 
1417801,37 4
1417801,37 1946
1417801,37 10
1419777,29 25 
1429778,36 254 
1429798,98 101 
1431811,48 100 
1431811,48 4
1431811,48 1946
1431811,48 10
1431811,48 25 
1441814,72 254 
1441833,93 101 
1443846,45 100 
1443846,45 4
1443846,45 1946
1443846,45 10
1443846,45 25 
1447845,9 75 
1448756,01 72 
1448831,88 70 
1449812,22 80 
1450244,16 83 
1450250,79 64 8
1450447,44 256 
1450853,32 74 583
1450853,32 62 583
1450985,77 255 
1451003,41 101 
1453003,37 100 
1453003,37 4
1453003,37 1946
1453003,37 10
1453003,37 25 
1455895,79 75 
1456804,1 72 
1456895,16 70 
1457882,69 80 
1458320,8 83 
1458675,63 64 355
1458923,43 74 230
1458923,43 62 230
1459334,42 150 
1459362,3 68 
1459710,99 249
1459872,99 92 
1459872,99 65 
1459893,1 103 
1459893,1 101 
1460425,9 100 
1460425,9 4
1460425,9 1946
1460425,9 11
1462399,37 25 
1466344,79 75 
1467252,19 72 
1467330,73 70 
1468311,17 80 
1468849,69 83 
1469141,72 64 292
1469396,08 74 241
1469396,08 61 241
1474339,8 256 
1479159,62 252 
1479178,23 101 
1481191,56 100 
1481191,56 4
1481191,56 1946
1481191,56 11
1481191,56 25 
1491191,16 254 
1491199,82 101 
1493212,37 100 
1493212,37 4
1493212,37 1946
1493212,37 11
1493212,37 25 
1503213,47 254 
1503221,43 101 
1505233,9 100 
1505233,9 4
1505233,9 1946
1505233,9 11
1505233,9 25 
1509113,4 75 
1509149,29 250 
1509165,22 101 
1511178,84 100 
1511178,84 4
1511178,84 1946
1511178,84 11
1511178,84 25 
1519388,35 75 
1519870,53 250 
1519880,7 101 
1521894,32 100 
1521894,32 4
1521894,32 1946
1521894,32 11
1521894,32 25 
1525279,25 75 
1526012,53 250 
1526024,78 101 
1528038,39 100 
1528038,39 4
1528038,39 1946
1528038,39 11
1528038,39 25 
1532382,9 75 
1533066,93 250 
1533075,13 101 
1535088,81 100 
1535088,81 4
1535088,81 1946
1535088,81 11
1535088,81 25 
1537167,52 75 
1537201,03 250 
1537220,08 101 
1539233,73 100 
1539233,73 4
1539233,73 1946
1539233,73 11
1539233,73 25 
1541618,97 75 
1541707,1 250 
1541724,84 101 
1543738,44 100 
1543738,44 4
1543738,44 1946
1543738,44 11
1543738,44 25 
1546816,82 75 
1547170,91 250 
1547189,21 101 
1549202,84 100 
1549202,84 4
1549202,84 1946
1549202,84 11
1549202,84 25 
1552134,55 75 
1552140,7 250 
1552147,11 101 
1554160,77 100 
1554160,77 4
1554160,77 1946
1554160,77 11
1554160,77 25 
1564162,88 254 
1564182,41 101 
1566194,92 100 
1566194,92 4
1566194,92 1946
1566194,92 11
1566194,92 25 
1576017,84 75 
1576927,62 72 
1577204,56 70 
1577920,3 250 
1577936,64 101 
1579949,93 100 
1579949,93 4
1579949,93 1946
1579949,93 11
1579949,93 25 
1589946,08 75 
1590178,19 250 
1590184,47 101 
1592184,8 100 
1592184,8 4
1592184,8 1946
1592184,8 11
1592184,8 25 
1596889,88 75 
1597364,53 250 
1597381,41 101 
1599395,02 100 
1599395,02 4
1599395,02 1946
1599395,02 11
1599395,02 25 
1600794,13 75 
1601701,9 72 
1601713,37 70 
1602322,3 80 
1603259,75 83 
1603267,68 64 8
1603615,87 74 330
1603615,87 62 330
1604426,63 151 
1604447,83 69 
1604769,19 249 
1605073,97 256 
1606180,28 93 
1606191,54 103 
1606191,54 101 
1609729,83 100 
1609729,83 4
1609729,83 1946
1609729,83 11
1611709,87 25 
1621711,51 254 
1621731,53 101 
1623744,04 100 
1623744,04 4
1623744,04 1946
1623744,04 11
1623744,04 25 
1633747,79 254 
1633766,46 101 
1635778,99 100 
1635778,99 4
1635778,99 1946
1635778,99 11
1635778,99 25 
1645782,3 254 
1645801,42 101 
1647813,88 100 
1647813,88 4
1647813,88 1946
1647813,88 11
1647813,88 25 
1651280,22 75 
1651715,46 250 
1651731,87 101 
1653745,53 100 
1653745,53 4
1653745,53 1946
1653745,53 11
1653745,53 25 
1655904,27 75 
1656813,16 72 
1657157,82 70 
1658269,76 80 
1658876,39 83 
1658986,4 64 110
1659172,15 74 163
1659172,15 61 163
1659581,16 150 
1659610,47 68 
1660421,45 92 
1660421,45 65 
1660435,35 103 
1660435,35 101 
1660975,13 100 
1660975,13 4
1660975,13 1946
1660975,13 11
1662954,99 25 
1663501,79 75 
1664410,64 72 
1664634,35 70 
1665808,09 80 
1666353,2 83 
1666598,4 64 246
1666819,74 256 
1666848,36 74 229
1666848,36 63 229
1667655,89 151 
1667674,09 69 
1668185,71 93 
1668205,4 103 
1668205,4 101 
1671742,21 100 
1671742,21 4
1671742,21 1946
1671742,21 11
1673723,82 25 
1683724,61 254 
1683732,38 101 
1685744,61 100 
1685744,61 4
1685744,61 1946
1685744,61 11
1685744,61 25 
1689904,03 75 
1690202,39 250 
1690209,18 101 
1692222,7 100 
1692222,7 4
1692222,7 1946
1692222,7 11
1692222,7 25 
1700019 75 
1700025,98 250 
1700044,94 101 
1702045,26 100 
1702045,26 4
1702045,26 1946
1702045,26 11
1702045,26 25 
1712046,71 254 
1712066,92 101 
1714079,42 100 
1714079,42 4
1714079,42 1946
1714079,42 11
1714079,42 25 
1724082,9 254 
1724101,77 101 
1726114,26 100 
1726114,26 4
1726114,26 1946
1726114,26 11
1726114,26 25 
1736114,92 254 
1736123,39 101 
1738136,11 100 
1738136,11 4
1738136,11 1946
1738136,11 11
1738136,11 25 
1740122,09 75 
1740270,21 250 
1740281,27 101 
1742281,89 100 
1742281,89 4
1742281,89 1946
1742281,89 11
1742281,89 25 
1748451,9 75 
1749020,96 250 
1749037,58 101 
1751039,33 100 
1751039,33 4
1751039,33 1946
1751039,33 11
1751039,33 25 
1757341,5 75 
1757599,97 250 
1757607,3 101 
1759620,98 100 
1759620,98 4
1759620,98 1946
1759620,98 11
1759620,98 25 
1760860,22 75 
1761648,07 250 
1761658,93 101 
1763672,6 100 
1763672,6 4
1763672,6 1946
1763672,6 11
1763672,6 25 
1767204,08 75 
1767580,83 250 
1767589,77 101 
1769603,4 100 
1769603,4 4
1769603,4 1946
1769603,4 11
1769603,4 25 
1775720,44 75 
1775778,02 250 
1775786,31 101 
1777799,93 100 
1777799,93 4
1777799,93 1946
1777799,93 11
1777799,93 25 
1779945,65 75 
1780073,79 250 
1780091,18 101 
1782104,79 100 
1782104,79 4
1782104,79 1946
1782104,79 11
1782104,79 25 
1785170,8 75 
1785829,02 250 
1785835,56 101 
1787849,07 100 
1787849,07 4
1787849,07 1946
1787849,07 11
1787849,07 25 
1797850,37 254 
1797870,73 101 
1799883,24 100 
1799883,24 4
1799883,24 1946
1799883,24 11
1799883,24 25 
1805374,64 75 
1805419,7 250 
1805427,29 101 
1807440,79 100 
1807440,79 4
1807440,79 1946
1807440,79 11
1807440,79 25 
1808133,63 75 
1809041,05 72 
1809320,13 70 
1810642,12 80 
1811458,22 250 
1811478,35 101 
1813478,39 100 
1813478,39 4
1813478,39 1946
1813478,39 11
1813478,39 25 
1823478,44 254 
1823486,62 101 
1825499,12 100 
1825499,12 4
1825499,12 1946
1825499,12 11
1825499,12 25 
1835501,12 254 
1835508,31 101 
1837520,73 100 
1837520,73 4
1837520,73 1946
1837520,73 11
1837520,73 25 
1847522,59 254 
1847530,26 101 
1849542,31 100 
1849542,31 4
1849542,31 1946
1849542,31 11
1849542,31 25 
1857260,21 75 
1857605,52 250 
1857618,53 101 
1859618,92 100 
1859618,92 4
1859618,92 1946
1859618,92 11
1859618,92 25 
1869620,53 254 
1869640,56 101 
1871653,02 100 
1871653,02 4
1871653,02 1946
1871653,02 11
1871653,02 25 
1877117,77 75 
1877352,35 250 
1877370,22 101 
1879383,85 100 
1879383,85 4
1879383,85 1946
1879383,85 11
1879383,85 25 
1889383,25 254 
1889392,21 101 
1891404,71 100 
1891404,71 4
1891404,71 1946
1891404,71 11
1891404,71 25 
1892564,61 75 
1892785,59 250 
1892803,72 101 
1894817,35 100 
1894817,35 4
1894817,35 1946
1894817,35 11
1894817,35 25 
1901307,57 75 
1901370,94 250 
1901386,79 101 
1903400,44 100 
1903400,44 4
1903400,44 1946
1903400,44 11
1903400,44 25 
1913403,27 254 
1913422,08 101 
1915434,62 100 
1915434,62 4
1915434,62 1946
1915434,62 11
1915434,62 25 
1925438,74 254 
1925457,05 101 
1927456,29 100 
1927456,29 4
1927456,29 1946
1927456,29 11
1927456,29 25 
1933747,28 75 
1933764,42 250 
1933773,17 101 
1935786,83 100 
1935786,83 4
1935786,83 1946
1935786,83 11
1935786,83 25 
1938118,75 75 
1939027,47 72 
1939305,46 70 
1940629,17 80 
1941203,99 250 
1941223,77 101 
1943236,99 100 
1943236,99 4
1943236,99 1946
1943236,99 11
1943236,99 25 
1953238,78 254 
1953258,64 101 
1955271,21 100 
1955271,21 4
1955271,21 1946
1955271,21 11
1955271,21 25 
1965274,72 254 
1965293,62 101 
1967306,11 100 
1967306,11 4
1967306,11 1946
1967306,11 11
1967306,11 25 
1969919,51 75 
1970112,24 250 
1970131,18 101 
1972144,82 100 
1972144,82 4
1972144,82 1946
1972144,82 11
1972144,82 25 
1982146,58 254 
1982166,49 101 
1984179,01 100 
1984179,01 4
1984179,01 1946
1984179,01 11
1984179,01 25 
1994180,3 254 
1994188,25 101 
1996200,64 100 
1996200,64 4
1996200,64 1946
1996200,64 11
1996200,64 25 
2006201,39 254 
2006209,72 101 
2008208,97 100 
2008208,97 4
2008208,97 1946
2008208,97 11
2008208,97 25 
2018212,11 254 
2018231,31 101 
2020243,83 100 
2020243,83 4
2020243,83 1946
2020243,83 11
2020243,83 25 
2030244,54 254 
2030252,9 101 
2032265,43 100 
2032265,43 4
2032265,43 1946
2032265,43 11
2032265,43 25 
2042283,69 254 
2042301,2 101 
2044313,71 100 
2044313,71 4
2044313,71 1946
2044313,71 11
2044313,71 25 
2054315,15 254 
2054322,95 101 
2056335,34 100 
2056335,34 4
2056335,34 1946
2056335,34 11
2056335,34 25 
2061680,1 75 
2062579,04 250 
2062598,92 101 
2064626,14 100 
2064626,14 4
2064626,14 1946
2064626,14 11
2064626,14 25 
2071915,95 75 
2071941,48 250 
2071954,99 101 
2073968,61 100 
2073968,61 4
2073968,61 1946
2073968,61 11
2073968,61 25 
2074474,77 75 
2074758,14 250 
2074767,14 101 
2076780,75 100 
2076780,75 4
2076780,75 1946
2076780,75 11
2076780,75 25 
2086782,88 254 
2086789,17 101 
2088801,63 100 
2088801,63 4
2088801,63 1946
2088801,63 11
2088801,63 25 
2098805,55 254 
2098824,08 101 
2100836,57 100 
2100836,57 4
2100836,57 1946
2100836,57 11
2100836,57 25 
2101236,74 75 
2101351,07 250 
2101369,29 101 
2103382,9 100 
2103382,9 4
2103382,9 1946
2103382,9 11
2103382,9 25 
2107154,26 75 
2107170,87 250 
2107180,18 101 
2109180,52 100 
2109180,52 4
2109180,52 1946
2109180,52 11
2109180,52 25 
2119180,89 254 
2119188,88 101 
2121188,12 100 
2121188,12 4
2121188,12 1946
2121188,12 11
2121188,12 25 
2131190,33 254 
2131197,24 101 
2133209,61 100 
2133209,61 4
2133209,61 1946
2133209,61 11
2133209,61 25 
2143212,98 254 
2143232,03 101 
2145244,55 100 
2145244,55 4
2145244,55 1946
2145244,55 11
2145244,55 25 
2155246,2 254 
2155253,81 101 
2157266,12 100 
2157266,12 4
2157266,12 1946
2157266,12 11
2157266,12 25 
2167268,36 254 
2167288,66 101 
2169301,07 100 
2169301,07 4
2169301,07 1946
2169301,07 11
2169301,07 25 
2179304,32 254 
2179323,49 101 
2181335,99 100 
2181335,99 4
2181335,99 1946
2181335,99 11
2181335,99 25 
2191336,64 254 
2191345,12 101 
2193357,61 100 
2193357,61 4
2193357,61 1946
2193357,61 11
2193357,61 25 
2203360,42 254 
2203380,07 101 
2205392,57 100 
2205392,57 4
2205392,57 1946
2205392,57 11
2205392,57 25 
2215393,74 254 
2215401,71 101 
2217414,18 100 
2217414,18 4
2217414,18 1946
2217414,18 11
2217414,18 25 
2227415,17 254 
2227423,34 101 
2229435,76 100 
2229435,76 4
2229435,76 1946
2229435,76 11
2229435,76 25 
2239436,47 254 
2239444,93 101 
2241444,08 100 
2241444,08 4
2241444,08 1946
2241444,08 11
2241444,08 25 
2251447,51 254 
2251466,52 101 
2253479 100 
2253479 4
2253479 1946
2253479 11
2253479 25 
2263482,38 254 
2263501,45 101 
2265513,93 100 
2265513,93 4
2265513,93 1946
2265513,93 11
2265513,93 25 
2275515,59 254 
2275523,04 101 
2277535,51 100 
2277535,51 4
2277535,51 1946
2277535,51 11
2277535,51 25 
2287537,28 254 
2287544,83 101 
2289557,13 100 
2289557,13 4
2289557,13 1946
2289557,13 11
2289557,13 25 
2299557,64 254 
2299579,56 101 
2301592,09 100 
2301592,09 4
2301592,09 1946
2301592,09 11
2301592,09 25 
2309562,44 75 
2309703,14 250 
2309721,59 101 
2311735,21 100 
2311735,21 4
2311735,21 1946
2311735,21 11
2311735,21 25 
2321736,51 254 
2321743,59 101 
2323756,14 100 
2323756,14 4
2323756,14 1946
2323756,14 11
2323756,14 25 
2333756,33 254 
2333765,16 101 
2335777,69 100 
2335777,69 4
2335777,69 1946
2335777,69 11
2335777,69 25 
2345781,11 254 
2345800,1 101 
2347812,63 100 
2347812,63 4
2347812,63 1946
2347812,63 11
2347812,63 25 
2357816,08 254 
2357835,18 101 
2359834,44 100 
2359834,44 4
2359834,44 1946
2359834,44 11
2359834,44 25 
2365165,69 75 
2365321,59 250 
2365338,17 101 
2367338,68 100 
2367338,68 4
2367338,68 1946
2367338,68 11
2367338,68 25 
2377338,19 254 
2377346,91 101 
2379359,32 100 
2379359,32 4
2379359,32 1946
2379359,32 11
2379359,32 25 
2381332,22 75 
2381587,93 250 
2381598 101 
2383611,63 100 
2383611,63 4
2383611,63 1946
2383611,63 11
2383611,63 25 
2391647,85 75 
2391815,58 250 
2391833,68 101 
2393847,43 100 
2393847,43 4
2393847,43 1946
2393847,43 11
2393847,43 25 
2400644,09 75 
2400650,97 250 
2400656,65 101 
2402670,32 100 
2402670,32 4
2402670,32 1946
2402670,32 11
2402670,32 25 
2412670,49 254 
2412678,73 101 
2414691,12 100 
2414691,12 4
2414691,12 1946
2414691,12 11
2414691,12 25 
2417423,72 75 
2417712,45 250 
2417729,48 101 
2419743,1 100 
2419743,1 4
2419743,1 1946
2419743,1 11
2419743,1 25 
2421915,12 75 
2422216,98 250 
2422234,23 101 
2424247,95 100 
2424247,95 4
2424247,95 1946
2424247,95 11
2424247,95 25 
2428645,84 75 
2428737,14 250 
2428751,56 101 
2430765,16 100 
2430765,16 4
2430765,16 1946
2430765,16 11
2430765,16 25 
2440767,9 254 
2440786,77 101 
2442786,21 100 
2442786,21 4
2442786,21 1946
2442786,21 11
2442786,21 25 
2452787,33 254 
2452795,23 101 
2454807,56 100 
2454807,56 4
2454807,56 1946
2454807,56 11
2454807,56 25 
2464810,21 254 
2464830,04 101 
2466842,51 100 
2466842,51 4
2466842,51 1946
2466842,51 11
2466842,51 25 
2476843,42 254 
2476851,65 101 
2478864,1 100 
2478864,1 4
2478864,1 1946
2478864,1 11
2478864,1 25 
2488867,26 254 
2488886,54 101 
2490899,05 100 
2490899,05 4
2490899,05 1946
2490899,05 11
2490899,05 25 
2500899,12 254 
2500908,17 101 
2502920,64 100 
2502920,64 4
2502920,64 1946
2502920,64 11
2502920,64 25 
2512924,35 254 
2512943,09 101 
2514955,61 100 
2514955,61 4
2514955,61 1946
2514955,61 11
2514955,61 25 
2524959,72 254 
2524978,01 101 
2526990,52 100 
2526990,52 4
2526990,52 1946
2526990,52 11
2526990,52 25 
2532361,97 75 
2532402,41 250 
2532414,52 101 
2534428,17 100 
2534428,17 4
2534428,17 1946
2534428,17 11
2534428,17 25 
2544428,89 254 
2544436,68 101 
2546448,99 100 
2546448,99 4
2546448,99 1946
2546448,99 11
2546448,99 25 
2550527,74 75 
2550706,79 250 
2550713,5 101 
2552727,21 100 
2552727,21 4
2552727,21 1946
2552727,21 11
2552727,21 25 
2562728,05 254 
2562735,84 101 
2564747,95 100 
2564747,95 4
2564747,95 1946
2564747,95 11
2564747,95 25 
2567107,46 75 
2567507,09 250 
2567519,73 101 
2569533,36 100 
2569533,36 4
2569533,36 1946
2569533,36 11
2569533,36 25 
2579535,45 254 
2579555,2 101 
2581567,53 100 
2581567,53 4
2581567,53 1946
2581567,53 11
2581567,53 25 
2591569,83 254 
2591589,99 101 
2593602,49 100 
2593602,49 4
2593602,49 1946
2593602,49 11
2593602,49 25 
2603602,93 254 
2603611,61 101 
2605610,86 100 
2605610,86 4
2605610,86 1946
2605610,86 11
2605610,86 25 
2613461,16 75 
2614369,7 72 
2614647,82 70 
2615681,93 250 
2615699,86 101 
2617713,08 100 
2617713,08 4
2617713,08 1946
2617713,08 11
2617713,08 25 
2627713,79 254 
2627721,52 101 
2629733,95 100 
2629733,95 4
2629733,95 1946
2629733,95 11
2629733,95 25 
2639735,42 254 
2639743,09 101 
2641755,6 100 
2641755,6 4
2641755,6 1946
2641755,6 11
2641755,6 25 
2645315,23 75 
2645321,65 250 
2645340,32 101 
2647353,93 100 
2647353,93 4
2647353,93 1946
2647353,93 11
2647353,93 25 
2651311,89 75 
2651510,85 250 
2651524,39 101 
2653524,89 100 
2653524,89 4
2653524,89 1946
2653524,89 11
2653524,89 25 
2663524,09 254 
2663533,06 101 
2665545,56 100 
2665545,56 4
2665545,56 1946
2665545,56 11
2665545,56 25 
2675547,86 254 
2675554,81 101 
2677567,17 100 
2677567,17 4
2677567,17 1946
2677567,17 11
2677567,17 25 
2687568,47 254 
2687576,34 101 
2689588,75 100 
2689588,75 4
2689588,75 1946
2689588,75 11
2689588,75 25 
2699590,42 254 
2699597,98 101 
2701610,36 100 
2701610,36 4
2701610,36 1946
2701610,36 11
2701610,36 25 
2710527,18 75 
2711433,77 72 
2711446,26 70 
2712057,05 80 
2712794,95 250 
2712805,67 101 
2714818,86 100 
2714818,86 4
2714818,86 1946
2714818,86 11
2714818,86 25 
2724820,21 254 
2724840,55 101 
2726853,07 100 
2726853,07 4
2726853,07 1946
2726853,07 11
2726853,07 25 
2736855,49 254 
2736862,51 101 
2738874,68 100 
2738874,68 4
2738874,68 1946
2738874,68 11
2738874,68 25 
2748875,76 254 
2748883,78 101 
2750896,27 100 
2750896,27 4
2750896,27 1946
2750896,27 11
2750896,27 25 
2760066,93 75 
2760352,41 250 
2760371,92 101 
2762385,74 100 
2762385,74 4
2762385,74 1946
2762385,74 11
2762385,74 25 
2767196,68 75 
2767204 250 
2767222,36 101 
2769235,99 100 
2769235,99 4
2769235,99 1946
2769235,99 11
2769235,99 25 
2774300,24 75 
2774620,52 250 
2774632,58 101 
2776646,27 100 
2776646,27 4
2776646,27 1946
2776646,27 11
2776646,27 25 
2786645,59 254 
2786654,57 101 
2788667,05 100 
2788667,05 4
2788667,05 1946
2788667,05 11
2788667,05 25 
2798667,49 254 
2798676,18 101 
2800688,71 100 
2800688,71 4
2800688,71 1946
2800688,71 11
2800688,71 25 
2810690,84 254 
2810711,1 101 
2812723,64 100 
2812723,64 4
2812723,64 1946
2812723,64 11
2812723,64 25 
2822724,17 254 
2822732,73 101 
2824745,23 100 
2824745,23 4
2824745,23 1946
2824745,23 11
2824745,23 25 
2834747,59 254 
2834767,67 101 
2836780,16 100 
2836780,16 4
2836780,16 1946
2836780,16 11
2836780,16 25 
2846780,83 254 
2846789,25 101 
2848801,74 100 
2848801,74 4
2848801,74 1946
2848801,74 11
2848801,74 25 
2858804,31 254 
2858824,17 101 
2860836,68 100 
2860836,68 4
2860836,68 1946
2860836,68 11
2860836,68 25 
2870839,33 254 
2870859,11 101 
2872871,6 100 
2872871,6 4
2872871,6 1946
2872871,6 11
2872871,6 25 
2882872,58 254 
2882880,73 101 
2884893,21 100 
2884893,21 4
2884893,21 1946
2884893,21 11
2884893,21 25 
2894894,59 254 
2894902,34 101 
2896914,84 100 
2896914,84 4
2896914,84 1946
2896914,84 11
2896914,84 25 
2906918,3 254 
2906937,26 101 
2908949,76 100 
2908949,76 4
2908949,76 1946
2908949,76 11
2908949,76 25 
2918952,7 254 
2918972,23 101 
2920971,4 100 
2920971,4 4
2920971,4 1946
2920971,4 11
2920971,4 25 
2930974,32 254 
2930993,81 101 
2933006,29 100 
2933006,29 4
2933006,29 1946
2933006,29 11
2933006,29 25 
2943007,75 254 
2943015,54 101 
2945027,91 100 
2945027,91 4
2945027,91 1946
2945027,91 11
2945027,91 25 
2955030,73 254 
2955037,19 101 
2957049,51 100 
2957049,51 4
2957049,51 1946
2957049,51 11
2957049,51 25 
2967052,35 254 
2967071,95 101 
2969084,46 100 
2969084,46 4
2969084,46 1946
2969084,46 11
2969084,46 25 
2979085 254 
2979093,57 101 
2981106,05 100 
2981106,05 4
2981106,05 1946
2981106,05 11
2981106,05 25 
2983958,58 75 
2984000,07 250 
2984011,11 101 
2986024,75 100 
2986024,75 4
2986024,75 1946
2986024,75 11
2986024,75 25 
2996026,16 254 
2996046,43 101 
2998058,92 100 
2998058,92 4
2998058,92 1946
2998058,92 11
2998058,92 25 
3008060,52 254 
3008068,14 101 
3010080,61 100 
3010080,61 4
3010080,61 1946
3010080,61 11
3010080,61 25 
3012413,25 75 
3012513,14 250 
3012519,2 101 
3014532,74 100 
3014532,74 4
3014532,74 1946
3014532,74 11
3014532,74 25 
3024532,77 254 
3024541,15 101 
3026553,6 100 
3026553,6 4
3026553,6 1946
3026553,6 11
3026553,6 25 
3034963,78 75 
3034971,26 250 
3034989,88 101 
3037003,27 100 
3037003,27 4
3037003,27 1946
3037003,27 11
3037003,27 25 
3047004,92 254 
3047024,96 101 
3049037,47 100 
3049037,47 4
3049037,47 1946
3049037,47 11
3049037,47 25 
3052009,96 75 
3052016,78 250 
3052035,85 101 
3054049,53 100 
3054049,53 4
3054049,53 1946
3054049,53 11
3054049,53 25 
3061392,75 75 
3062131,19 250 
3062138,23 101 
3064151,97 100 
3064151,97 4
3064151,97 1946
3064151,97 11
3064151,97 25 
3074153,16 254 
3074160,41 101 
3076172,7 100 
3076172,7 4
3076172,7 1946
3076172,7 11
3076172,7 25 
3086173,47 254 
3086181,84 101 
3088194,3 100 
3088194,3 4
3088194,3 1946
3088194,3 11
3088194,3 25 
3098196,44 254 
3098203,66 101 
3100215,92 100 
3100215,92 4
3100215,92 1946
3100215,92 11
3100215,92 25 
3110216,06 254 
3110225,05 101 
3112237,55 100 
3112237,55 4
3112237,55 1946
3112237,55 11
3112237,55 25 
3119874,77 75 
3119881,61 250 
3119903,95 101 
3121914,25 100 
3121914,25 4
3121914,25 1946
3121914,25 11
3121914,25 25 
3131916,56 254 
3131935,9 101 
3133935,26 100 
3133935,26 4
3133935,26 1946
3133935,26 11
3133935,26 25 
3143504,76 75 
3144413,57 72 
3144691,4 70 
3145858,17 80 
3146450,25 83 
3146892,15 64 443
3146929,63 256 
3146939,41 74 23
3146939,41 62 23
3147747,88 151 
3147771,53 69 
3148202,8 249 
3148311,73 182 
3149309,59 93 
3149328,66 103 
3149328,66 101 
3152860,47 100 
3152860,47 4
3152860,47 1946
3152860,47 10
3154833,7 25 
3164835,24 254 
3164855,38 101 
3166867,86 100 
3166867,86 4
3166867,86 1946
3166867,86 10
3166867,86 25 
3176883,36 254 
3176890,53 101 
3178902,89 100 
3178902,89 4
3178902,89 1946
3178902,89 10
3178902,89 25 
3186407,43 75 
3186414,11 250 
3186432,62 101 
3188446,2 100 
3188446,2 4
3188446,2 1946
3188446,2 10
3188446,2 25 
3198446,23 254 
3198454,58 101 
3200467,05 100 
3200467,05 4
3200467,05 1946
3200467,05 10
3200467,05 25 
3201267,1 75 
3202174,15 72 
3202253,88 70 
3202628,38 250 
3202639,46 101 
3204652,73 100 
3204652,73 4
3204652,73 1946
3204652,73 10
3204652,73 25 
3205052,97 75 
3205271,71 250 
3205278,16 101 
3207291,6 100 
3207291,6 4
3207291,6 1946
3207291,6 10
3207291,6 25 
3207944,29 75 
3208854,28 72 
3208863,61 70 
3209472,93 80 
3209889,97 250 
3209903,13 101 
3211916,35 100 
3211916,35 4
3211916,35 1946
3211916,35 10
3211916,35 25 
3221918,94 254 
3221938,03 101 
3223937,21 100 
3223937,21 4
3223937,21 1946
3223937,21 10
3223937,21 25 
3227656,75 75 
3228493,77 250 
3228508,2 101 
3230521,89 100 
3230521,89 4
3230521,89 1946
3230521,89 10
3230521,89 25 
3240524,24 254 
3240543,53 101 
3242556,1 100 
3242556,1 4
3242556,1 1946
3242556,1 10
3242556,1 25 
3252559,84 254 
3252578,45 101 
3254590,98 100 
3254590,98 4
3254590,98 1946
3254590,98 10
3254590,98 25 
3257949,9 75 
3258200,54 250 
3258215,71 101 
3260229,37 100 
3260229,37 4
3260229,37 1946
3260229,37 10
3260229,37 25 
3269878,24 75 
3269995,94 250 
3270010,74 101 
3272024,46 100 
3272024,46 4
3272024,46 1946
3272024,46 10
3272024,46 25 
3273103,51 75 
3273429,49 250 
3273436 101 
3275449,62 100 
3275449,62 4
3275449,62 1946
3275449,62 10
3275449,62 25 
3277874,93 75 
3277913,3 250 
3277927,4 101 
3279941,1 100 
3279941,1 4
3279941,1 1946
3279941,1 10
3279941,1 25 
3284938,66 75 
3285847,24 72 
3286205,22 70 
3286727,82 250 
3286737,39 101 
3288750,7 100 
3288750,7 4
3288750,7 1946
3288750,7 10
3288750,7 25 
3298752,76 254 
3298772,36 101 
3300784,86 100 
3300784,86 4
3300784,86 1946
3300784,86 10
3300784,86 25 
3310784,82 254 
3310794,01 101 
3312806,43 100 
3312806,43 4
3312806,43 1946
3312806,43 10
3312806,43 25 
3318112,04 75 
3319020,05 72 
3319030,52 70 
3319325,37 250 
3319337,01 101 
3321350,27 100 
3321350,27 4
3321350,27 1946
3321350,27 10
3321350,27 25 
3327148,19 75 
3328056,66 72 
3328066,72 70 
3328677,96 80 
3329319,89 83 
3329684,38 64 365
3329712,95 74 7
3329712,95 62 7
3330121,28 150 
3330148,95 68 
3330962,36 92 
3330962,36 65 
3330985,54 103 
3330985,54 101 
3331530,85 100 
3331530,85 4
3331530,85 1946
3331530,85 10
3333505,15 25 
3339303,08 75 
3339526,32 250 
3339541,48 101 
3341541,85 100 
3341541,85 4
3341541,85 1946
3341541,85 10
3341541,85 25 
3343873,76 75 
3343957,95 250 
3343966,27 101 
3345966,84 100 
3345966,84 4
3345966,84 1946
3345966,84 10
3345966,84 25 
3355968,82 254 
3355988,28 101 
3358000,76 100 
3358000,76 4
3358000,76 1946
3358000,76 10
3358000,76 25 
3358334,31 75 
3359245,28 72 
3359321,12 70 
3360318,02 80 
3360800 83 
3360936,75 64 137
3360971,3 256 
3361007,41 74 48
3361007,41 61 48
3361417,69 151 
3361441,63 69 
3362450,71 93 
3362465,69 103 
3362465,69 101 
3365998,83 100 
3365998,83 4
3365998,83 1946
3365998,83 10
3367970,7 25 
3377987,81 254 
3378005,66 101 
3380018,16 100 
3380018,16 4
3380018,16 1946
3380018,16 10
3380018,16 25 
3390018,5 254 
3390027,28 101 
3392039,76 100 
3392039,76 4
3392039,76 1946
3392039,76 10
3392039,76 25 
3392920,52 75 
3393827,11 72 
3393906,64 70 
3394893,89 80 
3395319,12 83 
3395899,47 64 581
3396129,09 74 211
3396129,09 62 211
3396941,3 150 
3396960,29 68 
3397013,48 249
3397180,13 172 
3397470,32 92 
3397470,32 65 
3397490,93 103 
3397490,93 101 
3398022,33 100 
3398022,33 4
3398022,33 1946
3398022,33 11
3399997,17 25 
3400038,12 75 
3400372,5 250 
3400382,53 101 
3402396,15 100 
3402396,15 4
3402396,15 1946
3402396,15 11
3402396,15 25 
3412396,19 254 
3412404,8 101 
3414417 100 
3414417 4
3414417 1946
3414417 11
3414417 25 
3424418,91 254 
3424426,13 101 
3426438,62 100 
3426438,62 4
3426438,62 1946
3426438,62 11
3426438,62 25 
3432836,31 75 
3433745,41 72 
3434009,61 70 
3435168,08 250 
3435181,61 101 
3437194,89 100 
3437194,89 4
3437194,89 1946
3437194,89 11
3437194,89 25 
3437222,12 75 
3437412,91 250 
3437420,44 101 
3439433,96 100 
3439433,96 4
3439433,96 1946
3439433,96 11
3439433,96 25 
3449435,05 254 
3449442,4 101 
3451454,78 100 
3451454,78 4
3451454,78 1946
3451454,78 11
3451454,78 25 
3454947,02 75 
3455033,95 250 
3455052,91 101 
3457066,5 100 
3457066,5 4
3457066,5 1946
3457066,5 11
3457066,5 25 
3458265,63 75 
3458351,35 250 
3458358,23 101 
3460371,75 100 
3460371,75 4
3460371,75 1946
3460371,75 11
3460371,75 25 
3470373,97 254 
3470393,51 101 
3472405,98 100 
3472405,98 4
3472405,98 1946
3472405,98 11
3472405,98 25 
3474165,73 75 
3475075,6 72 
3475084,81 70 
3475694,06 80 
3476644,68 83 
3476824,24 64 180
3476850,99 74 7
3476850,99 62 7
3477261,01 151 
3477286,21 69 
3478097,19 93 
3478110,26 103 
3478110,26 101 
3481649,98 100 
3481649,98 4
3481649,98 1946
3481649,98 10
3483628,68 25 
3486134,7 75 
3486245,94 250 
3486253,19 101 
3488266,69 100 
3488266,69 4
3488266,69 1946
3488266,69 10
3488266,69 25 
3493011 75 
3493125,19 250 
3493143,52 101 
3495158,07 100 
3495158,07 4
3495158,07 1946
3495158,07 10
3495158,07 25 
3505157,09 254 
3505165,55 101 
3507177,99 100 
3507177,99 4
3507177,99 1946
3507177,99 10
3507177,99 25 
3517180,36 254 
3517187,11 101 
3519186,54 100 
3519186,54 4
3519186,54 1946
3519186,54 10
3519186,54 25 
3519706,43 75 
3519913,95 250 
3519932,21 101 
3521945,86 100 
3521945,86 4
3521945,86 1946
3521945,86 10
3521945,86 25 
3531945,21 254 
3531954,2 101 
3533953,48 100 
3533953,48 4
3533953,48 1946
3533953,48 10
3533953,48 25 
3543954,28 254 
3543962,55 101 
3545974,98 100 
3545974,98 4
3545974,98 1946
3545974,98 10
3545974,98 25 
3550986,56 75 
3551893,31 72 
3552159,93 70 
3553486 80 
3554107,62 250 
3554118,24 101 
3556131,44 100 
3556131,44 4
3556131,44 1946
3556131,44 10
3556131,44 25 
3566131,54 254 
3566139,83 101 
3568152,33 100 
3568152,33 4
3568152,33 1946
3568152,33 10
3568152,33 25 
3573444,54 75 
3573575,61 250 
3573589,63 101 
3575603,25 100 
3575603,25 4
3575603,25 1946
3575603,25 10
3575603,25 25 
3577108,93 75 
3577143,17 250 
3577161,47 101 
3579162,01 100 
3579162,01 4
3579162,01 1946
3579162,01 10
3579162,01 25 
3580334,25 75 
3580588,49 250 
3580600,01 101 
3582600,58 100 
3582600,58 4
3582600,58 1946
3582600,58 10
3582600,58 25 
3586131,78 75 
3586415,46 250 
3586424,23 101 
3588437,88 100 
3588437,88 4
3588437,88 1946
3588437,88 10
3588437,88 25 
3590303,37 75 
3590310,99 250 
3590329,28 101 
3592342,87 100 
3592342,87 4
3592342,87 1946
3592342,87 10
3592342,87 25 
3602343,19 254 
3602351,25 101 
3604363,74 100 
3604363,74 4
3604363,74 1946
3604363,74 10
3604363,74 25 
3614365,89 254 
3614386,17 101 
3616398,68 100 
3616398,68 4
3616398,68 1946
3616398,68 10
3616398,68 25 
3626401,51 254 
3626421,18 101 
3628433,63 100 
3628433,63 4
3628433,63 1946
3628433,63 10
3628433,63 25 
3638436,64 254 
3638456,06 101 
3640468,56 100 
3640468,56 4
3640468,56 1946
3640468,56 10
3640468,56 25 
3650468,63 254 
3650477,66 101 
3652490,24 100 
3652490,24 4
3652490,24 1946
3652490,24 10
3652490,24 25 
3661979,85 75 
3662657,49 250 
3662672,15 101 
3664685,76 100 
3664685,76 4
3664685,76 1946
3664685,76 10
3664685,76 25 
3674685,24 254 
3674694,21 101 
3676706,67 100 
3676706,67 4
3676706,67 1946
3676706,67 10
3676706,67 25 
3686706,99 254 
3686715,74 101 
3688728,23 100 
3688728,23 4
3688728,23 1946
3688728,23 10
3688728,23 25 
3688755,32 75 
3689664,24 72 
3689942,04 70 
3691111,7 80 
3691700,74 83 
3692101,66 64 401
3692199,08 74 73
3692199,08 62 73
3693011,51 152 
3693035,44 69 
3693719,57 256 
3693740,23 249 
3694829,38 182 
3700223,39 93 
3700243,46 103 
3700243,46 101 
3703781,65 100 
3703781,65 4
3703781,65 1946
3703781,65 11
3705761,85 25 
3713665,59 75 
3713968,27 250 
3713983,88 101 
3715997,51 100 
3715997,51 4
3715997,51 1946
3715997,51 11
3715997,51 25 
3726000,75 254 
3726019,18 101 
3728031,69 100 
3728031,69 4
3728031,69 1946
3728031,69 11
3728031,69 25 
3729031,64 75 
3729124,61 250 
3729137,5 101 
3731151,11 100 
3731151,11 4
3731151,11 1946
3731151,11 11
3731151,11 25 
3741153,17 254 
3741172,84 101 
3743185,32 100 
3743185,32 4
3743185,32 1946
3743185,32 11
3743185,32 25 
3745584,69 75 
3745684,37 250 
3745703,87 101 
3747717,48 100 
3747717,48 4
3747717,48 1946
3747717,48 11
3747717,48 25 
3748223,58 75 
3748230,5 250 
3748249,47 101 
3750263,11 100 
3750263,11 4
3750263,11 1946
3750263,11 11
3750263,11 25 
3751395,58 75 
3751593,71 250 
3751608,03 101 
3753608,64 100 
3753608,64 4
3753608,64 1946
3753608,64 11
3753608,64 25 
3753634,69 75 
3754282,34 250 
3754300,27 101 
3756313,88 100 
3756313,88 4
3756313,88 1946
3756313,88 11
3756313,88 25 
3766314,97 254 
3766322,47 101 
3768334,71 100 
3768334,71 4
3768334,71 1946
3768334,71 11
3768334,71 25 
3778336,49 254 
3778343,95 101 
3780356,37 100 
3780356,37 4
3780356,37 1946
3780356,37 11
3780356,37 25 
3782155,93 75 
3783063,85 72 
3783142,74 70 
3784126,78 80 
3784594,98 83 
3784667,1 64 73
3784789,06 74 101
3784789,06 62 101
3794688,94 252 
3794696,95 101 
3796710,21 100 
3796710,21 4
3796710,21 1946
3796710,21 11
3796710,21 25 
3806666,46 75 
3806697,17 250 
3806704,86 101 
3808718,51 100 
3808718,51 4
3808718,51 1946
3808718,51 11
3808718,51 25 
3811143,74 75 
3811219,89 250 
3811236,29 101 
3813249,92 100 
3813249,92 4
3813249,92 1946
3813249,92 11
3813249,92 25 
3823251,63 254 
3823271,59 101 
3825284,09 100 
3825284,09 4
3825284,09 1946
3825284,09 11
3825284,09 25 
3825990,82 75 
3826705,27 250 
3826723,1 101 
3828736,76 100 
3828736,76 4
3828736,76 1946
3828736,76 11
3828736,76 25 
3828763,44 75 
3829671,18 72 
3830029,65 70 
3830561,93 250 
3830575,16 101 
3832588,49 100 
3832588,49 4
3832588,49 1946
3832588,49 11
3832588,49 25 
3842591,05 254 
3842610,17 101 
3844622,6 100 
3844622,6 4
3844622,6 1946
3844622,6 11
3844622,6 25 
3854624,78 254 
3854631,81 101 
3856631,13 100 
3856631,13 4
3856631,13 1946
3856631,13 11
3856631,13 25 
3866632,81 254 
3866653,35 101 
3868665,82 100 
3868665,82 4
3868665,82 1946
3868665,82 11
3868665,82 25 
3878666,98 254 
3878675,08 101 
3880687,47 100 
3880687,47 4
3880687,47 1946
3880687,47 11
3880687,47 25 
3890688,98 254 
3890696,55 101 
3892709,07 100 
3892709,07 4
3892709,07 1946
3892709,07 11
3892709,07 25 
3902711,27 254 
3902731,51 101 
3904743,98 100 
3904743,98 4
3904743,98 1946
3904743,98 11
3904743,98 25 
3914744,65 254 
3914753,24 101 
3916765,58 100 
3916765,58 4
3916765,58 1946
3916765,58 11
3916765,58 25 
3926766,18 254 
3926774,77 101 
3928787,18 100 
3928787,18 4
3928787,18 1946
3928787,18 11
3928787,18 25 
3938787,29 254 
3938796,34 101 
3940808,79 100 
3940808,79 4
3940808,79 1946
3940808,79 11
3940808,79 25 
3950810,1 254 
3950818,01 101 
3952830,41 100 
3952830,41 4
3952830,41 1946
3952830,41 11
3952830,41 25 
3955457,15 75 
3955481,24 250 
3955495,64 101 
3957509,19 100 
3957509,19 4
3957509,19 1946
3957509,19 11
3957509,19 25 
3967511,64 254 
3967530,86 101 
3969543,38 100 
3969543,38 4
3969543,38 1946
3969543,38 11
3969543,38 25 
3973382,15 75 
3973420,92 250 
3973434,69 101 
3975435,14 100 
3975435,14 4
3975435,14 1946
3975435,14 11
3975435,14 25 
3985434,2 254 
3985443,35 101 
3987455,87 100 
3987455,87 4
3987455,87 1946
3987455,87 11
3987455,87 25 
3997456,98 254 
3997464,96 101 
3999477,45 100 
3999477,45 4
3999477,45 1946
3999477,45 11
3999477,45 25 
4009481,44 254 
4009499,88 101 
4011512,38 100 
4011512,38 4
4011512,38 1946
4011512,38 11
4011512,38 25 
4021515,49 254 
4021534,83 101 
4023547,33 100 
4023547,33 4
4023547,33 1946
4023547,33 11
4023547,33 25 
4026213,28 75 
4026279,25 250 
4026292,44 101 
4028293,89 100 
4028293,89 4
4028293,89 1946
4028293,89 11
4028293,89 25 
4038295,52 254 
4038314,45 101 
4040326,91 100 
4040326,91 4
4040326,91 1946
4040326,91 11
4040326,91 25 
4048790,43 75 
4048928,87 250 
4048936,44 101 
4050949,91 100 
4050949,91 4
4050949,91 1946
4050949,91 11
4050949,91 25 
4060952,75 254 
4060971,57 101 
4062984,07 100 
4062984,07 4
4062984,07 1946
4062984,07 11
4062984,07 25 
4072985,13 254 
4072993,17 101 
4075005,67 100 
4075005,67 4
4075005,67 1946
4075005,67 11
4075005,67 25 
4085006,58 254 
4085014,85 101 
4087027,27 100 
4087027,27 4
4087027,27 1946
4087027,27 11
4087027,27 25 
4097028,19 254 
4097036,44 101 
4099048,89 100 
4099048,89 4
4099048,89 1946
4099048,89 11
4099048,89 25 
4109053,65 254 
4109071,35 101 
4111083,82 100 
4111083,82 4
4111083,82 1946
4111083,82 11
4111083,82 25 
4121086,87 254 
4121106,23 101 
4123118,73 100 
4123118,73 4
4123118,73 1946
4123118,73 11
4123118,73 25 
4133119,77 254 
4133127,87 101 
4135140,38 100 
4135140,38 4
4135140,38 1946
4135140,38 11
4135140,38 25 
4142950,75 75 
4142974,91 250 
4142989,98 101 
4145003,65 100 
4145003,65 4
4145003,65 1946
4145003,65 11
4145003,65 25 
4151813,7 75 
4151887,62 250 
4151906,24 101 
4153919,96 100 
4153919,96 4
4153919,96 1946
4153919,96 11
4153919,96 25 
4163382,17 75 
4164008,09 250 
4164021,18 101 
4166034,81 100 
4166034,81 4
4166034,81 1946
4166034,81 11
4166034,81 25 
4170552,61 75 
4170729,28 250 
4170738,31 101 
4172752 100 
4172752 4
4172752 1946
4172752 11
4172752 25 
4174004,39 75 
4174390,07 250 
4174403,44 101 
4176417,11 100 
4176417,11 4
4176417,11 1946
4176417,11 11
4176417,11 25 
4184853,14 75 
4185759,26 72 
4185772,4 70 
4186379,47 80 
4187076,52 250 
4187091,79 101 
4189105,15 100 
4189105,15 4
4189105,15 1946
4189105,15 11
4189105,15 25 
4197341,95 75 
4197472,32 250 
4197487,06 101 
4199500,72 100 
4199500,72 4
4199500,72 1946
4199500,72 11
4199500,72 25 
4209502,66 254 
4209522,39 101 
4211534,84 100 
4211534,84 4
4211534,84 1946
4211534,84 11
4211534,84 25 
4211562,13 75 
4212468,76 72 
4212695,25 70 
4213697,86 80 
4214187,57 83 
4214592,27 64 405
4221848,62 74 7235
4221848,62 62 7235
4222658,96 151 
4222679,12 69 
4223098,3 256 
4223115,4 249 
4223551,48 182 
4246844,54 93 
4246866,78 103 
4246866,78 101 
4250399,96 100 
4250399,96 4
4250399,96 1946
4250399,96 10
4252371,86 25 
4255544,14 75 
4255637,13 250 
4255649,25 101 
4257662,91 100 
4257662,91 4
4257662,91 1946
4257662,91 10
4257662,91 25 
4267663,03 254 
4267671,41 101 
4269683,72 100 
4269683,72 4
4269683,72 1946
4269683,72 10
4269683,72 25 
4279683,89 254 
4279692,84 101 
4281705,34 100 
4281705,34 4
4281705,34 1946
4281705,34 10
4281705,34 25 
4283598,32 75 
4283633,25 250 
4283650,87 101 
4285651,31 100 
4285651,31 4
4285651,31 1946
4285651,31 10
4285651,31 25 
4290008,96 75 
4290118,08 250 
4290128,06 101 
4292128,59 100 
4292128,59 4
4292128,59 1946
4292128,59 10
4292128,59 25 
4302131,44 254 
4302150,07 101 
4304162,54 100 
4304162,54 4
4304162,54 1946
4304162,54 10
4304162,54 25 
4314163,75 254 
4314171,93 101 
4316184,13 100 
4316184,13 4
4316184,13 1946
4316184,13 10
4316184,13 25 
4326186,2 254 
4326193,27 101 
4328205,74 100 
4328205,74 4
4328205,74 1946
4328205,74 10
4328205,74 25 
4338207,59 254 
4338215 101 
4340227,43 100 
4340227,43 4
4340227,43 1946
4340227,43 10
4340227,43 25 
4350228,69 254 
4350236,6 101 
4352248,97 100 
4352248,97 4
4352248,97 1946
4352248,97 10
4352248,97 25 
4362251,6 254 
4362258,24 101 
4364270,66 100 
4364270,66 4
4364270,66 1946
4364270,66 10
4364270,66 25 
4374273,97 254 
4374293,1 101 
4376305,52 100 
4376305,52 4
4376305,52 1946
4376305,52 10
4376305,52 25 
4377851,93 75 
4377858,33 250 
4377864,51 101 
4379878,1 100 
4379878,1 4
4379878,1 1946
4379878,1 10
4379878,1 25 
4384755,68 75 
4384860,62 250 
4384874,85 101 
4386888,49 100 
4386888,49 4
4386888,49 1946
4386888,49 10
4386888,49 25 
4388514,07 75 
4388564,04 250 
4388579,96 101 
4390580,39 100 
4390580,39 4
4390580,39 1946
4390580,39 10
4390580,39 25 
4399576,1 75 
4399988,53 250 
4400002,07 101 
4402028,79 100 
4402028,79 4
4402028,79 1946
4402028,79 10
4402028,79 25 
4405253,68 75 
4405503,21 250 
4405519,52 101 
4407533,12 100 
4407533,12 4
4407533,12 1946
4407533,12 10
4407533,12 25 
4408105,82 75 
4408113,52 250 
4408131,83 101 
4410145,38 100 
4410145,38 4
4410145,38 1946
4410145,38 10
4410145,38 25 
4420144,57 254 
4420153,78 101 
4422153,05 100 
4422153,05 4
4422153,05 1946
4422153,05 10
4422153,05 25 
4432154,84 254 
4432162,38 101 
4434174,49 100 
4434174,49 4
4434174,49 1946
4434174,49 10
4434174,49 25 
4444177,3 254 
4444197,01 101 
4446209,45 100 
4446209,45 4
4446209,45 1946
4446209,45 10
4446209,45 25 
4456213,1 254 
4456231,85 101 
4458231,22 100 
4458231,22 4
4458231,22 1946
4458231,22 10
4458231,22 25 
4468231,36 254 
4468240,16 101 
4470252,64 100 
4470252,64 4
4470252,64 1946
4470252,64 10
4470252,64 25 
4480254,63 254 
4480261,97 101 
4482274,25 100 
4482274,25 4
4482274,25 1946
4482274,25 10
4482274,25 25 
4492278,01 254 
4492296,67 101 
4494309,17 100 
4494309,17 4
4494309,17 1946
4494309,17 10
4494309,17 25 
4500253,73 75 
4500491,62 250 
4500506,19 101 
4502519,81 100 
4502519,81 4
4502519,81 1946
4502519,81 10
4502519,81 25 
4511795,55 75 
4511801,96 250 
4511808,19 101 
4513821,78 100 
4513821,78 4
4513821,78 1946
4513821,78 10
4513821,78 25 
4514621,04 75 
4515527,83 72 
4515794,37 70 
4517125,31 80 
4517873 83 
4517879,31 64 7
4518103,69 74 204
4518103,69 62 204
4518516,37 150 
4518541,26 68 
4519349,02 92 
4519349,02 65 
4519365,47 103 
4519365,47 101 
4519909,71 100 
4519909,71 4
4519909,71 1946
4519909,71 11
4521885,09 25 
4531228,22 75 
4531284,45 250 
4531293,22 101 
4533306,96 100 
4533306,96 4
4533306,96 1946
4533306,96 11
4533306,96 25 
4538331,05 75 
4538343,31 250 
4538357,44 101 
4540370,54 100 
4540370,54 4
4540370,54 1946
4540370,54 11
4540370,54 25 
4550369,95 254 
4550378,9 101 
4552391,53 100 
4552391,53 4
4552391,53 1946
4552391,53 11
4552391,53 25 
4562392,24 254 
4562400,53 101 
4564399,88 100 
4564399,88 4
4564399,88 1946
4564399,88 11
4564399,88 25 
4574403,31 254 
4574422,11 101 
4576434,62 100 
4576434,62 4
4576434,62 1946
4576434,62 11
4576434,62 25 
4586434,82 254 
4586443,74 101 
4588443,04 100 
4588443,04 4
4588443,04 1946
4588443,04 11
4588443,04 25 
4598445,11 254 
4598452,21 101 
4600464,53 100 
4600464,53 4
4600464,53 1946
4600464,53 11
4600464,53 25 
4610467,1 254 
4610486,97 101 
4612499,43 100 
4612499,43 4
4612499,43 1946
4612499,43 11
4612499,43 25 
4622501,76 254 
4622521,87 101 
4624534,37 100 
4624534,37 4
4624534,37 1946
4624534,37 11
4624534,37 25 
4634536,61 254 
4634556,83 101 
4636569,29 100 
4636569,29 4
4636569,29 1946
4636569,29 11
4636569,29 25 
4646572,66 254 
4646591,76 101 
4648604,32 100 
4648604,32 4
4648604,32 1946
4648604,32 11
4648604,32 25 
4658604,42 254 
4658613,36 101 
4660625,89 100 
4660625,89 4
4660625,89 1946
4660625,89 11
4660625,89 25 
4665690,86 75 
4665797,26 250 
4665809,95 101 
4667810,47 100 
4667810,47 4
4667810,47 1946
4667810,47 11
4667810,47 25 
4675726,59 75 
4675733,88 250 
4675752,47 101 
4677766,04 100 
4677766,04 4
4677766,04 1946
4677766,04 11
4677766,04 25 
4687768,66 254 
4687787,75 101 
4689800,26 100 
4689800,26 4
4689800,26 1946
4689800,26 11
4689800,26 25 
4699802,02 254 
4699822,73 101 
4701835,18 100 
4701835,18 4
4701835,18 1946
4701835,18 11
4701835,18 25 
4711836,61 254 
4711844,3 101 
4713856,78 100 
4713856,78 4
4713856,78 1946
4713856,78 11
4713856,78 25 
4723856,87 254 
4723865,9 101 
4725878,39 100 
4725878,39 4
4725878,39 1946
4725878,39 11
4725878,39 25 
4735879,12 254 
4735887,51 101 
4737899,99 100 
4737899,99 4
4737899,99 1946
4737899,99 11
4737899,99 25 
4747901,75 254 
4747909,19 101 
4749921,61 100 
4749921,61 4
4749921,61 1946
4749921,61 11
4749921,61 25 
4759864,49 75 
4760292,14 250 
4760303,51 101 
4762317,14 100 
4762317,14 4
4762317,14 1946
4762317,14 11
4762317,14 25 
4772317,36 254 
4772325,53 101 
4774337,98 100 
4774337,98 4
4774337,98 1946
4774337,98 11
4774337,98 25 
4784338,4 254 
4784347,11 101 
4786359,62 100 
4786359,62 4
4786359,62 1946
4786359,62 11
4786359,62 25 
4796361,68 254 
4796382,06 101 
4798394,53 100 
4798394,53 4
4798394,53 1946
4798394,53 11
4798394,53 25 
4808394,83 254 
4808403,65 101 
4810402,95 100 
4810402,95 4
4810402,95 1946
4810402,95 11
4810402,95 25 
4820405,66 254 
4820425,26 101 
4822437,75 100 
4822437,75 4
4822437,75 1946
4822437,75 11
4822437,75 25 
4825130,47 75 
4826038,07 72 
4826317 70 
4827438,96 80 
4828075,82 83 
4828243,19 64 168
4828268,95 74 7
4828268,95 62 7
4829077,61 151 
4829103,97 69 
4829716,49 249 
4829831,39 256 
4830113,58 182 
4834412,08 93 
4834432,77 103 
4834432,77 101 
4837964,93 100 
4837964,93 4
4837964,93 1946
4837964,93 10
4839937,86 25 
4849938,99 254 
4849946,24 101 
4851958,67 100 
4851958,67 4
4851958,67 1946
4851958,67 10
4851958,67 25 
4853465,86 75 
4853664,83 250 
4853677,55 101 
4855691,23 100 
4855691,23 4
4855691,23 1946
4855691,23 10
4855691,23 25 
4865693,71 254 
4865712,85 101 
4867725,38 100 
4867725,38 4
4867725,38 1946
4867725,38 10
4867725,38 25 
4877727,52 254 
4877748,78 101 
4879760,28 100 
4879760,28 4
4879760,28 1946
4879760,28 10
4879760,28 25 
4889763,89 254 
4889782,78 101 
4891781,92 100 
4891781,92 4
4891781,92 1946
4891781,92 10
4891781,92 25 
4901783,37 254 
4901791,42 101 
4903803,49 100 
4903803,49 4
4903803,49 1946
4903803,49 10
4903803,49 25 
4913386,51 75 
4913656,44 250 
4913665,63 101 
4915679,26 100 
4915679,26 4
4915679,26 1946
4915679,26 10
4915679,26 25 
4925679,43 254 
4925687,62 101 
4927700,14 100 
4927700,14 4
4927700,14 1946
4927700,14 10
4927700,14 25 
4933271,56 75 
4933278,46 250 
4933297,43 101 
4935311 100 
4935311 4
4935311 1946
4935311 10
4935311 25 
4945310,98 254 
4945332,7 101 
4947345,18 100 
4947345,18 4
4947345,18 1946
4947345,18 10
4947345,18 25 
4956035,21 75 
4956942,61 72 
4957221,92 70 
4958174,95 250 
4958193,94 101 
4960207,19 100 
4960207,19 4
4960207,19 1946
4960207,19 10
4960207,19 25 
4970207,6 254 
4970215,53 101 
4972214,83 100 
4972214,83 4
4972214,83 1946
4972214,83 10
4972214,83 25 
4982215,49 254 
4982223,84 101 
4984236,32 100 
4984236,32 4
4984236,32 1946
4984236,32 10
4984236,32 25 
4994238,6 254 
4994245,71 101 
4996258 100 
4996258 4
4996258 1946
4996258 10
4996258 25 
5006069,34 75 
5006124,46 250 
5006133,39 101 
5008147,2 100 
5008147,2 4
5008147,2 1946
5008147,2 10
5008147,2 25 
5008546,49 75 
5008717,52 250 
5008732,3 101 
5010732,66 100 
5010732,66 4
5010732,66 1946
5010732,66 10
5010732,66 25 
5020732,36 254 
5020740,99 101 
5022753,44 100 
5022753,44 4
5022753,44 1946
5022753,44 10
5022753,44 25 
5032755,56 254 
5032775,9 101 
5034775,3 100 
5034775,3 4
5034775,3 1946
5034775,3 10
5034775,3 25 
5044776,87 254 
5044797,49 101 
5046810,05 100 
5046810,05 4
5046810,05 1946
5046810,05 10
5046810,05 25 
5056812,12 254 
5056819,3 101 
5058831,62 100 
5058831,62 4
5058831,62 1946
5058831,62 10
5058831,62 25 
5068834,56 254 
5068854,04 101 
5070866,58 100 
5070866,58 4
5070866,58 1946
5070866,58 10
5070866,58 25 
5080869,45 254 
5080888,96 101 
5082901,5 100 
5082901,5 4
5082901,5 1946
5082901,5 10
5082901,5 25 
5092905 254 
5092923,99 101 
5094936,39 100 
5094936,39 4
5094936,39 1946
5094936,39 10
5094936,39 25 
5104936,7 254 
5104945,52 101 
5106958,02 100 
5106958,02 4
5106958,02 1946
5106958,02 10
5106958,02 25 
5116961,8 254 
5116980,46 101 
5118992,93 100 
5118992,93 4
5118992,93 1946
5118992,93 10
5118992,93 25 
5122871,68 75 
5122885,33 250 
5122897,64 101 
5124911,23 100 
5124911,23 4
5124911,23 1946
5124911,23 10
5124911,23 25 
5134911,23 254 
5134919,58 101 
5136932,05 100 
5136932,05 4
5136932,05 1946
5136932,05 10
5136932,05 25 
5146932,17 254 
5146941,2 101 
5148940,71 100 
5148940,71 4
5148940,71 1946
5148940,71 10
5148940,71 25 
5158941,44 254 
5158949,46 101 
5160961,98 100 
5160961,98 4
5160961,98 1946
5160961,98 10
5160961,98 25 
5170962,99 254 
5170971,04 101 
5172983,54 100 
5172983,54 4
5172983,54 1946
5172983,54 10
5172983,54 25 
5182986,79 254 
5183006,01 101 
5185018,49 100 
5185018,49 4
5185018,49 1946
5185018,49 10
5185018,49 25 
5195020,24 254 
5195027,68 101 
5197040,09 100 
5197040,09 4
5197040,09 1946
5197040,09 10
5197040,09 25 
5207042,46 254 
5207049,23 101 
5209048,55 100 
5209048,55 4
5209048,55 1946
5209048,55 10
5209048,55 25 
5219050,6 254 
5219057,5 101 
5221069,99 100 
5221069,99 4
5221069,99 1946
5221069,99 10
5221069,99 25 
5226361,48 75 
5226427,17 250 
5226440,68 101 
5228454,33 100 
5228454,33 4
5228454,33 1946
5228454,33 10
5228454,33 25 
5238453,82 254 
5238462,7 101 
5240475,15 100 
5240475,15 4
5240475,15 1946
5240475,15 10
5240475,15 25 
5246686,37 75 
5246728,31 250 
5246738,85 101 
5248752,51 100 
5248752,51 4
5248752,51 1946
5248752,51 10
5248752,51 25 
5257841,56 75 
5257848,55 250 
5257854,11 101 
5259867,74 100 
5259867,74 4
5259867,74 1946
5259867,74 10
5259867,74 25 
5269867,71 254 
5269876,1 101 
5271888,61 100 
5271888,61 4
5271888,61 1946
5271888,61 10
5271888,61 25 
5275154,33 75 
5275160,35 250 
5275166,83 101 
5277180,49 100 
5277180,49 4
5277180,49 1946
5277180,49 10
5277180,49 25 
5287181,34 254 
5287189,04 101 
5289201,33 100 
5289201,33 4
5289201,33 1946
5289201,33 10
5289201,33 25 
5299203,23 254 
5299210,44 101 
5301222,9 100 
5301222,9 4
5301222,9 1946
5301222,9 10
5301222,9 25 
5302582,73 75 
5302589,62 250 
5302608,69 101 
5304622,24 100 
5304622,24 4
5304622,24 1946
5304622,24 10
5304622,24 25 
5314622,65 254 
5314630,62 101 
5316643,11 100 
5316643,11 4
5316643,11 1946
5316643,11 10
5316643,11 25 
5326646,29 254 
5326665,54 101 
5328678,03 100 
5328678,03 4
5328678,03 1946
5328678,03 10
5328678,03 25 
5338679,3 254 
5338687,35 101 
5340699,66 100 
5340699,66 4
5340699,66 1946
5340699,66 10
5340699,66 25 
5350700,37 254 
5350708,76 101 
5352708,09 100 
5352708,09 4
5352708,09 1946
5352708,09 10
5352708,09 25 
5362710,96 254 
5362730,36 101 
5364742,91 100 
5364742,91 4
5364742,91 1946
5364742,91 10
5364742,91 25 
5366542,53 75 
5366561,28 250 
5366568,5 101 
5368582,04 100 
5368582,04 4
5368582,04 1946
5368582,04 10
5368582,04 25 
5378582,91 254 
5378590,57 101 
5380602,88 100 
5380602,88 4
5380602,88 1946
5380602,88 10
5380602,88 25 
5390603,78 254 
5390611,96 101 
5392624,44 100 
5392624,44 4
5392624,44 1946
5392624,44 10
5392624,44 25 
5402626,29 254 
5402638,56 101 
5404646,04 100 
5404646,04 4
5404646,04 1946
5404646,04 10
5404646,04 25 
5411843,52 75 
5411875,6 250 
5411882,63 101 
5413896,24 100 
5413896,24 4
5413896,24 1946
5413896,24 10
5413896,24 25 
5423896,53 254 
5423904,62 101 
5425903,8 100 
5425903,8 4
5425903,8 1946
5425903,8 10
5425903,8 25 
5435903,84 254 
5435912,89 101 
5437925,37 100 
5437925,37 4
5437925,37 1946
5437925,37 10
5437925,37 25 
5447927,22 254 
5447934,5 101 
5449946,98 100 
5449946,98 4
5449946,98 1946
5449946,98 10
5449946,98 25 
5454798,63 75 
5455707,17 72 
5455717,92 70 
5456082,18 250 
5456091,07 101 
5458104,31 100 
5458104,31 4
5458104,31 1946
5458104,31 10
5458104,31 25 
5468106,04 254 
5468112,69 101 
5470125,19 100 
5470125,19 4
5470125,19 1946
5470125,19 10
5470125,19 25 
5480128,35 254 
5480147,6 101 
5482160,12 100 
5482160,12 4
5482160,12 1946
5482160,12 10
5482160,12 25 
5492161,99 254 
5492169,37 101 
5494181,69 100 
5494181,69 4
5494181,69 1946
5494181,69 10
5494181,69 25 
5504184,41 254 
5504204,15 101 
5506216,64 100 
5506216,64 4
5506216,64 1946
5506216,64 10
5506216,64 25 
5516218,64 254 
5516225,8 101 
5518238,25 100 
5518238,25 4
5518238,25 1946
5518238,25 10
5518238,25 25 
5528241,19 254 
5528260,69 101 
5530273,17 100 
5530273,17 4
5530273,17 1946
5530273,17 10
5530273,17 25 
5540273,84 254 
5540282,31 101 
5542281,71 100 
5542281,71 4
5542281,71 1946
5542281,71 10
5542281,71 25 
5542882,6 75 
5543791,6 72 
5543800,84 70 
5544410,81 80 
5545250,34 250 
5545266,88 101 
5547280,13 100 
5547280,13 4
5547280,13 1946
5547280,13 10
5547280,13 25 
5550825,65 75 
5550837,4 250 
5550850,84 101 
5552864,53 100 
5552864,53 4
5552864,53 1946
5552864,53 10
5552864,53 25 
5554943,17 75 
5555040,82 250 
5555049,04 101 
5557049,5 100 
5557049,5 4
5557049,5 1946
5557049,5 10
5557049,5 25 
5567049,92 254 
5567057,81 101 
5569070,21 100 
5569070,21 4
5569070,21 1946
5569070,21 10
5569070,21 25 
5573402,09 75 
5573409,07 250 
5573428,08 101 
5575441,6 100 
5575441,6 4
5575441,6 1946
5575441,6 10
5575441,6 25 
5580732,32 75 
5580923,44 250 
5580931,49 101 
5582945,14 100 
5582945,14 4
5582945,14 1946
5582945,14 10
5582945,14 25 
5592947,55 254 
5592966,77 101 
5594979,28 100 
5594979,28 4
5594979,28 1946
5594979,28 10
5594979,28 25 
5604981,41 254 
5604988,68 101 
5607000,89 100 
5607000,89 4
5607000,89 1946
5607000,89 10
5607000,89 25 
5617002,07 254 
5617010,08 101 
5619022,52 100 
5619022,52 4
5619022,52 1946
5619022,52 10
5619022,52 25 
5629023,8 254 
5629031,63 101 
5631044,14 100 
5631044,14 4
5631044,14 1946
5631044,14 10
5631044,14 25 
5641046,86 254 
5641066,56 101 
5643065,92 100 
5643065,92 4
5643065,92 1946
5643065,92 10
5643065,92 25 
5653068,56 254 
5653088,18 101 
5655100,67 100 
5655100,67 4
5655100,67 1946
5655100,67 10
5655100,67 25 
5657726,6 75 
5657841,34 250 
5657859,1 101 
5659872,76 100 
5659872,76 4
5659872,76 1946
5659872,76 10
5659872,76 25 
5663790,71 75 
5663820,15 250 
5663829,98 101 
5665843,62 100 
5665843,62 4
5665843,62 1946
5665843,62 10
5665843,62 25 
5675845,65 254 
5675865,26 101 
5677877,75 100 
5677877,75 4
5677877,75 1946
5677877,75 10
5677877,75 25 
5687878,7 254 
5687887,23 101 
5689899,35 100 
5689899,35 4
5689899,35 1946
5689899,35 10
5689899,35 25 
5692618,57 75 
5692860,68 250 
5692871,02 101 
5694871,55 100 
5694871,55 4
5694871,55 1946
5694871,55 10
5694871,55 25 
5695803,89 75 
5695897,01 250 
5695909,76 101 
5697923,49 100 
5697923,49 4
5697923,49 1946
5697923,49 10
5697923,49 25 
5707924,4 254 
5707931,77 101 
5709944,24 100 
5709944,24 4
5709944,24 1946
5709944,24 10
5709944,24 25 
5717754,68 75 
5717760,8 250 
5717767,27 101 
5719767,7 100 
5719767,7 4
5719767,7 1946
5719767,7 10
5719767,7 25 
5729768,25 254 
5729776,12 101 
5731788,4 100 
5731788,4 4
5731788,4 1946
5731788,4 10
5731788,4 25 
5739785,37 75 
5739792,25 250 
5739812,41 101 
5741824,96 100 
5741824,96 4
5741824,96 1946
5741824,96 10
5741824,96 25 
5751825,23 254 
5751833,46 101 
5753845,78 100 
5753845,78 4
5753845,78 1946
5753845,78 10
5753845,78 25 
5754206 75 
5755115,69 72 
5755392,68 70 
5756705,59 80 
5757427,66 250 
5757444,24 101 
5759444,39 100 
5759444,39 4
5759444,39 1946
5759444,39 10
5759444,39 25 
5769444,95 254 
5769452,75 101 
5771465,02 100 
5771465,02 4
5771465,02 1946
5771465,02 10
5771465,02 25 
5781466,79 254 
5781474,17 101 
5783486,65 100 
5783486,65 4
5783486,65 1946
5783486,65 10
5783486,65 25 
5793487,6 254 
5793495,74 101 

5795237,76 67 
5795508,25 100 
5795508,25 4
5795508,25 1946
5795508,25 10
5795508,25 25 
5796025,99 67 
5805508,77 254 
5805517,35 101 
5807516,73 100 
5807516,73 4
5807516,73 1946
5807516,73 10
5807516,73 25 
5817519,81 254 
5817538,97 101 
5819551,46 100 
5819551,46 4
5819551,46 1946
5819551,46 10
5819551,46 25 
5828828,88 75 
5828841,32 250 
5828853,83 101 
5830867,42 100 
5830867,42 4
5830867,42 1946
5830867,42 10
5830867,42 25 
5831520,21 75 
5831647,04 250 
5831665,97 101 
5833679,63 100 
5833679,63 4
5833679,63 1946
5833679,63 10
5833679,63 25 
5838410,56 75 
5838486,42 250 
5838503,07 101 
5840516,74 100 
5840516,74 4
5840516,74 1946
5840516,74 10
5840516,74 25 
5840942,84 75 
5841004,53 250 
5841022,02 101 
5843035,66 100 
5843035,66 4
5843035,66 1946
5843035,66 10
5843035,66 25 
5844381,4 75 
5844388,27 250 
5844407,33 101 
5846420,9 100 
5846420,9 4
5846420,9 1946
5846420,9 10
5846420,9 25 
5848166,45 75 
5849074,83 72 
5849339,77 70 
5850053,05 250 
5850071,96 101 
5852071,98 100 
5852071,98 4
5852071,98 1946
5852071,98 10
5852071,98 25 
5853964,8 75 
5854873,56 72 
5854883,24 70 
5855491,1 80 
5856363,04 83 
5856528,47 64 166
5856751,08 74 202
5856751,08 62 202
5857158,59 152 
5857177,23 69 
5857689,1 93 
5857708,77 103 
5857708,77 101 
5861245,27 100 
5861245,27 4
5861245,27 1946
5861245,27 11
5863213,9 25 
5863707,32 75 
5864616,51 72 
5864839,93 70 
5865842,86 80 
5866278,85 83 
5866552,82 64 274
5866740,64 74 169
5866740,64 62 169
5867152,17 151 
5867187,07 69 
5868196,64 93 
5868202,28 249 
5868237,73 103 
5868237,73 101 
5871776,39 100 
5871776,39 4
5871776,39 1946
5871776,39 10
5873756,05 25 
5873784,4 75 
5874690,93 72 
5874769,08 70 
5875768,96 80 
5876208,02 83 
5876539,15 64 332
5876708,15 74 154
5876708,15 61 154
5877518,53 151 
5877541,97 69 
5878553,58 93 
5878566,69 103 
5878566,69 101 
5882100,2 100 
5882100,2 4
5882100,2 1946
5882100,2 11
5884071,8 25 
5884565,28 75 
5885474,64 72 
5885551,31 70 
5886534,69 80 
5887070,15 83 
5887082,41 64 13
5887459,82 74 350
5887459,82 63 350
5888270,98 151 
5888298,14 69 
5888809,45 93 
5888829,05 103 
5888829,05 101 
5892361,41 100 
5892361,41 4
5892361,41 1946
5892361,41 11
5894334,07 25 
5904334,08 254 
5904355,75 101 
5906368,27 100 
5906368,27 4
5906368,27 1946
5906368,27 11
5906368,27 25 
5916372,09 254 
5916390,68 101 
5918403,16 100 
5918403,16 4
5918403,16 1946
5918403,16 11
5918403,16 25 
5928403,7 254 
5928412,31 101 
5930424,78 100 
5930424,78 4
5930424,78 1946
5930424,78 11
5930424,78 25 
5940428,09 254 
5940447,22 101 
5942446,48 100 
5942446,48 4
5942446,48 1946
5942446,48 11
5942446,48 25 
5942820,69 75 
5943071,76 250 
5943085,73 101 
5945099,53 100 
5945099,53 4
5945099,53 1946
5945099,53 11
5945099,53 25 
5955099,01 254 
5955107,7 101 
5957120,21 100 
5957120,21 4
5957120,21 1946
5957120,21 11
5957120,21 25 
5965623,69 75 
5965687,06 250 
5965702,88 101 
5967716,5 100 
5967716,5 4
5967716,5 1946
5967716,5 11
5967716,5 25 
5977718,62 254 
5977738,22 101 
5979750,71 100 
5979750,71 4
5979750,71 1946
5979750,71 11
5979750,71 25 
5980923,9 75 
5981021,26 250 
5981029,77 101 
5983043,43 100 
5983043,43 4
5983043,43 1946
5983043,43 11
5983043,43 25 
5991732,76 75 
5991757,17 250 
5991771,96 101 
5993772,36 100 
5993772,36 4
5993772,36 1946
5993772,36 11
5993772,36 25 
5995264,56 75 
5995380,51 250 
5995397,06 101 
5997397,57 100 
5997397,57 4
5997397,57 1946
5997397,57 11
5997397,57 25 
6000289,17 75 
6000295,88 250 
6000315,02 101 
6002328,6 100 
6002328,6 4
6002328,6 1946
6002328,6 11
6002328,6 25 
6010658,07 75 
6010742,14 250 
6010750,59 101 
6012764,26 100 
6012764,26 4
6012764,26 1946
6012764,26 11
6012764,26 25 
6021560,15 75 
6021566,14 250 
6021572,8 101 
6023573,15 100 
6023573,15 4
6023573,15 1946
6023573,15 11
6023573,15 25 
6025998,35 75 
6026713,4 250 
6026730,52 101 
6028744,16 100 
6028744,16 4
6028744,16 1946
6028744,16 11
6028744,16 25 
6030249,91 75 
6031082,36 250 
6031088,84 101 
6033102,35 100 
6033102,35 4
6033102,35 1946
6033102,35 11
6033102,35 25 
6037153,56 75 
6037933,94 250 
6037952,48 101 
6039966,09 100 
6039966,09 4
6039966,09 1946
6039966,09 11
6039966,09 25 
6040458,86 75 
6040527,26 250 
6040538,04 101 
6042551,85 100 
6042551,85 4
6042551,85 1946
6042551,85 11
6042551,85 25 
6043124,37 75 
6043271,9 250 
6043283,56 101 
6045297,17 100 
6045297,17 4
6045297,17 1946
6045297,17 11
6045297,17 25 
6046802,9 75 
6047710,12 72 
6047989,52 70 
6049210,09 80 
6049908,27 83 
6050367,68 64 459
6051128,94 74 742
6051128,94 61 742
6051804,03 256 
6052231,66 150 
6052255,04 68 
6052749,72 249
6052897,47 171
6053399,28 92 
6053399,28 65 
6053426,44 103 
6053426,44 101 
6053972,37 100 
6053972,37 4
6053972,37 1946
6053972,37 11
6055946,12 25 
6056293,97 75 
6056521,88 250 
6056531,32 101 
6058544,99 100 
6058544,99 4
6058544,99 1946
6058544,99 11
6058544,99 25 
6060677 75 
6061584,06 72 
6061797,18 70 
6062802,33 80 
6063235,97 83 
6063447,05 64 212
6063469,82 74 7
6063469,82 62 7
6064284,19 256 
6064305,24 251 
6064305,24 241 
6064328,41 101 
6066341,82 100 
6066341,82 4
6066341,82 1946
6066341,82 11
6066341,82 25 
6066742,04 75 
6066773,17 250 
6066780,41 101 
6068793,97 100 
6068793,97 4
6068793,97 1946
6068793,97 11
6068793,97 25 
6069713,2 75 
6069725,94 250 
6069739,17 101 
6071739,5 100 
6071739,5 4
6071739,5 1946
6071739,5 11
6071739,5 25 
6081740,27 254 
6081761,07 101 
6083760,44 100 
6083760,44 4
6083760,44 1946
6083760,44 11
6083760,44 25 
6085494,25 75 
6085914,26 250 
6085932,29 101 
6087945,9 100 
6087945,9 4
6087945,9 1946
6087945,9 11
6087945,9 25 
6097947,78 254 
6097967,6 101 
6099980,14 100 
6099980,14 4
6099980,14 1946
6099980,14 11
6099980,14 25 
6109983,42 254 
6110002,53 101 
6112001,72 100 
6112001,72 4
6112001,72 1946
6112001,72 11
6112001,72 25 
6122004,09 254 
6122010,96 101 
6124023,33 100 
6124023,33 4
6124023,33 1946
6124023,33 11
6124023,33 25 
6134027,1 254 
6134045,77 101 
6136058,23 100 
6136058,23 4
6136058,23 1946
6136058,23 11
6136058,23 25 
6146058,92 254 
6146067,36 101 
6148079,87 100 
6148079,87 4
6148079,87 1946
6148079,87 11
6148079,87 25 
6158083,04 254 
6158102,3 101 
6160114,81 100 
6160114,81 4
6160114,81 1946
6160114,81 11
6160114,81 25 
6170118,07 254 
6170137,21 101 
6172149,73 100 
6172149,73 4
6172149,73 1946
6172149,73 11
6172149,73 25 
6182153,07 254 
6182172,17 101 
6184171,42 100 
6184171,42 4
6184171,42 1946
6184171,42 11
6184171,42 25 
6194172,89 254 
6194193,75 101 
6196206,26 100 
6196206,26 4
6196206,26 1946
6196206,26 11
6196206,26 25 
6206206,7 254 
6206215,36 101 
6208227,89 100 
6208227,89 4
6208227,89 1946
6208227,89 11
6208227,89 25 
6218232,32 254 
6218250,3 101 
6220249,52 100 
6220249,52 4
6220249,52 1946
6220249,52 11
6220249,52 25 
6230251,14 254 
6230258,69 101 
6232271,11 100 
6232271,11 4
6232271,11 1946
6232271,11 11
6232271,11 25 
6242274,98 254 
6242293,53 101 
6244306,12 100 
6244306,12 4
6244306,12 1946
6244306,12 11
6244306,12 25 
6254307,32 254 
6254315,22 101 
6256314,41 100 
6256314,41 4
6256314,41 1946
6256314,41 11
6256314,41 25 
6266317,6 254 
6266336,75 101 
6268349,27 100 
6268349,27 4
6268349,27 1946
6268349,27 11
6268349,27 25 
6278352,92 254 
6278371,67 101 
6280384,17 100 
6280384,17 4
6280384,17 1946
6280384,17 11
6280384,17 25 
6290387,49 254 
6290406,62 101 
6292419,1 100 
6292419,1 4
6292419,1 1946
6292419,1 11
6292419,1 25 
6302422,01 254 
6302441,56 101 
6304454,06 100 
6304454,06 4
6304454,06 1946
6304454,06 11
6304454,06 25 
6314457,61 254 
6314476,5 101 
