75,16 100 
75,16 2
75,16 1947
75,16 10
2034,68 25 
2059,89 75 
2967,25 72 
3338,72 70 
4644,72 80 
5178,32 83 
5449,71 64 272
5645,29 74 173
5645,29 61 173
6455,7 150 
6484,83 68 
7696,86 92 
7696,86 65 
7725,78 103 
7725,78 101 
8256,88 100 
8256,88 2
8256,88 1947
8256,88 10
10229,89 25 
10564,83 75 
11473,43 72 
11549,43 70 
12549,48 80 
13081,7 83 
13122,75 64 41
13299,84 74 165
13299,84 61 165
13712,7 152 
13735,17 69 
14314,3 249 
14471,82 181 
14828,53 256 
16046,74 93 
16066,99 103 
16066,99 101 
19599,77 100 
19599,77 2
19599,77 1947
19599,77 10
21571,78 25 
21599,65 75 
22506,48 72 
22584,78 70 
23578,03 80 
24063,79 83 
24243,18 64 179
24406,37 74 143
24406,37 61 143
24818,87 150 
24838,61 68 
25648,05 92 
25648,05 65 
25662,82 103 
25662,82 101 
26202,29 100 
26202,29 2
26202,29 1947
26202,29 11
28182,34 25 
28209,66 75 
29120,55 72 
29195,36 70 
30186,35 80 
30727,62 83 
30884,85 64 157
31056,91 74 155
31056,91 62 155
31866,72 151 
31888,99 69 
32151,9 249 
32626,07 182 
32899,45 93 
32913 103 
32913 101 
36450,38 100 
36450,38 2
36450,38 1947
36450,38 11
38431,35 25 
38460,72 75 
39367,8 72 
39457,76 70 
40447,34 80 
40936,61 83 
40993,98 64 57
41166,79 74 149
41166,79 63 149
41979,13 150 
42004,62 68 
43213,31 92 
43213,31 65 
43228,66 103 
43228,66 101 
43760,78 100 
43760,78 2
43760,78 1947
43760,78 11
45735 25 
45762,3 75 
46669,19 72 
46748,04 70 
47743,55 80 
48173,63 83 
48494,46 64 321
48682,02 74 162
48682,02 63 162
49093,34 150 
49121,68 68 
49632,71 92 
49632,71 65 
49652,59 103 
49652,59 101 
50193,97 100 
50193,97 2
50193,97 1947
50193,97 10
52172,26 25 
52199,53 75 
53107,05 72 
53185,23 70 
54182,43 80 
54664,24 83 
54946,21 64 283
55104,4 74 134
55104,4 61 134
55916,75 150 
55945,52 68 
56757,67 92 
56757,67 65 
56782,95 103 
56782,95 101 
57314,5 100 
57314,5 2
57314,5 1947
57314,5 11
59289,24 25 
66300,02 75 
67208,52 72 
67286,03 70 
68283,16 80 
68818,21 83 
68956,63 64 139
69145,7 74 168
69145,7 63 168
69555,8 150 
69579,76 68 
70088,92 92 
70088,92 65 
70110,7 103 
70110,7 101 
70646,51 100 
70646,51 2
70646,51 1947
70646,51 11
72617,88 25 
72644,33 75 
73553,52 72 
73630,04 70 
74625,41 80 
75055,64 83 
75147,68 64 92
75342,07 74 180
75342,07 63 180
75754,54 150 
75777,11 68 
76985,81 92 
76985,81 65 
77001,13 103 
77001,13 101 
77540,88 100 
77540,88 2
77540,88 1947
77540,88 10
79520,69 25 
79548,27 75 
80456,19 72 
80533,76 70 
81530,61 80 
82052,75 83 
82272,61 64 220
82448,39 74 157
82448,39 61 157
83259,35 150 
83281,69 68 
84493,46 92 
84493,46 65 
84517,94 103 
84517,94 101 
85050,84 100 
85050,84 2
85050,84 1947
85050,84 11
87024,25 25 
87052,32 75 
87959,31 72 
88037,23 70 
89027,13 80 
89462,93 83 
89621,08 64 158
89647,03 256 
89869,58 74 234
89869,58 61 234
90278,79 153 
90304,36 68 
91115,78 92 
91115,78 65 
91128,69 103 
91128,69 101 
91660,82 100 
91660,82 2
91660,82 1947
91660,82 11
93634,81 25 
93662,22 75 
94568,68 72 
94647,83 70 
95638,37 80 
96126,76 83 
96230,52 64 102
96253,46 256 
96423,34 74 177
96423,34 61 177
97233,72 151 
97261,44 69 
97737,9 249 
98092,61 181 
99089,77 93 
99111,8 103 
99111,8 101 
102656,39 100 
102656,39 2
102656,39 1947
102656,39 10
104630,2 25 
104657,85 75 
105566,24 72 
105923,09 70 
107087,25 80 
107695,18 83 
107775,01 64 80
107940,92 74 153
107940,92 61 153
108351,28 150 
108376,72 68 
108885,73 92 
108885,73 65 
108907,79 103 
108907,79 101 
109438,87 100 
109438,87 2
109438,87 1947
109438,87 11
111413,97 25 
111441,87 75 
112352 72 
112440,34 70 
113433 80 
113865,98 83 
114684,01 64 818
114940,16 74 234
114940,16 63 234
115747,54 150 
115773,6 68 
116584,81 92 
116584,81 65 
116611,17 103 
116611,17 101 
117143,51 100 
117143,51 2
117143,51 1947
117143,51 10
119117,36 25 
119158,47 75 
120066,06 72 
120143,79 70 
121129,31 80 
121662,66 83 
121776,92 64 114
121955,5 74 160
121955,5 61 160
122765,49 150 
122784,01 68 
123993,15 92 
123993,15 65 
124008,1 103 
124008,1 101 
124548,14 100 
124548,14 2
124548,14 1947
124548,14 10
126527,57 25 
126767,83 75 
127675,1 72 
127753,82 70 
128748,88 80 
129286,18 83 
129436,67 64 151
129625,88 74 167
129625,88 61 167
130034,33 150 
130060,93 68 
130572,83 92 
130572,83 65 
130591,87 103 
130591,87 101 
131129,57 100 
131129,57 2
131129,57 1947
131129,57 11
133098,17 25 
141121,86 75 
143946,28 250 
143959,45 101 
145959,62 100 
145959,62 2
145959,62 1947
145959,62 11
145959,62 25 
145986,02 75 
146895,59 72 
146974,18 70 
147968,92 80 
148466,55 83 
148611,44 64 147
148779,52 74 155
148779,52 61 155
149190,47 151 
149212,93 69 
149266,74 249 
149640,88 181 
150222,31 93 
150236,91 103 
150236,91 101 
153769,9 100 
153769,9 2
153769,9 1947
153769,9 11
155742,04 25 
155769,28 75 
156676,92 72 
156755,02 70 
157740,79 80 
158193,96 83 
158752,92 64 559
158976,75 74 210
158976,75 63 210
159785,53 150 
159808,45 68 
160617,71 92 
160617,71 65 
160632,63 103 
160632,63 101 
161179,79 100 
161179,79 2
161179,79 1947
161179,79 10
163152,17 25 
163485,73 75 
164393,23 72 
164471,73 70 
165457,43 80 
165990,76 83 
166048,43 64 58
166209,54 74 139
166209,54 61 139
167020,47 150 
167045,45 68 
168256,98 92 
168256,98 65 
168282,68 103 
168282,68 101 
168813,71 100 
168813,71 2
168813,71 1947
168813,71 10
170788,94 25 
170817 75 
171722,83 72 
171802,01 70 
172789,6 80 
173227,72 83 
173444,59 64 217
173611,97 74 145
173611,97 61 145
174022,53 150 
174042,64 68 
174850,89 92 
174850,89 65 
174866,56 103 
174866,56 101 
175401,7 100 
175401,7 2
175401,7 1947
175401,7 11
177372,84 25 
178239,53 75 
179148,03 72 
179225,61 70 
180214,1 80 
180691,14 83 
180983,73 64 293
181200,3 74 203
181200,3 63 203
182012,33 150 
182039,12 68 
182550,69 92 
182550,69 65 
182570,01 103 
182570,01 101 
183108,98 100 
183108,98 2
183108,98 1947
183108,98 10
185089,59 25 
186236,16 75 
187145,87 72 
187222,16 70 
188212,5 80 
188701,08 83 
188842,91 64 142
189001,9 74 141
189001,9 61 141
189413,43 150 
189436,1 68 
189948,53 92 
189948,53 65 
189966,9 103 
189966,9 101 
190500,58 100 
190500,58 2
190500,58 1947
190500,58 11
192473,21 25 
193286,56 75 
194195,41 72 
194272,51 70 
195265,34 80 
195804,78 83 
195979 64 174
196163 74 172
196163 63 172
196971,01 150 
196992,76 68 
198201,97 92 
198201,97 65 
198216,75 103 
198216,75 101 
198749,11 100 
198749,11 2
198749,11 1947
198749,11 10
200723 25 
200989,98 75 
201897,54 72 
201976,01 70 
202961,01 80 
203388,23 83 
203671,95 64 284
203857,81 74 163
203857,81 62 163
204269,14 153 
204296,34 68 
204610,45 249
205107,8 92 
205107,8 65 
205133,83 103 
205133,83 101 
205679,77 100 
205679,77 2
205679,77 1947
205679,77 10
207653,46 25 
207680,86 75 
208590,79 72 
208946,36 70 
210257,47 80 
210988,62 250 
210998,01 101 
213011,17 100 
213011,17 2
213011,17 1947
213011,17 10
213011,17 25 
215863,67 75 
216771,23 72 
217129,55 70 
218441,55 80 
219288,21 83 
219425,16 64 138
219640,71 74 193
219640,71 61 193
220050,45 150 
220075,68 68 
220588,77 92 
220588,77 65 
220607,33 103 
220607,33 101 
221141,13 100 
221141,13 2
221141,13 1947
221141,13 11
223113,63 25 
223141,48 75 
224047,28 72 
224393,18 70 
225703,08 80 
226231,95 83 
226548,07 64 316
226778 74 213
226778 63 213
227589,24 150 
227619,83 68 
228427,35 92 
228427,35 65 
228444,04 103 
228444,04 101 
228976,32 100 
228976,32 2
228976,32 1947
228976,32 11
230950,42 25 
230978,38 75 
231885,43 72 
231963,37 70 
232954,12 80 
233455,62 83 
233787,27 64 332
234018,86 74 217
234018,86 63 217
234429,43 150 
234456,98 68 
235667,76 92 
235667,76 65 
235694,3 103 
235694,3 101 
236234,77 100 
236234,77 2
236234,77 1947
236234,77 10
238213,93 25 
238241,2 75 
239150,73 72 
239227,02 70 
240218,8 80 
240705,89 83 
241026,9 64 321
241250,05 74 198
241250,05 61 198
242059,19 150 
242080,41 68 
243291,17 92 
243291,17 65 
243317,75 103 
243317,75 101 
243851,37 100 
243851,37 2
243851,37 1947
243851,37 11
245824,23 25 
245851,87 75 
246760,58 72 
246837,09 70 
247834,91 80 
248276,08 83 
248545,06 64 269
248754,91 74 186
248754,91 63 186
249165,36 150 
249184,23 68 
249694,95 92 
249694,95 65 
249715,09 103 
249715,09 101 
250248,38 100 
250248,38 2
250248,38 1947
250248,38 10
252221,38 25 
252581,59 75 
253491,68 72 
253567,64 70 
254553,58 80 
255086,55 83 
255352,51 64 267
255514,07 74 148
255514,07 62 148
256321,79 151 
256341,11 69 
256861,28 249 
257151,5 93 
257165,31 103 
257165,31 101 
260709,3 100 
260709,3 2
260709,3 1947
260709,3 10
262683,64 25 
262710,89 75 
263619,71 72 
263696,74 70 
264684,33 80 
265122,25 83 
265417,15 64 295
265586,91 74 158
265586,91 61 158
266399,84 150 
266430,16 68 
267641,91 92 
267641,91 65 
267667,52 103 
267667,52 101 
268199,43 100 
268199,43 2
268199,43 1947
268199,43 11
270174,73 25 
270200,89 75 
271106,63 72 
271186,83 70 
272189,6 80 
272679,11 83 
272938,74 64 260
273166,79 74 208
273166,79 63 208
273574,35 150 
273600,47 68 
274113,52 92 
274113,52 65 
274131,47 103 
274131,47 101 
274666,84 100 
274666,84 2
274666,84 1947
274666,84 10
276637,83 25 
276664,95 75 
277573,57 72 
277650,74 70 
278637,77 80 
279183,01 83 
279438,18 64 256
279626,58 74 164
279626,58 61 164
280434,59 150 
280464,34 68 
280581,32 249
280694,65 171
281276,61 92 
281276,61 65 
281301,79 103 
281301,79 101 
281839,77 100 
281839,77 2
281839,77 1947
281839,77 10
283821,38 25 
283848,68 75 
284758,97 72 
284834,5 70 
285830,11 80 
286366,7 83 
286527,14 64 160
286711,19 74 159
286711,19 61 159
287120,72 152 
287140,77 69 
288149,95 93 
288165,63 103 
288165,63 101 
291697,77 100 
291697,77 2
291697,77 1947
291697,77 10
293670,6 25 
293698,64 75 
294605,35 72 
294683,6 70 
295672,46 80 
296162,52 83 
296340,73 64 179
296515,85 74 154
296515,85 61 154
296924,45 150 
296950,73 68 
297760,32 92 
297760,32 65 
297774,92 103 
297774,92 101 
298305,73 100 
298305,73 2
298305,73 1947
298305,73 11
300281,15 25 
300308,41 75 
301217,31 72 
301294,19 70 
302276,35 80 
302706,46 83 
302927,31 64 222
303107,24 74 162
303107,24 63 162
303918,19 150 
303947,89 68 
305159,29 92 
305159,29 65 
305185,05 103 
305185,05 101 
305732,25 100 
305732,25 2
305732,25 1947
305732,25 11
307704,73 25 
307731,87 75 
308640,43 72 
308717,71 70 
309705,83 80 
310116,66 83 
310522,39 64 406
310744,72 74 202
310744,72 63 202
311155,09 150 
311184,73 68 
311994,91 92 
311994,91 65 
312008,93 103 
312008,93 101 
312541,51 100 
312541,51 2
312541,51 1947
312541,51 10
314515,12 25 
314982,01 75 
315890,82 72 
315968 70 
316959,84 80 
317500,28 83 
317790,78 64 291
318005,68 74 199
318005,68 61 199
318817,4 150 
318848,09 68 
320058,8 92 
320058,8 65 
320085,45 103 
320085,45 101 
320616,21 100 
320616,21 2
320616,21 1947
320616,21 11
322591,71 25 
322619,55 75 
323527,85 72 
323605,05 70 
324590,02 80 
325483,51 83 
325638,89 64 156
325842,78 74 186
325842,78 63 186
326652,25 150 
326671,61 68 
327182,69 92 
327182,69 65 
327202,44 103 
327202,44 101 
327742,86 100 
327742,86 2
327742,86 1947
327742,86 11
329722,07 25 
329749,27 75 
330657,79 72 
330735,11 70 
331734,68 80 
332187,36 83 
332432,68 64 246
332637,69 74 184
332637,69 63 184
333047,09 150 
333068,83 68 
333876,51 92 
333876,51 65 
333893,11 103 
333893,11 101 
334430,05 100 
334430,05 2
334430,05 1947
334430,05 11
336399,34 25 
336759,44 75 
337667,04 72 
337745,49 70 
338744,76 80 
339224,43 83 
339369,11 64 145
339562,96 74 179
339562,96 63 179
339975,92 150 
339999,39 68 
340508,03 92 
340508,03 65 
340530,19 103 
340530,19 101 
341062,2 100 
341062,2 2
341062,2 1947
341062,2 11
343036,44 25 
343316,68 75 
344227,06 72 
344302,79 70 
345286,63 80 
345821,72 83 
346317,36 64 496
346513,27 74 173
346513,27 63 173
347325,37 150 
347357,22 68 
347641,21 249
347680,27 173 
348568,06 92 
348568,06 65 
348593,51 103 
348593,51 101 
349135,5 100 
349135,5 2
349135,5 1947
349135,5 11
351113,04 25 
351979,77 75 
352887,3 72 
352965,71 70 
353959,64 80 
354497,96 83 
354547,91 64 50
354660,23 256 
354680,06 74 115
354680,06 63 115
355090,24 150 
355112,96 68 
355376,25 249
355411,96 173 
356320,77 92 
356320,77 65 
356337,1 103 
356337,1 101 
356869,4 100 
356869,4 2
356869,4 1947
356869,4 10
358843,16 25 
359203,39 75 
360111,39 72 
360189,42 70 
361186,87 80 
361668,28 83 
361955,88 64 288
362125,32 74 151
362125,32 62 151
362936,71 151 
362962,88 69 
363324,46 249 
365834,52 93 
365852,94 103 
365852,94 101 
369387,61 100 
369387,61 2
369387,61 1947
369387,61 10
371357,86 25 
371385,29 75 
372292,97 72 
372370,9 70 
373370,04 80 
373796,71 83 
374643,47 64 847
375083,88 74 421
375083,88 62 421
375894,12 151 
375916,66 69 
376324,65 249 
376394,23 256 
378131,1 93 
378154,36 103 
378154,36 101 
381694,37 100 
381694,37 2
381694,37 1947
381694,37 10
383672,71 25 
383700,05 75 
384608,82 72 
384685,69 70 
385671,21 80 
386191,32 83 
388046,75 64 1856
388867,98 74 798
388867,98 63 798
389281,91 151 
389311,1 69 
390120,05 93 
390135,97 103 
390135,97 101 
393668,11 100 
393668,11 2
393668,11 1947
393668,11 11
395641 25 
395668,26 75 
396578,19 72 
396654,23 70 
397652,9 80 
398079,68 83 
398904,2 64 825
399318,3 74 400
399318,3 62 400
399729,6 151 
399747,69 69 
400757,8 93 
400771,51 103 
400771,51 101 
404305,24 100 
404305,24 2
404305,24 1947
404305,24 11
406276,48 25 
406304,52 75 
407213,02 72 
407289,53 70 
408277,4 80 
408768,52 83 
409265,89 64 498
409487,88 74 200
409487,88 61 200
410295,93 153 
410316,36 68 
410662,63 249
410754,47 171
411954,18 92 
411954,18 65 
411980,09 103 
411980,09 101 
412528,16 100 
412528,16 2
412528,16 1947
412528,16 10
414499,7 25 
414527,49 75 
415434,72 72 
415512,74 70 
416493,14 80 
417031,66 83 
418182,61 64 1151
418663,42 74 460
418663,42 63 460
419074,48 151 
419099,36 69 
420110,47 93 
420123,36 103 
420123,36 101 
423654,44 100 
423654,44 2
423654,44 1947
423654,44 10
425628,33 25 
425655,65 75 
426562,06 72 
426641,45 70 
427627,16 80 
428120,31 83 
429614,72 64 1495
430155,47 74 516
430155,47 61 516
430965,58 150 
430987,56 68 
431798,26 92 
431798,26 65 
431811,89 103 
431811,89 101 
432361,2 100 
432361,2 2
432361,2 1947
432361,2 11
434331,4 25 
434411,85 75 
435317,18 72 
435664,31 70 
436986,38 80 
437649,63 83 
438002,61 64 353
438660,7 74 638
438660,7 62 638
439068,22 153 
439091,84 68 
439449,88 249
439537,13 172 
439600,29 92 
439600,29 65 
439621,8 103 
439621,8 101 
440157,92 100 
440157,92 2
440157,92 1947
440157,92 10
442128,09 25 
442155,52 75 
443063,12 72 
443141,17 70 
444128,59 80 
444633,42 83 
444853,43 64 221
445050,08 74 177
445050,08 61 177
445860,5 150 
445887,24 68 
446694,57 92 
446694,57 65 
446712,15 103 
446712,15 101 
447249,57 100 
447249,57 2
447249,57 1947
447249,57 11
449218,45 25 
449245,94 75 
450153,89 72 
450231,43 70 
451220,76 80 
451657,1 83 
452150,12 64 493
452326,14 74 163
452326,14 62 163
452737,19 151 
452765,33 69 
453153,74 249 
453351,28 256 
454808,94 93 
454828,77 103 
454828,77 101 
458362,72 100 
458362,72 2
458362,72 1947
458362,72 10
460333,74 25 
460361,69 75 
461270,67 72 
461346,81 70 
462344,05 80 
462879,03 83 
463072,47 64 194
463272,01 74 180
463272,01 61 180
464080,76 150 
464107,12 68 
464616,06 92 
464616,06 65 
464637,9 103 
464637,9 101 
465178,91 100 
465178,91 2
465178,91 1947
465178,91 10
467157,59 25 
467184,84 75 
468093,07 72 
468170,54 70 
469158,29 80 
469689,49 83 
469738,1 64 49
469899,56 74 144
469899,56 61 144
470308,9 150 
470331,07 68 
471138,57 92 
471138,57 65 
471155,43 103 
471155,43 101 
471687,33 100 
471687,33 2
471687,33 1947
471687,33 10
473661,5 25 
473795,1 75 
474702,68 72 
474781,11 70 
475774,27 80 
476206,8 83 
476353,63 64 147
476507,49 74 140
476507,49 61 140
477318,45 150 
477341,53 68 
478553,28 92 
478553,28 65 
478578,84 103 
478578,84 101 
479116,59 100 
479116,59 2
479116,59 1947
479116,59 11
481085,29 25 
482871,33 75 
483782,21 72 
483857,42 70 
484844,37 80 
485322,9 83 
485609,89 64 287
485786,45 74 158
485786,45 62 158
486194,34 151 
486216,96 69 
486671,93 249 
486727,23 93 
486748,65 103 
486748,65 101 
490286,75 100 
490286,75 2
490286,75 1947
490286,75 10
492267,02 25 
492294,19 75 
493202,18 72 
493280,01 70 
494278,33 80 
494758,96 83 
494881,16 64 123
495088,39 74 184
495088,39 61 184
495897,01 150 
495920,33 68 
495953,43 249
496138,08 171
496731,97 92 
496731,97 65 
496757,83 103 
496757,83 101 
497290,37 100 
497290,37 2
497290,37 1947
497290,37 11
499264 25 
499784,2 75 
500691,17 72 
500770,16 70 
501767,34 80 
502195,95 83 
503288,14 64 1092
504007,77 74 706
504007,77 62 706
504818,23 151 
504836,04 69 
505266,13 249 
506816,24 93 
506833,51 103 
506833,51 101 
510367,2 100 
510367,2 2
510367,2 1947
510367,2 11
512338,51 25 
512365,66 75 
513273,24 72 
513351,52 70 
514344,03 80 
514883,78 83 
516313,54 64 1430
516355,09 256 
518015,59 74 1680
518015,59 62 1680
518604,3 151 
518630,01 69 
519138,42 93 
519148,35 103 
519148,35 101 
522694,24 100 
522694,24 2
522694,24 1947
522694,24 10
524666,68 25 
524693,87 75 
525601,1 72 
525679,74 70 
526670,61 80 
527105,33 83 
527360,34 64 256
527528,01 74 143
527528,01 61 143
527936,32 150 
527960,17 68 
529170,53 92 
529170,53 65 
529184,47 103 
529184,47 101 
529716,36 100 
529716,36 2
529716,36 1947
529716,36 11
531690,44 25 
532237,2 75 
533143,9 72 
533223,21 70 
534210,1 80 
534688,86 83 
536147,52 64 1459
536594,83 74 427
536594,83 62 427
537407,12 151 
537436,17 69 
538246,72 93 
538260,31 103 
538260,31 101 
541791,61 100 
541791,61 2
541791,61 1947
541791,61 10
543765,36 25 
543793,21 75 
544702,01 72 
545044,91 70 
546355,69 80 
546990,3 83 
547271,23 64 282
547451,27 74 169
547451,27 61 169
548262,18 150 
548284,97 68 
549095,95 92 
549095,95 65 
549122,33 103 
549122,33 101 
549661,64 100 
549661,64 2
549661,64 1947
549661,64 11
551641,95 25 
551909,12 75 
552816,55 72 
552908,25 70 
553894,17 80 
554333,86 83 
555721,46 64 1388
555757,49 256 
557239,63 74 1493
557239,63 62 1493
557651,87 151 
557681,03 69 
558027,16 249 
558625 256 
559936,51 93 
559957,81 103 
559957,81 101 
563494,1 100 
563494,1 2
563494,1 1947
563494,1 10
565463,02 25 
565490,13 75 
566399,1 72 
566475,82 70 
567467,61 80 
567954,8 83 
568146,51 64 192
568320,78 74 153
568320,78 61 153
568728,99 150 
568756,38 68 
569567,35 92 
569567,35 65 
569593,77 103 
569593,77 101 
570126,06 100 
570126,06 2
570126,06 1947
570126,06 10
572100,04 25 
572127,25 75 
573035,07 72 
573113,07 70 
574096,07 80 
574631,99 83 
574748,1 64 116
574776,31 256 
574945,85 74 181
574945,85 61 181
575756,47 150 
575780,1 68 
576991,2 92 
576991,2 65 
577017,28 103 
577017,28 101 
577559,28 100 
577559,28 2
577559,28 1947
577559,28 11
579536,93 25 
579564,64 75 
580473,82 72 
580563,25 70 
581544,72 80 
582028,95 83 
582274,46 64 246
582558,2 74 264
582558,2 63 264
583368,21 150 
583390,23 68 
584201,71 92 
584201,71 65 
584227,58 103 
584227,58 101 
584758,57 100 
584758,57 2
584758,57 1947
584758,57 11
586733,84 25 
586761,05 75 
587667,9 72 
587746,92 70 
588738,38 80 
589172,78 83 
589414,4 64 242
589524,4 256 
589571,8 74 133
589571,8 63 133
589979,58 150 
590000,74 68 
591210,76 92 
591210,76 65 
591224,89 103 
591224,89 101 
591761,09 100 
591761,09 2
591761,09 1947
591761,09 11
593730,91 25 
593758,09 75 
594664,24 72 
594743,93 70 
595730,81 80 
596262,86 83 
596444,43 64 182
596634,8 74 172
596634,8 63 172
597443,05 152 
597463,47 69 
598274,23 93 
598288,34 103 
598288,34 101 
601827 100 
601827 2
601827 1947
601827 10
603806,67 25 
603833,94 75 
604741,5 72 
604819,67 70 
605811,05 80 
606352,21 83 
606360,94 64 9
606527,14 74 149
606527,14 61 149
606938,3 150 
606966,9 68 
607779,1 92 
607779,1 65 
607804,32 103 
607804,32 101 
608336,46 100 
608336,46 2
608336,46 1947
608336,46 10
610310,65 25 
610390,92 75 
611297,72 72 
611377,05 70 
612373,87 80 
612869,18 83 
612962,41 64 94
613140,35 74 165
613140,35 61 165
613548,03 150 
613577,4 68 
614092,4 92 
614092,4 65 
614108,4 103 
614108,4 101 
614642,1 100 
614642,1 2
614642,1 1947
614642,1 10
616614,63 25 
617254,72 75 
618163,07 72 
618240,72 70 
619241,11 80 
619679,68 83 
619884,36 64 205
620043,76 74 138
620043,76 61 138
620851,58 150 
620881,02 68 
622092,84 92 
622092,84 65 
622118,32 103 
622118,32 101 
622662,27 100 
622662,27 2
622662,27 1947
622662,27 11
624637,99 25 
624665,8 75 
625573,27 72 
625651,01 70 
626642,39 80 
627076,59 83 
627327,42 64 252
627531,6 74 189
627531,6 63 189
628342,41 150 
628371,19 68 
629580,92 92 
629580,92 65 
629595,17 103 
629595,17 101 
630126,3 100 
630126,3 2
630126,3 1947
630126,3 11
632101,44 25 
632129,44 75 
633038,86 72 
633114,54 70 
634105,58 80 
634633,42 83 
634754,66 64 122
634959,75 74 180
634959,75 63 180
635371,59 150 
635394,88 68 
635904,97 92 
635904,97 65 
635925,8 103 
635925,8 101 
636459,76 100 
636459,76 2
636459,76 1947
636459,76 10
638432,2 25 
639432,01 75 
640340,41 72 
640418,04 70 
641405,82 80 
641883,69 83 
642114,57 64 231
642292,49 74 156
642292,49 61 156
642700,91 150 
642725,09 68 
643534,19 92 
643534,19 65 
643549,29 103 
643549,29 101 
644087,84 100 
644087,84 2
644087,84 1947
644087,84 11
646068,88 25 
646935,77 75 
647844,04 72 
648201,45 70 
649364,53 80 
649960,25 83 
650039,46 64 80
650255,02 74 202
650255,02 63 202
651064,43 150 
651094,94 68 
652305,31 92 
652305,31 65 
652318,94 103 
652318,94 101 
652856,39 100 
652856,39 2
652856,39 1947
652856,39 10
654825,27 25 
655718,64 75 
656627,69 72 
656704,51 70 
657694,48 80 
658143,52 83 
658314,87 64 172
658336,84 256 
658541,67 74 212
658541,67 61 212
658952,87 152 
658971,69 69 
659543,42 249 
659753,1 181 
661194,2 93 
661208,64 103 
661208,64 101 
664742,3 100 
664742,3 2
664742,3 1947
664742,3 11
666713,67 25 
666967,09 75 
667878,6 72 
667966,47 70 
668956,63 80 
669498,71 83 
669640,56 64 142
669828,15 74 170
669828,15 63 170
670640,39 150 
670660,21 68 
671172,88 92 
671172,88 65 
671191,01 103 
671191,01 101 
671731,63 100 
671731,63 2
671731,63 1947
671731,63 11
673710,58 25 
675643,48 75 
676552,67 72 
676629,5 70 
677617,17 80 
678095,16 83 
678213,46 64 119
678401,91 74 174
678401,91 63 174
679211,69 150 
679229,85 68 
680037,52 92 
680037,52 65 
680054,02 103 
680054,02 101 
680585,48 100 
680585,48 2
680585,48 1947
680585,48 10
682560,2 25 
683933,29 75 
684843,36 72 
684919,35 70 
685907,19 80 
686346,75 83 
686506,78 64 162
686661,28 74 131
686661,28 61 131
687069,33 150 
687093,22 68 
687603,76 92 
687603,76 65 
687624,04 103 
687624,04 101 
688159,67 100 
688159,67 2
688159,67 1947
688159,67 11
690130,4 25 
690903,74 75 
691812,47 72 
691889,75 70 
692886,68 80 
693422,08 83 
693499,44 64 78
693752,99 74 238
693752,99 63 238
694560,48 150 
694583,32 68 
695792,83 92 
695792,83 65 
695807,45 103 
695807,45 101 
696346,8 100 
696346,8 2
696346,8 1947
696346,8 11
698326,9 25 
699260,33 75 
700168,53 72 
700246,24 70 
701246,29 80 
701685,15 83 
701754,2 64 68
701975,04 74 197
701975,04 63 197
702388,01 150 
702407 68 
703618,63 92 
703618,63 65 
703643,99 103 
703643,99 101 
704177,26 100 
704177,26 2
704177,26 1947
704177,26 11
706150,29 25 
707723,34 75 
708631,59 72 
708709,33 70 
709707,56 80 
710241,54 83 
710289,36 64 49
710496,87 74 189
710496,87 63 189
710907,65 150 
710936,44 68 
711445,56 92 
711445,56 65 
711467,44 103 
711467,44 101 
711998,56 100 
711998,56 2
711998,56 1947
711998,56 11
713973,66 25 
716133,09 75 
717040,58 72 
717119,14 70 
718103,95 80 
718584,73 83 
718610,38 64 26
718829,33 74 205
718829,33 63 205
719638,47 150 
719666,2 68 
720476,37 92 
720476,37 65 
720490,28 103 
720490,28 101 
721038,79 100 
721038,79 2
721038,79 1947
721038,79 10
723009,9 25 
724063,13 75 
724969,41 72 
725049,17 70 
726058,33 80 
726594,66 83 
726773,95 64 179
726940,38 74 146
726940,38 61 146
727752,37 150 
727782,69 68 
728593,34 92 
728593,34 65 
728606,96 103 
728606,96 101 
729139,46 100 
729139,46 6
729139,46 1947
729139,46 10
729139,46 78 
729139,46 198 
731113,13 25 
732206,43 75 
733116,58 72 
733192,35 70 
734176,05 80 
734657,97 83 
734726,02 64 68
734881,92 74 131
734881,92 61 131
735292,81 153 
735312,92 68 
735821,77 92 
735821,77 65 
735843,83 103 
735843,83 101 
736377,26 100 
736377,26 6
736377,26 1947
736377,26 10
738350,05 25 
738377,25 75 
739284,81 72 
739363,08 70 
740356,92 80 
740788,67 83 
740985,06 64 196
741158,63 74 157
741158,63 61 157
741570,62 151 
741590,21 69 
742164,87 249 
742317,66 181 
745404,62 256 
746446,63 93 
746465,95 103 
746465,95 101 
750005,44 100 
750005,44 6
750005,44 1947
750005,44 11
751984,33 25 
752011,63 75 
752918,51 72 
753223,99 70 
754386,58 80 
754982,7 83 
755119,35 64 137
755367,3 74 225
755367,3 63 225
756178,79 151 
756197,71 69 
756708,89 93 
756728,31 103 
756728,31 101 
760263,97 100 
760263,97 6
760263,97 1947
760263,97 10
762233,51 25 
762260,43 75 
763168,46 72 
763246,42 70 
764232,2 80 
764711,95 83 
764807,06 64 95
765014,7 74 183
765014,7 61 183
765426,7 151 
765446,91 69 
766249,51 249 
766470,87 181 
768439,73 93 
768456,69 103 
768456,69 101 
771987,86 100 
771987,86 6
771987,86 1947
771987,86 10
773961,71 25 
773989,11 75 
774896,2 72 
774974,73 70 
775959,39 80 
776493,66 83 
778048,83 64 1555
778966,78 74 901
778966,78 61 901
779777,62 151 
779800,74 69 
780610,87 93 
780624,92 103 
780624,92 101 
784169,85 100 
784169,85 6
784169,85 1947
784169,85 11
786143,26 25 
786170,49 75 
787077,03 72 
787156,3 70 
788146,84 80 
788595,36 83 
790326,93 64 1732
790543,12 74 202
790543,12 62 202
790956,16 151 
790982,59 69 
791991,15 93 
792006,93 103 
792006,93 101 
795538,9 100 
795538,9 6
795538,9 1947
795538,9 11
797511,92 25 
806161,9 75 
807069,1 72 
807147,9 70 
808136,75 80 
808640,15 83 
811038,55 64 2399
812138,13 74 1087
812138,13 62 1087
812946,21 151 
812974,03 69 
813257,77 249 
814011,45 256 
814608,38 93 
814623,92 103 
814623,92 101 
818159,52 100 
818159,52 6
818159,52 1947
818159,52 11
820142,27 25 
821489,79 75 
822396,93 72 
822474,75 70 
823461,29 80 
823993,64 83 
824703,16 64 709
824732,68 256 
826140,36 74 1414
826140,36 61 1414
826951,72 150 
826980,86 68 
827274,53 249
827349,53 171
828549,46 92 
828549,46 65 
828564,73 103 
828564,73 101 
829104,37 100 
829104,37 6
829104,37 1947
829104,37 10
831084,37 25 
831457,86 75 
832364,71 72 
832443,92 70 
833434,84 80 
833922,93 83 
836068,39 64 2146
837550,54 74 1469
837550,54 61 1469
837958,22 151 
837988,86 69 
838796,12 93 
838813,77 103 
838813,77 101 
842348,24 100 
842348,24 6
842348,24 1947
842348,24 10
844318,8 25 
844345,97 75 
845251,67 72 
845331,81 70 
846316,07 80 
846744,22 83 
847655,11 64 911
847982,15 256 
847996,75 74 320
847996,75 61 320
848809,23 151 
848838,37 69 
849345,99 249 
850673,23 256 
850679,3 181 
853369,21 93 
853380,93 103 
853380,93 101 
856912,69 100 
856912,69 6
856912,69 1947
856912,69 10
858885,95 25 
862178,32 75 
862332,67 250 
862350,07 101 
864363,66 100 
864363,66 6
864363,66 1947
864363,66 10
864363,66 25 
864390,13 75 
865300,09 72 
865656,61 70 
866831,37 80 
867535,34 83 
869613,82 64 2079
869697,42 256 
870254,58 74 627
870254,58 63 627
870666,21 150 
870695,84 68 
871505,47 92 
871505,47 65 
871520,08 103 
871520,08 101 
872065,39 100 
872065,39 6
872065,39 1947
872065,39 11
874039,71 25 
874253,23 75 
875161,36 72 
875452,58 70 
876608,89 80 
877291,28 83 
877561,51 64 271
877737,21 74 154
877737,21 61 154
878546,2 150 
878572,49 68 
879783,75 92 
879783,75 65 
879809,85 103 
879809,85 101 
880342,48 100 
880342,48 6
880342,48 1947
880342,48 11
882316,08 25 
882809,68 75 
883717,97 72 
883795,59 70 
884792,63 80 
885234,62 83 
885490,62 64 257
885685,09 74 171
885685,09 61 171
886098,58 150 
886129,3 68 
886357,67 249
886395,66 171
886939,73 92 
886939,73 65 
886953,66 103 
886953,66 101 
887484,98 100 
887484,98 6
887484,98 1947
887484,98 10
889459,82 25 
890552,99 75 
891461,09 72 
891538,99 70 
892526,39 80 
893017,95 83 
893373,55 64 356
893644,74 74 254
893644,74 63 254
894453,28 150 
894472,96 68 
894982,59 92 
894982,59 65 
895003,48 103 
895003,48 101 
895544,47 100 
895544,47 6
895544,47 1947
895544,47 10
897523,07 25 
897843,37 75 
898753,04 72 
898842,65 70 
899829,82 80 
900268,31 83 
900476,69 64 209
900698,27 74 203
900698,27 63 203
901107,12 152 
901135,67 69 
901948,02 93 
901960,48 103 
901960,48 101 
905497,68 100 
905497,68 6
905497,68 1947
905497,68 11
907465,78 25 
907492,71 75 
908401,01 72 
908478,58 70 
909469,41 80 
909970,9 83 
910320,24 64 350
910573,8 74 230
910573,8 61 230
910984,54 150 
911012,24 68 
912220,12 92 
912220,12 65 
912236,16 103 
912236,16 101 
912769,89 100 
912769,89 6
912769,89 1947
912769,89 10
914742,44 25 
915156,04 75 
916066,66 72 
916155,32 70 
917146,23 80 
917687,56 83 
918315,09 64 628
918588,57 74 248
918588,57 61 248
919397,62 151 
919422,08 69 
920029,11 249 
920188,6 181 
922139,57 256 
924165,78 93 
924177,78 103 
924177,78 101 
927725,59 100 
927725,59 6
927725,59 1947
927725,59 11
929696,15 25 
929724,19 75 
930630,49 72 
930709,21 70 
931697,13 80 
932228,13 83 
932268,44 64 41
932293,73 256 
932506,05 74 225
932506,05 61 225
933316,3 150 
933336,11 68 
934146,28 92 
934146,28 65 
934160,28 103 
934160,28 101 
934691,98 100 
934691,98 6
934691,98 1947
934691,98 10
936666,55 25 
937813,1 75 
938722,91 72 
938799,09 70 
939785,71 80 
940211,52 83 
940460,4 64 250
940725,47 74 248
940725,47 63 248
941134,06 150 
941159,57 68 
941666,3 92 
941666,3 65 
941690,43 103 
941690,43 101 
942224,44 100 
942224,44 6
942224,44 1947
942224,44 10
944196,7 25 
944650,42 75 
945559,68 72 
945636,35 70 
946624,33 80 
947115,26 83 
947264,04 64 149
947476,45 74 189
947476,45 63 189
947884,6 150 
947903,66 68 
949113,37 92 
949113,37 65 
949127,46 103 
949127,46 101 
949668,29 100 
949668,29 6
949668,29 1947
949668,29 11
951646,9 25 
951900,54 75 
952811,37 72 
952886,57 70 
953881,35 80 
954312,12 83 
954572,13 64 260
954745,65 74 154
954745,65 61 154
955557,83 152 
955580,14 69 
955975,69 249 
956421,64 181 
957394,3 256 
958353,6 93 
958376,9 103 
958376,9 101 
961909,55 100 
961909,55 6
961909,55 1947
961909,55 10
963881,82 25 
964415,36 75 
965323,82 72 
965401,22 70 
966388,04 80 
966866,84 83 
967228,65 64 362
967286,66 256 
967469,86 74 217
967469,86 61 217
968281,3 151 
968308,07 69 
968760,16 249 
968809,83 181 
969465,38 256 
970402,28 93 
970411,73 103 
970411,73 101 
973942,49 100 
973942,49 6
973942,49 1947
973942,49 10
975916,72 25 
975944 75 
976852,63 72 
976929,8 70 
977908,71 80 
978435,31 83 
980461,37 64 2027
981601,47 74 1114
981601,47 61 1114
982008,36 151 
982035,63 69 
982595,39 249 
983349,67 181 
983474,77 256 
984548,04 93 
984565,74 103 
984565,74 101 
988112,43 100 
988112,43 6
988112,43 1947
988112,43 11
990084,06 25 
990111,33 75 
991019,29 72 
991310,32 70 
992472,97 80 
993122,53 83 
993483,54 64 362
993736,35 74 241
993736,35 61 241
994148,53 150 
994177,17 68 
994987,75 92 
994987,75 65 
995014,69 103 
995014,69 101 
995547,63 100 
995547,63 6
995547,63 1947
995547,63 11
997521,11 25 
997548,18 75 
998455,97 72 
998534,04 70 
999523,58 80 
1000066,22 83 
1000144,78 64 79
1000294,98 74 136
1000294,98 61 136
1001106,62 150 
1001134,23 68 
1001644,25 92 
1001644,25 65 
1001665,18 103 
1001665,18 101 
1002198,43 100 
1002198,43 6
1002198,43 1947
1002198,43 11
1004171,5 25 
1004878,2 75 
1005784,89 72 
1005864,21 70 
1006857,13 80 
1007303,17 83 
1007388,33 64 86
1007416,23 256 
1007661,66 74 252
1007661,66 61 252
1008469,29 150 
1008491,31 68 
1009699,79 92 
1009699,79 65 
1009715,14 103 
1009715,14 101 
1010251,52 100 
1010251,52 6
1010251,52 1947
1010251,52 10
1012221,75 25 
1012249,54 75 
1013157,54 72 
1013234,44 70 
1014227,12 80 
1014660,1 83 
1014882,2 64 223
1015062,5 74 163
1015062,5 63 163
1015474,46 150 
1015501,53 68 
1016711,99 92 
1016711,99 65 
1016738,84 103 
1016738,84 101 
1017275,27 100 
1017275,27 6
1017275,27 1947
1017275,27 10
1019245,22 25 
1019298,83 75 
1020208,17 72 
1020284,82 70 
1021275,89 80 
1021763,77 83 
1022211,77 64 448
1022455,03 74 225
1022455,03 63 225
1023263,05 150 
1023284,93 68 
1024093,98 92 
1024093,98 65 
1024109,1 103 
1024109,1 101 
1024641,13 100 
1024641,13 6
1024641,13 1947
1024641,13 10
1026615,4 25 
1027322,2 75 
1028230,38 72 
1028308,11 70 
1029296,97 80 
1029840,41 83 
1030017,45 64 178
1030245,27 74 206
1030245,27 63 206
1030657,21 152 
1030681,82 69 
1031490,24 93 
1031505,95 103 
1031505,95 101 
1035048,35 100 
1035048,35 6
1035048,35 1947
1035048,35 10
1037024,3 25 
1037052,11 75 
1037960,29 72 
1038037,48 70 
1039032,93 80 
1039569,58 83 
1041647,01 64 2077
1042011,48 74 350
1042011,48 63 350
1042421,66 150 
1042450,24 68 
1043261,48 92 
1043261,48 65 
1043287,65 103 
1043287,65 101 
1043819,43 100 
1043819,43 6
1043819,43 1947
1043819,43 10
1045793,98 25 
1046314,08 75 
1047222,75 72 
1047300,14 70 
1048289,27 80 
1048725,71 83 
1048924,43 64 199
1049122,39 74 184
1049122,39 63 184
1049930,53 150 
1049953,7 68 
1051161,74 92 
1051161,74 65 
1051177,67 103 
1051177,67 101 
1051715,33 100 
1051715,33 6
1051715,33 1947
1051715,33 11
1053683,95 25 
1055523,57 75 
1056433,1 72 
1056509,63 70 
1057494,32 80 
1057975,26 83 
1058110,3 64 136
1058296,86 74 162
1058296,86 61 162
1058705,13 150 
1058723,53 68 
1059233,69 92 
1059233,69 65 
1059254,26 103 
1059254,26 101 
1059791,19 100 
1059791,19 6
1059791,19 1947
1059791,19 11
1061773,89 25 
1061987,47 75 
1062895,66 72 
1062973,52 70 
1063963,43 80 
1064412,44 83 
1064661,12 64 249
1064816,96 74 138
1064816,96 61 138
1065628,97 150 
1065653,71 68 
1066163,01 92 
1066163,01 65 
1066184,68 103 
1066184,68 101 
1066715,87 100 
1066715,87 6
1066715,87 1947
1066715,87 11
1068691,03 25 
1073049,49 75 
1073957,56 72 
1074035,49 70 
1075031,21 80 
1075501,15 83 
1075694,36 64 194
1075863,41 74 150
1075863,41 61 150
1076675,05 150 
1076702,48 68 
1077910,98 92 
1077910,98 65 
1077926,44 103 
1077926,44 101 
1078459,21 100 
1078459,21 6
1078459,21 1947
1078459,21 11
1080432,82 25 
1081099,55 75 
1082005,68 72 
1082085,49 70 
1083070,64 80 
1083604,4 83 
1083629,69 64 26
1083807,77 74 164
1083807,77 61 164
1084220,06 150 
1084245,97 68 
1085054,26 92 
1085054,26 65 
1085070,12 103 
1085070,12 101 
1085617,35 100 
1085617,35 6
1085617,35 1947
1085617,35 10
1087589,73 25 
1087989,87 75 
1088898,55 72 
1088975,87 70 
1089964,69 80 
1090441,69 83 
1090604,71 64 163
1090847,87 74 220
1090847,87 63 220
1091259,42 150 
1091283,03 68 
1092091,99 92 
1092091,99 65 
1092107,13 103 
1092107,13 101 
1092640,38 100 
1092640,38 6
1092640,38 1947
1092640,38 10
1094613,46 25 
1095080,22 75 
1095987,16 72 
1096332,84 70 
1097656,26 80 
1098384,81 83 
1098392,83 64 8
1098599,32 74 189
1098599,32 63 189
1099408,43 150 
1099439,54 68 
1100652,59 92 
1100652,59 65 
1100676,83 103 
1100676,83 101 
1101210,61 100 
1101210,61 6
1101210,61 1947
1101210,61 11
1103183,1 25 
1104476,31 75 
1105383,41 72 
1105462,23 70 
1106454,81 80 
1106887,94 83 
1107003,03 64 115
1107212,89 74 192
1107212,89 61 192
1107621,92 150 
1107649,37 68 
1108161,26 92 
1108161,26 65 
1108180,33 103 
1108180,33 101 
1108720,67 100 
1108720,67 6
1108720,67 1947
1108720,67 11
1110700 25 
1111286,74 75 
1112194,78 72 
1112272,91 70 
1113270,31 80 
1113751,72 83 
1114056,29 64 305
1114237,09 74 166
1114237,09 61 166
1115045,67 152 
1115073,14 69 
1115517,94 249 
1115679,77 181 
1116999,79 93 
1117016,64 103 
1117016,64 101 
1120550,61 100 
1120550,61 6
1120550,61 1947
1120550,61 10
1122521,7 25 
1122549,19 75 
1123456,68 72 
1123534,67 70 
1124528,44 80 
1124973,7 83 
1125088,3 64 115
1125342,73 74 236
1125342,73 63 236
1125750,81 150 
1125775,26 68 
1126987,19 92 
1126987,19 65 
1127012,42 103 
1127012,42 101 
1127544,25 100 
1127544,25 6
1127544,25 1947
1127544,25 11
1129518,78 25 
1129812,34 75 
1130719,23 72 
1130798,24 70 
1131791,16 80 
1132330,57 83 
1132418,73 64 89
1132583,05 74 146
1132583,05 61 146
1133396,24 150 
1133425,23 68 
1133935,55 92 
1133935,55 65 
1133956,29 103 
1133956,29 101 
1134499,04 100 
1134499,04 6
1134499,04 1947
1134499,04 11
1136475,98 25 
1137622,3 75 
1138530,74 72 
1138608,33 70 
1139600,15 80 
1140087,32 83 
1140240,21 64 154
1140426,02 74 166
1140426,02 61 166
1140836,69 150 
1140862,07 68 
1141370,41 92 
1141370,41 65 
1141393,03 103 
1141393,03 101 
1141925,09 100 
1141925,09 6
1141925,09 1947
1141925,09 10
1143899,34 25 
1144432,99 75 
1145339,86 72 
1145418,78 70 
1146406,65 80 
1146844,51 83 
1147197,57 64 354
1147440,29 74 223
1147440,29 63 223
1148247,58 150 
1148272,3 68 
1148649,3 249
1148705,13 173 
1149482,59 92 
1149482,59 65 
1149509,65 103 
1149509,65 101 
1150045,94 100 
1150045,94 6
1150045,94 1947
1150045,94 11
1152015,89 25 
1155201,84 75 
1156109,3 72 
1156187,58 70 
1157176,58 80 
1157733,16 83 
1157891,21 64 159
1158058,26 74 153
1158058,26 61 153
1158869,03 150 
1158894,5 68 
1159706,52 92 
1159706,52 65 
1159731,98 103 
1159731,98 101 
1160268,93 100 
1160268,93 6
1160268,93 1947
1160268,93 10
1162239,54 25 
1162798,46 75 
1163706,38 72 
1163784,4 70 
1164774,46 80 
1165316,62 83 
1165422,25 64 106
1165643 74 206
1165643 63 206
1166053,84 150 
1166078,13 68 
1166587,68 92 
1166587,68 65 
1166609,12 103 
1166609,12 101 
1167144,4 100 
1167144,4 6
1167144,4 1947
1167144,4 11
1169115,47 25 
1173487,29 75 
1174393,96 72 
1174473,27 70 
1175463,09 80 
1175898,98 83 
1176007,95 64 109
1176193,19 74 162
1176193,19 61 162
1176601,14 150 
1176620,43 68 
1177828,69 92 
1177828,69 65 
1177844,4 103 
1177844,4 101 
1178375,87 100 
1178375,87 6
1178375,87 1947
1178375,87 11
1180350,66 25 
1181563,89 75 
1182473,07 72 
1182549,93 70 
1183539,94 80 
1184015,44 83 
1184071,22 64 56
1184106,66 256 
1184285,95 74 191
1184285,95 61 191
1185096,33 150 
1185123,44 68 
1185935,74 92 
1185935,74 65 
1185960,96 103 
1185960,96 101 
1186506,63 100 
1186506,63 6
1186506,63 1947
1186506,63 10
1188480,53 25 
1189333,98 75 
1190242,93 72 
1190320,01 70 
1191299,58 80 
1191732,23 83 
1191960,53 64 229
1192209,34 74 225
1192209,34 63 225
1193020,84 150 
1193040,22 68 
1193850,27 92 
1193850,27 65 
1193864,33 103 
1193864,33 101 
1194397,81 100 
1194397,81 6
1194397,81 1947
1194397,81 11
1196370,6 25 
1196397,76 75 
1197307,63 72 
1197663,58 70 
1198827,53 80 
1199462,49 83 
1199550,82 64 89
1199743,68 74 175
1199743,68 61 175
1200155,69 150 
1200183,77 68 
1201395,36 92 
1201395,36 65 
1201421,12 103 
1201421,12 101 
1201953,39 100 
1201953,39 6
1201953,39 1947
1201953,39 10
1203927,34 25 
1204287,7 75 
1205195,97 72 
1205500,26 70 
1206660,23 80 
1207339,07 83 
1207388,51 64 50
1207642,4 74 237
1207642,4 63 237
1208050,68 152 
1208073,89 69 
1208884,77 93 
1208897,95 103 
1208897,95 101 
1212437,12 100 
1212437,12 6
1212437,12 1947
1212437,12 10
1214416,33 25 
1214443,89 75 
1215351,13 72 
1215656,05 70 
1216822,75 80 
1217468,04 83 
1217707,24 64 240
1217913,11 74 192
1217913,11 63 192
1218721,64 150 
1218749,29 68 
1219957,72 92 
1219957,72 65 
1219973,4 103 
1219973,4 101 
1220509,44 100 
1220509,44 6
1220509,44 1947
1220509,44 11
1222479,6 25 
1223706,05 75 
1224615,96 72 
1224692,23 70 
1225679,92 80 
1226224,39 83 
1226320,27 64 97
1226495,91 74 152
1226495,91 61 152
1227306,3 150 
1227332,39 68 
1227840,22 92 
1227840,22 65 
1227863,27 103 
1227863,27 101 
1228394,78 100 
1228394,78 6
1228394,78 1947
1228394,78 10
1230369,58 25 
1234021,79 75 
1234931,44 72 
1235007,81 70 
1235998,28 80 
1236433,41 83 
1236668,08 64 235
1236860,53 74 174
1236860,53 63 174
1237272,99 150 
1237301,44 68 
1238109,78 92 
1238109,78 65 
1238125,65 103 
1238125,65 101 
1238668,26 100 
1238668,26 6
1238668,26 1947
1238668,26 10
1240645,29 25 
1243977,81 75 
1244886,96 72 
1244963,53 70 
1245957,54 80 
1246495,81 83 
1246538,02 64 42
1246755,26 74 194
1246755,26 63 194
1247562,81 150 
1247590,62 68 
1248799,89 92 
1248799,89 65 
1248814,51 103 
1248814,51 101 
1249347,4 100 
1249347,4 6
1249347,4 1947
1249347,4 11
1251320,8 25 
1253733,43 75 
1254642,13 72 
1254719,43 70 
1255710,6 80 
1256158,48 83 
1256398,64 64 241
1256436,3 256 
1256636,86 74 212
1256636,86 61 212
1257047,9 150 
1257080,04 68 
1257891,83 92 
1257891,83 65 
1257917,31 103 
1257917,31 101 
1258454,04 100 
1258454,04 6
1258454,04 1947
1258454,04 10
1260423,62 25 
1262223,17 75 
1263131,9 72 
1263209,34 70 
1264194,54 80 
1264674,83 83 
1264886,31 64 212
1265094,11 74 193
1265094,11 63 193
1265501,31 150 
1265529,61 68 
1266039,11 92 
1266039,11 65 
1266060,62 103 
1266060,62 101 
1266601,12 100 
1266601,12 6
1266601,12 1947
1266601,12 11
1268580,15 25 
1269500,17 75 
1270407,97 72 
1270486,32 70 
1271476,84 80 
1272018,54 83 
1272081,97 64 64
1272255,27 74 158
1272255,27 61 158
1273063,13 150 
1273086,38 68 
1273896,12 92 
1273896,12 65 
1273910,56 103 
1273910,56 101 
1274443,4 100 
1274443,4 6
1274443,4 1947
1274443,4 10
1276416,86 25 
1278243,1 75 
1279154,1 72 
1279242,44 70 
1280237,07 80 
1280721,43 83 
1280868,11 64 147
1281073,25 256 
1281091,98 74 211
1281091,98 63 211
1281502 150 
1281522,97 68 
1282732,63 92 
1282732,63 65 
1282746,9 103 
1282746,9 101 
1283279,84 100 
1283279,84 6
1283279,84 1947
1283279,84 10
1285253,16 25 
1288039,12 75 
1288945,18 72 
1289024,98 70 
1290008,04 80 
1290450,64 83 
1291847,5 64 1397
1292043,28 74 167
1292043,28 63 167
1292855,09 150 
1292878,09 68 
1293390,6 92 
1293390,6 65 
1293409,04 103 
1293409,04 101 
1293955,33 100 
1293955,33 6
1293955,33 1947
1293955,33 11
1295928,68 25 
1297328,48 75 
1298237,22 72 
1298314,46 70 
1299311,33 80 
1299793,37 83 
1300512,68 64 720
1300711 74 185
1300711 61 185
1301521,8 150 
1301541,24 68 
1302052,43 92 
1302052,43 65 
1302072,04 103 
1302072,04 101 
1302604,29 100 
1302604,29 6
1302604,29 1947
1302604,29 11
1304578,31 25 
1312695,3 75 
1313603,29 72 
1313681,39 70 
1314666,95 80 
1315200,28 83 
1315246,58 64 47
1315396,38 74 130
1315396,38 61 130
1315805,61 152 
1315828,42 69 
1315992,68 249 
1316298,86 181 
1319286,06 93 
1319304,8 103 
1319304,8 101 
1322838,13 100 
1322838,13 6
1322838,13 1947
1322838,13 11
1324809,85 25 
1324837,51 75 
1325745,26 72 
1326089,39 70 
1327394,8 80 
1327928,16 83 
1328228,45 64 301
1328399,68 74 152
1328399,68 61 152
1328813,12 150 
1328836,25 68 
1330044,7 92 
1330044,7 65 
1330060,28 103 
1330060,28 101 
1330601,06 100 
1330601,06 6
1330601,06 1947
1330601,06 10
1332579,9 25 
1333153,34 75 
1334062,31 72 
1334139,46 70 
1335137,75 80 
1335618,37 83 
1335860,33 64 243
1336108,71 74 224
1336108,71 63 224
1336918,51 150 
1336939,55 68 
1337748,46 92 
1337748,46 65 
1337764,01 103 
1337764,01 101 
1338302,61 100 
1338302,61 6
1338302,61 1947
1338302,61 11
1340269,96 25 
1342589,35 75 
1343497,86 72 
1343575,38 70 
1344565,64 80 
1345014,37 83 
1345161,93 64 148
1345366,12 74 179
1345366,12 61 179
1345779,06 150 
1345802,54 68 
1346312,76 92 
1346312,76 65 
1346333,44 103 
1346333,44 101 
1346866,48 100 
1346866,48 6
1346866,48 1947
1346866,48 10
1348839,68 25 
1351385,74 75 
1352293,13 72 
1352385,01 70 
1353377,16 80 
1353930,6 83 
1353995,73 64 65
1354221,71 74 211
1354221,71 63 211
1355029,56 150 
1355052,23 68 
1356262,5 92 
1356262,5 65 
1356276,96 103 
1356276,96 101 
1356823,34 100 
1356823,34 6
1356823,34 1947
1356823,34 11
1358795,49 25 
1359422,33 75 
1360331,57 72 
1360408,37 70 
1361399,46 80 
1361927,23 83 
1362067,41 64 141
1362261,79 74 175
1362261,79 61 175
1362671,16 150 
1362701,99 68 
1362744,4 249
1362963,79 171
1363214,35 92 
1363214,35 65 
1363232,95 103 
1363232,95 101 
1363766,47 100 
1363766,47 6
1363766,47 1947
1363766,47 10
1365739,25 25 
1365766,69 75 
1366675,22 72 
1366752,45 70 
1367754,51 80 
1368244,53 83 
1368497,93 64 254
1368763,85 74 253
1368763,85 63 253
1369576,41 152 
1369605,12 69 
1370113,38 93 
1370123,59 103 
1370123,59 101 
1373659,65 100 
1373659,65 6
1373659,65 1947
1373659,65 10
1375628,51 25 
1375656,13 75 
1376564,03 72 
1376641,5 70 
1377634,97 80 
1378067,08 83 
1393016,6 64 14950
1393255,9 256 
1393486,55 74 453
1393486,55 63 453
1393896,91 150 
1393915,62 68 
1394725,57 92 
1394725,57 65 
1394753,02 103 
1394753,02 101 
1395293,47 100 
1395293,47 6
1395293,47 1947
1395293,47 11
1397272,73 25 
1397299,87 75 
1398207,91 72 
1398285,65 70 
1399281,16 80 
1399711,26 83 
1399718,31 64 8
1399870,41 74 133
1399870,41 61 133
1400682,71 150 
1400712,65 68 
1401523,05 92 
1401523,05 65 
1401536,86 103 
1401536,86 101 
1402070,96 100 
1402070,96 6
1402070,96 1947
1402070,96 11
1404043,13 25 
1404616,66 75 
1405527,46 72 
1405616,1 70 
1406604,89 80 
1407148,2 83 
1407215,5 64 68
1407411,75 74 184
1407411,75 61 184
1408220,93 150 
1408242,85 68 
1409454,55 92 
1409454,55 65 
1409480,22 103 
1409480,22 101 
1410012,91 100 
1410012,91 6
1410012,91 1947
1410012,91 10
1411986,46 25 
1413319,56 75 
1414226,96 72 
1414305,68 70 
1415296,05 80 
1415797,89 83 
1415870,45 64 73
1416066,94 74 176
1416066,94 63 176
1416475,44 150 
1416506,16 68 
1417019,48 92 
1417019,48 65 
1417037 103 
1417037 101 
1417581,58 100 
1417581,58 6
1417581,58 1947
1417581,58 11
1419556,59 25 
1419585,01 75 
1420493,3 72 
1420583,01 70 
1421575,83 80 
1422115,2 83 
1422175,02 64 60
1422320,65 74 126
1422320,65 61 126
1422729,68 150 
1422756,99 68 
1423108,73 256 
1424340,31 92 
1424340,31 65 
1424354,02 103 
1424354,02 101 
1424886,11 100 
1424886,11 6
1424886,11 1947
1424886,11 10
1426860,23 25 
1430459,13 75 
1431366,95 72 
1431711,58 70 
1433026,04 80 
1433686,39 250 
1433696,6 101 
1435696,67 100 
1435696,67 6
1435696,67 1947
1435696,67 10
1435696,67 25 
1435963,4 75 
1436870,36 72 
1436949,4 70 
1437935,14 80 
1438415,04 83 
1438659,01 64 244
1438848,75 74 167
1438848,75 63 167
1439658,39 150 
1439683,02 68 
1440494,46 92 
1440494,46 65 
1440520,44 103 
1440520,44 101 
1441052,78 100 
1441052,78 6
1441052,78 1947
1441052,78 11
1443026,71 25 
1446852,16 75 
1447760,51 72 
1447838,13 70 
1448822,08 80 
1449250,41 83 
1449489,77 64 240
1449660,27 74 157
1449660,27 61 157
1450470,4 150 
1450491,78 68 
1451003,52 92 
1451003,52 65 
1451022,67 103 
1451022,67 101 
1451562,52 100 
1451562,52 6
1451562,52 1947
1451562,52 10
1453542,32 25 
1453570,11 75 
1454476,04 72 
1454555,43 70 
1455545,64 80 
1456087,61 83 
1456148 64 61
1456392,42 74 226
1456392,42 63 226
1456803,39 150 
1456822,43 68 
1457333,38 92 
1457333,38 65 
1457353,34 103 
1457353,34 101 
1457892,54 100 
1457892,54 6
1457892,54 1947
1457892,54 10
1459859,6 25 
1460633,05 75 
1461539,91 72 
1461619,02 70 
1462607,06 80 
1463097,94 83 
1463457,57 64 360
1463683,76 74 213
1463683,76 63 213
1464093,9 150 
1464112,7 68 
1465324,49 92 
1465324,49 65 
1465349,99 103 
1465349,99 101 
1465882,25 100 
1465882,25 6
1465882,25 1947
1465882,25 10
1467856,32 25 
1468376,39 75 
1469283,26 72 
1469362,45 70 
1470358,51 80 
1470788,07 83 
1470939,69 64 152
1471139,2 74 179
1471139,2 63 179
1471946,13 150 
1471976,06 68 
1472786,33 92 
1472786,33 65 
1472813,48 103 
1472813,48 101 
1473356,66 100 
1473356,66 6
1473356,66 1947
1473356,66 10
1475333,14 25 
1479678,44 75 
1480585,97 72 
1480664,41 70 
1481649,69 80 
1482089,97 83 
1482282,23 64 193
1482489,67 74 187
1482489,67 63 187
1482900,69 152 
1482931,7 69 
1483744,08 93 
1483755,58 103 
1483755,58 101 
1487286,52 100 
1487286,52 6
1487286,52 1947
1487286,52 11
1489260,59 25 
1491326,74 75 
1492236,28 72 
1492312,8 70 
1493301,28 80 
1493791,86 83 
1493886,7 64 95
1494107,29 74 196
1494107,29 61 196
1494917,16 150 
1494939,66 68 
1495446,25 92 
1495446,25 65 
1495470,71 103 
1495470,71 101 
1496004,15 100 
1496004,15 6
1496004,15 1947
1496004,15 11
1497976,91 25 
1499976,76 75 
1500884,13 72 
1500962,43 70 
1501949,08 80 
1502481,45 83 
1502674,09 64 193
1502865,11 74 170
1502865,11 61 170
1503675,05 150 
1503696,11 68 
1504507,09 92 
1504507,09 65 
1504533,48 103 
1504533,48 101 
1505074,46 100 
1505074,46 6
1505074,46 1947
1505074,46 11
1507053,11 25 
1510332,1 75 
1511240,25 72 
1511318,05 70 
1512307,21 80 
1512743,81 83 
1513030,73 64 287
1513235,84 74 186
1513235,84 63 186
1513645,18 151 
1513665,13 69 
1514477,16 93 
1514489,28 103 
1514489,28 101 
1518022,28 100 
1518022,28 6
1518022,28 1947
1518022,28 11
1519994,35 25 
1520194,9 75 
1521102,44 72 
1521180,58 70 
1522171,17 80 
1522699,58 83 
1522766,06 64 67
1522986,34 74 207
1522986,34 61 207
1523798,47 150 
1523820,82 68 
1524629,65 92 
1524629,65 65 
1524646,32 103 
1524646,32 101 
1525177,12 100 
1525177,12 6
1525177,12 1947
1525177,12 10
1527151,29 25 
1528137,92 75 
1529049,02 72 
1529123,97 70 
1530116,58 80 
1530602,89 83 
1530747,54 64 145
1530974,81 74 212
1530974,81 63 212
1531385,03 150 
1531404,52 68 
1531687,7 256 
1532910,81 92 
1532910,81 65 
1532934,84 103 
1532934,84 101 
1533482,78 100 
1533482,78 6
1533482,78 1947
1533482,78 10
1535454,46 25 
1542838,49 75 
1543746,15 72 
1544104,28 70 
1545274,37 80 
1545916,5 83 
1545989,81 64 74
1546181,79 256 
1548669,28 74 2660
1548669,28 63 2660
1549480,32 150 
1549503,47 68 
1550713,31 92 
1550713,31 65 
1550727,37 103 
1550727,37 101 
1551259,88 100 
1551259,88 6
1551259,88 1947
1551259,88 11
1553233,65 25 
1553980,36 75 
1554888,88 72 
1554966,4 70 
1555964,73 80 
1556498,65 83 
1556638,59 64 140
1556836,15 74 179
1556836,15 61 179
1557244,21 150 
1557273,5 68 
1558083,79 92 
1558083,79 65 
1558097,6 103 
1558097,6 101 
1558631,74 100 
1558631,74 1
1558631,74 1947
1558631,74 10
1558631,74 78 
1558631,74 198 
1560603,92 25 
1561417,27 75 
1562327,05 72 
1562405,11 70 
1563391,58 80 
1563815,54 83 
1563989,45 64 175
1564204,41 256 
1564236,66 74 235
1564236,66 63 235
1564648,77 151 
1564670,3 69 
1565121,98 249 
1565179,01 256 
1565261,81 183 
1566241,42 93 
1566254,16 103 
1566254,16 101 
1569794,88 100 
1569794,88 1
1569794,88 1947
1569794,88 11
1571772,67 25 
1573812,03 75 
1574718,47 72 
1574798,08 70 
1575785,27 80 
1576330,25 83 
1576514,21 64 185
1576710,99 74 181
1576710,99 61 181
1577519,15 151 
1577544,94 69 
1578023,06 249 
1578544,21 181 
1579287,37 256 
1587451,72 93 
1587472,15 103 
1587472,15 101 
1591006,41 100 
1591006,41 1
1591006,41 1947
1591006,41 10
1592977,08 25 
1594016,89 75 
1594923,48 72 
1595003,03 70 
1595996,04 80 
1596428,66 83 
1597223,87 64 796
1598021,41 256 
1598030,32 74 790
1598030,32 63 790
1598441,25 151 
1598469,66 69 
1598982,03 93 
1599000,57 103 
1599000,57 101 
1602532,76 100 
1602532,76 1
1602532,76 1947
1602532,76 11
1604505,55 25 
1604533,02 75 
1605440,5 72 
1605518,42 70 
1606509,16 80 
1606997,41 83 
1607377,89 64 381
1607402,42 256 
1609077,67 74 1681
1609077,67 61 1681
1610504,29 151 
1610530,64 69 
1610780,61 249 
1611270,62 181 
1617916,5 256 
1620528,55 93 
1620551,31 103 
1620551,31 101 
1624095,39 100 
1624095,39 1
1624095,39 1947
1624095,39 10
1626070,82 25 
1629481,89 75 
1630389,66 72 
1630467,99 70 
1631456,27 80 
1632000,17 83 
1632799,7 64 800
1633432,86 74 620
1633432,86 62 620
1633844,1 151 
1633867,85 69 
1634677,74 93 
1634692,07 103 
1634692,07 101 
1638225,14 100 
1638225,14 1
1638225,14 1947
1638225,14 11
1640197,07 25 
1640225,17 75 
1641133,05 72 
1641210,08 70 
1642198,25 80 
1642675,7 83 
1662197,8 64 19522
1662483,14 74 270
1662483,14 61 270
1663290,48 151 
1663309,06 69 
1663819,75 93 
1663839,77 103 
1663839,77 101 
1667376,54 100 
1667376,54 1
1667376,54 1947
1667376,54 10
1669344,94 25 
1670024,94 75 
1670933,54 72 
1671224,12 70 
1672423,73 80 
1673009,6 83 
1674530,06 64 1520
1674790,47 74 235
1674790,47 62 235
1675200,73 151 
1675223,44 69 
1676234,2 93 
1676247,87 103 
1676247,87 101 
1679789,43 100 
1679789,43 1
1679789,43 1947
1679789,43 11
1681766,27 25 
1681793,4 75 
1682701,15 72 
1682992,66 70 
1684160,9 80 
1684844,61 83 
1687012,59 64 2168
1687361,91 74 332
1687361,91 62 332
1688169,77 152 
1688191,72 69 
1688702,15 93 
1688722,61 103 
1688722,61 101 
1692256,47 100 
1692256,47 1
1692256,47 1947
1692256,47 10
1694227,73 25 
1694256,99 75 
1695165,26 72 
1695240,68 70 
1696231,06 80 
1696719,61 83 
1696964,23 64 245
1697272,19 74 287
1697272,19 63 287
1697683,74 151 
1697707,31 69 
1698516,25 93 
1698531,79 103 
1698531,79 101 
1702065,26 100 
1702065,26 1
1702065,26 1947
1702065,26 11
1704036,9 25 
1704064,91 75 
1704973,68 72 
1705049,97 70 
1706043,21 80 
1706475,54 83 
1707242,49 64 768
1707608,45 74 347
1707608,45 62 347
1708418,43 150 
1708436,65 68 
1708741,98 249
1710082,24 92 
1710082,24 65 
1710100,25 103 
1710100,25 101 
1710646,19 100 
1710646,19 1
1710646,19 1947
1710646,19 11
1712620,09 25 
1713020,14 75 
1713929,68 72 
1714006,06 70 
1714994,2 80 
1715538,32 83 
1715887,53 64 350
1716120,02 74 209
1716120,02 62 209
1716534,39 150 
1716552,58 68 
1716986,41 249
1717063,35 92 
1717063,35 65 
1717084 103 
1717084 101 
1717617,06 100 
1717617,06 1
1717617,06 1947
1717617,06 10
1719590,36 25 
1719910,61 75 
1720817,42 72 
1720896,55 70 
1721885,33 80 
1722375,48 83 
1724117,83 64 1743
1724383,55 74 249
1724383,55 61 249
1725194,79 150 
1725215,42 68 
1726425,15 92 
1726425,15 65 
1726440,08 103 
1726440,08 101 
1726973,09 100 
1726973,09 1
1726973,09 1947
1726973,09 10
1728946,34 25 
1729359,89 75 
1730271,96 72 
1730346,04 70 
1731336,24 80 
1731784,99 83 
1734040,18 64 2256
1734401,51 74 338
1734401,51 62 338
1735210,24 151 
1735238,65 69 
1735579,46 249 
1735904,5 256 
1737186,4 93 
1737208,89 103 
1737208,89 101 
1740746,43 100 
1740746,43 1
1740746,43 1947
1740746,43 10
1742727,19 25 
1742755,01 75 
1743661,2 72 
1743740,32 70 
1744739,74 80 
1745272,55 83 
1745592,02 64 320
1745888,4 74 282
1745888,4 61 282
1746298,94 150 
1746327,17 68 
1746834,24 92 
1746834,24 65 
1746858,18 103 
1746858,18 101 
1747396,02 100 
1747396,02 1
1747396,02 1947
1747396,02 11
1749364,45 25 
1749684,69 75 
1750594,29 72 
1750670,67 70 
1751659,39 80 
1752096,41 83 
1752355,17 64 260
1752521,66 74 146
1752521,66 62 146
1752930,71 150 
1752951,37 68 
1753322,47 249
1753762,27 92 
1753762,27 65 
1753788,55 103 
1753788,55 101 
1754320,91 100 
1754320,91 1
1754320,91 1947
1754320,91 10
1756294,82 25 
1756322,83 75 
1757229,16 72 
1757307,87 70 
1758315,14 80 
1758786,87 83 
1758862,03 64 75
1759030,11 74 151
1759030,11 61 151
1759837,79 150 
1759867,48 68 
1761077,5 92 
1761077,5 65 
1761092,29 103 
1761092,29 101 
1761637,62 100 
1761637,62 1
1761637,62 1947
1761637,62 11
1763611,75 25 
1766077,87 75 
1766987,14 72 
1767063,78 70 
1768057,78 80 
1768595,97 83 
1768734,05 64 137
1768927 74 171
1768927 62 171
1769735,67 150 
1769757,31 68 
1770147,54 249
1770251,4 172 
1770266,8 92 
1770266,8 65 
1770288,3 103 
1770288,3 101 
1770819,84 100 
1770819,84 1
1770819,84 1947
1770819,84 11
1772794,55 25 
1773048,13 75 
1773956,33 72 
1774034,21 70 
1775028,31 80 
1775459,79 83 
1775592,29 64 133
1775764,98 74 159
1775764,98 62 159
1776176,42 150 
1776194,82 68 
1776547,05 249
1776733,11 172 
1777406,77 92 
1777406,77 65 
1777431,91 103 
1777431,91 101 
1777969,4 100 
1777969,4 1
1777969,4 1947
1777969,4 11
1779938,46 25 
1780644,94 75 
1781553,35 72 
1781630,97 70 
1782615,84 80 
1783083,35 83 
1783137,08 64 54
1783325,75 74 176
1783325,75 62 176
1784135,69 150 
1784163,85 68 
1784517,69 249
1784971,29 92 
1784971,29 65 
1784988,75 103 
1784988,75 101 
1785527,3 100 
1785527,3 1
1785527,3 1947
1785527,3 10
1787508,57 25 
1791321,88 75 
1792228,5 72 
1792586,37 70 
1793902,42 80 
1794491,77 83 
1794719,9 64 228
1794954,06 74 209
1794954,06 61 209
1795366,64 152 
1795385,86 69 
1795821,24 249 
1796923,87 256 
1796928,92 181 
1798138,06 93 
1798156,53 103 
1798156,53 101 
1801690,37 100 
1801690,37 1
1801690,37 1947
1801690,37 10
1803661,59 25 
1803689,4 75 
1804597,95 72 
1804687,93 70 
1805670,22 80 
1806100,26 83 
1806397,26 64 298
1806640,85 74 221
1806640,85 61 221
1807452,15 150 
1807474,08 68 
1808286,85 92 
1808286,85 65 
1808312,26 103 
1808312,26 101 
1808843,19 100 
1808843,19 1
1808843,19 1947
1808843,19 10
1810818,6 25 
1811258,73 75 
1812165,28 72 
1812244,81 70 
1813232,45 80 
1813752,02 250 
1813763,2 101 
1815777,4 100 
1815777,4 1
1815777,4 1947
1815777,4 10
1815777,4 25 
1816030,06 75 
1816936,39 72 
1817016,04 70 
1818014,14 80 
1818548,29 83 
1818828,29 64 281
1818995,25 74 155
1818995,25 61 155
1819403,9 150 
1819429,74 68 
1820640,01 92 
1820640,01 65 
1820653,87 103 
1820653,87 101 
1821200,89 100 
1821200,89 1
1821200,89 1947
1821200,89 10
1823173,44 25 
1823746,84 75 
1824655,51 72 
1824732,78 70 
1825724,79 80 
1826158,51 83 
1826296,06 64 138
1826462,93 74 145
1826462,93 61 145
1827274,36 150 
1827293,45 68 
1827803,96 92 
1827803,96 65 
1827824,05 103 
1827824,05 101 
1828355,58 100 
1828355,58 1
1828355,58 1947
1828355,58 10
1830330,37 25 
1831077,1 75 
1831984,7 72 
1832063,09 70 
1833056,06 80 
1833542,03 83 
1833759,52 64 218
1833969,56 74 188
1833969,56 61 188
1834382,49 150 
1834410,13 68 
1835219,81 92 
1835219,81 65 
1835234,27 103 
1835234,27 101 
1835765,35 100 
1835765,35 1
1835765,35 1947
1835765,35 11
1837740,68 25 
1840539,82 75 
1841446,98 72 
1841525,7 70 
1842516,59 80 
1843044,7 83 
1843165,68 64 121
1843321,74 74 131
1843321,74 62 131
1844130,15 150 
1844152,66 68 
1844513,62 249
1845359,6 92 
1845359,6 65 
1845376,68 103 
1845376,68 101 
1845918,82 100 
1845918,82 1
1845918,82 1947
1845918,82 11
1847896,25 25 
1849056,28 75 
1849964,41 72 
1850042,22 70 
1851026,38 80 
1851454,48 83 
1851628,71 64 175
1851788,24 74 135
1851788,24 62 135
1852199,16 150 
1852228,56 68 
1852511,84 249
1853440,13 92 
1853440,13 65 
1853453,5 103 
1853453,5 101 
1853989,69 100 
1853989,69 1
1853989,69 1947
1853989,69 11
1855959,54 25 
1858172,35 75 
1859080,3 72 
1859158,33 70 
1860145,51 80 
1860623,97 83 
1860803,23 64 180
1861003,42 74 180
1861003,42 62 180
1861412,73 150 
1861438,01 68 
1861770,84 249
1862246,9 92 
1862246,9 65 
1862262,86 103 
1862262,86 101 
1862796,55 100 
1862796,55 1
1862796,55 1947
1862796,55 11
1864769,15 25 
1869568,41 75 
1870476,82 72 
1870566,84 70 
1871562,77 80 
1872099,11 83 
1872128,04 64 29
1872303,18 74 152
1872303,18 62 152
1873113,58 150 
1873139,85 68 
1873460,4 249
1873651,09 92 
1873651,09 65 
1873671,41 103 
1873671,41 101 
1874214,05 100 
1874214,05 1
1874214,05 1947
1874214,05 11
1876191 25 
1878004,06 75 
1878912,6 72 
1878990,03 70 
1879978,45 80 
1880402,25 83 
1880566,36 64 165
1880746,48 74 158
1880746,48 62 158
1881156,54 152 
1881177,08 69 
1881912,69 249 
1882199,74 256 
1884725,43 93 
1884746,74 103 
1884746,74 101 
1888278,15 100 
1888278,15 1
1888278,15 1947
1888278,15 10
1890251,81 25 
1890279,02 75 
1891188 72 
1891264,82 70 
1892251,38 80 
1893090,28 83 
1894309,78 64 1220
1894533,19 74 204
1894533,19 61 204
1895343,45 150 
1895370,36 68 
1895403,32 249
1895610,44 171
1896579,34 92 
1896579,34 65 
1896595,1 103 
1896595,1 101 
1897132,29 100 
1897132,29 1
1897132,29 1947
1897132,29 10
1899101,45 25 
1900247,97 75 
1901155,29 72 
1901460,63 70 
1902618,6 80 
1903245,98 83 
1903313,25 64 68
1903474,64 74 149
1903474,64 61 149
1904285,09 150 
1904313,95 68 
1905125,59 92 
1905125,59 65 
1905138,22 103 
1905138,22 101 
1908162,58 102 
