50,3 100 
50,3 2
50,3 1925
50,3 10
2014,99 25 
2042,01 75 
3251,46 72 
3587,71 70 
4208,66 80 
4800,04 83 
6383,45 64 1584
6578,22 74 180
6578,22 61 180
6986,65 150 
7014,3 68 
8223,55 92 
8223,55 65 
8238,28 103 
8238,28 101 
8774,62 100 
8774,62 2
8774,62 1925
8774,62 11
10744,64 25 
10771,81 75 
11981,57 72 
12064,05 70 
12555,37 80 
12996,48 83 
13170,94 64 174
13349,6 74 167
13349,6 63 167
14158,33 150 
14184,51 68 
14694,17 92 
14694,17 65 
14715,4 103 
14715,4 101 
15251,18 100 
15251,18 2
15251,18 1925
15251,18 11
17221,66 25 
17808,53 75 
18227,9 250 
18247,09 101 
20247,32 100 
20247,32 2
20247,32 1925
20247,32 11
20247,32 25 
20459,9 75 
20549,91 250 
20565,75 101 
22579,38 100 
22579,38 2
22579,38 1925
22579,38 11
22579,38 25 
22605,76 75 
22612,89 250 
22631,53 101 
24645,12 100 
24645,12 2
24645,12 1925
24645,12 11
24645,12 25 
24671,59 75 
24699,03 250 
24710,6 101 
26724,24 100 
26724,24 2
26724,24 1925
26724,24 11
26724,24 25 
30215,67 75 
30246,79 250 
30254,93 101 
32268,57 100 
32268,57 2
32268,57 1925
32268,57 11
32268,57 25 
32294,8 75 
32303,5 250 
32320,68 101 
34320,99 100 
34320,99 2
34320,99 1925
34320,99 11
34320,99 25 
34547,2 75 
35754,82 72 
35840,4 70 
36334,75 80 
36892,87 83 
36908,77 64 16
37106,42 74 174
37106,42 63 174
37915,32 150 
37934,39 68 
38745,84 92 
38745,84 65 
38771,68 103 
38771,68 101 
39312,41 100 
39312,41 2
39312,41 1925
39312,41 10
41291,25 25 
41864,72 75 
43074,51 72 
43157,28 70 
43646,06 80 
44196,32 83 
44442,07 64 247
44610,68 74 148
44610,68 61 148
45017,98 150 
45037,99 68 
46248,41 92 
46248,41 65 
46275,1 103 
46275,1 101 
46814,16 100 
46814,16 2
46814,16 1925
46814,16 11
48781,4 25 
51567,26 75 
52774,73 72 
52859,71 70 
53361,19 80 
53845,5 83 
54007,55 64 162
54210,16 74 179
54210,16 63 179
54621,84 150 
54647,15 68 
55159,53 92 
55159,53 65 
55177,89 103 
55177,89 101 
55709,93 100 
55709,93 2
55709,93 1925
55709,93 10
57684,22 25 
57711,58 75 
58920 72 
59003,7 70 
59497,24 80 
59936,21 83 
60305,48 64 370
60487,24 74 165
60487,24 61 165
61296,45 150 
61324,21 68 
62136,68 92 
62136,68 65 
62161,54 103 
62161,54 101 
62704,66 100 
62704,66 2
62704,66 1925
62704,66 10
64681,14 25 
65174,82 75 
66384,24 72 
66467,13 70 
66970,04 80 
67412,97 83 
67760,41 64 348
67953,49 74 181
67953,49 61 181
68763,38 150 
68788,65 68 
69300,7 92 
69300,7 65 
69318,47 103 
69318,47 101 
69851,64 100 
69851,64 2
69851,64 1925
69851,64 11
71824,74 25 
71852,26 75 
73059,06 72 
73144,27 70 
73645,27 80 
74183,43 83 
74190,26 64 8
74376,52 74 167
74376,52 63 167
74787,8 152 
74811,85 69 
74921,42 256 
75592,49 249 
75938,38 183 
76208,6 93 
76222,14 103 
76222,14 101 
79758,58 100 
79758,58 2
79758,58 1925
79758,58 10
81727,29 25 
81754,51 75 
82962,56 72 
83046,76 70 
83553,43 80 
84045,89 83 
84246,15 64 201
84419,07 74 148
84419,07 61 148
84828,41 150 
84860,72 68 
85672,83 92 
85672,83 65 
85698,05 103 
85698,05 101 
86239,46 100 
86239,46 2
86239,46 1925
86239,46 11
88217,63 25 
88245,15 75 
89453,52 72 
89537,3 70 
90033,59 80 
90522,94 83 
90630,77 64 108
90817,08 74 162
90817,08 63 162
91630,25 150 
91657,69 68 
92167,21 92 
92167,21 65 
92188,57 103 
92188,57 101 
92725,2 100 
92725,2 2
92725,2 1925
92725,2 11
94694,86 25 
94722,07 75 
95929,03 72 
96014,37 70 
96506,63 80 
96960,24 83 
97361,87 64 402
97535,48 74 149
97535,48 63 149
98345,26 150 
98374,82 68 
99182,87 92 
99182,87 65 
99198,85 103 
99198,85 101 
99732,02 100 
99732,02 2
99732,02 1925
99732,02 10
101705,12 25 
102092,04 75 
103298,93 72 
103384,52 70 
103874,5 80 
104423,61 83 
104585,71 64 162
104746,89 74 137
104746,89 61 137
105155,64 150 
105185,23 68 
106394,1 92 
106394,1 65 
106409,08 103 
106409,08 101 
106954,38 100 
106954,38 2
106954,38 1925
106954,38 10
108928,78 25 
108956,52 75 
110163,76 72 
110381,49 70 
110886,39 80 
111380,6 83 
111577,27 64 197
111764,67 74 171
111764,67 61 171
112172,73 150 
112195,69 68 
113405,01 92 
113405,01 65 
113432,68 103 
113432,68 101 
113966 100 
113966 2
113966 1925
113966 10
115939,01 25 
115966,26 75 
117175,89 72 
117258,51 70 
117749,16 80 
118284,29 83 
118410,34 64 127
118568,4 74 138
118568,4 61 138
119377,29 150 
119405,75 68 
120215,72 92 
120215,72 65 
120229,73 103 
120229,73 101 
120763,32 100 
120763,32 2
120763,32 1925
120763,32 11
122736,04 25 
122763,9 75 
123971,73 72 
124055,64 70 
124540,05 80 
124988,08 83 
125099,03 64 112
125261,84 74 141
125261,84 63 141
126071,54 150 
126096,2 68 
126606,12 92 
126606,12 65 
126627 103 
126627 101 
127167,36 100 
127167,36 2
127167,36 1925
127167,36 11
129146,59 25 
129826,7 75 
131035,09 72 
131119,17 70 
131608,44 80 
132091,99 83 
132201,22 64 110
132401,96 74 177
132401,96 63 177
132809,87 150 
132839,86 68 
133352,79 92 
133352,79 65 
133370,76 103 
133370,76 101 
133907,13 100 
133907,13 2
133907,13 1925
133907,13 10
135877,04 25 
135904,42 75 
137112,9 72 
137196,56 70 
137690,26 80 
138129,03 83 
138485,22 64 357
138679,65 74 178
138679,65 61 178
139087,17 150 
139117,22 68 
140329,35 92 
140329,35 65 
140354,38 103 
140354,38 101 
140887,64 100 
140887,64 2
140887,64 1925
140887,64 11
142860,72 25 
143420,8 75 
144629,52 72 
144713,31 70 
145206,39 80 
145725,75 83 
146046,72 64 321
146243,03 74 171
146243,03 63 171
147053,9 150 
147074,02 68 
147884,88 92 
147884,88 65 
147897,9 103 
147897,9 101 
148442,32 100 
148442,32 2
148442,32 1925
148442,32 11
150417,4 25 
151097,53 75 
152307,04 72 
152389,97 70 
152872,66 80 
153362,5 83 
153613,32 64 251
153788,51 74 160
153788,51 63 160
154599,28 150 
154617,27 68 
155429,9 92 
155429,9 65 
155454,52 103 
155454,52 101 
155988,06 100 
155988,06 2
155988,06 1925
155988,06 10
157961,77 25 
157988,15 75 
159196,27 72 
159280,32 70 
159773,81 80 
160306,13 83 
160479,69 64 174
160639,39 74 147
160639,39 61 147
161050,78 152 
161080,28 69 
162088,3 93 
162104,98 103 
162104,98 101 
165641,49 100 
165641,49 2
165641,49 1925
165641,49 11
167609,98 25 
167637,41 75 
168035,82 250 
168048,65 101 
170062,29 100 
170062,29 2
170062,29 1925
170062,29 11
170062,29 25 
170088,47 75 
171295,18 72 
171368,71 70 
171857,38 80 
172287,58 83 
172505,29 64 218
172687,25 74 160
172687,25 63 160
173499,02 150 
173528,95 68 
174740,06 92 
174740,06 65 
174766,17 103 
174766,17 101 
175306,55 100 
175306,55 2
175306,55 1925
175306,55 11
177285,77 25 
178285,68 75 
179495,06 72 
179578,21 70 
180064 80 
180603,98 83 
181160,87 64 557
181381,78 74 205
181381,78 63 205
181790,7 150 
181818,7 68 
181853,99 249
182051,41 173 
183031,67 92 
183031,67 65 
183055,93 103 
183055,93 101 
183589,01 100 
183589,01 2
183589,01 1925
183589,01 10
185562,23 25 
186855,34 75 
188062,66 72 
188147,88 70 
188640,41 80 
189093,88 83 
189367,23 64 274
189534,72 74 148
189534,72 61 148
189944,44 150 
189975,31 68 
190449,13 249
190484,33 92 
190484,33 65 
190506,04 103 
190506,04 101 
191038,82 100 
191038,82 2
191038,82 1925
191038,82 10
193012,4 25 
193145,99 75 
194355,73 72 
194438,45 70 
194929,25 80 
195410,94 83 
195583,32 64 173
195774,08 74 177
195774,08 61 177
196585,69 150 
196611,63 68 
197420,18 92 
197420,18 65 
197436,35 103 
197436,35 101 
197980,27 100 
197980,27 2
197980,27 1925
197980,27 11
199955,95 25 
200409,47 75 
201617,93 72 
201701,98 70 
202196,02 80 
202687,81 83 
202915,11 64 228
203100,78 74 160
203100,78 63 160
203910,14 150 
203929,31 68 
204739,9 92 
204739,9 65 
204753,26 103 
204753,26 101 
205286,31 100 
205286,31 2
205286,31 1925
205286,31 10
207259,46 25 
208592,64 75 
209801,9 72 
209885,09 70 
210373,89 80 
211217,43 83 
211313,29 64 96
211485,88 74 149
211485,88 61 149
211897,87 150 
211925,71 68 
212040,94 249
212192,87 171
213135,33 92 
213135,33 65 
213149,55 103 
213149,55 101 
213694,19 100 
213694,19 2
213694,19 1925
213694,19 11
215669,28 25 
215696,79 75 
216906,29 72 
217108,68 70 
217606,01 80 
218147,77 83 
218376,59 64 229
218567,02 74 167
218567,02 63 167
219158,09 256 
220623,02 150 
220642,01 68 
221154,26 92 
221154,26 65 
221172,8 103 
221172,8 101 
221714,22 100 
221714,22 2
221714,22 1925
221714,22 10
223692,41 25 
225785,26 75 
226993,43 72 
227077,67 70 
227570,1 80 
228050,16 83 
228270,62 64 221
228459,76 74 170
228459,76 61 170
228868,01 150 
228891,72 68 
230103,83 92 
230103,83 65 
230128,88 103 
230128,88 101 
230665,34 100 
230665,34 2
230665,34 1925
230665,34 11
232635,26 25 
233261,91 75 
234470,47 72 
234554,56 70 
235045,73 80 
235486,96 83 
235724,47 64 238
235903,95 74 164
235903,95 63 164
236314,77 152 
236341,86 69 
236850,72 93 
236872,63 103 
236872,63 101 
240405,53 100 
240405,53 2
240405,53 1925
240405,53 10
242377,62 25 
242405,47 75 
243612,12 72 
243683,82 70 
244173,33 80 
244709,57 83 
244909,25 64 200
245061,4 74 139
245061,4 61 139
245874,63 150 
245897,72 68 
246407,68 92 
246407,68 65 
246428,48 103 
246428,48 101 
246987,17 100 
246987,17 2
246987,17 1925
246987,17 10
248961,42 25 
249801,5 75 
251011,7 72 
251093,94 70 
251588,79 80 
252066,38 83 
252223,44 64 158
252375,22 74 136
252375,22 61 136
253183,11 150 
253214,51 68 
253664,37 249
253742 171
254025,9 92 
254025,9 65 
254038,57 103 
254038,57 101 
254572,07 100 
254572,07 2
254572,07 1925
254572,07 10
256544,82 25 
256918,42 75 
258126,18 72 
258210,84 70 
258697,33 80 
259236,69 83 
259265,65 64 29
259420,83 74 131
259420,83 61 131
259831,92 150 
259851,77 68 
259926,11 249
260095,98 171
260361,69 92 
260361,69 65 
260382,48 103 
260382,48 101 
260917,84 100 
260917,84 2
260917,84 1925
260917,84 10
262888,77 25 
262916,01 75 
264122,92 72 
264208,31 70 
264704,07 80 
265140,83 83 
265365,86 64 225
265545,21 74 165
265545,21 61 165
266356,74 150 
266382,27 68 
267593,48 92 
267593,48 65 
267619,31 103 
267619,31 101 
268158,64 100 
268158,64 2
268158,64 1925
268158,64 10
270138,98 25 
271019,02 75 
272228,1 72 
272311,52 70 
272806,5 80 
273297,23 83 
273771,03 64 474
273928,15 74 139
273928,15 61 139
274339,3 150 
274365,36 68 
274874,39 92 
274874,39 65 
274896,17 103 
274896,17 101 
275433,7 100 
275433,7 2
275433,7 1925
275433,7 11
277402,55 25 
278642,32 75 
279850,44 72 
279934,86 70 
280424,91 80 
280853,99 83 
281911,59 64 1058
282452,34 74 519
282452,34 63 519
283262,77 150 
283281,63 68 
283342,73 249
284181,77 173 
284492,61 92 
284492,61 65 
284505,46 103 
284505,46 101 
285037,8 100 
285037,8 2
285037,8 1925
285037,8 10
287011,62 25 
288384,86 75 
289591,79 72 
289677,27 70 
290168,69 80 
290703,01 83 
290989,32 64 287
291165,21 74 156
291165,21 61 156
291576,92 150 
291597,95 68 
292407,74 92 
292407,74 65 
292421,94 103 
292421,94 101 
292968,42 100 
292968,42 2
292968,42 1925
292968,42 11
294941,52 25 
294968,83 75 
296176,68 72 
296261,05 70 
296754,26 80 
297180,27 83 
298317,09 64 1138
298499,63 74 160
298499,63 63 160
299309,59 150 
299328,02 68 
300536,95 92 
300536,95 65 
300551,74 103 
300551,74 101 
301084,6 100 
301084,6 2
301084,6 1925
301084,6 11
303058,02 25 
304111,31 75 
305318,87 72 
305403,77 70 
305892,3 80 
306376,26 83 
306666,21 64 291
306833,83 256 
306848,45 74 166
306848,45 63 166
307362,93 150 
307391,12 68 
308203,9 92 
308203,9 65 
308228,44 103 
308228,44 101 
308765,87 100 
308765,87 2
308765,87 1925
308765,87 11
310734,74 25 
310762,01 75 
311969,19 72 
312054,26 70 
312549,09 80 
313066,7 83 
313670,01 64 603
313833,58 74 141
313833,58 63 141
314643,06 150 
314668,05 68 
315178,66 92 
315178,66 65 
315198,8 103 
315198,8 101 
315740,56 100 
315740,56 2
315740,56 1925
315740,56 11
317718,35 25 
319251,43 75 
320460,52 72 
320730,5 70 
321528,1 80 
322156,14 83 
322401,49 64 246
322565,34 74 143
322565,34 63 143
322977,56 152 
322997,73 69 
323505,33 93 
323515,21 103 
323515,21 101 
327060,12 100 
327060,12 2
327060,12 1925
327060,12 10
329033,58 25 
329060,68 75 
330267,72 72 
330472,98 70 
331140,74 80 
331685,34 83 
331925,58 64 241
332098,45 74 160
332098,45 61 160
332507,01 150 
332527,01 68 
333335,19 92 
333335,19 65 
333350,91 103 
333350,91 101 
333882,74 100 
333882,74 2
333882,74 1925
333882,74 10
335857,17 25 
335885,19 75 
337093,41 72 
337176,73 70 
337668,53 80 
338202,47 83 
338442,22 64 240
338620,35 74 165
338620,35 61 165
339428,93 150 
339457,18 68 
340666,93 92 
340666,93 65 
340681,1 103 
340681,1 101 
341222,56 100 
341222,56 2
341222,56 1925
341222,56 10
343200,8 25 
343228,05 75 
344437,65 72 
344520,26 70 
345009,77 80 
345492,71 83 
345926,19 64 434
346084,45 74 139
346084,45 61 139
346893 152 
346920,62 69 
347930,5 93 
347944,61 103 
347944,61 101 
351477,45 100 
351477,45 2
351477,45 1925
351477,45 11
353449,62 25 
360180,41 75 
361388,07 72 
361472,88 70 
361957,41 80 
362498,63 83 
362615,28 64 117
362771,59 74 140
362771,59 63 140
363183,68 150 
363206,89 68 
363335,74 249
363497,61 173 
363720,8 92 
363720,8 65 
363737,8 103 
363737,8 101 
364275,4 100 
364275,4 2
364275,4 1925
364275,4 11
366244,13 25 
366271,28 75 
367479,48 72 
367563,59 70 
368063,52 80 
368496,11 83 
368703,88 64 208
368845,36 74 123
368845,36 63 123
369257,48 150 
369284,23 68 
370495,31 92 
370495,31 65 
370509,12 103 
370509,12 101 
371049,02 100 
371049,02 2
371049,02 1925
371049,02 11
373027,81 25 
373094,76 75 
374304,4 72 
374387,35 70 
374876,88 80 
375373,15 83 
375652,4 64 279
375787,97 256 
375797,85 74 132
375797,85 63 132
376608,6 150 
376627,8 68 
377838,41 92 
377838,41 65 
377852,6 103 
377852,6 101 
378386,18 100 
378386,18 2
378386,18 1925
378386,18 11
380357,98 25 
380385,15 75 
381594,45 72 
381677,44 70 
382166,13 80 
382703,21 83 
382899,12 64 197
383109,14 74 193
383109,14 63 193
383519,71 150 
383544,72 68 
384056,85 92 
384056,85 65 
384075,6 103 
384075,6 101 
384607,59 100 
384607,59 2
384607,59 1925
384607,59 10
386581,89 25 
386609,26 75 
387818,05 72 
387901,47 70 
388405,08 80 
388833,91 83 
389085,21 64 252
389271 74 171
389271 61 171
390080,19 150 
390101,92 68 
390913,24 92 
390913,24 65 
390939,3 103 
390939,3 101 
391485,16 100 
391485,16 2
391485,16 1925
391485,16 11
393458,95 25 
393566,01 75 
394773,82 72 
394858,43 70 
395357,75 80 
395844,2 83 
395992,31 64 149
396184,1 74 167
396184,1 63 167
396992,96 150 
397018,89 68 
397827,34 92 
397827,34 65 
397843,05 103 
397843,05 101 
398376,54 100 
398376,54 2
398376,54 1925
398376,54 10
400349,26 25 
400377,11 75 
401585,91 72 
401668,82 70 
402154,7 80 
402587,94 83 
402943,68 64 356
403129,62 74 169
403129,62 61 169
403539,89 150 
403562,89 68 
404774,78 92 
404774,78 65 
404800,02 103 
404800,02 101 
405334,41 100 
405334,41 2
405334,41 1925
405334,41 10
407306,26 25 
407426,58 75 
408635,91 72 
408719,11 70 
409216 80 
409760,04 83 
409841,91 64 84
409991,55 74 127
409991,55 61 127
410800,79 152 
410826,32 69 
411038,58 249 
411298,78 181 
411635,76 93 
411650,36 103 
411650,36 101 
415192,46 100 
415192,46 2
415192,46 1925
415192,46 11
417168,81 25 
417196,02 75 
418403,61 72 
418488,19 70 
418979,13 80 
419460,64 83 
419555,26 64 95
419745,16 74 179
419745,16 63 179
420153,77 150 
420182,23 68 
420693,92 92 
420693,92 65 
420713,11 103 
420713,11 101 
421249,69 100 
421249,69 2
421249,69 1925
421249,69 11
423219,41 25 
423246,58 75 
424455,6 72 
424538,9 70 
425026,64 80 
425458,12 83 
425677,83 64 220
425860,67 74 163
425860,67 63 163
426268,04 150 
426299,59 68 
427509,8 92 
427509,8 65 
427536,83 103 
427536,83 101 
428069,96 100 
428069,96 2
428069,96 1925
428069,96 10
430043,07 25 
430123,43 75 
431331,16 72 
431415,93 70 
431914,89 80 
432455,14 83 
432653,02 64 199
432815,84 74 148
432815,84 61 148
433626,44 150 
433656,65 68 
434465,37 92 
434465,37 65 
434480,5 103 
434480,5 101 
435023,22 100 
435023,22 2
435023,22 1925
435023,22 11
437000,15 25 
437027,45 75 
438236,93 72 
438493 70 
439145,61 80 
439785,19 83 
439797,23 64 12
440001,89 74 190
440001,89 63 190
440412 150 
440440,24 68 
441037,19 256 
442429,99 92 
442429,99 65 
442450,46 103 
442450,46 101 
442982,69 100 
442982,69 2
442982,69 1925
442982,69 10
444956,73 25 
444983,94 75 
446192,17 72 
446276,18 70 
446768,68 80 
447195,3 83 
447788,63 64 594
447955,07 74 148
447955,07 61 148
448769,04 150 
448796,57 68 
450008,53 92 
450008,53 65 
450033,76 103 
450033,76 101 
450572,71 100 
450572,71 2
450572,71 1925
450572,71 11
452553,33 25 
453473,32 75 
454681,13 72 
454765,9 70 
455263,73 80 
455791,65 83 
455860,73 64 69
456055,31 74 171
456055,31 63 171
456867,96 150 
456899,84 68 
457411,24 92 
457411,24 65 
457430,55 103 
457430,55 101 
457973,1 100 
457973,1 2
457973,1 1925
457973,1 10
459950,15 25 
460523,8 75 
461732,81 72 
461816,11 70 
462295,42 80 
462788,58 83 
463328,21 64 540
463472,8 74 125
463472,8 61 125
463881,63 150 
463910,05 68 
464720,34 92 
464720,34 65 
464747,44 103 
464747,44 101 
465283,68 100 
465283,68 2
465283,68 1925
465283,68 10
467253,71 25 
467428,3 75 
468637,04 72 
468719,83 70 
469213,79 80 
469652,34 83 
469777,94 64 126
469931,61 74 133
469931,61 61 133
470741,3 150 
470760,48 68 
471272,4 92 
471272,4 65 
471291,23 103 
471291,23 101 
471823,87 100 
471823,87 2
471823,87 1925
471823,87 11
473797,59 25 
473824,9 75 
475033,9 72 
475117,04 70 
475601,43 80 
476142,79 83 
476237,98 64 95
476419,52 74 157
476419,52 63 157
476829,42 150 
476851,04 68 
477262,21 256 
478516,31 92 
478516,31 65 
478541,42 103 
478541,42 101 
479090,44 100 
479090,44 2
479090,44 1925
479090,44 11
481061 25 
481088,43 75 
482295,01 72 
482380,53 70 
482862,29 80 
483299,86 83 
483446,76 64 147
483616,18 74 157
483616,18 63 157
484027,8 152 
484047,96 69 
484622,24 249 
484695,4 183 
485054,55 93 
485071,93 103 
485071,93 101 
488603,78 100 
488603,78 2
488603,78 1925
488603,78 11
490576,88 25 
490604,42 75 
491812,96 72 
491896,42 70 
492378,48 80 
492922,21 83 
495971,35 64 3050
496148,19 256 
496156,56 74 169
496156,56 63 169
498850,28 150 
498868,35 68 
499206,21 249
499380,3 92 
499380,3 65 
499399,11 103 
499399,11 101 
499933,6 100 
499933,6 2
499933,6 1925
499933,6 10
501905,38 25 
506037,23 75 
507245,75 72 
507329,83 70 
507820,33 80 
508302,2 83 
508567,87 64 266
508757,69 74 176
508757,69 61 176
509568,75 150 
509596,25 68 
510806,01 92 
510806,01 65 
510820,78 103 
510820,78 101 
511360,6 100 
511360,6 2
511360,6 1925
511360,6 11
513340,48 25 
516192,9 75 
517402,07 72 
517485,4 70 
517975,53 80 
518524,55 83 
519006,17 64 482
519228,72 74 198
519228,72 63 198
519641,1 150 
519672,05 68 
520185,75 92 
520185,75 65 
520203,37 103 
520203,37 101 
520740,96 100 
520740,96 2
520740,96 1925
520740,96 10
522709,64 25 
522737,25 75 
523945,52 72 
524029,26 70 
524527,39 80 
524961,67 83 
525298,18 64 337
525496,16 74 175
525496,16 61 175
525908,81 150 
525936,5 68 
526718,52 249
526751,61 92 
526751,61 65 
526773,85 103 
526773,85 101 
527308,32 100 
527308,32 5
527308,32 1925
527308,32 10
527308,32 78 
527308,32 198 
529280,17 25 
529520,56 75 
530727,29 72 
530812,99 70 
531309,44 80 
531812,13 83 
531940,44 64 129
532103,16 74 145
532103,16 61 145
532910,99 151 
532933,46 69 
533941,7 93 
533957,43 103 
533957,43 101 
537500,17 100 
537500,17 5
537500,17 1925
537500,17 10
539475,76 25 
539502,97 75 
540712,07 72 
540795,26 70 
541287,53 80 
541767,77 83 
541989,37 64 222
542162,42 74 155
542162,42 61 155
542574,29 151 
542595,93 69 
543607,95 93 
543619,91 103 
543619,91 101 
547152,17 100 
547152,17 5
547152,17 1925
547152,17 11
549124,91 25 
549405,23 75 
550612,53 72 
550817,6 70 
551330,78 80 
551870,03 83 
552043,08 64 174
552199,31 74 143
552199,31 63 143
553007,57 151 
553030,73 69 
553839,54 93 
553855,49 103 
553855,49 101 
557392,08 100 
557392,08 5
557392,08 1925
557392,08 10
559360,53 25 
559387,84 75 
560596,26 72 
560680,03 70 
561184,44 80 
561612,45 83 
561876,69 64 264
562064,18 74 173
562064,18 61 173
562472,63 151 
562494,19 69 
563005,84 93 
563024,96 103 
563024,96 101 
566563,95 100 
566563,95 5
566563,95 1925
566563,95 11
568543,18 25 
568570,46 75 
569779,5 72 
569862,85 70 
570370,61 80 
570862 83 
570992,2 64 131
571187,89 74 179
571187,89 63 179
571997,01 151 
572023,24 69 
572533,33 93 
572554,09 103 
572554,09 101 
576086,73 100 
576086,73 5
576086,73 1925
576086,73 10
578059,06 25 
578099,63 75 
579307,6 72 
579391,95 70 
579881,64 80 
580311,06 83 
580680,21 64 370
580924,07 74 227
580924,07 61 227
581737,02 151 
581765,36 69 
582573,57 93 
582589,71 103 
582589,71 101 
586123,07 100 
586123,07 5
586123,07 1925
586123,07 10
588094,69 25 
588122,05 75 
589330,04 72 
589414,35 70 
589913,83 80 
590453,34 83 
591032,51 64 580
591331,81 74 279
591331,81 62 279
591740,58 151 
591761,44 69 
592771,41 93 
592785,32 103 
592785,32 101 
596334,67 100 
596334,67 5
596334,67 1925
596334,67 10
598303,62 25 
598330,86 75 
599538,55 72 
599623,23 70 
600118,03 80 
600595,64 83 
601931,71 64 1336
602297,48 74 343
602297,48 63 343
602855,13 150 
602875,79 68 
603686,86 92 
603686,86 65 
603700,81 103 
603700,81 101 
604232,61 100 
604232,61 5
604232,61 1925
604232,61 11
606206,88 25 
606234,4 75 
607440,31 72 
607526,49 70 
608030,48 80 
608472,23 83 
609621,75 64 1150
610070,86 74 426
610070,86 62 426
610880,9 150 
610900,2 68 
611249,84 249
611410,14 92 
611410,14 65 
611430,59 103 
611430,59 101 
611962,69 100 
611962,69 5
611962,69 1925
611962,69 11
613936,92 25 
613963,99 75 
615171,65 72 
615256,39 70 
615748,02 80 
616282,15 83 
616387,56 64 106
616409,63 256 
616425,67 74 24
616425,67 62 24
616836,23 150 
616856,41 68 
617155,1 249
617207,64 172 
618070,39 92 
618070,39 65 
618094,37 103 
618094,37 101 
618636,11 100 
618636,11 5
618636,11 1925
618636,11 10
620614,04 25 
620641,34 75 
621849,36 72 
621933,49 70 
622430,68 80 
622879,32 83 
622971,39 64 93
623213,39 74 228
623213,39 63 228
624025,43 150 
624053,45 68 
624562,54 92 
624562,54 65 
624584,87 103 
624584,87 101 
625120,85 100 
625120,85 5
625120,85 1925
625120,85 11
627091,27 25 
627118,51 75 
628326,61 72 
628410,69 70 
628902,39 80 
629383,15 83 
629532,89 64 150
629714,46 74 158
629714,46 62 158
630527,96 152 
630557,93 69 
630941,75 249 
632491,99 93 
632514,79 103 
632514,79 101 
636048,2 100 
636048,2 5
636048,2 1925
636048,2 11
638019,84 25 
638047,36 75 
639254,88 72 
639339,3 70 
639836,27 80 
640378,39 83 
640458,91 64 81
640581,83 74 97
640581,83 62 97
640992,73 150 
641020,1 68 
641352,85 249
641384,63 172 
642232,91 92 
642232,91 65 
642257,26 103 
642257,26 101 
642800,67 100 
642800,67 5
642800,67 1925
642800,67 11
644776,91 25 
644804,31 75 
646013,28 72 
646096,44 70 
646588,44 80 
647028,9 83 
647168,44 64 140
647195,6 256 
647205,73 74 17
647205,73 62 17
648013,03 150 
648043,62 68 
648337,7 249
648408,21 172 
648854,46 92 
648854,46 65 
648867,71 103 
648867,71 101 
649400,85 100 
649400,85 5
649400,85 1925
649400,85 10
651374,05 25 
651401,2 75 
652609,09 72 
652866,79 70 
653678,77 80 
654425,67 83 
654448 64 22
654658,34 74 193
654658,34 63 193
655066,13 150 
655093,17 68 
656302,67 92 
656302,67 65 
656317,8 103 
656317,8 101 
656856,71 100 
656856,71 5
656856,71 1925
656856,71 10
658824,27 25 
658851,5 75 
660059,47 72 
660276,89 70 
660780,39 80 
661329,38 83 
661428,46 64 100
661595,76 74 147
661595,76 63 147
662406,38 152 
662436,77 69 
662948,69 93 
662968,29 103 
662968,29 101 
666506,95 100 
666506,95 5
666506,95 1925
666506,95 11
668486,61 25 
668513,87 75 
669723,78 72 
669806,15 70 
670301,67 80 
670791,96 83 
670939,49 64 148
671073,33 74 122
671073,33 62 122
671481,55 150 
671500,2 68 
671841,5 249
671927,12 172 
672011,18 92 
672011,18 65 
672031,02 103 
672031,02 101 
672565,48 100 
672565,48 5
672565,48 1925
672565,48 11
674537,28 25 
674564,81 75 
675773,08 72 
675856,91 70 
676363,78 80 
676816,04 83 
676955,76 64 140
677103,43 74 128
677103,43 62 128
677512,16 150 
677536,86 68 
677852,15 249
677930,12 172 
678346,51 92 
678346,51 65 
678361,64 103 
678361,64 101 
678893,88 100 
678893,88 5
678893,88 1925
678893,88 10
680867,91 25 
680894,98 75 
682102,74 72 
682187,43 70 
682674,63 80 
683213,21 83 
683240,94 64 28
683387,74 74 135
683387,74 63 135
684199,18 150 
684227,23 68 
684591,72 249
684688,19 173 
685436,87 92 
685436,87 65 
685451,9 103 
685451,9 101 
685998,51 100 
685998,51 5
685998,51 1925
685998,51 11
687971,54 25 
688478,31 75 
689687,1 72 
689770,81 70 
690266,41 80 
690809,95 83 
690923,62 64 114
691092,69 74 150
691092,69 62 150
691500,25 150 
691531,51 68 
691837,97 249
691942,6 172 
692341,65 92 
692341,65 65 
692355,58 103 
692355,58 101 
692887,55 100 
692887,55 5
692887,55 1925
692887,55 10
694861,89 25 
694889,4 75 
696097,97 72 
696181,48 70 
696672,61 80 
697100,57 83 
697235,48 64 135
697405,23 74 145
697405,23 63 145
698213,84 150 
698234,54 68 
698375,64 249
698519,59 173 
698747,91 92 
698747,91 65 
698766,11 103 
698766,11 101 
699300,52 100 
699300,52 5
699300,52 1925
699300,52 10
701272,39 25 
701765,94 75 
702975,55 72 
703058,41 70 
703560,78 80 
704044,17 83 
704162,1 64 119
704334,9 74 157
704334,9 63 157
704743,72 150 
704765,77 68 
705976,64 92 
705976,64 65 
705989,72 103 
705989,72 101 
706529,71 100 
706529,71 5
706529,71 1925
706529,71 11
708509,39 25 
708536,58 75 
709744,68 72 
709828,85 70 
710323,79 80 
710867,93 83 
710884,22 64 17
711039,85 74 132
711039,85 62 132
711852,98 150 
711882,96 68 
712346,15 249
712380,67 172 
712695 92 
712695 65 
712720,11 103 
712720,11 101 
713256,29 100 
713256,29 5
713256,29 1925
713256,29 10
715226,37 25 
715613,28 75 
716822,12 72 
716905,75 70 
717389,54 80 
717878,28 83 
718173,31 64 296
718361,81 74 164
718361,81 63 164
718772,11 150 
718798,92 68 
719305,39 92 
719305,39 65 
719330,58 103 
719330,58 101 
719864,55 100 
719864,55 5
719864,55 1925
719864,55 11
721836,83 25 
722743,53 75 
723952,28 72 
724035,98 70 
724521,22 80 
724968,49 83 
725150,01 64 182
725316,3 74 149
725316,3 62 149
726129,74 150 
726156,6 68 
726470,08 249
726574,75 172 
727365,69 92 
727365,69 65 
727380,47 103 
727380,47 101 
727923,86 100 
727923,86 5
727923,86 1925
727923,86 10
729900,01 25 
730193,82 75 
731403,03 72 
731486,06 70 
731982,71 80 
732431,98 83 
732643,27 64 212
732816,95 74 158
732816,95 63 158
733227,18 150 
733246,04 68 
734453,3 92 
734453,3 65 
734470,69 103 
734470,69 101 
735002,91 100 
735002,91 5
735002,91 1925
735002,91 11
736976,96 25 
737004,25 75 
738212,53 72 
738296,52 70 
738797,95 80 
739335,62 83 
739581,65 64 246
739609,01 256 
739624,84 74 23
739624,84 62 23
740437,05 150 
740456,98 68 
740787,28 249
740820,99 172 
740968,46 92 
740968,46 65 
740987,91 103 
740987,91 101 
741523,59 100 
741523,59 5
741523,59 1925
741523,59 11
743494,18 25 
743521,23 75 
744730,54 72 
744813,65 70 
745307,49 80 
745786,22 83 
745899,49 64 114
746051,08 74 132
746051,08 62 132
746461,12 150 
746481,32 68 
746767,75 249
746824,55 172 
747289,71 92 
747289,71 65 
747305,12 103 
747305,12 101 
747844,37 100 
747844,37 5
747844,37 1925
747844,37 10
749811,62 25 
750558,15 75 
751766,27 72 
751850,62 70 
752333,19 80 
752876,52 83 
753052,02 64 176
753215,06 74 140
753215,06 63 140
754029,03 150 
754050,45 68 
755261,79 92 
755261,79 65 
755275,01 103 
755275,01 101 
755808,77 100 
755808,77 5
755808,77 1925
755808,77 11
757781,36 25 
758314,75 75 
759522,59 72 
759607,25 70 
760093,94 80 
760758,45 250 
760766,01 101 
762765,85 100 
762765,85 5
762765,85 1925
762765,85 11
762765,85 25 
762819,48 75 
764028,13 72 
764231,95 70 
764739,9 80 
765231,1 83 
765423,92 64 193
765585,75 74 142
765585,75 62 142
766394,2 150 
766419,11 68 
766676,55 249
766928,22 92 
766928,22 65 
766949,94 103 
766949,94 101 
767483,74 100 
767483,74 5
767483,74 1925
767483,74 10
769456,32 25 
769497 75 
770706,84 72 
770789,13 70 
771284,62 80 
771721,58 83 
771927,28 64 206
772114,85 74 167
772114,85 63 167
772522,31 150 
772549,11 68 
773360,37 92 
773360,37 65 
773373,86 103 
773373,86 101 
773921,31 100 
773921,31 5
773921,31 1925
773921,31 11
775893,43 25 
776013,78 75 
777220,64 72 
777292,94 70 
777784,62 80 
778265,58 83 
778432,02 64 167
778601,61 74 150
778601,61 62 150
779409,1 150 
779440,18 68 
779736,59 249
779817,07 172 
779951,87 92 
779951,87 65 
779971 103 
779971 101 
780503,37 100 
780503,37 5
780503,37 1925
780503,37 10
782477,26 25 
782570,9 75 
783778,38 72 
783863,43 70 
784358,49 80 
784902,63 83 
785035,19 64 133
785212,76 74 164
785212,76 63 164
785621,36 152 
785650,89 69 
785688,35 249 
785924,49 183 
786458,39 93 
786474,86 103 
786474,86 101 
790009,45 100 
790009,45 5
790009,45 1925
790009,45 11
791979,92 25 
792007,08 75 
793214 72 
793286,24 70 
793774,33 80 
794205,17 83 
794488,62 64 284
794643,36 74 132
794643,36 62 132
795053,81 150 
795085,99 68 
795393,23 249
795454,82 172 
795896,62 92 
795896,62 65 
795910,76 103 
795910,76 101 
796450,19 100 
796450,19 5
796450,19 1925
796450,19 10
798417,23 25 
798444,22 75 
799652,2 72 
799736,66 70 
800228,7 80 
800655,75 83 
800870,34 64 215
801018,31 74 123
801018,31 63 123
801830,13 150 
801856,36 68 
802365,74 92 
802365,74 65 
802388,01 103 
802388,01 101 
802924,6 100 
802924,6 5
802924,6 1925
802924,6 10
804894,26 25 
805401,38 75 
806609,78 72 
806693,64 70 
807178,69 80 
807719,32 83 
807799,85 64 81
807962,5 74 137
807962,5 63 137
808372,89 152 
808401,06 69 
809210,27 93 
809224,99 103 
809224,99 101 
812757,84 100 
812757,84 5
812757,84 1925
812757,84 11
814730,01 25 
814758 75 
815965,69 72 
816049,49 70 
816537,74 80 
817021,98 83 
817234,07 64 213
817255,4 256 
817363,53 74 115
817363,53 62 115
818173,58 150 
818196,82 68 
818835,95 249
819008,46 92 
819008,46 65 
819034,14 103 
819034,14 101 
819580,93 100 
819580,93 5
819580,93 1925
819580,93 11
821553,69 25 
821580,87 75 
822787,63 72 
822873,26 70 
823372,55 80 
823805,81 83 
824006,93 64 201
824145,17 74 114
824145,17 62 114
824553,5 150 
824579,93 68 
824847,64 249
824925,59 172 
825789,45 92 
825789,45 65 
825804,5 103 
825804,5 101 
826337,58 100 
826337,58 5
826337,58 1925
826337,58 11
828310,81 25 
828351,47 75 
829559,43 72 
829643,64 70 
830129,78 80 
830616,1 83 
830911,55 64 296
831071,75 74 136
831071,75 62 136
831879,93 150 
831910,06 68 
832178,07 249
832420,37 92 
832420,37 65 
832441,67 103 
832441,67 101 
832977,55 100 
832977,55 5
832977,55 1925
832977,55 11
834948,04 25 
834975,16 75 
836182,22 72 
836267,53 70 
836763,43 80 
837319,88 83 
837367,95 64 48
837527,15 74 141
837527,15 62 141
837938,59 150 
837960,84 68 
838238,06 249
838353,64 172 
838772,97 92 
838772,97 65 
838798,88 103 
838798,88 101 
839339,17 100 
839339,17 5
839339,17 1925
839339,17 10
841318,6 25 
841345,76 75 
842552,93 72 
842638,07 70 
843127,77 80 
843623,81 83 
843813,17 64 190
843988,56 74 152
843988,56 63 152
844798,9 150 
844824,58 68 
845587,82 256 
848081,23 92 
848081,23 65 
848101,53 103 
848101,53 101 
848635,98 100 
848635,98 5
848635,98 1925
848635,98 11
850607,77 25 
850635,11 75 
851842,34 72 
851927,31 70 
852426,27 80 
852859,85 83 
853078,18 64 219
853247,7 74 148
853247,7 62 148
854055,39 150 
854074,56 68 
854419,13 249
854512,6 172 
854597,02 92 
854597,02 65 
854618,67 103 
854618,67 101 
855151,44 100 
855151,44 5
855151,44 1925
855151,44 10
857125,02 25 
857351,88 75 
858561,56 72 
858644,47 70 
859143,94 80 
859683,61 83 
859809,18 64 126
859989,98 74 161
859989,98 63 161
860401,73 150 
860431,08 68 
861243,48 92 
861243,48 65 
861269,26 103 
861269,26 101 
861814,71 100 
861814,71 5
861814,71 1925
861814,71 10
863788,8 25 
864269,98 75 
865479,88 72 
865748,01 70 
866554,06 80 
867306,93 83 
867367,15 64 61
867573,76 74 187
867573,76 63 187
867981,31 150 
868001,83 68 
868809,7 92 
868809,7 65 
868825,9 103 
868825,9 101 
869358,8 100 
869358,8 5
869358,8 1925
869358,8 10
871332,19 25 
871359,62 75 
872567,8 72 
872825,04 70 
873473,24 80 
874063,95 83 
874176,69 64 113
874334 74 138
874334 63 138
875143,22 150 
875172,37 68 
875682,55 92 
875682,55 65 
875702,91 103 
875702,91 101 
876236,3 100 
876236,3 5
876236,3 1925
876236,3 11
878209,18 25 
878236,94 75 
879444,09 72 
879648,67 70 
880298,09 80 
880834,38 83 
881150,65 64 317
881174,35 256 
881190,76 74 23
881190,76 62 23
882000,97 150 
882022,42 68 
882338,17 249
882383,8 172 
883234,24 92 
883234,24 65 
883259,61 103 
883259,61 101 
883797,9 100 
883797,9 5
883797,9 1925
883797,9 11
885779,26 25 
886086,14 75 
887293,27 72 
887378,64 70 
887869,89 80 
888351,1 83 
888511,57 64 161
888707,27 74 183
888707,27 62 183
889119,79 150 
889138,59 68 
889458,64 249
889556,48 172 
889648,56 92 
889648,56 65 
889670,19 103 
889670,19 101 
890208,47 100 
890208,47 5
890208,47 1925
890208,47 10
892189,79 25 
892456,71 75 
893664,02 72 
893749,23 70 
894236,67 80 
894761,7 83 
894921,41 64 160
895144,68 74 210
895144,68 63 210
895956,38 150 
895975,61 68 
896400,89 256 
897625,65 92 
897625,65 65 
897640,15 103 
897640,15 101 
898173,83 100 
898173,83 5
898173,83 1925
898173,83 10
900146,39 25 
900946,44 75 
902153,59 72 
902238,91 70 
902729,39 80 
903158,03 83 
903415,52 64 258
903589,62 74 152
903589,62 63 152
904000,63 150 
904027,29 68 
904836,49 92 
904836,49 65 
904850,31 103 
904850,31 101 
905394,74 100 
905394,74 5
905394,74 1925
905394,74 10
907369,93 25 
909462,77 75 
910672,2 72 
910755,27 70 
911236,39 80 
911661,06 83 
911980,35 64 320
912156,88 74 163
912156,88 63 163
912965,79 150 
912995,81 68 
913503,95 92 
913503,95 65 
913526,56 103 
913526,56 101 
914062,1 100 
914062,1 5
914062,1 1925
914062,1 10
916032,92 25 
916060,28 75 
917269,91 72 
917352,34 70 
917847,33 80 
918338,13 83 
918580,5 64 243
918737,55 74 133
918737,55 63 133
919149,49 150 
919179,71 68 
919988,2 92 
919988,2 65 
920003,72 103 
920003,72 101 
920539,94 100 
920539,94 5
920539,94 1925
920539,94 11
922510,09 25 
923045,22 75 
924252,27 72 
924335,97 70 
924835,83 80 
925375,08 83 
925593,79 64 219
925658,97 74 44
925658,97 62 44
926560,84 150 
926589,79 68 
926878,48 249
926953,31 172 
927798,54 92 
927798,54 65 
927813,73 103 
927813,73 101 
928355,05 100 
928355,05 5
928355,05 1925
928355,05 11
930333,3 25 
930801,19 75 
932008,99 72 
932092,63 70 
932587,1 80 
933078,41 83 
933220,14 64 142
933393,4 74 156
933393,4 62 156
933804,36 150 
933825,89 68 
934203,74 249
934337,08 92 
934337,08 65 
934357,52 103 
934357,52 101 
934891,78 100 
934891,78 5
934891,78 1925
934891,78 10
936863,79 25 
938476,84 75 
939685,16 72 
939769,31 70 
940268,66 80 
940715,16 83 
940917,35 64 203
941108,32 74 167
941108,32 63 167
941917,95 150 
941943,35 68 
942379,98 256 
943215,06 92 
943215,06 65 
943233,66 103 
943233,66 101 
943765,78 100 
943765,78 5
943765,78 1925
943765,78 11
945740,02 25 
947273,03 75 
948482,39 72 
948565,5 70 
949054,64 80 
949577,93 83 
949676,67 64 99
949870,67 74 173
949870,67 62 173
950281,06 152 
950299,8 69 
950808,67 93 
950830,44 103 
950830,44 101 
954377,39 100 
954377,39 5
954377,39 1925
954377,39 11
956349,7 25 
956922,17 75 
958131,41 72 
958214,64 70 
958712,17 80 
959213,78 83 
959382,68 64 169
959406,97 74 7
959406,97 62 7
960218,05 150 
960241,86 68 
960512,67 249
960622,19 172 
961050,43 92 
961050,43 65 
961065,98 103 
961065,98 101 
961599,58 100 
961599,58 5
961599,58 1925
961599,58 10
963572,36 25 
964079,03 75 
965286,8 72 
965371,58 70 
965872,33 80 
966304,05 83 
966689,55 64 386
966911,87 74 208
966911,87 63 208
967322,56 150 
967344,77 68 
968555,24 92 
968555,24 65 
968569,36 103 
968569,36 101 
969102,19 100 
969102,19 5
969102,19 1925
969102,19 10
971075,64 25 
971102,88 75 
972310,53 72 
972395,17 70 
972884,25 80 
973421,04 83 
973671,16 64 251
973815,44 74 128
973815,44 63 128
974623,85 150 
974649,1 68 
975157,74 92 
975157,74 65 
975179,9 103 
975179,9 101 
975718,42 100 
975718,42 5
975718,42 1925
975718,42 10
977699,46 25 
977726,85 75 
978660 250 
978671,22 101 
980684,92 100 
980684,92 5
980684,92 1925
980684,92 10
980684,92 25 
980711,09 75 
981918,3 72 
982191,01 70 
983003,16 80 
983856,48 83 
984191,4 64 335
984350,87 74 135
984350,87 63 135
984762,15 150 
984791,33 68 
986005,19 92 
986005,19 65 
986028,55 103 
986028,55 101 
986564,21 100 
986564,21 5
986564,21 1925
986564,21 10
988534,8 25 
988562,16 75 
989768,98 72 
990027,55 70 
990848,71 80 
991586,57 83 
991776,67 64 190
991932,34 74 133
991932,34 63 133
992341,88 152 
992361,53 69 
992871,09 93 
992892,18 103 
992892,18 101 
996425,11 100 
996425,11 5
996425,11 1925
996425,11 11
998397,31 25 
998437,87 75 
999649,1 72 
999903,32 70 
1000574,15 80 
1001208,98 83 
1001400,3 64 192
1001561,76 74 140
1001561,76 62 140
1002369,54 150 
1002397,08 68 
1002711,16 249
1002777,34 172 
1003204,94 92 
1003204,94 65 
1003221,07 103 
1003221,07 101 
1003767,2 100 
1003767,2 5
1003767,2 1925
1003767,2 11
1005740,73 25 
1005768 75 
1006978,74 72 
1007180,24 70 
1007686,37 80 
1008139,36 83 
1008312,71 64 174
1008487,83 74 162
1008487,83 62 162
1009296,24 150 
1009326,56 68 
1009607,64 249
1009706,43 172 
1010536,63 92 
1010536,63 65 
1010551,32 103 
1010551,32 101 
1011085,25 100 
1011085,25 5
1011085,25 1925
1011085,25 11
1013057,66 25 
1013084,85 75 
1014291,84 72 
1014377,05 70 
1014858,98 80 
1015402,81 83 
1015559,47 64 157
1015732,73 74 156
1015732,73 62 156
1016143 150 
1016163,78 68 
1016496,93 249
1016562,85 172 
1016675,26 92 
1016675,26 65 
1016695,32 103 
1016695,32 101 
1017230,35 100 
1017230,35 5
1017230,35 1925
1017230,35 11
1019201,55 25 
1019228,64 75 
1020435,64 72 
1020507,68 70 
1020999,15 80 
1021493,5 83 
1021771,62 64 278
1021938,44 74 152
1021938,44 62 152
1022352,11 150 
1022375,03 68 
1022681,73 249
1022772,94 172 
1023186,85 92 
1023186,85 65 
1023212,48 103 
1023212,48 101 
1023752,06 100 
1023752,06 5
1023752,06 1925
1023752,06 10
1025732 25 
1025759,49 75 
1026969,15 72 
1027051,54 70 
1027547,14 80 
1028050,72 83 
1028185,14 64 135
1028322,23 74 112
1028322,23 63 112
1029130,98 150 
1029158,06 68 
1029588,42 256 
1031280,08 92 
1031280,08 65 
1031302,25 103 
1031302,25 101 
1031836,33 100 
1031836,33 5
1031836,33 1925
1031836,33 11
1033808,51 25 
1034861,78 75 
1036070,9 72 
1036154,26 70 
1036642,87 80 
1037073,53 83 
1037339,54 64 266
1037506,79 74 154
1037506,79 62 154
1038317,62 150 
1038341,6 68 
1038642,77 249
1038732,6 172 
1038850,58 92 
1038850,58 65 
1038872,28 103 
1038872,28 101 
1039404,4 100 
1039404,4 5
1039404,4 1925
1039404,4 10
1041378,58 25 
1042098,69 75 
1043306,56 72 
1043391,22 70 
1043885,58 80 
1044430,24 83 
1044477,26 64 48
1044675,91 74 179
1044675,91 63 179
1045087,67 150 
1045111,14 68 
1046320,72 92 
1046320,72 65 
1046335,76 103 
1046335,76 101 
1046881,8 100 
1046881,8 5
1046881,8 1925
1046881,8 10
1048855,39 25 
1050788,21 75 
1051994,84 72 
1052067,4 70 
1052559,08 80 
1053039,91 83 
1053261,46 64 222
1053414,29 74 135
1053414,29 63 135
1053826,79 152 
1053854,85 69 
1054363,42 93 
1054385,59 103 
1054385,59 101 
1057920,84 100 
1057920,84 5
1057920,84 1925
1057920,84 10
1059890,61 25 
1059918,36 75 
1061124,76 72 
1061210,15 70 
1061697,38 80 
1062222,53 83 
1062421,74 64 199
1062592,57 74 157
1062592,57 63 157
1063400,74 150 
1063423,92 68 
1064233,75 92 
1064233,75 65 
1064248,01 103 
1064248,01 101 
1064781,28 100 
1064781,28 5
1064781,28 1925
1064781,28 11
1066754,27 25 
1066781,57 75 
1067992,02 72 
1068073,8 70 
1068556,47 80 
1068992,97 83 
1069179,08 64 187
1069202 256 
1069218,1 74 25
1069218,1 62 25
1070132,19 150 
1070154,32 68 
1070428,5 249
1070664,49 92 
1070664,49 65 
1070685,17 103 
1070685,17 101 
1071227,69 100 
1071227,69 5
1071227,69 1925
1071227,69 10
1073204,8 25 
1073698,39 75 
1074905,76 72 
1074990,81 70 
1075478,56 80 
1076016,59 83 
1076089,05 64 73
1076215,17 256 
1076241,62 74 132
1076241,62 63 132
1076653,58 150 
1076670,91 68 
1077478,16 92 
1077478,16 65 
1077495,66 103 
1077495,66 101 
1078033,35 100 
1078033,35 5
1078033,35 1925
1078033,35 11
1080001,96 25 
1081255,02 75 
1082461,43 72 
1082534,43 70 
1083031,86 80 
1083520,02 83 
1083670,46 64 151
1083858,98 74 167
1083858,98 62 167
1084671,21 150 
1084694,96 68 
1084977,61 249
1085060,97 172 
1085230,59 92 
1085230,59 65 
1085252,22 103 
1085252,22 101 
1085784,22 100 
1085784,22 5
1085784,22 1925
1085784,22 10
1087758,6 25 
1087852,26 75 
1089061,14 72 
1089144,67 70 
1089637,44 80 
1090077,2 83 
1090246,77 64 170
1090407,41 74 144
1090407,41 63 144
1090816,78 150 
1090838,02 68 
1092048,09 92 
1092048,09 65 
1092062,63 103 
1092062,63 101 
1092607,4 100 
1092607,4 5
1092607,4 1925
1092607,4 11
1094582,3 25 
1095129,02 75 
1096336,87 72 
1096421,56 70 
1096908,35 80 
1097340,69 83 
1097566,64 64 226
1097587,54 256 
1097614,37 74 34
1097614,37 62 34
1098022,2 150 
1098049,03 68 
1098363,68 249
1098857,86 92 
1098857,86 65 
1098873,01 103 
1098873,01 101 
1099404,92 100 
1099404,92 5
1099404,92 1925
1099404,92 11
1101379,32 25 
1101406,45 75 
1102614,94 72 
1102698,87 70 
1103186,33 80 
1103724,58 83 
1103785,86 64 61
1103902,28 74 98
1103902,28 62 98
1104713,37 150 
1104738,66 68 
1105414,73 249
1105455,41 172 
1105950,67 92 
1105950,67 65 
1105963,57 103 
1105963,57 101 
1106499,51 100 
1106499,51 3
1106499,51 1925
1106499,51 11
1106499,51 78 
1106499,51 198 
1108469,59 25 
1108683,2 75 
1109891,72 72 
1110162,27 70 
1110816,54 80 
1111454,59 83 
1111605,79 64 151
1111634,72 256 
1111650,63 74 23
1111650,63 62 23
1112459,79 151 
1112482,74 69 
1112765,96 249 
1113503,03 93 
1113519,99 103 
1113519,99 101 
1117059,34 100 
1117059,34 3
1117059,34 1925
1117059,34 10
1119038,31 25 
1119065,75 75 
1120274,39 72 
1120357,89 70 
1120846,64 80 
1121276,96 83 
1121535,54 64 259
1121742,35 74 186
1121742,35 63 186
1122150,31 153 
1122171,08 68 
1122338,35 249
1122422,78 173 
1122679,85 92 
1122679,85 65 
1122702,69 103 
1122702,69 101 
1123237,71 100 
1123237,71 3
1123237,71 1925
1123237,71 10
1125208,97 25 
1126022,36 75 
1127230,17 72 
1127314,85 70 
1127802,21 80 
1128300,61 83 
1128429,22 64 129
1128627,98 74 181
1128627,98 63 181
1129435,97 151 
1129461,3 69 
1129883,96 249 
1129965,93 183 
1130472,59 93 
1130486 103 
1130486 101 
1134018,18 100 
1134018,18 3
1134018,18 1925
1134018,18 11
1135991,01 25 
1136031,9 75 
1137240,5 72 
1137323,99 70 
1137820,34 80 
1138362,94 83 
1138471,07 64 109
1138636,84 74 141
1138636,84 62 141
1139046,63 151 
1139071,21 69 
1139578,11 93 
1139588,7 103 
1139588,7 101 
1143133,61 100 
1143133,61 3
1143133,61 1925
1143133,61 11
1145107,02 25 
1145960,53 75 
1147167,4 72 
1147252,86 70 
1147745,43 80 
1148278,67 83 
1148813,6 64 535
1149004,98 74 167
1149004,98 62 167
1149413,47 151 
1149440,08 69 
1150041,22 249 
1150713,42 256 
1150982,37 182 
1151886,28 93 
1151903,37 103 
1151903,37 101 
1155436,61 100 
1155436,61 3
1155436,61 1925
1155436,61 11
1157408,42 25 
1158888,23 75 
1160096,34 72 
1160180,64 70 
1160668,69 80 
1161153,15 83 
1161590,71 64 438
1161926,88 74 321
1161926,88 61 321
1162738,52 151 
1162766,89 69 
1163574,52 93 
1163591,66 103 
1163591,66 101 
1167126,95 100 
1167126,95 3
1167126,95 1925
1167126,95 10
1169096,68 25 
1169124,34 75 
1170331,89 72 
1170416,17 70 
1170908,19 80 
1171348,66 83 
1172773,24 64 1425
1173131,73 74 344
1173131,73 62 344
1173543,37 150 
1173562,91 68 
1173931,9 249
1174359,37 172 
1174379,33 92 
1174379,33 65 
1174400,33 103 
1174400,33 101 
1174940,75 100 
1174940,75 3
1174940,75 1925
1174940,75 10
1176919,95 25 
1176947,26 75 
1178155,09 72 
1178239,53 70 
1178728,89 80 
1179265,37 83 
1179355,38 64 91
1179378,72 256 
1179425,46 74 54
1179425,46 62 54
1180233,39 150 
1180253,36 68 
1180642,37 249
1180671,04 172 
1181464,41 92 
1181464,41 65 
1181477,33 103 
1181477,33 101 
1182012,64 100 
1182012,64 3
1182012,64 1925
1182012,64 11
1183983,59 25 
1184010,73 75 
1185217,52 72 
1185303,07 70 
1185789,11 80 
1186235,58 83 
1186405,97 64 170
1186595,68 74 174
1186595,68 63 174
1187004 150 
1187023,04 68 
1187834,63 92 
1187834,63 65 
1187847,82 103 
1187847,82 101 
1188380 100 
1188380 3
1188380 1925
1188380 10
1190367,53 25 
1190394,92 75 
1191603,12 72 
1191686,97 70 
1192177,15 80 
1192659,49 83 
1192879,39 64 220
1193043,96 74 145
1193043,96 62 145
1193853,61 150 
1193874,14 68 
1194217,72 249
1194274,3 172 
1194396,65 92 
1194396,65 65 
1194418,33 103 
1194418,33 101 
1194962,19 100 
1194962,19 3
1194962,19 1925
1194962,19 11
1196938,01 25 
1196965,27 75 
1198175,84 72 
1198257,5 70 
1198743,07 80 
1199176,63 83 
1199286,22 64 110
1199475,59 74 166
1199475,59 63 166
1200285,07 150 
1200310,69 68 
1201520,25 92 
1201520,25 65 
1201535,31 103 
1201535,31 101 
1202070,07 100 
1202070,07 3
1202070,07 1925
1202070,07 10
1204041,54 25 
1204068,7 75 
1205278,62 72 
1205361,03 70 
1205850,1 80 
1206333,53 83 
1206531,58 64 198
1206559,01 256 
1206574,39 74 28
1206574,39 62 28
1206982,35 150 
1207001,82 68 
1207406,93 249
1207445,74 172 
1207516,01 92 
1207516,01 65 
1207559,29 103 
1207559,29 101 
1208096,66 100 
1208096,66 3
1208096,66 1925
1208096,66 11
1210065,76 25 
1210093,67 75 
1211302,55 72 
1211385,18 70 
1211873,35 80 
1212410,91 83 
1212786,02 64 376
1212971,45 74 161
1212971,45 63 161
1213383,93 150 
1213411,58 68 
1214220,54 92 
1214220,54 65 
1214236,44 103 
1214236,44 101 
1214777,78 100 
1214777,78 3
1214777,78 1925
1214777,78 10
1216756,1 25 
1216783,27 75 
1217991,8 72 
1218328,79 70 
1218935,63 80 
1219487,89 83 
1219560,62 64 73
1219727,08 74 147
1219727,08 62 147
1220538,88 150 
1220569,26 68 
1220895,78 249
1220933,83 172 
1221777,37 92 
1221777,37 65 
1221806,47 103 
1221806,47 101 
1222341 100 
1222341 3
1222341 1925
1222341 11
1224312,75 25 
1225126,09 75 
1226333,77 72 
1226552,05 70 
1227219,76 80 
1227817,6 83 
1228139,67 64 322
1228358,51 74 195
1228358,51 63 195
1228768,99 150 
1228792,35 68 
1229302,94 92 
1229302,94 65 
1229323,22 103 
1229323,22 101 
1229855,19 100 
1229855,19 3
1229855,19 1925
1229855,19 11
1231829,56 25 
1231856,84 75 
1233064,04 72 
1233269,05 70 
1233773,03 80 
1234308,08 83 
1234315,18 64 8
1234467,61 74 133
1234467,61 63 133
1235277,62 150 
1235296,59 68 
1236107,25 92 
1236107,25 65 
1236133,61 103 
1236133,61 101 
1236682,9 100 
1236682,9 3
1236682,9 1925
1236682,9 10
1238653,24 25 
1239453,31 75 
1240662,06 72 
1240745,82 70 
1241235,64 80 
1241758,49 83 
1241879,13 64 121
1241899,24 256 
1241934,35 74 43
1241934,35 62 43
1242742,91 150 
1242773,05 68 
1243107,42 249
1243219,6 172 
1243283,37 92 
1243283,37 65 
1243303,85 103 
1243303,85 101 
1243835,95 100 
1243835,95 3
1243835,95 1925
1243835,95 11
1245810,1 25 
1245837,46 75 
1247046,71 72 
1247129,65 70 
1247610,82 80 
1248048,81 83 
1248240,09 64 192
1248390,07 74 129
1248390,07 63 129
1248800,82 150 
1248823 68 
1249630,5 92 
1249630,5 65 
1249647,76 103 
1249647,76 101 
1250181,97 100 
1250181,97 3
1250181,97 1925
1250181,97 10
1252154,1 25 
1253313,93 75 
1254520,57 72 
1254606,42 70 
1255097,66 80 
1255578,91 83 
1255918,34 64 340
1256083,61 74 145
1256083,61 62 145
1256894,81 150 
1256926,99 68 
1257209,78 249
1258138,57 92 
1258138,57 65 
1258151,86 103 
1258151,86 101 
1258690,87 100 
1258690,87 3
1258690,87 1925
1258690,87 10
1260670,45 25 
1260697,75 75 
1261907,7 72 
1261989,88 70 
1262488,42 80 
1262975,73 83 
1263117,51 64 142
1263143,84 256 
1263160,4 74 25
1263160,4 62 25
1263573,68 152 
1263605 69 
1264051,02 249 
1265158,48 182 
1265848,76 93 
1265867,4 103 
1265867,4 101 
1269404,37 100 
1269404,37 3
1269404,37 1925
1269404,37 11
1271372,63 25 
1271692,62 75 
1272902,25 72 
1272985,13 70 
1273477,92 80 
1274010,93 83 
1274189,33 64 179
1274217,6 256 
1274365,77 74 155
1274365,77 63 155
1275175,94 150 
1275198,21 68 
1276409,8 92 
1276409,8 65 
1276436,21 103 
1276436,21 101 
1276969,19 100 
1276969,19 3
1276969,19 1925
1276969,19 10
1278942,52 25 
1279649,19 75 
1280858,75 72 
1280941,69 70 
1281435,72 80 
1281860,83 83 
1282088,99 64 228
1282255,53 74 142
1282255,53 62 142
1282666,41 150 
1282689,15 68 
1283095 249
1283148,61 172 
1283499,86 92 
1283499,86 65 
1283513,12 103 
1283513,12 101 
1284057,32 100 
1284057,32 3
1284057,32 1925
1284057,32 10
1286032,72 25 
1286059,97 75 
1287267,14 72 
1287352,3 70 
1287844,87 80 
1288271,39 83 
1288486,96 64 215
1288670,4 74 160
1288670,4 62 160
1289081,1 152 
1289098,9 69 
1289697,38 249 
1290799,03 182 
1290840,04 93 
1290856,6 103 
1290856,6 101 
1294389,88 100 
1294389,88 3
1294389,88 1925
1294389,88 10
1296361,72 25 
1296388,8 75 
1297595,46 72 
1297667,79 70 
1298166,41 80 
1298706,88 83 
1298764,24 64 58
1298895,89 74 109
1298895,89 62 109
1299704,07 150 
1299734,33 68 
1300321,53 249
1300545,35 92 
1300545,35 65 
1300559,08 103 
1300559,08 101 
1301093,75 100 
1301093,75 3
1301093,75 1925
1301093,75 11
1303065,54 25 
1303092,95 75 
1304302,53 72 
1304384,91 70 
1304881,17 80 
1305370,67 83 
1305555,01 64 184
1305753,39 74 183
1305753,39 63 183
1306563,65 150 
1306584,74 68 
1307796,63 92 
1307796,63 65 
1307822,59 103 
1307822,59 101 
1308362,89 100 
1308362,89 3
1308362,89 1925
1308362,89 10
1310342,19 25 
1310755,71 75 
1310791,27 250 
1310807,51 101 
1312821,13 100 
1312821,13 3
1312821,13 1925
1312821,13 10
1312821,13 25 
1312847,54 75 
1314054,42 72 
1314140,67 70 
1314629,29 80 
1315153,13 83 
1315169,73 64 17
1315323,62 74 131
1315323,62 62 131
1315736,05 150 
1315754,94 68 
1316073,46 249
1316140,38 172 
1316564,89 92 
1316564,89 65 
1316579,04 103 
1316579,04 101 
1317113,8 100 
1317113,8 3
1317113,8 1925
1317113,8 11
1319085,18 25 
1319112,59 75 
1320320,94 72 
1320404,64 70 
1320893,16 80 
1321323,75 83 
1321666,16 64 343
1321863,2 74 180
1321863,2 63 180
1322673,11 150 
1322697,71 68 
1323909,34 92 
1323909,34 65 
1323922,35 103 
1323922,35 101 
1324454,14 100 
1324454,14 3
1324454,14 1925
1324454,14 11
1326428,66 25 
1326456,59 75 
1327663,6 72 
1327748,09 70 
1328244,87 80 
1328674 250 
1328693,49 101 
1330706,72 100 
1330706,72 3
1330706,72 1925
1330706,72 11
1330706,72 25 
1330986,94 75 
1331483,88 250 
1331491,88 101 
1333505,5 100 
1333505,5 3
1333505,5 1925
1333505,5 11
1333505,5 25 
1334971,18 75 
1335688,95 250 
1335703,41 101 
1337717,01 100 
1337717,01 3
1337717,01 1925
1337717,01 11
1337717,01 25 
1337743,48 75 
1338952,31 72 
1339223,12 70 
1339897,63 80 
1340435,54 83 
1340642,92 64 207
1340808,84 74 147
1340808,84 62 147
1341218,07 151 
1341250,41 69 
1341647,68 249 
1343004,69 182 
1343670,5 93 
1343687,1 103 
1343687,1 101 
1347235,37 100 
1347235,37 3
1347235,37 1925
1347235,37 11
1349205,43 25 
1349232,76 75 
1350442,11 72 
1350524,9 70 
1351029,18 80 
1351470,77 83 
1351996,14 64 526
1352171,61 74 155
1352171,61 63 155
1352981,14 150 
1353005,29 68 
1354215,37 92 
1354215,37 65 
1354229,29 103 
1354229,29 101 
1354761,46 100 
1354761,46 3
1354761,46 1925
1354761,46 10
1356735,47 25 
1356763,01 75 
1357971,24 72 
1358054,98 70 
1358552,64 80 
1359054,11 83 
1359208,35 64 155
1359233,38 256 
1359245,28 74 18
1359245,28 62 18
1359653,68 150 
1359682,38 68 
1360041,4 249
1360193,15 92 
1360193,15 65 
1360213,27 103 
1360213,27 101 
1360747,93 100 
1360747,93 3
1360747,93 1925
1360747,93 11
1362719,52 25 
1363106,4 75 
1364313,52 72 
1364398,9 70 
1364893,77 80 
1365409,97 250 
1365424,26 101 
1367437,48 100 
1367437,48 3
1367437,48 1925
1367437,48 11
1367437,48 25 
1367464,78 75 
1367677,01 250 
1367689,57 101 
1369703,19 100 
1369703,19 3
1369703,19 1925
1369703,19 11
1369703,19 25 
1370142,63 75 
1371349,06 72 
1371435,91 70 
1371923 80 
1372461,63 83 
1372685,73 64 224
1372860,3 74 159
1372860,3 63 159
1373270,11 150 
1373289,16 68 
1374099,91 92 
1374099,91 65 
1374113,92 103 
1374113,92 101 
1374653,75 100 
1374653,75 3
1374653,75 1925
1374653,75 10
1376633,52 25 
1377500,17 75 
1378708,01 72 
1378792,74 70 
1379291,62 80 
1379778,48 83 
1379874,53 64 96
1380066,89 74 168
1380066,89 62 168
1380879 150 
1380899,87 68 
1381325,31 249
1382112,24 92 
1382112,24 65 
1382137,11 103 
1382137,11 101 
1382673,82 100 
1382673,82 3
1382673,82 1925
1382673,82 11
1384643,39 25 
1385430,19 75 
1386636,95 72 
1386722,58 70 
1387215,64 80 
1387655,17 83 
1391186,49 64 3532
1391334,99 74 136
1391334,99 63 136
1391746,58 150 
1391774,49 68 
1392585,96 92 
1392585,96 65 
1392599,23 103 
1392599,23 101 
1393131,15 100 
1393131,15 3
1393131,15 1925
1393131,15 10
1395105,52 25 
1396052,26 75 
1397262,87 72 
1397344,66 70 
1397833,7 80 
1398357,1 83 
1398499,81 64 143
1398684,56 74 168
1398684,56 62 168
1399493,99 150 
1399518,59 68 
1399814,15 249
1399955,29 172 
1400027,33 92 
1400027,33 65 
1400049,35 103 
1400049,35 101 
1400592,37 100 
1400592,37 3
1400592,37 1925
1400592,37 10
1402569,03 25 
1403795,52 75 
1405004,25 72 
1405087,99 70 
1405573,69 80 
1406007,2 83 
1406290,34 64 284
1406445,45 74 132
1406445,45 62 132
1406853,44 152 
1406874,61 69 
1407289,88 249 
1407452,14 256 
1408503,07 182 
1409381,63 93 
1409392,09 103 
1409392,09 101 
1412924,35 100 
1412924,35 3
1412924,35 1925
1412924,35 11
1414897,08 25 
1415910,57 75 
1417118,26 72 
1417202,79 70 
1417686,71 80 
1418175,21 83 
1418277,38 64 103
1418474,67 74 180
1418474,67 63 180
1419284,92 150 
1419309,94 68 
1420520,93 92 
1420520,93 65 
1420547,15 103 
1420547,15 101 
1421083,41 100 
1421083,41 3
1421083,41 1925
1421083,41 11
1423053,42 25 
1423853,49 75 
1425060,7 72 
1425145,94 70 
1425630,57 80 
1426171,75 83 
1426273,88 64 102
1426303,83 256 
1426328,54 74 37
1426328,54 62 37
1427138,39 151 
1427159,17 69 
1427773,98 249 
1427969,91 93 
1427983,92 103 
1427983,92 101 
1431524,77 100 
1431524,77 3
1431524,77 1925
1431524,77 11
1433502,25 25 
1433529,47 75 
1434737,88 72 
1434821,78 70 
1435317,71 80 
1435807,59 83 
1435897,8 64 90
1436066,94 74 153
1436066,94 63 153
1436478,77 150 
1436502,62 68 
1437715,01 92 
1437715,01 65 
1437739,8 103 
1437739,8 101 
1438271,81 100 
1438271,81 3
1438271,81 1925
1438271,81 10
1440245,99 25 
1440273,9 75 
1441483,84 72 
1441752,12 70 
1442565,18 80 
1443204,39 83 
1443235,4 64 32
1443264,54 256 
1443274,77 74 17
1443274,77 62 17
1443684,31 150 
1443712,73 68 
1444224,55 92 
1444224,55 65 
1444243,58 103 
1444243,58 101 
1444775,76 100 
1444775,76 3
1444775,76 1925
1444775,76 10
1446749,89 25 
1456749,91 254 
1456758,26 101 
1458770,54 100 
1458770,54 3
1458770,54 1925
1458770,54 10
1458770,54 25 
1462916,65 75 
1464124,52 72 
1464408,98 70 
1464971,2 80 
1465661,38 83 
1466084,78 64 424
1466276,67 74 176
1466276,67 62 176
1467086,61 150 
1467115,93 68 
1467925,92 92 
1467925,92 65 
1467953,34 103 
1467953,34 101 
1468503,88 100 
1468503,88 3
1468503,88 1925
1468503,88 11
1470472,9 25 
1470500,45 75 
1471708,92 72 
1471792,47 70 
1472280,47 80 
1472711,65 83 
1473025,82 64 314
1473219,28 74 175
1473219,28 63 175
1474031,63 150 
1474059,52 68 
1475267,86 92 
1475267,86 65 
1475283,48 103 
1475283,48 101 
1475816,11 100 
1475816,11 3
1475816,11 1925
1475816,11 11
1477789,78 25 
1478936,32 75 
1480144,31 72 
1480228,81 70 
1480729,73 80 
1481267,99 83 
1481519,52 64 252
1481770,46 74 236
1481770,46 62 236
1482183,13 151 
1482202,1 69 
1482710,8 93 
1482733,59 103 
1482733,59 101 
1486267,06 100 
1486267,06 3
1486267,06 1925
1486267,06 11
1488239,52 25 
1494503,09 75 
1495712,25 72 
1495795,42 70 
1496291,54 80 
1496781,21 83 
1496850,57 64 70
1497019,48 74 145
1497019,48 63 145
1497177,89 256 
1499149,26 152 
1499168,76 69 
1500177,38 93 
1500192,69 103 
1500192,69 101 
1503733,91 100 
1503733,91 3
1503733,91 1925
1503733,91 11
1505710,99 25 
1506004,62 75 
1507213,96 72 
1507297,07 70 
1507785,99 80 
1508216,22 83 
1508420,94 64 205
1508594,54 74 152
1508594,54 63 152
1509003,86 150 
1509031,23 68 
1509442,85 256 
1511220,46 92 
1511220,46 65 
1511241,23 103 
1511241,23 101 
1511777,08 100 
1511777,08 3
1511777,08 1925
1511777,08 11
1513747,55 25 
1513907,84 75 
1515118,2 72 
1515200,31 70 
1515685,78 80 
1516172,83 83 
1516422,07 64 250
1516581,16 74 143
1516581,16 63 143
1516992,05 150 
1517014,32 68 
1517524,56 92 
1517524,56 65 
1517545,19 103 
1517545,19 101 
1518077 100 
1518077 3
1518077 1925
1518077 10
1520051,45 25 
1522317,55 75 
1523526,13 72 
1523610,02 70 
1524098,57 80 
1524604,45 250 
1524622,04 101 
1526635,31 100 
1526635,31 3
1526635,31 1925
1526635,31 10
1526635,31 25 
1526662,5 75 
1527870,15 72 
1527954,81 70 
1528445,31 80 
1528980,6 83 
1529516,8 64 536
1529710,3 74 171
1529710,3 62 171
1530523,33 150 
1530542,29 68 
1530842,96 249
1531353,64 92 
1531353,64 65 
1531379,19 103 
1531379,19 101 
1531923,33 100 
1531923,33 3
1531923,33 1925
1531923,33 10
1533898,8 25 
1536591,42 75 
1537799,33 72 
1537883,96 70 
1538382,83 80 
1538856,39 83 
1539075,13 64 220
1539246,74 74 151
1539246,74 62 151
1539657,08 150 
1539683,74 68 
1539988,83 249
1540193,51 92 
1540193,51 65 
1540215,39 103 
1540215,39 101 
1540749,62 100 
1540749,62 3
1540749,62 1925
1540749,62 10
1542721,64 25 
1546253,83 75 
1547460,64 72 
1547546,38 70 
1548036,72 80 
1548478,82 83 
1548715,45 64 237
1548857,76 74 126
1548857,76 62 126
1549669,5 150 
1549692,86 68 
1550058,67 249
1550143,91 172 
1550504,48 92 
1550504,48 65 
1550530,94 103 
1550530,94 101 
1551066,24 100 
1551066,24 3
1551066,24 1925
1551066,24 10
1553037,18 25 
1553983,83 75 
1555191,15 72 
1555263 70 
1555762,63 80 
1556302,1 83 
1556688,01 64 387
1556843,75 74 142
1556843,75 62 142
1557256,44 150 
1557276,23 68 
1557592,54 249
1557699,18 172 
1558484,04 92 
1558484,04 65 
1558500,76 103 
1558500,76 101 
1559039,38 100 
1559039,38 3
1559039,38 1925
1559039,38 10
1561020,46 25 
1561047,85 75 
1562256,62 72 
1562339,92 70 
1562833,27 80 
1563272,4 83 
1563501,41 64 229
1563665,57 74 140
1563665,57 62 140
1564473,15 150 
1564499,72 68 
1564817,96 249
1564915,74 172 
1565308,07 92 
1565308,07 65 
1565324,51 103 
1565324,51 101 
1565859,64 100 
1565859,64 3
1565859,64 1925
1565859,64 10
1567830,77 25 
1574495,04 75 
1575703,38 72 
1575960,8 70 
1576782,78 80 
1577466,31 83 
1577668,22 64 203
1577856,31 74 164
1577856,31 62 164
1578265,04 150 
1578293,71 68 
1578802,82 92 
1578802,82 65 
1578825,33 103 
1578825,33 101 
1579357,46 100 
1579357,46 3
1579357,46 1925
1579357,46 11
1581331,68 25 
1581359,15 75 
1582568,52 72 
1582771,09 70 
1583278,9 80 
1583810,22 83 
1583817,15 64 8
1583988,87 74 152
1583988,87 63 152
1584800,15 150 
1584825,02 68 
1586032,47 92 
1586032,47 65 
1586048,88 103 
1586048,88 101 
1586597,21 100 
1586597,21 3
1586597,21 1925
1586597,21 11
1588568,55 25 
1591167,87 75 
1592378,4 72 
1592460,22 70 
1592944,14 80 
1593472,7 83 
1593814,09 64 342
1593964,31 74 132
1593964,31 63 132
1594372,6 150 
1594394,26 68 
1594903,48 92 
1594903,48 65 
1594925,05 103 
1594925,05 101 
1595457,17 100 
1595457,17 3
1595457,17 1925
1595457,17 11
1597431,32 25 
1600057,28 75 
1600125,45 250 
1600135,65 101 
1602136,22 100 
1602136,22 3
1602136,22 1925
1602136,22 11
1602136,22 25 
1612137,14 254 
1612157,49 101 
1614169,99 100 
1614169,99 3
1614169,99 1925
1614169,99 11
1614169,99 25 
1614197,02 75 
1615407,46 72 
1615490,26 70 
1615977,61 80 
1616422,79 83 
1616708,16 64 286
1616909,77 74 181
1616909,77 63 181
1617161,74 256 
1619381,73 152 
1619410,13 69 
1620235,92 249 
1620417,47 93 
1620433,99 103 
1620433,99 101 
1623967,44 100 
1623967,44 3
1623967,44 1925
1623967,44 10
1625938,97 25 
1627138,8 75 
1628346,11 72 
1628431,33 70 
1628925,37 80 
1629403,81 83 
1629613,51 64 210
1629795,99 74 166
1629795,99 62 166
1630204,62 150 
1630232 68 
1630557,04 249
1630612,53 172 
1631043,88 92 
1631043,88 65 
1631069,39 103 
1631069,39 101 
1631610,53 100 
1631610,53 3
1631610,53 1925
1631610,53 10
1633589,13 25 
1633616,42 75 
1634824,17 72 
1634908,55 70 
1635397,98 80 
1635841,01 83 
1636129,97 64 289
1636281,07 74 134
1636281,07 62 134
1637092,98 150 
1637121,63 68 
1637468,48 249
1637536,26 172 
1637631,62 92 
1637631,62 65 
1637653,24 103 
1637653,24 101 
1638191,23 100 
1638191,23 3
1638191,23 1925
1638191,23 10
1640173,79 25 
1642198,98 75 
1643408,32 72 
1643491,51 70 
1643970,32 80 
1644490,63 83 
1645385,36 64 895
1645554,21 74 145
1645554,21 62 145
1646361,33 150 
1646384,34 68 
1646732,09 249
1646957,27 172 
1647195,01 92 
1647195,01 65 
1647209,11 103 
1647209,11 101 
1647742,79 100 
1647742,79 3
1647742,79 1925
1647742,79 10
1649715,35 25 
1655673,23 75 
1656884,08 72 
1656965,75 70 
1657457,1 80 
1657951,57 83 
1658141,18 64 190
1658243,25 74 79
1658243,25 62 79
1658737,66 150 
1658765,6 68 
1659102,55 249
1659549,11 172 
1659974,88 92 
1659974,88 65 
1659990,2 103 
1659990,2 101 
1660540,27 100 
1660540,27 3
1660540,27 1925
1660540,27 11
1662536,46 25 
1666321,89 75 
1667530,21 72 
1667614,38 70 
1668102,38 80 
1668533,54 83 
1668705,35 64 172
1668865,86 74 146
1668865,86 63 146
1669678,87 150 
1669707,49 68 
1670519,46 92 
1670519,46 65 
1670545,65 103 
1670545,65 101 
1671077,63 100 
1671077,63 3
1671077,63 1925
1671077,63 11
1673051,97 25 
1681222,2 75 
1682430,05 72 
1682514,61 70 
1683205,2 80 
1683886,89 83 
1683997,99 64 112
1684167,59 74 148
1684167,59 63 148
1684580,33 256 
1685399,95 150 
1685421,45 68 
1686630,12 92 
1686630,12 65 
1686645,39 103 
1686645,39 101 
1687185,45 100 
1687185,45 3
1687185,45 1925
1687185,45 10
1689151,82 25 
1691697,57 75 
1691731,65 250 
1691749,34 101 
1693749,74 100 
1693749,74 3
1693749,74 1925
1693749,74 10
1693749,74 25 
1694322,46 75 
1695530,33 72 
1695735,52 70 
1696393,52 80 
1696987,92 83 
1702200,31 64 5213
1712213,58 252 
1712220,88 101 
1714234,16 100 
1714234,16 3
1714234,16 1925
1714234,16 10
1714234,16 25 
1723417,18 75 
1723457,53 250 
1723468,96 101 
1725482,58 100 
1725482,58 3
1725482,58 1925
1725482,58 10
1725482,58 25 
1725509,13 75 
1726715,85 72 
1726922,07 70 
1727601,32 80 
1728201,07 83 
1728414,85 64 214
1728654,98 74 227
1728654,98 62 227
1729063,4 150 
1729095,95 68 
1729415,07 249
1729609,48 92 
1729609,48 65 
1729626,77 103 
1729626,77 101 
1730167,73 100 
1730167,73 3
1730167,73 1925
1730167,73 11
1732146,39 25 
1732813,14 75 
1734021,19 72 
1734225,56 70 
1734725,49 80 
1735158,02 83 
1735244,49 64 87
1735460,44 74 196
1735460,44 63 196
1736272,65 150 
1736292,29 68 
1736801,71 92 
1736801,71 65 
1736823,65 103 
1736823,65 101 
1737355,92 100 
1737355,92 3
1737355,92 1925
1737355,92 10
1739329,95 25 
1739423,58 75 
1740632,4 72 
1740716,06 70 
1741206,5 80 
1741688,54 83 
1742008,58 64 320
1742171,73 74 150
1742171,73 62 150
1742980,29 150 
1743009,87 68 
1743098,94 249
1743159,56 172 
1743821,84 92 
1743821,84 65 
1743847,24 103 
1743847,24 101 
1744379,29 100 
1744379,29 3
1744379,29 1925
1744379,29 11
1746353,81 25 
1746380,72 75 
1747383,98 250 
1747391,95 101 
1749405,65 100 
1749405,65 3
1749405,65 1925
1749405,65 11
1749405,65 25 
1752310,58 75 
1753298,3 250 
1753309,37 101 
1755323,02 100 
1755323,02 3
1755323,02 1925
1755323,02 11
1755323,02 25 
1759773,99 75 
1759906,8 250 
1759919,86 101 
1761933,45 100 
1761933,45 3
1761933,45 1925
1761933,45 11
1761933,45 25 
1764505,37 75 
1764516,86 250 
1764531,24 101 
1766544,82 100 
1766544,82 3
1766544,82 1925
1766544,82 11
1766544,82 25 
1767197,45 75 
1767208,92 250 
1767223,49 101 
1769236,98 100 
1769236,98 3
1769236,98 1925
1769236,98 11
1769236,98 25 
1769263,45 75 
1770472,52 72 
1770556,5 70 
1771053,61 80 
1771582,36 83 
1771647,28 64 66
1771673,61 256 
1771901,75 74 240
1771901,75 62 240
1772311,86 151 
1772329,87 69 
1773342,44 93 
1773354,49 103 
1773354,49 101 
1776904,02 100 
1776904,02 3
1776904,02 1925
1776904,02 11
1778872,94 25 
1779499,66 75 
1780707,33 72 
1780792,07 70 
1781285,08 80 
1781714,62 250 
1781737,52 101 
1783750,7 100 
1783750,7 3
1783750,7 1925
1783750,7 11
1783750,7 25 
1784244,17 75 
1785451,46 72 
1785536,71 70 
1786035,19 80 
1786489,87 250 
1786508,8 101 
1788521,99 100 
1788521,99 3
1788521,99 1925
1788521,99 11
1788521,99 25 
1789468,58 75 
1790677,91 72 
1790761,1 70 
1791253,64 80 
1791745,89 250 
1791759,79 101 
1793759,93 100 
1793759,93 3
1793759,93 1925
1793759,93 11
1793759,93 25 
1796199,17 75 
1796887,68 250 
1796903,86 101 
1798917,51 100 
1798917,51 3
1798917,51 1925
1798917,51 11
1798917,51 25 
1799490,14 75 
1799586,11 250 
1799596,04 101 
1801609,62 100 
1801609,62 3
1801609,62 1925
1801609,62 11
1801609,62 25 
1808233,06 75 
1808246,85 250 
1808258,93 101 
1810272,56 100 
1810272,56 3
1810272,56 1925
1810272,56 11
1810272,56 25 
1810298,81 75 
1811507,55 72 
1811592,08 70 
1812077,21 80 
1812617,88 83 
1812684,79 64 67
1812864,58 74 167
1812864,58 61 167
1813673,61 153 
1813699,34 68 
1814911,48 92 
1814911,48 65 
1814936,66 103 
1814936,66 101 
1815470,5 100 
1815470,5 3
1815470,5 1925
1815470,5 10
1817442,79 25 
1818056,21 75 
1819263,92 72 
1819348,79 70 
1819832,84 80 
1820268 83 
1820602,51 64 335
1820768,36 74 141
1820768,36 61 141
1821176,87 151 
1821203,66 69 
1821713,46 93 
1821733,54 103 
1821733,54 101 
1825269,07 100 
1825269,07 3
1825269,07 1925
1825269,07 11
1827238,6 25 
1827572,31 75 
1828519,47 250 
1828530,17 101 
1830543,78 100 
1830543,78 3
1830543,78 1925
1830543,78 11
1830543,78 25 
1839912,66 75 
1841121,27 72 
1841379,35 70 
1842182,8 80 
1842964,77 83 
1847482,09 64 4517
1847626,88 74 131
1847626,88 61 131
1848436,05 151 
1848456,88 69 
1849264,55 93 
1849283,31 103 
1849283,31 101 
1852823,12 100 
1852823,12 3
1852823,12 1925
1852823,12 11
1854799,97 25 
1854827,47 75 
1854835,38 250 
1854852,3 101 
1856865,73 100 
1856865,73 3
1856865,73 1925
1856865,73 11
1856865,73 25 
1866868,28 254 
1866887,3 101 
1868899,78 100 
1868899,78 3
1868899,78 1925
1868899,78 11
1868899,78 25 
1868926,89 75 
1869730,88 250 
1869739,01 101 
1871752,62 100 
1871752,62 3
1871752,62 1925
1871752,62 11
1871752,62 25 
1880441,8 75 
1880490,08 250 
1880507,69 101 
1882521,3 100 
1882521,3 3
1882521,3 1925
1882521,3 11
1882521,3 25 
1890584,17 75 
1890605,57 250 
1890623,51 101 
1892636,94 100 
1892636,94 3
1892636,94 1925
1892636,94 11
1892636,94 25 
1893182,93 75 
1893208,72 250 
1893222,16 101 
1895235,83 100 
1895235,83 3
1895235,83 1925
1895235,83 11
1895235,83 25 
1897101,33 75 
1897140,2 250 
1897153,81 101 
1899154,34 100 
1899154,34 3
1899154,34 1925
1899154,34 11
1899154,34 25 
1909155,95 254 
1909175,74 101 
1911188,11 100 
1911188,11 3
1911188,11 1925
1911188,11 11
1911188,11 25 
1914560,43 75 
1914612,4 250 
1914626,26 101 
1916639,89 100 
1916639,89 3
1916639,89 1925
1916639,89 11
1916639,89 25 
1916666,39 75 
1917854,53 250 
1917864,84 101 
1919865,33 100 
1919865,33 3
1919865,33 1925
1919865,33 11
1919865,33 25 
1929140,71 75 
1929664,02 250 
1929673,09 101 
1931686,68 100 
1931686,68 3
1931686,68 1925
1931686,68 11
1931686,68 25 
1933378,97 75 
1933474,92 250 
1933484,75 101 
1935498,38 100 
1935498,38 3
1935498,38 1925
1935498,38 11
1935498,38 25 
1945498,93 254 
1945519,95 101 
1947532,44 100 
1947532,44 3
1947532,44 1925
1947532,44 11
1947532,44 25 
1952130,81 75 
1952162,04 250 
1952169,99 101 
1954170,41 100 
1954170,41 3
1954170,41 1925
1954170,41 11
1954170,41 25 
1964170,4 254 
1964178,53 101 
1966191 100 
1966191 3
1966191 1925
1966191 11
1966191 25 
1966657,9 75 
1966837,46 250 
1966856,98 101 
1968870,59 100 
1968870,59 3
1968870,59 1925
1968870,59 11
1968870,59 25 
1969536,61 75 
1969568,6 250 
1969575,82 101 
1971589,44 100 
1971589,44 3
1971589,44 1925
1971589,44 11
1971589,44 25 
1972575,45 75 
1972655,61 250 
1972667,8 101 
1974681,5 100 
1974681,5 3
1974681,5 1925
1974681,5 11
1974681,5 25 
1977413,2 75 
1977540,73 250 
1977559,03 101 
1979572,68 100 
1979572,68 3
1979572,68 1925
1979572,68 11
1979572,68 25 
1980371,92 75 
1980439,97 250 
1980451,1 101 
1982464,72 100 
1982464,72 3
1982464,72 1925
1982464,72 11
1982464,72 25 
1991473,74 75 
1991538,31 250 
1991553,01 101 
1993566,58 100 
1993566,58 3
1993566,58 1925
1993566,58 11
1993566,58 25 
1995178,85 75 
1995339,73 250 
1995351,31 101 
1997364,94 100 
1997364,94 3
1997364,94 1925
1997364,94 11
1997364,94 25 
2002135,82 75 
2003248,18 250 
2003267,9 101 
2005281,58 100 
2005281,58 3
2005281,58 1925
2005281,58 11
2005281,58 25 
2005974,22 75 
2006111,98 250 
2006120,07 101 
2008133,62 100 
2008133,62 3
2008133,62 1925
2008133,62 11
2008133,62 25 
2008239,86 75 
2008398,12 250 
2008412,34 101 
2010425,94 100 
2010425,94 3
2010425,94 1925
2010425,94 11
2010425,94 25 
2011838,27 75 
2011887,91 250 
2011904,16 101 
2013917,77 100 
2013917,77 3
2013917,77 1925
2013917,77 11
2013917,77 25 
2015370,34 75 
2015405,34 250 
2015422,64 101 
2017423,05 100 
2017423,05 3
2017423,05 1925
2017423,05 11
2017423,05 25 
2019461,67 75 
2019590,21 250 
2019607,49 101 
2021607,86 100 
2021607,86 3
2021607,86 1925
2021607,86 11
2021607,86 25 
2024592,86 75 
2024673,65 250 
2024685,31 101 
2026698,97 100 
2026698,97 3
2026698,97 1925
2026698,97 11
2026698,97 25 
2036701,36 254 
2036720,46 101 
2038732,93 100 
2038732,93 3
2038732,93 1925
2038732,93 11
2038732,93 25 
2048733,24 254 
2048741,93 101 
2050754,4 100 
2050754,4 3
2050754,4 1925
2050754,4 11
2050754,4 25 
2051501,26 75 
2051596,79 250 
2051606,96 101 
2053620,59 100 
2053620,59 3
2053620,59 1925
2053620,59 11
2053620,59 25 
2057658,46 75 
2057727,99 250 
2057737,65 101 
2059751,26 100 
2059751,26 3
2059751,26 1925
2059751,26 11
2059751,26 25 
2069752,26 254 
2069759,63 101 
2071771,97 100 
2071771,97 3
2071771,97 1925
2071771,97 11
2071771,97 25 
2081772,26 254 
2081781,07 101 
2083793,44 100 
2083793,44 3
2083793,44 1925
2083793,44 11
2083793,44 25 
2093793,93 254 
2093802,43 101 
2095814,91 100 
2095814,91 3
2095814,91 1925
2095814,91 11
2095814,91 25 
2105815,66 254 
2105824,12 101 
2107836,38 100 
2107836,38 3
2107836,38 1925
2107836,38 11
2107836,38 25 
2117839,66 254 
2117858,69 101 
2119871,2 100 
2119871,2 3
2119871,2 1925
2119871,2 11
2119871,2 25 
2129873,16 254 
2129880,42 101 
2131892,64 100 
2131892,64 3
2131892,64 1925
2131892,64 11
2131892,64 25 
2141893,22 254 
2141901,61 101 
2143914,16 100 
2143914,16 3
2143914,16 1925
2143914,16 11
2143914,16 25 
2151884,34 75 
2151944,99 250 
2151963,56 101 
2153977,17 100 
2153977,17 3
2153977,17 1925
2153977,17 11
2153977,17 25 
2154003,65 75 
2154011,03 250 
2154029,38 101 
2156029,7 100 
2156029,7 3
2156029,7 1925
2156029,7 11
2156029,7 25 
2156549,03 75 
2156626 250 
2156641,54 101 
2158642 100 
2158642 3
2158642 1925
2158642 11
2158642 25 
2159081,26 75 
2159088,32 250 
2159107,18 101 
2161120,77 100 
2161120,77 3
2161120,77 1925
2161120,77 11
2161120,77 25 
2170942,77 75 
2171152,14 250 
2171168,59 101 
2173182,18 100 
2173182,18 3
2173182,18 1925
2173182,18 11
2173182,18 25 
2178539,59 75 
2178554,83 250 
2178565,46 101 
2180578,98 100 
2180578,98 3
2180578,98 1925
2180578,98 11
2180578,98 25 
2188868,4 75 
2188959,92 250 
2188974,2 101 
2190987,81 100 
2190987,81 3
2190987,81 1925
2190987,81 11
2190987,81 25 
2191280,7 75 
2192487,5 72 
2192747,27 70 
2193553,26 80 
2194306,04 83 
2194356,2 64 51
2194568,45 74 196
2194568,45 62 196
2194976,02 151 
2195000,98 69 
2195414,33 249 
2195509,34 93 
2195518,54 103 
2195518,54 101 
2199055,07 100 
2199055,07 3
2199055,07 1925
2199055,07 10
2201036,83 25 
2202809,77 75 
2204018,14 72 
2204275,6 70 
2204986,32 250 
2204994,44 101 
2207007,64 100 
2207007,64 3
2207007,64 1925
2207007,64 10
2207007,64 25 
2217008,34 254 
2217015,88 101 
2219028,34 100 
2219028,34 3
2219028,34 1925
2219028,34 10
2219028,34 25 
2223480,8 75 
2224691,03 72 
2224705,85 70 
2224814,51 80 
2225692,47 83 
2225850,02 64 158
2226076,67 74 211
2226076,67 62 211
2226886,21 150 
2226907,24 68 
2227269,83 249
2227418,95 92 
2227418,95 65 
2227438,11 103 
2227438,11 101 
2227970,8 100 
2227970,8 3
2227970,8 1925
2227970,8 10
2229944,27 25 
2230744,33 75 
2231950,04 72 
2232156,78 70 
2232666,85 80 
2233102,57 83 
2234042,39 64 940
2234222 74 161
2234222 61 161
2234629,8 151 
2234649,71 69 
2235460,02 93 
2235474,54 103 
2235474,54 101 
2239018,96 100 
2239018,96 3
2239018,96 1925
2239018,96 10
2240992,84 25 
2243605,49 75 
2244812,84 72 
2244898,01 70 
2245392,1 80 
2245937,23 83 
2246755,4 64 819
2246929,55 74 153
2246929,55 61 153
2247340,93 151 
2247364,22 69 
2248171,97 93 
2248189,04 103 
2248189,04 101 
2251723,27 100 
2251723,27 3
2251723,27 1925
2251723,27 10
2253694,1 25 
2263694,59 254 
2263702,35 101 
2265714,72 100 
2265714,72 3
2265714,72 1925
2265714,72 10
2265714,72 25 
2268954,47 75 
2270162,07 72 
2270247,06 70 
2270749,26 80 
2271192,8 83 
2271200,1 64 8
2271491,36 256 
2271740,14 74 521
2271740,14 61 521
2272549,02 151 
2272579,99 69 
2273088,15 93 
2273098,42 103 
2273098,42 101 
2276636,5 100 
2276636,5 3
2276636,5 1925
2276636,5 10
2278616,59 25 
2288618,72 254 
2288638,21 101 
2290650,62 100 
2290650,62 3
2290650,62 1925
2290650,62 10
2290650,62 25 
2300653,04 254 
2300672,93 101 
2302685,46 100 
2302685,46 3
2302685,46 1925
2302685,46 10
2302685,46 25 
2306178,42 75 
2307387,17 72 
2307470,84 70 
2307976,36 80 
2308470,03 83 
2308757,02 64 288
2308790,01 256 
2308992,14 74 216
2308992,14 61 216
2309799,8 151 
2309830,51 69 
2310841,27 93 
2310855,25 103 
2310855,25 101 
2314395,3 100 
2314395,3 3
2314395,3 1925
2314395,3 11
2316373,57 25 
2323317,59 75 
2324526,07 72 
2324610,11 70 
2325099,68 80 
2325542,58 83 
2325851,94 64 309
2326138,52 74 263
2326138,52 62 263
2326548,57 151 
2326570 69 
2327080,76 93 
2327101,68 103 
2327101,68 101 
2330636,69 100 
2330636,69 3
2330636,69 1925
2330636,69 11
2332606,62 25 
2342609,31 254 
2342628,09 101 
2344640,6 100 
2344640,6 3
2344640,6 1925
2344640,6 11
2344640,6 25 
2354641,95 254 
2354649,56 101 
2356662,04 100 
2356662,04 3
2356662,04 1925
2356662,04 11
2356662,04 25 
2365672,72 75 
2366737,05 250 
2366750,64 101 
2368764,25 100 
2368764,25 3
2368764,25 1925
2368764,25 11
2368764,25 25 
2374481,37 75 
2375688,85 72 
2375947,89 70 
2376766,24 80 
2377440,14 83 
2377773,28 64 334
2377932,63 74 146
2377932,63 61 146
2378740,42 151 
2378761,11 69 
2379608,5 249 
2380956,83 181 
2381956,86 93 
2381971,17 103 
2381971,17 101 
2385505,34 100 
2385505,34 6
2385505,34 1925
2385505,34 10
2385505,34 78 
2385505,34 198 
2387476,18 25 
2391754,65 75 
2392963,32 72 
2393300,38 70 
2393926,37 80 
2394592,72 83 
2394801,68 64 209
2395028,8 74 210
2395028,8 62 210
2395436,43 153 
2395460,29 68 
2395813,81 249
2395868,35 172 
2396670,67 92 
2396670,67 65 
2396684,83 103 
2396684,83 101 
2397232,48 100 
2397232,48 6
2397232,48 1925
2397232,48 11
2399204,38 25 
2399231,73 75 
2400440,67 72 
2400524,09 70 
2401030,81 80 
2401576,4 83 
2402545,97 64 970
2402752,19 74 190
2402752,19 63 190
2403560,71 151 
2403589,98 69 
2404599,31 93 
2404614,71 103 
2404614,71 101 
2408147,95 100 
2408147,95 6
2408147,95 1925
2408147,95 11
2410119,76 25 
2410146,99 75 
2411355,52 72 
2411439,27 70 
2411945,17 80 
2412438,34 83 
2413205 64 768
2413381,27 74 157
2413381,27 61 157
2413790,14 150 
2413813,02 68 
2415024,5 92 
2415024,5 65 
2415050,18 103 
2415050,18 101 
2415583,66 100 
2415583,66 6
2415583,66 1925
2415583,66 11
2417556,48 25 
2417583,69 75 
2418790,82 72 
2418876 70 
2419374,46 80 
2419821,8 83 
2420382,03 64 561
2420527,61 74 133
2420527,61 61 133
2420938,59 150 
2420969,14 68 
2421477,27 92 
2421477,27 65 
2421500,81 103 
2421500,81 101 
2422040,26 100 
2422040,26 6
2422040,26 1925
2422040,26 10
2424020,34 25 
2434021,34 254 
2434041,89 101 
2436041,1 100 
2436041,1 6
2436041,1 1925
2436041,1 10
2436041,1 25 
2438531,31 67 
2442865,95 75 
2444073,84 72 
2444160,95 70 
2444661,46 80 
2445104,4 83 
2445812,62 64 709
2445874,64 256 
2446227,83 74 391
2446227,83 61 391
2447035,57 151 
2447065,29 69 
2448074,87 93 
2448089,23 103 
2448089,23 101 
2451628,79 100 
2451628,79 6
2451628,79 1925
2451628,79 11
2453594,25 25 
2453621,42 75 
2454828,73 72 
2454913,75 70 
2455407,67 80 
2455899,57 83 
2456287,62 64 388
2456457,17 74 145
2456457,17 62 145
2456868,41 151 
2456886,98 69 
2457698,14 93 
2457711,73 103 
2457711,73 101 
2461244,77 100 
2461244,77 6
2461244,77 1925
2461244,77 11
2463216,74 25 
2463244,1 75 
2464450,04 72 
2464536,24 70 
2465045,68 80 
2465602,01 83 
2465655,22 64 54
2465846,55 74 178
2465846,55 63 178
2466655,82 151 
2466683,42 69 
2467194,01 93 
2467214,3 103 
2467214,3 101 
2470756,8 100 
2470756,8 6
2470756,8 1925
2470756,8 10
2472732,67 25 
2472759,82 75 
2473967,1 72 
2474052,25 70 
2474559,33 80 
2474997,9 83 
2475278,3 64 281
2475298,55 256 
2475509,32 74 219
2475509,32 62 219
2475921,59 151 
2475946,12 69 
2476454,12 93 
2476463,72 103 
2476463,72 101 
2479996,94 100 
2479996,94 6
2479996,94 1925
2479996,94 11
2481968,59 25 
2481995,71 75 
2483203,15 72 
2483288,12 70 
2483780,38 80 
2484313,9 83 
2484681,6 64 368
2484888,02 74 189
2484888,02 61 189
2485697,82 150 
2485727,76 68 
2486537,22 92 
2486537,22 65 
2486552,59 103 
2486552,59 101 
2487089,02 100 
2487089,02 6
2487089,02 1925
2487089,02 10
2489058,86 25 
2490831,83 75 
2492039,41 72 
2492124,35 70 
2492623,55 80 
2493110,07 83 
2493494,2 64 385
2493523,12 256 
2493745,79 74 236
2493745,79 62 236
2496122,72 151 
2496150,69 69 
2496961,92 93 
2496974,75 103 
2496974,75 101 
2500514,22 100 
2500514,22 6
2500514,22 1925
2500514,22 10
2502493,06 25 
2502520,53 75 
2503728,49 72 
2503932,6 70 
2504442,78 80 
2504931,64 83 
2505297,36 64 366
2505513,97 74 196
2505513,97 61 196
2506321,68 153 
2506346,25 68 
2506856,7 92 
2506856,7 65 
2506877,11 103 
2506877,11 101 
2507411,57 100 
2507411,57 6
2507411,57 1925
2507411,57 10
2509383,43 25 
2511169,71 75 
2512378,28 72 
2512462,22 70 
2512959,56 80 
2513501,31 83 
2513941,35 64 441
2514178,87 74 225
2514178,87 62 225
2514589,99 151 
2514609,54 69 
2515617,49 93 
2515633,33 103 
2515633,33 101 
2519165,19 100 
2519165,19 6
2519165,19 1925
2519165,19 11
2521138,33 25 
2521165,43 75 
2522374,2 72 
2522457,88 70 
2522956,12 80 
2523390,32 83 
2523709,6 64 320
2523931,42 74 208
2523931,42 62 208
2524740,37 151 
2524764,99 69 
2525576,66 93 
2525589,01 103 
2525589,01 101 
2529140,49 100 
2529140,49 6
2529140,49 1925
2529140,49 11
2531107,44 25 
2531974,09 75 
2533183,68 72 
2533266,6 70 
2533757,86 80 
2534292,33 83 
2536146,87 64 1855
2536369,47 74 198
2536369,47 61 198
2536779,2 150 
2536799,73 68 
2537607,14 92 
2537607,14 65 
2537623,83 103 
2537623,83 101 
2538155,59 100 
2538155,59 6
2538155,59 1925
2538155,59 10
2540130,11 25 
2540463,69 75 
2541672,14 72 
2541756,24 70 
2542239,33 80 
2542675,35 83 
2543400,72 64 726
2543652,22 74 231
2543652,22 63 231
2544462,29 150 
2544489,01 68 
2545000,22 92 
2545000,22 65 
2545020,62 103 
2545020,62 101 
2545555,73 100 
2545555,73 6
2545555,73 1925
2545555,73 11
2547526,91 25 
2548913,45 75 
2550121,34 72 
2550205,86 70 
2550695,02 80 
2551191,63 83 
2551677,38 64 486
2551910,93 74 213
2551910,93 61 213
2552720,86 152 
2552753,05 69 
2553760,67 93 
2553776,83 103 
2553776,83 101 
2557316,19 100 
2557316,19 6
2557316,19 1925
2557316,19 10
2559295,15 25 
2559322,44 75 
2560530,73 72 
2560614,71 70 
2561107,74 80 
2561534,01 83 
2562782,4 64 1249
2562959,59 74 160
2562959,59 63 160
2563371,73 150 
2563401,7 68 
2564209,13 92 
2564209,13 65 
2564225,61 103 
2564225,61 101 
2564761,89 100 
2564761,89 6
2564761,89 1925
2564761,89 10
2566731,98 25 
2574768,85 75 
2575976,13 72 
2576061,34 70 
2576554,18 80 
2577033,78 83 
2577310,8 64 277
2577497,73 74 171
2577497,73 61 171
2578305,14 151 
2578327,69 69 
2579338,54 93 
2579352,44 103 
2579352,44 101 
2582884,83 100 
2582884,83 6
2582884,83 1925
2582884,83 10
2584857,48 25 
2584884,64 75 
2586091,96 72 
2586176,97 70 
2586674,03 80 
2587216,16 83 
2587510,18 64 295
2587687,67 74 152
2587687,67 63 152
2588098,04 150 
2588124,32 68 
2588576,49 249
2588863,92 173 
2589336,74 92 
2589336,74 65 
2589361,42 103 
2589361,42 101 
2593345,64 102 
