89,58 100 
89,58 6
89,58 1903
89,58 10
2029,36 25 
2054,41 75 
3262,21 72 
3599,81 70 
4417,47 80 
5186,18 83 
5453,17 64 267
5619,23 74 139
5619,23 61 139
6030,78 151 
6052,85 69 
6114,14 249 
6421,26 181 
7065,83 93 
7080,27 103 
7080,27 101 
10614,18 100 
10614,18 6
10614,18 1903
10614,18 11
12583,45 25 
12610,6 75 
13818,89 72 
14156,28 70 
14982,99 80 
15755,49 250 
15768,23 101 
17781,29 100 
17781,29 6
17781,29 1903
17781,29 11
17781,29 25 
17981,51 75 
19188,8 72 
19527,24 70 
20366,88 80 
21219,35 83 
21231,89 64 12
21437,16 74 191
21437,16 63 191
22249,86 151 
22274,26 69 
22642,63 249 
22758,67 183 
22784,34 93 
22804,93 103 
22804,93 101 
26338,24 100 
26338,24 6
26338,24 1903
26338,24 11
28310,01 25 
28337,13 75 
28388,14 250 
28402,1 101 
30415,8 100 
30415,8 6
30415,8 1903
30415,8 11
30415,8 25 
30442,04 75 
31649,43 72 
31935,25 70 
32623,47 80 
33160,91 83 
33494,12 64 334
33686,38 74 166
33686,38 61 166
34096,47 150 
34120,84 68 
35329,68 92 
35329,68 65 
35346,33 103 
35346,33 101 
35884,84 100 
35884,84 6
35884,84 1903
35884,84 10
37865,86 25 
37895,18 75 
39104,59 72 
39185,37 70 
39695,21 80 
40197,9 83 
40491,94 64 295
40650,5 74 145
40650,5 62 145
41459,58 151 
41479,45 69 
41843,79 249 
41990,43 93 
42010,06 103 
42010,06 101 
45545,04 100 
45545,04 6
45545,04 1903
45545,04 10
47515,21 25 
47542,73 75 
48750,31 72 
48834,66 70 
49332,09 80 
49873,73 83 
50127,89 64 255
50299,45 74 146
50299,45 61 146
50708,03 151 
50727,86 69 
51539,85 93 
51552,67 103 
51552,67 101 
55085,96 100 
55085,96 6
55085,96 1903
55085,96 11
57057,74 25 
57085,53 75 
58295,72 72 
58377,2 70 
58870,21 80 
59323,12 83 
60102,64 64 780
60135,88 256 
60504,51 74 382
60504,51 62 382
61314,25 153 
61337,52 68 
61681,17 249
61715,17 172 
61846,84 92 
61846,84 65 
61868,21 103 
61868,21 101 
62412,82 100 
62412,82 6
62412,82 1903
62412,82 10
64387,92 25 
64415,25 75 
65624,68 72 
65707,43 70 
66204,3 80 
66706,62 83 
66954,88 64 249
67136,53 74 164
67136,53 63 164
67546,4 150 
67574,17 68 
68087,65 92 
68087,65 65 
68105,61 103 
68105,61 101 
68638,84 100 
68638,84 6
68638,84 1903
68638,84 11
70612,88 25 
70639,24 75 
71844,89 72 
71933,29 70 
72429,9 80 
72877,2 83 
73581,03 64 704
73733,39 74 137
73733,39 62 137
74541,79 151 
74571,81 69 
74871,41 249 
75073,33 256 
75741,58 182 
76728,69 93 
76741,79 103 
76741,79 101 
80279,69 100 
80279,69 6
80279,69 1903
80279,69 10
82260,22 25 
82287,51 75 
83495,46 72 
83579,72 70 
84078,04 80 
84632,14 83 
84836,76 64 205
85001,38 74 143
85001,38 63 143
85812,25 150 
85833,55 68 
86644,41 92 
86644,41 65 
86670,9 103 
86670,9 101 
87213,98 100 
87213,98 6
87213,98 1903
87213,98 11
89190,62 25 
89430,86 75 
90638,61 72 
90723,4 70 
91217,78 80 
91762,41 83 
91888,76 64 127
92050,71 74 143
92050,71 62 143
92459,18 151 
92484,02 69 
93295,75 93 
93308,11 103 
93308,11 101 
96841,21 100 
96841,21 6
96841,21 1903
96841,21 10
98813,18 25 
98840,39 75 
100047,53 72 
100132,72 70 
100634,79 80 
101131,76 83 
101410,44 64 279
101558,62 74 134
101558,62 63 134
101970,61 152 
101999,2 69 
102432,39 249 
102509,14 93 
102530,78 103 
102530,78 101 
106064,37 100 
106064,37 6
106064,37 1903
106064,37 11
108035,83 25 
109035,73 75 
110245,88 72 
110328,34 70 
110826,08 80 
111274,09 83 
111524,26 64 251
111686,04 74 146
111686,04 62 146
112496,07 151 
112514,95 69 
112939,15 249 
113439,74 256 
114230,28 182 
115220,65 93 
115232,1 103 
115232,1 101 
118776,2 100 
118776,2 6
118776,2 1903
118776,2 11
120750,41 25 
120777,56 75 
120814,21 250 
120829,11 101 
122842,82 100 
122842,82 6
122842,82 1903
122842,82 11
122842,82 25 
122869,45 75 
124081,29 72 
124162,34 70 
124660,59 80 
125161,4 83 
126442,13 64 1281
126709,85 74 256
126709,85 61 256
127521,6 150 
127549,23 68 
128759,38 92 
128759,38 65 
128772,95 103 
128772,95 101 
129314,43 100 
129314,43 6
129314,43 1903
129314,43 10
131292,5 25 
131319,88 75 
132528,24 72 
132878,7 70 
133720,85 80 
134504,16 83 
134590,06 64 87
134769,54 74 159
134769,54 63 159
135182,52 150 
135212,48 68 
135723,33 92 
135723,33 65 
135743,17 103 
135743,17 101 
136275,68 100 
136275,68 6
136275,68 1903
136275,68 10
138249,6 25 
138276,6 75 
139485,44 72 
139568,99 70 
140069,28 80 
140608,3 83 
140836,38 64 228
140999,11 74 138
140999,11 63 138
141809,93 150 
141836,31 68 
142644,8 92 
142644,8 65 
142660,28 103 
142660,28 101 
143199,43 100 
143199,43 6
143199,43 1903
143199,43 11
145167,55 25 
145193,79 75 
146403,14 72 
146486,04 70 
146982,22 80 
147538,56 83 
148089,85 64 552
148249,19 74 138
148249,19 62 138
148659 151 
148685,86 69 
149027,31 249 
149573,8 256 
149745,65 182 
150730,48 93 
150750,08 103 
150750,08 101 
154286,07 100 
154286,07 6
154286,07 1903
154286,07 11
156255,17 25 
156282,39 75 
157489,55 72 
157574,64 70 
158072,75 80 
158520,48 83 
159055,29 64 535
159525,95 74 446
159525,95 63 446
160337,45 151 
160360,86 69 
161171,21 93 
161185,78 103 
161185,78 101 
164717,19 100 
164717,19 6
164717,19 1903
164717,19 10
166690,76 25 
166717,92 75 
167926,1 72 
168010,14 70 
168508,89 80 
169009,27 83 
169386,93 64 378
169551,91 74 143
169551,91 63 143
169959,78 150 
169984,41 68 
170793,56 92 
170793,56 65 
170808,3 103 
170808,3 101 
171351,53 100 
171351,53 6
171351,53 1903
171351,53 11
173327,8 25 
173674,76 75 
174884,07 72 
174967,22 70 
175461,64 80 
175913,08 83 
176594,39 64 682
176740,93 74 122
176740,93 62 122
177150,62 151 
177181,04 69 
177463,43 249 
177673,99 256 
178377,36 182 
179083,87 93 
179097,99 103 
179097,99 101 
182632,28 100 
182632,28 6
182632,28 1903
182632,28 10
184603,12 25 
184630,25 75 
185839,85 72 
185922,52 70 
186429,74 80 
186935,01 83 
187163,75 64 230
187335,66 74 148
187335,66 63 148
188143,31 150 
188163,23 68 
188974,55 92 
188974,55 65 
188987,11 103 
188987,11 101 
189527,69 100 
189527,69 6
189527,69 1903
189527,69 11
191506,67 25 
191533,85 75 
192740,85 72 
192826,36 70 
193319,44 80 
193865,34 83 
194298,02 64 433
194958,02 74 640
194958,02 61 640
195366,49 150 
195386,61 68 
196593,85 92 
196593,85 65 
196610,47 103 
196610,47 101 
197151,32 100 
197151,32 6
197151,32 1903
197151,32 11
199130,13 25 
199157,36 75 
200364,29 72 
200449,61 70 
200961,02 80 
201502,08 83 
201720,83 64 220
201890,63 74 149
201890,63 61 149
202701,66 150 
202730,38 68 
203539,94 92 
203539,94 65 
203554,38 103 
203554,38 101 
204086,74 100 
204086,74 6
204086,74 1903
204086,74 11
206060,52 25 
206087,61 75 
207293,85 72 
207380,07 70 
207883,52 80 
208379,08 83 
208646,91 64 269
208798,06 74 126
208798,06 61 126
209606,71 150 
209633,91 68 
209690,86 249
209873,78 171
210846,97 92 
210846,97 65 
210871,03 103 
210871,03 101 
211405 100 
211405 6
211405 1903
211405 10
213377,27 25 
213404,6 75 
214611,4 72 
214696,85 70 
215194,93 80 
215642,72 83 
215933,51 64 291
216091,69 74 143
216091,69 63 143
216499,92 152 
216524,12 69 
217050,03 249 
217257,06 183 
217533,11 93 
217548,15 103 
217548,15 101 
221095,92 100 
221095,92 6
221095,92 1903
221095,92 11
223066,44 25 
223094,1 75 
224301,96 72 
224386,1 70 
224885,08 80 
225425,14 83 
225608,51 64 183
225776,68 74 152
225776,68 61 152
226588,4 150 
226613,08 68 
226659,05 249
226842,06 171
227424,09 92 
227424,09 65 
227450,53 103 
227450,53 101 
227983,15 100 
227983,15 6
227983,15 1903
227983,15 10
229956,79 25 
230463,73 75 
231672,94 72 
231756,11 70 
232245,8 80 
232688,75 83 
233007,05 64 319
233178,72 74 158
233178,72 63 158
233587,61 150 
233610,17 68 
234121,94 92 
234121,94 65 
234140,99 103 
234140,99 101 
234674,46 100 
234674,46 6
234674,46 1903
234674,46 10
236647,42 25 
236807,69 75 
238017,74 72 
238366,67 70 
239208,37 80 
240032,18 83 
240146,38 64 114
240313,94 74 149
240313,94 63 149
241126,12 150 
241153,66 68 
242365,16 92 
242365,16 65 
242390,83 103 
242390,83 101 
242934,24 100 
242934,24 6
242934,24 1903
242934,24 10
244910,37 25 
245643,8 75 
246851,11 72 
247189,56 70 
248026,28 80 
248895,12 83 
249032,96 64 139
249206,74 74 153
249206,74 63 153
249617,27 150 
249643,38 68 
250059,43 249
250145,9 173 
250452,53 92 
250452,53 65 
250467,44 103 
250467,44 101 
251005,41 100 
251005,41 6
251005,41 1903
251005,41 10
252973,63 25 
253680,41 75 
254889,63 72 
255172,84 70 
255679,85 80 
256171,93 83 
256572,96 64 402
256736,99 74 152
256736,99 63 152
257144,83 150 
257173,38 68 
257682,47 92 
257682,47 65 
257704,21 103 
257704,21 101 
258235,99 100 
258235,99 6
258235,99 1903
258235,99 11
260210,56 25 
260237,7 75 
261446,11 72 
261530,06 70 
262032,63 80 
262475,92 83 
262691,41 64 216
262862,37 74 147
262862,37 61 147
263672,14 150 
263690,67 68 
264898,79 92 
264898,79 65 
264914,52 103 
264914,52 101 
265459,32 100 
265459,32 6
265459,32 1903
265459,32 11
267434,13 25 
267461,25 75 
268669,18 72 
268753,72 70 
269249,87 80 
269792,87 83 
270027,14 64 235
270213,61 74 168
270213,61 61 168
270622,42 150 
270647,74 68 
271159,42 92 
271159,42 65 
271178,48 103 
271178,48 101 
271710,76 100 
271710,76 6
271710,76 1903
271710,76 10
273685,65 25 
273712,11 75 
274921,21 72 
275004,32 70 
275504 80 
275950,24 83 
276247,94 64 299
276402,72 74 134
276402,72 63 134
277211,34 152 
277232,41 69 
277581,62 249 
277742,55 183 
278044,24 93 
278055,45 103 
278055,45 101 
281596,01 100 
281596,01 6
281596,01 1903
281596,01 10
283573,79 25 
283601,09 75 
284810,37 72 
284893,48 70 
285385,94 80 
285879,25 83 
286205,51 64 326
286422,27 74 197
286422,27 63 197
286834,22 150 
286854,09 68 
288066,53 92 
288066,53 65 
288091,2 103 
288091,2 101 
288632,69 100 
288632,69 6
288632,69 1903
288632,69 10
290610,79 25 
290957,82 75 
292166,66 72 
292252,07 70 
292752,66 80 
293302,76 83 
293552,86 64 251
293727,22 74 158
293727,22 63 158
294539,57 150 
294557,53 68 
295766,26 92 
295766,26 65 
295781,18 103 
295781,18 101 
296316,79 100 
296316,79 6
296316,79 1903
296316,79 10
298287,52 25 
298914,59 75 
300123,01 72 
300206,86 70 
300702,65 80 
301152,69 83 
301580,86 64 429
301753,47 74 148
301753,47 63 148
302163,07 150 
302194,3 68 
303001,88 92 
303001,88 65 
303018,18 103 
303018,18 101 
303551,7 100 
303551,7 6
303551,7 1903
303551,7 11
305524,4 25 
306324,49 75 
307531,41 72 
307617 70 
308110,26 80 
308616,06 83 
308824,38 64 208
308971,17 74 129
308971,17 61 129
309781,71 150 
309804,44 68 
310317,88 92 
310317,88 65 
310335,08 103 
310335,08 101 
310884,29 100 
310884,29 6
310884,29 1903
310884,29 11
312854,67 25 
312882,06 75 
314087,73 72 
314174,2 70 
314668,88 80 
315213,29 83 
315379,08 64 166
315532,72 74 134
315532,72 61 134
316344,41 150 
316374,7 68 
317183,83 92 
317183,83 65 
317198,88 103 
317198,88 101 
317732,31 100 
317732,31 6
317732,31 1903
317732,31 11
319705 25 
319732,28 75 
320941,61 72 
321024,59 70 
321526,85 80 
322010,51 83 
322423,19 64 413
322591,54 74 155
322591,54 61 155
323002,3 150 
323025,57 68 
323534,38 92 
323534,38 65 
323556,03 103 
323556,03 101 
324088,34 100 
324088,34 6
324088,34 1903
324088,34 11
326062,31 25 
326489,24 75 
327699,35 72 
327781,63 70 
328279,98 80 
328714,18 83 
329002,48 64 288
329149,41 74 129
329149,41 61 129
329556,79 150 
329582,4 68 
330792,56 92 
330792,56 65 
330806,3 103 
330806,3 101 
331346,2 100 
331346,2 6
331346,2 1903
331346,2 10
333325,97 25 
333499,57 75 
334709,5 72 
334792,1 70 
335292,4 80 
335737,74 83 
336014,23 64 277
336185,88 74 156
336185,88 63 156
336996,25 150 
337019,21 68 
337529,96 92 
337529,96 65 
337550 103 
337550 101 
338085,77 100 
338085,77 6
338085,77 1903
338085,77 11
340056,41 25 
343468,72 75 
344678,45 72 
344761,08 70 
345261,56 80 
345813,61 83 
346048,81 64 236
346212,36 74 146
346212,36 61 146
346622,36 150 
346641,77 68 
347453,56 92 
347453,56 65 
347479,11 103 
347479,11 101 
348013,13 100 
348013,13 6
348013,13 1903
348013,13 10
349985,61 25 
350412,31 75 
351618,75 72 
351704,78 70 
352201,84 80 
352703,83 83 
352898,86 64 196
353066,76 74 151
353066,76 63 151
353877,08 150 
353905,5 68 
355118,41 92 
355118,41 65 
355142,64 103 
355142,64 101 
355684,36 100 
355684,36 6
355684,36 1903
355684,36 10
357662,05 25 
358342,14 75 
359553,28 72 
359887,87 70 
360579,45 80 
361260,2 83 
361358,83 64 99
361543,74 74 164
361543,74 63 164
362353,74 150 
362381,67 68 
363593,32 92 
363593,32 65 
363618,8 103 
363618,8 101 
364152,85 100 
364152,85 6
364152,85 1903
364152,85 11
366125,16 25 
366951,83 75 
368160,83 72 
368444,26 70 
369127,29 80 
369723,22 83 
369876,2 64 153
370029,04 74 133
370029,04 61 133
370441,76 150 
370471,55 68 
371279,1 92 
371279,1 65 
371295,52 103 
371295,52 101 
371831,87 100 
371831,87 6
371831,87 1903
371831,87 11
373801,84 25 
374308,62 75 
375518,49 72 
375601,18 70 
376109,47 80 
376560,31 83 
376782,41 64 222
376929,89 74 130
376929,89 61 130
377340,8 150 
377361,79 68 
377874,29 92 
377874,29 65 
377892,74 103 
377892,74 101 
378431,4 100 
378431,4 6
378431,4 1903
378431,4 11
380412,37 25 
381252,28 75 
382461,25 72 
382544,93 70 
383051,21 80 
383543,93 83 
383773,77 64 231
383943,19 74 146
383943,19 61 146
384752,64 150 
384772,24 68 
385981,72 92 
385981,72 65 
386009,2 103 
386009,2 101 
386543,71 100 
386543,71 6
386543,71 1903
386543,71 10
388515,53 25 
389035,78 75 
390245,17 72 
390328,13 70 
390829,61 80 
391367,3 83 
391551,25 64 184
391727,92 74 161
391727,92 63 161
392140,2 150 
392168,92 68 
392679,82 92 
392679,82 65 
392699,79 103 
392699,79 101 
393232,07 100 
393232,07 6
393232,07 1903
393232,07 11
395206,03 25 
398271,76 75 
399481,48 72 
399564,19 70 
400066,35 80 
400510,15 83 
400996,5 64 487
401178,08 74 162
401178,08 61 162
401991,34 150 
402018,28 68 
402831,41 92 
402831,41 65 
402855,36 103 
402855,36 101 
403403,8 100 
403403,8 6
403403,8 1903
403403,8 10
405375,15 25 
405402,68 75 
406611,11 72 
406694,61 70 
407196,22 80 
407640,37 83 
407828,93 64 189
408016,36 74 163
408016,36 63 163
408826,22 152 
408855,95 69 
409120,3 249 
409207,2 183 
409366,12 93 
409385,89 103 
409385,89 101 
412917,98 100 
412917,98 6
412917,98 1903
412917,98 10
414891,02 25 
414917,99 75 
416127,27 72 
416210,34 70 
416717,19 80 
417262,82 83 
417495,71 64 234
417661,06 74 146
417661,06 63 146
418072,36 150 
418091,2 68 
418902,81 92 
418902,81 65 
418928,4 103 
418928,4 101 
419463,85 100 
419463,85 6
419463,85 1903
419463,85 11
421434,71 25 
421461,91 75 
422670,26 72 
422754,25 70 
423253,05 80 
423753,48 83 
423846,93 64 94
423989,54 74 130
423989,54 61 130
424798,59 150 
424821,61 68 
426030,04 92 
426030,04 65 
426045,4 103 
426045,4 101 
426586,29 100 
426586,29 6
426586,29 1903
426586,29 10
428565,01 25 
428805,22 75 
430014,46 72 
430097,8 70 
430598,1 80 
431043,66 83 
431398,58 64 355
431571,32 74 155
431571,32 63 155
431981,42 150 
432005,4 68 
432517,84 92 
432517,84 65 
432536,18 103 
432536,18 101 
433073,32 100 
433073,32 6
433073,32 1903
433073,32 10
435042,34 25 
436175,52 75 
437384,33 72 
437467,92 70 
437976,75 80 
438480,56 83 
438616,98 64 137
438805,03 74 165
438805,03 63 165
439613,43 150 
439641,93 68 
440451,62 92 
440451,62 65 
440465,87 103 
440465,87 101 
441000,37 100 
441000,37 6
441000,37 1903
441000,37 10
442972,18 25 
444105,29 75 
445314,57 72 
445397,97 70 
445901,08 80 
446437,05 83 
446632,69 64 197
446806,75 74 157
446806,75 63 157
447219,13 150 
447238,87 68 
448449,23 92 
448449,23 65 
448475,71 103 
448475,71 101 
449021,89 100 
449021,89 6
449021,89 1903
449021,89 11
450996,15 25 
452022,02 75 
453228,7 72 
453314,49 70 
453819,47 80 
454326,94 83 
454460,37 64 134
454634,57 74 161
454634,57 61 161
455445,11 152 
455475,18 69 
455893,05 249 
456073,67 181 
456879,73 93 
456898,81 103 
456898,81 101 
460431,09 100 
460431,09 6
460431,09 1903
460431,09 11
462403,82 25 
462431,17 75 
463638,2 72 
463725,22 70 
464222,09 80 
464775,82 83 
464847,97 64 73
465008,18 74 140
465008,18 61 140
465418,7 150 
465444,32 68 
466253,91 92 
466253,91 65 
466268,15 103 
466268,15 101 
466805,21 100 
466805,21 6
466805,21 1903
466805,21 11
468774,53 25 
468801,5 75 
470011,3 72 
470360,56 70 
471040,8 80 
471599,61 83 
471812,89 64 214
471967,97 74 142
471967,97 61 142
472777,76 150 
472800,96 68 
473307,89 92 
473307,89 65 
473331,81 103 
473331,81 101 
473872,22 100 
473872,22 6
473872,22 1903
473872,22 11
475851,47 25 
475878,6 75 
477087,54 72 
477170,95 70 
477661,98 80 
478196,65 83 
478343,44 64 147
478498,67 74 130
478498,67 61 130
478909,29 150 
478931,73 68 
480139,71 92 
480139,71 65 
480155,55 103 
480155,55 101 
480689,18 100 
480689,18 6
480689,18 1903
480689,18 10
482661,83 25 
483355,15 75 
484562,84 72 
484647,69 70 
485146,75 80 
485593,55 83 
485839,05 64 246
486019,8 74 161
486019,8 63 161
486828,15 150 
486848,26 68 
487360,29 92 
487360,29 65 
487379,08 103 
487379,08 101 
487910,91 100 
487910,91 6
487910,91 1903
487910,91 10
489885,51 25 
489912,5 75 
491122,18 72 
491204,86 70 
491710,34 80 
492204,08 83 
492558,91 64 356
492726,72 74 150
492726,72 61 150
493136,01 151 
493165,65 69 
493975,24 93 
493989,55 103 
493989,55 101 
497539,69 100 
497539,69 6
497539,69 1903
497539,69 11
499507,91 25 
499535,15 75 
500743,49 72 
500827,52 70 
501331,7 80 
501866,54 83 
502038,69 64 173
502207,82 74 155
502207,82 61 155
503015,71 150 
503041,45 68 
504255,48 92 
504255,48 65 
504278,48 103 
504278,48 101 
504811,46 100 
504811,46 6
504811,46 1903
504811,46 10
506784,84 25 
507371,62 75 
508579,97 72 
508664,19 70 
509158,6 80 
509609,87 83 
509840,18 64 231
510001,87 74 139
510001,87 63 139
510412,69 150 
510438,08 68 
511248,49 92 
511248,49 65 
511275,43 103 
511275,43 101 
511809,05 100 
511809,05 6
511809,05 1903
511809,05 11
513782 25 
513809,02 75 
515015,38 72 
515101,32 70 
515599,8 80 
516100,4 83 
516351,24 64 251
516522,86 74 157
516522,86 63 157
517335,61 151 
517355,43 69 
517705,92 249 
517763,06 183 
518303,12 256 
519497,18 93 
519511,94 103 
519511,94 101 
523053,79 100 
523053,79 6
523053,79 1903
523053,79 10
525030,31 25 
525057,8 75 
526265,45 72 
526349,84 70 
526846,57 80 
527348,98 83 
528384,02 64 1036
528548,68 74 148
528548,68 63 148
528958,82 150 
528977,01 68 
529784,94 92 
529784,94 65 
529800,89 103 
529800,89 101 
530337,54 100 
530337,54 6
530337,54 1903
530337,54 11
532307,25 25 
532694,03 75 
533902,48 72 
533986,66 70 
534481,95 80 
535025,88 83 
535136,82 64 112
535284,47 74 126
535284,47 61 126
535695,26 150 
535720,49 68 
536929,02 92 
536929,02 65 
536944,5 103 
536944,5 101 
537477,04 100 
537477,04 6
537477,04 1903
537477,04 11
539450,87 25 
539479,23 75 
540689 72 
540770,31 70 
541274,77 80 
541716,1 83 
541902,66 64 186
542077,78 74 163
542077,78 61 163
542887,28 150 
542917,41 68 
543428,81 92 
543428,81 65 
543448,51 103 
543448,51 101 
543992,34 100 
543992,34 6
543992,34 1903
543992,34 10
545968,12 25 
546634,78 75 
547843,55 72 
547927,27 70 
548424,63 80 
548913,07 83 
549129,66 64 218
549294,56 74 142
549294,56 63 142
550103,67 152 
550127,9 69 
550552,64 249 
550635,74 93 
550645,23 103 
550645,23 101 
554178,03 100 
554178,03 6
554178,03 1903
554178,03 10
556150,35 25 
556177,51 75 
557384,94 72 
557469,9 70 
557964,02 80 
558415,56 83 
558704,98 64 290
558866,69 74 145
558866,69 63 145
559275,49 150 
559297,22 68 
560508,21 92 
560508,21 65 
560534,39 103 
560534,39 101 
561072,19 100 
561072,19 6
561072,19 1903
561072,19 11
563040,75 25 
564560,44 75 
565768,84 72 
565852,84 70 
566349,15 80 
566905,28 83 
567142,34 64 237
567288,57 74 130
567288,57 61 130
567696,44 150 
567720,33 68 
568228,63 92 
568228,63 65 
568251,08 103 
568251,08 101 
568792,88 100 
568792,88 6
568792,88 1903
568792,88 10
570770,74 25 
570798,07 75 
572007,32 72 
572356,93 70 
573192,91 80 
573972,56 250 
573981,81 101 
575995,17 100 
575995,17 6
575995,17 1903
575995,17 10
575995,17 25 
576023,38 75 
577230,73 72 
577567,93 70 
578439,55 80 
579246,75 83 
579607,22 64 361
579801,94 74 169
579801,94 63 169
580610,24 150 
580634,64 68 
581842,44 92 
581842,44 65 
581858,55 103 
581858,55 101 
582393,93 100 
582393,93 6
582393,93 1903
582393,93 11
584364,82 25 
585204,95 75 
586412,52 72 
586697,28 70 
587376,26 80 
587883,05 83 
588110,49 64 228
588254,11 74 118
588254,11 61 118
588665,34 150 
588684,7 68 
589493,64 92 
589493,64 65 
589508,6 103 
589508,6 101 
590042,51 100 
590042,51 6
590042,51 1903
590042,51 10
592014,85 25 
592055,57 75 
593262,16 72 
593347,78 70 
593842,68 80 
594386,96 83 
594685,03 64 299
594855,56 74 149
594855,56 63 149
595663,28 150 
595681,61 68 
596192,96 92 
596192,96 65 
596212,34 103 
596212,34 101 
596758,79 100 
596758,79 6
596758,79 1903
596758,79 10
598732,07 25 
599718,57 75 
600928,64 72 
601011,14 70 
601503,16 80 
601996,96 83 
602224,4 64 228
602386,62 74 136
602386,62 63 136
602798,13 150 
602826,11 68 
603226,77 249
603291,37 173 
603337,3 92 
603337,3 65 
603355,95 103 
603355,95 101 
603888,71 100 
603888,71 6
603888,71 1903
603888,71 11
605862,27 25 
607062,14 75 
608271,47 72 
608356,31 70 
608857,24 80 
609393,73 83 
609727,05 64 334
609881,94 74 141
609881,94 61 141
610693,73 150 
610715,25 68 
611926,85 92 
611926,85 65 
611952,34 103 
611952,34 101 
612486,6 100 
612486,6 6
612486,6 1903
612486,6 10
614458,53 25 
615978,53 75 
617187,53 72 
617270,86 70 
617769,06 80 
618216,73 83 
618716,34 64 500
618934,19 74 198
618934,19 63 198
619745,92 152 
619777,09 69 
620102,93 249 
620145,83 256 
620602,32 183 
621342,1 93 
621361,61 103 
621361,61 101 
624901,5 100 
624901,5 6
624901,5 1903
624901,5 11
626879,99 25 
626907,61 75 
628115,26 72 
628199,42 70 
628700,03 80 
629198,71 83 
629424,99 64 226
629584,17 74 146
629584,17 61 146
629993,77 150 
630013,75 68 
630823,42 92 
630823,42 65 
630837,48 103 
630837,48 101 
631373,93 100 
631373,93 6
631373,93 1903
631373,93 11
633343,91 25 
633730,67 75 
634941,66 72 
635023,17 70 
635520,48 80 
635969 83 
636228,21 64 260
636377,56 74 129
636377,56 61 129
636790,08 150 
636810,72 68 
637320,37 92 
637320,37 65 
637341,42 103 
637341,42 101 
637874,6 100 
637874,6 6
637874,6 1903
637874,6 10
639847,72 25 
639888,35 75 
641096,01 72 
641180,6 70 
641686,73 80 
642246,34 83 
642408,22 64 162
642582,42 74 150
642582,42 63 150
643391,18 150 
643421,08 68 
644630,36 92 
644630,36 65 
644644,89 103 
644644,89 101 
645187,63 100 
645187,63 6
645187,63 1903
645187,63 11
647164,67 25 
647604,76 75 
648812,69 72 
648897,22 70 
649399,29 80 
649896,44 83 
650081 64 185
650228,96 74 133
650228,96 61 133
651041,07 150 
651071,13 68 
651882,03 92 
651882,03 65 
651908,49 103 
651908,49 101 
652440,89 100 
652440,89 6
652440,89 1903
652440,89 10
654414,76 25 
656694,24 75 
657901,35 72 
657986,73 70 
658484,07 80 
658932,61 83 
659154,18 64 222
659325,94 74 154
659325,94 63 154
659735,96 150 
659760,75 68 
660270,1 92 
660270,1 65 
660291,62 103 
660291,62 101 
660831,05 100 
660831,05 6
660831,05 1903
660831,05 10
662811,2 25 
662838,38 75 
664049,01 72 
664130,65 70 
664631,43 80 
665169,97 83 
665315,69 64 147
665519,67 74 191
665519,67 63 191
665928,26 150 
665958,07 68 
667167,18 92 
667167,18 65 
667181,99 103 
667181,99 101 
667724,06 100 
667724,06 6
667724,06 1903
667724,06 11
669701,55 25 
669728,9 75 
670936,43 72 
671021,11 70 
671520,53 80 
672060,18 83 
672280,32 64 220
672422,69 74 123
672422,69 61 123
673232,45 150 
673261,8 68 
674473,98 92 
674473,98 65 
674498,84 103 
674498,84 101 
675034,85 100 
675034,85 6
675034,85 1903
675034,85 11
677005,12 25 
678271,68 75 
679480,36 72 
679564,13 70 
680067,89 80 
680563,37 83 
680670,56 64 107
680819,68 74 137
680819,68 61 137
681229,41 150 
681258,27 68 
681769,69 92 
681769,69 65 
681789,04 103 
681789,04 101 
682322,78 100 
682322,78 6
682322,78 1903
682322,78 11
684295,28 25 
686055 75 
687264,39 72 
687600,85 70 
688438,37 80 
689199,5 83 
689208,72 64 9
689233,99 74 8
689233,99 61 8
690043,3 150 
690067,88 68 
690878,14 92 
690878,14 65 
690891,91 103 
690891,91 101 
691438,17 100 
691438,17 6
691438,17 1903
691438,17 10
693411,41 25 
693585,15 75 
694791,91 72 
695077,53 70 
695760,7 80 
696356,52 83 
696583,57 64 227
696746,68 74 137
696746,68 63 137
697555,62 150 
697584,58 68 
698392,95 92 
698392,95 65 
698408,67 103 
698408,67 101 
698940,22 100 
698940,22 1
698940,22 1903
698940,22 11
698940,22 78 
698940,22 198 
700914,82 25 
701888,15 75 
703097,63 72 
703180,66 70 
703680,17 80 
704166,59 83 
704375,89 64 210
704518,85 74 127
704518,85 61 127
704931,62 151 
704954,75 69 
705462,69 93 
705472,34 103 
705472,34 101 
709006,21 100 
709006,21 1
709006,21 1903
709006,21 10
710977,36 25 
712430,25 75 
713637,01 72 
713722,77 70 
714227,56 80 
714655,46 83 
714968,09 64 313
715136,51 74 148
715136,51 63 148
715945,93 151 
715976,72 69 
716502,54 249 
716590,4 183 
716988,93 93 
717000,55 103 
717000,55 101 
720538,76 100 
720538,76 1
720538,76 1903
720538,76 11
722518,99 25 
724171,97 75 
725380,71 72 
725464,5 70 
725955,25 80 
726503,65 83 
726827,33 64 324
727029,93 74 181
727029,93 61 181
727438,15 153 
727465,07 68 
728677,27 92 
728677,27 65 
728702,29 103 
728702,29 101 
729237,87 100 
729237,87 1
729237,87 1903
729237,87 10
731208,54 25 
731235,72 75 
732443,24 72 
732528,03 70 
733035,92 80 
733487,22 83 
733903,22 64 416
734091,59 74 165
734091,59 63 165
734901,07 151 
734928,57 69 
735263,4 249 
735339,07 183 
735439,06 93 
735459,4 103 
735459,4 101 
738992,58 100 
738992,58 1
738992,58 1903
738992,58 10
740964,3 25 
740991,64 75 
742197,56 72 
742283,91 70 
742789,73 80 
743282,97 83 
745057,32 64 1775
745253,24 74 171
745253,24 62 171
745663,22 151 
745683,96 69 
746077,01 249 
746424,02 182 
746694,56 93 
746707,85 103 
746707,85 101 
750252,22 100 
750252,22 1
750252,22 1903
750252,22 10
752226,14 25 
753279,45 75 
754489,5 72 
754572,08 70 
755072,34 80 
755517,81 83 
756601,78 64 1085
756908,91 74 286
756908,91 61 286
757318,32 150 
757345,42 68 
758154,26 92 
758154,26 65 
758169,72 103 
758169,72 101 
758703,58 100 
758703,58 1
758703,58 1903
758703,58 11
760676,01 25 
760703 75 
761912,18 72 
761995,41 70 
762491 80 
763034,5 83 
765095,82 64 2062
765364,65 74 252
765364,65 62 252
766175,36 150 
766195,25 68 
766537,43 249
766572,87 172 
766709,83 92 
766709,83 65 
766725,98 103 
766725,98 101 
767263,54 100 
767263,54 1
767263,54 1903
767263,54 10
769245,67 25 
769272,89 75 
770482,85 72 
770565,06 70 
771066,76 80 
771564,2 83 
771883,51 64 319
772084,07 74 187
772084,07 62 187
772894,18 153 
772925,47 68 
773251,3 249
773290,02 172 
774135,62 92 
774135,62 65 
774149,38 103 
774149,38 101 
774690,43 100 
774690,43 1
774690,43 1903
774690,43 10
776669,09 25 
776696,25 75 
777904,92 72 
777988,66 70 
778486,7 80 
778934,35 83 
779243,09 64 309
779396,36 74 129
779396,36 62 129
779807,15 151 
779828,56 69 
780156,71 249 
780372,49 256 
781906,51 93 
781919,4 103 
781919,4 101 
785452,3 100 
785452,3 1
785452,3 1903
785452,3 11
787424,38 25 
787452,33 75 
788660,1 72 
788743,92 70 
789243,09 80 
789743,13 83 
789980,74 64 239
790319,27 74 323
790319,27 61 323
791130,63 151 
791157,15 69 
792241,72 93 
792261,62 103 
792261,62 101 
795796,02 100 
795796,02 1
795796,02 1903
795796,02 10
797766,76 25 
797793,81 75 
799000,85 72 
799339,47 70 
800178,28 80 
801058,33 83 
802383,75 64 1326
803355,95 74 952
803355,95 61 952
803764,74 150 
803792,34 68 
804692,34 92 
804692,34 65 
804709,8 103 
804709,8 101 
805258,57 100 
805258,57 1
805258,57 1903
805258,57 11
807229,19 25 
807709,67 75 
808917,77 72 
809255,24 70 
809938,41 80 
810547,53 83 
810998,42 64 451
811314,44 74 301
811314,44 62 301
812122,9 150 
812148,84 68 
812472 249
812505,19 172 
813358,26 92 
813358,26 65 
813373,79 103 
813373,79 101 
813905,95 100 
813905,95 1
813905,95 1903
813905,95 11
815879,03 25 
816439,06 75 
817645,97 72 
817931,49 70 
818622,17 80 
819183,79 83 
819430,47 64 247
819576,85 74 127
819576,85 62 127
819988,72 150 
820011,25 68 
820343,55 249
820376,51 172 
820518,92 92 
820518,92 65 
820542,78 103 
820542,78 101 
821079,13 100 
821079,13 1
821079,13 1903
821079,13 10
823049,15 25 
823078,82 75 
824287,76 72 
824368,62 70 
824867,85 80 
825407,76 83 
825483,41 64 76
825617,82 74 118
825617,82 61 118
826030,68 150 
826049,6 68 
826861,71 92 
826861,71 65 
826886,76 103 
826886,76 101 
827426,49 100 
827426,49 1
827426,49 1903
827426,49 11
829406,48 25 
829433,66 75 
830642,95 72 
830725,98 70 
831221,97 80 
831765,3 83 
831941,09 64 176
831972 256 
831983,77 74 19
831983,77 62 19
832794,6 150 
832820 68 
833111,78 249
833175,57 172 
833329,06 92 
833329,06 65 
833350,66 103 
833350,66 101 
833889,73 100 
833889,73 1
833889,73 1903
833889,73 11
835857,23 25 
836763,63 75 
837972,21 72 
838056,15 70 
838565,66 80 
839015,37 83 
839267,51 64 252
839415,38 74 134
839415,38 62 134
840226,9 150 
840255,87 68 
840543,71 249
840606,09 172 
841485,71 92 
841485,71 65 
841507,2 103 
841507,2 101 
842039,98 100 
842039,98 1
842039,98 1903
842039,98 11
844013,43 25 
844960,19 75 
846169,23 72 
846252,56 70 
846745,73 80 
847251,83 83 
847433,99 64 183
847550,41 74 99
847550,41 62 99
847961,8 152 
847986,72 69 
848273,26 249 
848868,59 182 
849029,32 256 
850571,04 93 
850583,34 103 
850583,34 101 
854127 100 
854127 1
854127 1903
854127 10
856101,58 25 
858688,45 75 
859896,57 72 
859980,09 70 
860481,81 80 
860925,86 83 
861328,66 64 404
861538,01 74 186
861538,01 61 186
861948,88 150 
861966,81 68 
863179,72 92 
863179,72 65 
863204,58 103 
863204,58 101 
863738,15 100 
863738,15 1
863738,15 1903
863738,15 11
865710,85 25 
865977,84 75 
867185,93 72 
867270,26 70 
867767,71 80 
868269,39 83 
868511,36 64 242
868661,7 74 127
868661,7 62 127
869469,86 150 
869497,74 68 
869834,68 249
869861,91 172 
870307,54 92 
870307,54 65 
870321,46 103 
870321,46 101 
870858,92 100 
870858,92 1
870858,92 1903
870858,92 10
872841,15 25 
872881,83 75 
874090,92 72 
874174,09 70 
874669,03 80 
875213,11 83 
875272,59 64 60
875417,86 74 126
875417,86 61 126
876229,68 150 
876253,81 68 
876764,27 92 
876764,27 65 
876785,39 103 
876785,39 101 
877325,49 100 
877325,49 1
877325,49 1903
877325,49 10
879305,02 25 
880331,72 75 
881538,73 72 
881624,22 70 
882119 80 
882569,9 83 
882858,04 64 289
883012,86 74 137
883012,86 61 137
883422,84 150 
883451,42 68 
884258,72 92 
884258,72 65 
884275,5 103 
884275,5 101 
884808,49 100 
884808,49 1
884808,49 1903
884808,49 10
886781,77 25 
887395,26 75 
888602,23 72 
888687,76 70 
889186,1 80 
889686,82 83 
889975,85 64 290
890120 74 127
890120 61 127
890532,86 150 
890555,21 68 
890697,45 249
890852,85 171
891067,12 92 
891067,12 65 
891085,99 103 
891085,99 101 
891618,93 100 
891618,93 1
891618,93 1903
891618,93 11
893592,3 25 
893619,65 75 
894827,9 72 
894911,76 70 
895404,42 80 
895950,86 83 
895988,82 64 39
896107,87 74 104
896107,87 62 104
896917,36 150 
896939,06 68 
897228,33 249
897326,73 172 
898150,02 92 
898150,02 65 
898176,34 103 
898176,34 101 
898725,16 100 
898725,16 1
898725,16 1903
898725,16 11
900696 25 
900723,81 75 
901930,26 72 
902015,35 70 
902524,11 80 
903027,96 83 
903152,72 64 126
903324,07 74 150
903324,07 62 150
904136,39 150 
904161,9 68 
904437,7 249
904521,98 172 
904978,3 92 
904978,3 65 
905000,04 103 
905000,04 101 
905546,2 100 
905546,2 1
905546,2 1903
905546,2 10
907519,55 25 
909265,79 75 
910472,72 72 
910558,43 70 
911056,82 80 
911490,96 83 
911704,01 64 214
911877,86 74 161
911877,86 61 161
912291,65 150 
912319,16 68 
912828,22 92 
912828,22 65 
912849,88 103 
912849,88 101 
913385,72 100 
913385,72 1
913385,72 1903
913385,72 11
915356,28 25 
916382,79 75 
917592,54 72 
917675,29 70 
918197,64 80 
918754,45 83 
918951,42 64 197
919117,64 74 150
919117,64 62 150
919531,44 150 
919556,05 68 
919857,4 249
920064,14 172 
920767,47 92 
920767,47 65 
920779,81 103 
920779,81 101 
921320,39 100 
921320,39 1
921320,39 1903
921320,39 10
923300,3 25 
928511,08 75 
929722,26 72 
929803,39 70 
930304,05 80 
930855,97 83 
931007,65 64 152
931160,74 74 132
931160,74 61 132
931970,78 150 
931990,12 68 
932500,76 92 
932500,76 65 
932521,48 103 
932521,48 101 
933058,56 100 
933058,56 1
933058,56 1903
933058,56 11
935027,78 25 
935588,07 75 
936794,91 72 
936880,44 70 
937389,98 80 
937892,87 83 
938054,55 64 162
938196,15 74 117
938196,15 62 117
938605,85 150 
938628,04 68 
938921,1 249
938968,34 172 
939841,16 92 
939841,16 65 
939865,08 103 
939865,08 101 
940397,47 100 
940397,47 1
940397,47 1903
940397,47 10
942371,3 25 
943531,25 75 
944740,19 72 
944823,7 70 
945321,09 80 
945769,53 83 
945950,11 64 181
946092,13 74 123
946092,13 61 123
946902,93 152 
946930,24 69 
947439,43 93 
947461,73 103 
947461,73 101 
951006,73 100 
951006,73 1
951006,73 1903
951006,73 10
952980,01 25 
953007,56 75 
954216,74 72 
954299,72 70 
954797,44 80 
955232,34 83 
955472,13 64 240
955654,25 74 169
955654,25 61 169
956463,57 150 
956486,87 68 
957698,85 92 
957698,85 65 
957723,96 103 
957723,96 101 
958257,24 100 
958257,24 1
958257,24 1903
958257,24 11
960230,37 25 
960630,58 75 
961840,62 72 
961923,04 70 
962416,5 80 
962922,16 83 
963154,51 64 232
963314,03 74 139
963314,03 62 139
963722,29 150 
963751,34 68 
964024,22 249
964123,67 172 
964560,65 92 
964560,65 65 
964574,41 103 
964574,41 101 
965110,15 100 
965110,15 1
965110,15 1903
965110,15 10
967080,72 25 
967134,34 75 
968343,9 72 
968426,9 70 
968938,98 80 
969492,59 83 
969503,95 64 12
969645,04 74 126
969645,04 61 126
970454,43 150 
970480,89 68 
970991,48 92 
970991,48 65 
971011,63 103 
971011,63 101 
971550,81 100 
971550,81 1
971550,81 1903
971550,81 10
973531,39 25 
977436,68 75 
978642,96 72 
978729,07 70 
979228,65 80 
979728,32 83 
979956,18 64 228
980140,92 74 160
980140,92 61 160
980553,25 150 
980583,13 68 
981791,47 92 
981791,47 65 
981807,01 103 
981807,01 101 
982339,97 100 
982339,97 1
982339,97 1903
982339,97 11
984313,35 25 
985193,31 75 
986403,68 72 
986487,51 70 
986988,2 80 
987431,79 83 
987665,49 64 234
987846,47 74 162
987846,47 62 162
988256,16 150 
988286,56 68 
988589,97 249
988624,21 172 
988798,32 92 
988798,32 65 
988817,31 103 
988817,31 101 
989351,03 100 
989351,03 1
989351,03 1903
989351,03 11
991324,56 25 
993389,97 75 
994597,39 72 
994682,46 70 
995173,17 80 
995721,41 83 
995887,26 64 166
996053,68 74 146
996053,68 62 146
996862,53 150 
996883,07 68 
997237,67 256 
997242,82 249
997298,04 172 
998100,97 92 
998100,97 65 
998120 103 
998120 101 
998669,36 100 
998669,36 1
998669,36 1903
998669,36 11
1000639,65 25 
1000706,82 75 
1000765,36 250 
1000771,69 101 
1002785,34 100 
1002785,34 1
1002785,34 1903
1002785,34 11
1002785,34 25 
1008902,42 75 
1009012,49 250 
1009021,55 101 
1011035,12 100 
1011035,12 1
1011035,12 1903
1011035,12 11
1011035,12 25 
1011101,53 75 
1012311,33 72 
1012394,67 70 
1012892,85 80 
1013393,81 83 
1013513,97 64 121
1013660,3 256 
1013683,94 74 144
1013683,94 62 144
1014096,65 150 
1014115,6 68 
1014406,25 249
1014626,3 92 
1014626,3 65 
1014646,24 103 
1014646,24 101 
1015180,57 100 
1015180,57 1
1015180,57 1903
1015180,57 10
1017152,58 25 
1017779,39 75 
1018988,24 72 
1019325,15 70 
1020010,72 80 
1020724,02 83 
1020800,65 64 77
1020824,29 256 
1021921,02 74 1104
1021921,02 61 1104
1022733,22 150 
1022750,95 68 
1023170,71 249
1023243,98 171
1023559,39 92 
1023559,39 65 
1023575,76 103 
1023575,76 101 
1024109,7 100 
1024109,7 1
1024109,7 1903
1024109,7 11
1026082,18 25 
1032106,45 75 
1032126 250 
1032144,93 101 
1034158,65 100 
1034158,65 1
1034158,65 1903
1034158,65 11
1034158,65 25 
1034185,01 75 
1035393,9 72 
1035678,09 70 
1036354,09 80 
1036863,79 83 
1037130,67 64 267
1037295,38 74 152
1037295,38 62 152
1038103,76 150 
1038131,81 68 
1038409,01 249
1038477,94 172 
1039339,37 92 
1039339,37 65 
1039355,62 103 
1039355,62 101 
1039896,26 100 
1039896,26 1
1039896,26 1903
1039896,26 10
1041875,25 25 
1042062,29 75 
1043271,95 72 
1043354,83 70 
1043851,44 80 
1044353,86 83 
1044576,25 64 223
1044735,15 74 142
1044735,15 61 142
1045145,35 150 
1045167,99 68 
1046376,43 92 
1046376,43 65 
1046392,71 103 
1046392,71 101 
1046929,51 100 
1046929,51 1
1046929,51 1903
1046929,51 11
1048899,76 25 
1049912,25 75 
1051119,05 72 
1051204,64 70 
1051704,65 80 
1052243,83 83 
1052381,81 64 139
1052558,22 74 155
1052558,22 62 155
1053368,69 152 
1053391,92 69 
1053729,24 249 
1053949,67 256 
1054113,88 182 
1055256,57 93 
1055268,79 103 
1055268,79 101 
1058801,91 100 
1058801,91 1
1058801,91 1903
1058801,91 10
1060773,9 25 
1070777,13 254 
1070795,38 101 
1072807,96 100 
1072807,96 1
1072807,96 1903
1072807,96 10
1072807,96 25 
1072835,73 75 
1073829,1 250 
1073847,02 101 
1075860,8 100 
1075860,8 1
1075860,8 1903
1075860,8 10
1075860,8 25 
1076313,47 75 
1077523,8 72 
1077606,85 70 
1078101,43 80 
1078552,49 83 
1078707,57 64 155
1078878,48 74 153
1078878,48 61 153
1079289,93 150 
1079315,02 68 
1080124,19 92 
1080124,19 65 
1080138,2 103 
1080138,2 101 
1080681,29 100 
1080681,29 1
1080681,29 1903
1080681,29 11
1082657,8 25 
1082685,02 75 
1083893,91 72 
1083977,35 70 
1084478,59 80 
1085029,75 83 
1085137,22 64 108
1085156,39 256 
1085183,27 74 34
1085183,27 62 34
1085590,04 150 
1085618,3 68 
1085900,3 249
1085965,33 172 
1086829,49 92 
1086829,49 65 
1086855,33 103 
1086855,33 101 
1087387,71 100 
1087387,71 1
1087387,71 1903
1087387,71 11
1089361,6 25 
1090375,06 75 
1091584,6 72 
1091667,4 70 
1092158,58 80 
1092639,87 83 
1092740,37 64 100
1092902,47 74 143
1092902,47 62 143
1093713,86 150 
1093734,59 68 
1094024,51 249
1094133,23 172 
1094243,19 92 
1094243,19 65 
1094265,4 103 
1094265,4 101 
1094800,81 100 
1094800,81 1
1094800,81 1903
1094800,81 10
1096771,71 25 
1106773,86 254 
1106793,27 101 
1108792,49 100 
1108792,49 1
1108792,49 1903
1108792,49 10
1108792,49 25 
1108820,48 75 
1110028,89 72 
1110112,8 70 
1110606,82 80 
1111058,64 83 
1111188,38 64 130
1111212,68 256 
1111395,62 74 190
1111395,62 62 190
1111807,03 151 
1111832,71 69 
1112251,78 249 
1112439,03 256 
1112545,4 182 
1113544,85 93 
1113563,78 103 
1113563,78 101 
1117104,6 100 
1117104,6 1
1117104,6 1903
1117104,6 10
1119082,17 25 
1119109,36 75 
1120318,59 72 
1120401,78 70 
1120900,97 80 
1121347,46 83 
1121736,15 64 389
1121767,63 256 
1121813,34 74 53
1121813,34 62 53
1122621,14 151 
1122642,31 69 
1122997,18 256 
1123008,03 249 
1123127,55 182 
1123952,94 93 
1123972,7 103 
1123972,7 101 
1127506,23 100 
1127506,23 1
1127506,23 1903
1127506,23 10
1129477,67 25 
1129505,28 75 
1130711,92 72 
1130797,16 70 
1131299,07 80 
1131796,42 83 
1131991,08 64 195
1132193,27 74 184
1132193,27 61 184
1132603,83 152 
1132624,58 69 
1133147,62 93 
1133168,78 103 
1133168,78 101 
1136701,46 100 
1136701,46 1
1136701,46 1903
1136701,46 10
1138673,89 25 
1140899,89 75 
1142107,07 72 
1142458,93 70 
1143137,73 80 
1143857,9 83 
1144410,8 64 554
1145802,28 256 
1145817,67 74 1388
1145817,67 61 1388
1146624,92 150 
1146645,41 68 
1147155,69 92 
1147155,69 65 
1147176,1 103 
1147176,1 101 
1147723,24 100 
1147723,24 1
1147723,24 1903
1147723,24 10
1149695,71 25 
1149869,39 75 
1151076,38 72 
1151161,83 70 
1151658,48 80 
1152200,97 83 
1153085,54 64 885
1153249,7 74 143
1153249,7 61 143
1154062,37 150 
1154082,38 68 
1154892,67 92 
1154892,67 65 
1154919,45 103 
1154919,45 101 
1155452,95 100 
1155452,95 1
1155452,95 1903
1155452,95 11
1157425,74 25 
1157559,46 75 
1158766,37 72 
1158851,95 70 
1159346,03 80 
1159811,07 83 
1160004,2 64 194
1160150,73 74 127
1160150,73 62 127
1160559,99 150 
1160586,01 68 
1160861,49 249
1160927,11 172 
1161796,14 92 
1161796,14 65 
1161809,8 103 
1161809,8 101 
1162342,04 100 
1162342,04 1
1162342,04 1903
1162342,04 11
1164316,1 25 
1164836,4 75 
1166045,89 72 
1166128,82 70 
1166633,61 80 
1167141,21 83 
1167243,8 64 103
1167402,98 74 142
1167402,98 62 142
1168213,45 150 
1168235,16 68 
1168540,47 249
1168598,89 172 
1168746,55 92 
1168746,55 65 
1168766,81 103 
1168766,81 101 
1169307,55 100 
1169307,55 1
1169307,55 1903
1169307,55 11
1171286,47 25 
1171886,53 75 
1173095,12 72 
1173179,04 70 
1173678,28 80 
1174165,01 83 
1174316,46 64 152
1174504,01 74 166
1174504,01 62 166
1174915,73 150 
1174939,83 68 
1175202,09 249
1175268,46 172 
1176149 92 
1176149 65 
1176163,68 103 
1176163,68 101 
1176699,67 100 
1176699,67 1
1176699,67 1903
1176699,67 10
1178669,87 25 
1179909,81 75 
1181117,84 72 
1181202,38 70 
1181696,74 80 
1182254,74 83 
1182408,57 64 154
1182553,96 74 127
1182553,96 61 127
1182964,74 150 
1182988,88 68 
1183497,49 92 
1183497,49 65 
1183520,54 103 
1183520,54 101 
1184053,96 100 
1184053,96 1
1184053,96 1903
1184053,96 11
1186026,84 25 
1186067,43 75 
1187276,44 72 
1187359,81 70 
1187858,23 80 
1188305,54 83 
1188497,4 64 192
1188669,4 74 151
1188669,4 62 151
1189480,07 150 
1189506,82 68 
1189786,19 249
1189843,89 172 
1190314,24 92 
1190314,24 65 
1190330,99 103 
1190330,99 101 
1190874,87 100 
1190874,87 1
1190874,87 1903
1190874,87 11
1192850,56 25 
1193770,63 75 
1194978,09 72 
1195063,18 70 
1195566,84 80 
1196062,14 83 
1196324,51 64 262
1196501,64 74 160
1196501,64 62 160
1197313,08 150 
1197343,49 68 
1197648,8 249
1198150,73 92 
1198150,73 65 
1198167,51 103 
1198167,51 101 
1198700,61 100 
1198700,61 1
1198700,61 1903
1198700,61 10
1200673,92 25 
1204072,82 75 
1205280,92 72 
1205367,02 70 
1205873,87 80 
1206417,69 83 
1206824,02 64 407
1206984,97 74 141
1206984,97 61 141
1207399,23 150 
1207418,56 68 
1207929,39 92 
1207929,39 65 
1207950,03 103 
1207950,03 101 
1208490,44 100 
1208490,44 1
1208490,44 1903
1208490,44 10
1210469,62 25 
1216400,88 75 
1217607,61 72 
1217693,35 70 
1218188,39 80 
1218639,06 83 
1219185,1 64 547
1219455,14 256 
1221910,36 74 2712
1221910,36 62 2712
1222321,63 151 
1222346,38 69 
1222669,02 249 
1223140 256 
1223483,26 182 
1260225,5 93 
1260247,58 103 
1260247,58 101 
1263789,26 100 
1263789,26 1
1263789,26 1903
1263789,26 10
1265766,02 25 
1269617,97 75 
1270827,97 72 
1271110,41 70 
1271623,34 80 
1272176,17 83 
1272249,47 64 73
1272386,07 74 117
1272386,07 61 117
1273193,89 150 
1273217,67 68 
1273727,02 92 
1273727,02 65 
1273748,48 103 
1273748,48 101 
1274281,2 100 
1274281,2 1
1274281,2 1903
1274281,2 11
1276254,85 25 
1276428,45 75 
1277635,43 72 
1277720,85 70 
1278219,97 80 
1278666,8 83 
1279013,37 64 347
1279202,17 74 176
1279202,17 62 176
1280012,17 150 
1280041,46 68 
1280326,36 249
1280385,8 172 
1281251,57 92 
1281251,57 65 
1281265,21 103 
1281265,21 101 
1281797 100 
1281797 1
1281797 1903
1281797 10
1283771,7 25 
1283918,46 75 
1285125,99 72 
1285211,08 70 
1285706,43 80 
1286210,14 83 
1286342,44 64 132
1286496,21 74 140
1286496,21 61 140
1286908,35 152 
1286932,26 69 
1287441,92 93 
1287462,62 103 
1287462,62 101 
1291008,91 100 
1291008,91 1
1291008,91 1903
1291008,91 11
1292980,95 25 
1294127,42 75 
1295337,45 72 
1295419,94 70 
1295913,27 80 
1296419,19 83 
1296961,6 64 542
1297158,52 74 180
1297158,52 61 180
1297965,71 151 
1297992,89 69 
1298501,45 93 
1298511,13 103 
1298511,13 101 
1302043,48 100 
1302043,48 1
1302043,48 1903
1302043,48 11
1304016,24 25 
1305109,46 75 
1306317,71 72 
1306401,97 70 
1306902,66 80 
1307347,72 83 
1308438,92 64 1092
1309858,02 74 1405
1309858,02 61 1405
1310269,89 151 
1310294,01 69 
1311308,47 93 
1311319,02 103 
1311319,02 101 
1314851,37 100 
1314851,37 1
1314851,37 1903
1314851,37 10
1316824,11 25 
1316877,73 75 
1318085,25 72 
1318170,24 70 
1318673,18 80 
1319209,28 83 
1320011,91 64 803
1320554,09 74 519
1320554,09 61 519
1320967,45 150 
1320997,19 68 
1321510,82 92 
1321510,82 65 
1321528,01 103 
1321528,01 101 
1322070,01 100 
1322070,01 1
1322070,01 1903
1322070,01 11
1324047,7 25 
1324434,53 75 
1325642,21 72 
1325726,89 70 
1326230,31 80 
1326672,69 83 
1327319,47 64 647
1327519,8 74 181
1327519,8 63 181
1328330,16 151 
1328354,17 69 
1329165,68 93 
1329178,11 103 
1329178,11 101 
1332715,33 100 
1332715,33 1
1332715,33 1903
1332715,33 11
1334696,35 25 
1335256,65 75 
1336464,17 72 
1336549,02 70 
1337048,17 80 
1337601,42 83 
1337809,82 64 209
1337996,73 74 169
1337996,73 61 169
1338807,76 151 
1338829,65 69 
1339193,66 249 
1339274,04 181 
1340274,07 93 
1340293,29 103 
1340293,29 101 
1343827,09 100 
1343827,09 1
1343827,09 1903
1343827,09 10
1345798,31 25 
1345825,46 75 
1347033,34 72 
1347117,78 70 
1347618,99 80 
1348116,93 83 
1348302,31 64 186
1348470,37 74 154
1348470,37 62 154
1348881,21 151 
1348904,52 69 
1349264,26 249 
1349844,9 93 
1349862,47 103 
1349862,47 101 
1353411,69 100 
1353411,69 4
1353411,69 1903
1353411,69 11
1353411,69 78 
1353411,69 198 
1355380,79 25 
1355408,59 75 
1356616,05 72 
1356700,37 70 
1357202,3 80 
1357739,49 83 
1358143,69 64 405
1358367,62 74 202
1358367,62 61 202
1359177,6 152 
1359206,78 69 
1359716,54 93 
1359738,24 103 
1359738,24 101 
1363272,29 100 
1363272,29 4
1363272,29 1903
1363272,29 10
1365243,24 25 
1366336,55 75 
1367546,7 72 
1367628,99 70 
1368134,47 80 
1368575,02 83 
1369216,32 64 640
1369440,67 74 199
1369440,67 62 199
1369851,32 150 
1369869,81 68 
1370160,94 249
1370756,16 92 
1370756,16 65 
1370773,47 103 
1370773,47 101 
1371309,13 100 
1371309,13 4
1371309,13 1903
1371309,13 11
1373279,81 25 
1373613,37 75 
1374820,17 72 
1375159,19 70 
1376000,13 80 
1376837,91 83 
1376878,77 64 41
1377064,86 74 174
1377064,86 63 174
1377873,07 151 
1377891,64 69 
1378903,78 93 
1378916,69 103 
1378916,69 101 
1382458,31 100 
1382458,31 4
1382458,31 1903
1382458,31 10
1384435,01 25 
1384462,49 75 
1385671,99 72 
1386007,7 70 
1386845,57 80 
1387726,67 83 
1387898,94 64 173
1388053,62 74 140
1388053,62 61 140
1388466,75 151 
1388488,36 69 
1389000,72 93 
1389018,95 103 
1389018,95 101 
1392551,28 100 
1392551,28 4
1392551,28 1903
1392551,28 10
1394523,97 25 
1395843,9 75 
1397053,62 72 
1397336,26 70 
1398016,6 80 
1398522,08 83 
1399083,99 64 563
1399524,95 74 417
1399524,95 61 417
1399936,18 151 
1399962,63 69 
1400773,07 93 
1400787,24 103 
1400787,24 101 
1404319,91 100 
1404319,91 4
1404319,91 1903
1404319,91 11
1406292,28 25 
1412743,77 75 
1413952,35 72 
1414035,71 70 
1414502,01 250 
1414514,61 101 
1416527,93 100 
1416527,93 4
1416527,93 1903
1416527,93 11
1416527,93 25 
1416555,63 75 
1417764,34 72 
1417779,92 70 
1417891,67 80 
1418380,32 83 
1418969,1 64 589
1419065,09 256 
1419137,86 74 145
1419137,86 62 145
1419948,49 151 
1419968,26 69 
1420604,15 249 
1420811,29 182 
1421197,07 256 
1450538,33 93 
1450552,66 103 
1450552,66 101 
1454101,07 100 
1454101,07 4
1454101,07 1903
1454101,07 10
1456070,94 25 
1458190,45 75 
1459397,18 72 
1459482,94 70 
1459986,55 80 
1460482,01 83 
1460676,06 64 195
1460864,88 74 170
1460864,88 61 170
1461273,1 151 
1461297,41 69 
1462108,82 93 
1462121,03 103 
1462121,03 101 
1465653,53 100 
1465653,53 4
1465653,53 1903
1465653,53 10
1467626,1 25 
1470731,7 75 
1471939,06 72 
1472024,25 70 
1472527,15 80 
1472970,12 83 
1473376,99 64 408
1473611,17 74 215
1473611,17 63 215
1474417,99 151 
1474438,09 69 
1474794,71 249 
1474854,16 183 
1475448,84 93 
1475461,96 103 
1475461,96 101 
1478996,4 100 
1478996,4 4
1478996,4 1903
1478996,4 11
1480966,99 25 
1480994,22 75 
1482202,93 72 
1482286,54 70 
1482788,13 80 
1483338,93 83 
1483647,01 64 309
1483869,95 256 
1485440,52 74 1769
1485440,52 62 1769
1486253,54 151 
1486272,89 69 
1486783,75 93 
1486803,81 103 
1486803,81 101 
1490343,25 100 
1490343,25 4
1490343,25 1903
1490343,25 11
1492322,11 25 
1493521,88 75 
1494729,65 72 
1494814,5 70 
1495310,12 80 
1495760,29 83 
1496482,52 64 722
1496662,39 74 156
1496662,39 63 156
1497073,24 151 
1497094,66 69 
1497558,93 249 
1497646,15 183 
1498103,42 93 
1498118,93 103 
1498118,93 101 
1501657,85 100 
1501657,85 4
1501657,85 1903
1501657,85 11
1503637,21 25 
1506289,88 75 
1507497,63 72 
1507835,53 70 
1508668,83 80 
1509487,72 83 
1509650,96 64 164
1509820,93 74 147
1509820,93 61 147
1510229,24 150 
1510248,79 68 
1510757,13 92 
1510757,13 65 
1510780,08 103 
1510780,08 101 
1511313,97 100 
1511313,97 4
1511313,97 1903
1511313,97 10
1513286,44 25 
1513526,8 75 
1514734,04 72 
1515072,52 70 
1515911,02 80 
1516791,21 83 
1516797,85 64 7
1516994,47 74 177
1516994,47 62 177
1517806,29 150 
1517832,8 68 
1518163,69 249
1518197,28 172 
1519040,17 92 
1519040,17 65 
1519056,56 103 
1519056,56 101 
1519605,06 100 
1519605,06 4
1519605,06 1903
1519605,06 11
1521576,18 25 
1521603,48 75 
1522812,51 72 
1523149 70 
1523829,79 80 
1524494,66 83 
1524748,54 64 254
1524991,77 256 
1525000,13 74 226
1525000,13 61 226
1525408,77 150 
1525428,73 68 
1525937,48 92 
1525937,48 65 
1525960,28 103 
1525960,28 101 
1526492,95 100 
1526492,95 4
1526492,95 1903
1526492,95 10
1528466,63 25 
1528986,73 75 
1530194,95 72 
1530279,24 70 
1530782,92 80 
1531225,11 83 
1531433,26 64 209
1531574,27 74 123
1531574,27 62 123
1532383,31 150 
1532413,23 68 
1532723,86 249
1532750,84 172 
1533622,8 92 
1533622,8 65 
1533637 103 
1533637 101 
1534186,14 100 
1534186,14 4
1534186,14 1903
1534186,14 11
1536156,63 25 
1536903,27 75 
1538109,82 72 
1538195,82 70 
1538697,4 80 
1539235,05 83 
1539261,44 64 27
1539414,58 74 140
1539414,58 61 140
1540226,1 150 
1540249,02 68 
1541059,94 92 
1541059,94 65 
1541073,93 103 
1541073,93 101 
1541615,85 100 
1541615,85 4
1541615,85 1903
1541615,85 11
1543593,41 25 
1543993,72 75 
1545202,2 72 
1545286,05 70 
1545785,22 80 
1546231,92 83 
1546646,62 64 415
1546884,61 74 213
1546884,61 62 213
1547292,41 151 
1547313,29 69 
1547637,55 249 
1548161,94 256 
1548494,68 182 
1549608,71 93 
1549630,14 103 
1549630,14 101 
1553162,56 100 
1553162,56 4
1553162,56 1903
1553162,56 11
1555135,31 25 
1555575,33 75 
1556785,31 72 
1556867,89 70 
1557358,66 80 
1557842,2 83 
1557920,25 64 80
1558080,61 74 147
1558080,61 61 147
1558888,06 150 
1558908,54 68 
1559358,41 256 
1559891,39 92 
1559891,39 65 
1559905,69 103 
1559905,69 101 
1560449,6 100 
1560449,6 4
1560449,6 1903
1560449,6 10
1562425,46 25 
1567197,1 75 
1567255,47 250 
1567262,05 101 
1569275,73 100 
1569275,73 4
1569275,73 1903
1569275,73 10
1569275,73 25 
1571087,94 75 
1572296,12 72 
1572381,15 70 
1572876,8 80 
1573420,35 83 
1573482,05 64 62
1573632,97 74 133
1573632,97 61 133
1574044 151 
1574075,37 69 
1574586,58 93 
1574619,42 103 
1574619,42 101 
1578165,27 100 
1578165,27 4
1578165,27 1903
1578165,27 10
1580137,89 25 
1580871,27 75 
1582080,65 72 
1582163,72 70 
1582665,34 80 
1583096,2 83 
1583532,94 64 437
1583705,03 74 156
1583705,03 61 156
1584114,28 153 
1584137,7 68 
1584649,42 92 
1584649,42 65 
1584668,38 103 
1584668,38 101 
1585200,82 100 
1585200,82 4
1585200,82 1903
1585200,82 10
1587174,8 25 
1587202,06 75 
1588408,65 72 
1588494,22 70 
1588993,96 80 
1589493,36 83 
1589577,65 64 84
1589722,11 74 123
1589722,11 61 123
1590534,54 151 
1590561,5 69 
1591573,44 93 
1591585,53 103 
1591585,53 101 
1595118,22 100 
1595118,22 4
1595118,22 1903
1595118,22 11
1597090,52 25 
1597637,25 75 
1598845,25 72 
1598929,91 70 
1599432,16 80 
1599982,3 83 
1600049,29 64 67
1600200,91 74 139
1600200,91 61 139
1601009 150 
1601037,07 68 
1601848,47 92 
1601848,47 65 
1601874,36 103 
1601874,36 101 
1602412,5 100 
1602412,5 4
1602412,5 1903
1602412,5 11
1604393,97 25 
1605553,9 75 
1606764,69 72 
1606846,42 70 
1607345,16 80 
1607792,23 83 
1607955,39 64 163
1608122,19 74 144
1608122,19 61 144
1608531,26 150 
1608553,92 68 
1609766,32 92 
1609766,32 65 
1609791 103 
1609791 101 
1610328 100 
1610328 4
1610328 1903
1610328 11
1612297,26 25 
1613883,71 75 
1615092,03 72 
1615176,19 70 
1615670,35 80 
1616175,3 83 
1616330,72 64 156
1616493,24 74 145
1616493,24 61 145
1617306,46 150 
1617336,71 68 
1618147,79 92 
1618147,79 65 
1618174,1 103 
1618174,1 101 
1618707,93 100 
1618707,93 4
1618707,93 1903
1618707,93 10
1620680,3 25 
1630329,99 75 
1630465,44 250 
1630474,95 101 
1632488,62 100 
1632488,62 4
1632488,62 1903
1632488,62 10
1632488,62 25 
1634354,14 75 
1634361,07 250 
1634380,07 101 
1636393,59 100 
1636393,59 4
1636393,59 1903
1636393,59 10
1636393,59 25 
1636779,7 75 
1637989,02 72 
1638326,29 70 
1639166,33 80 
1639994,77 250 
1640004,64 101 
1642017,85 100 
1642017,85 4
1642017,85 1903
1642017,85 10
1642017,85 25 
1647295,95 75 
1648504,26 72 
1648841,7 70 
1649682,3 80 
1650461,97 250 
1650480,16 101 
1652480,16 100 
1652480,16 4
1652480,16 1903
1652480,16 10
1652480,16 25 
1653306,77 75 
1654514,93 72 
1654852,46 70 
1655699,83 80 
1656584,58 83 
1656844,02 64 260
1657019,23 74 155
1657019,23 61 155
1657429,28 151 
1657453,01 69 
1657962,28 93 
1657983,68 103 
1657983,68 101 
1661526,12 100 
1661526,12 4
1661526,12 1903
1661526,12 10
1663502,06 25 
1667833,93 75 
1669042,73 72 
1669326,28 70 
1670008,59 80 
1670618,66 83 
1670879,54 64 261
1670905,39 74 7
1670905,39 62 7
1671317,59 150 
1671340,38 68 
1671652,12 249
1671797,66 172 
1672553,22 92 
1672553,22 65 
1672604,01 103 
1672604,01 101 
1673137,81 100 
1673137,81 4
1673137,81 1903
1673137,81 10
1675110,29 25 
1685111,78 254 
1685131,88 101 
1687144,4 100 
1687144,4 4
1687144,4 1903
1687144,4 10
1687144,4 25 
1689238,12 75 
1689258,18 250 
1689276,52 101 
1691290,01 100 
1691290,01 4
1691290,01 1903
1691290,01 10
1691290,01 25 
1691942,75 75 
1693150,89 72 
1693435,93 70 
1693957,71 80 
1694413,13 250 
1694421,56 101 
1696434,52 100 
1696434,52 4
1696434,52 1903
1696434,52 10
1696434,52 25 
1699140,37 75 
1700348 72 
1700432,97 70 
1700938,15 80 
1701375,21 250 
1701391,66 101 
1703391,68 100 
1703391,68 4
1703391,68 1903
1703391,68 10
1703391,68 25 
1703418,76 75 
1703569,84 250 
1703576,95 101 
1705590,66 100 
1705590,66 4
1705590,66 1903
1705590,66 10
1705590,66 25 
1705617,26 75 
1706772,96 250 
1706788,95 101 
1708789,29 100 
1708789,29 4
1708789,29 1903
1708789,29 10
1708789,29 25 
1711307,72 75 
1712514,95 72 
1712601,13 70 
1713098,16 80 
1713653,46 83 
1714065,84 64 413
1714214,62 74 135
1714214,62 61 135
1715027,42 151 
1715054,07 69 
1715563,54 93 
1715585,59 103 
1715585,59 101 
1719123,64 100 
1719123,64 4
1719123,64 1903
1719123,64 11
1721090,86 25 
1722943,65 75 
1723043,93 250 
1723061,9 101 
1725075,61 100 
1725075,61 4
1725075,61 1903
1725075,61 11
1725075,61 25 
1728420,43 75 
1729629,37 72 
1729713,73 70 
1730215,36 80 
1730712,81 83 
1730908,98 64 197
1731153,51 74 228
1731153,51 61 228
1731561,91 152 
1731581,13 69 
1732062,04 249 
1732135,11 181 
1732935,19 93 
1732951,47 103 
1732951,47 101 
1736491,21 100 
1736491,21 4
1736491,21 1903
1736491,21 10
1738469,89 25 
1738497,14 75 
1739706,38 72 
1739789,38 70 
1740280,53 80 
1740841,82 83 
1741327,75 64 487
1741981,03 74 633
1741981,03 62 633
1742791,36 150 
1742815,38 68 
1743178,96 249
1743212,57 172 
1743626,4 92 
1743626,4 65 
1743640,29 103 
1743640,29 101 
1744174,22 100 
1744174,22 4
1744174,22 1903
1744174,22 10
1746146,83 25 
1746173,8 75 
1747381,51 72 
1747466,11 70 
1747967,36 80 
1748411,95 83 
1748579,52 64 168
1748605,76 256 
1748627,3 74 29
1748627,3 62 29
1749036,47 150 
1749066,9 68 
1749368,07 249
1749404,74 172 
1750274,23 92 
1750274,23 65 
1750290,7 103 
1750290,7 101 
1750823,48 100 
1750823,48 4
1750823,48 1903
1750823,48 11
1752797,03 25 
1752824,6 75 
1754032,71 72 
1754116,71 70 
1754622,07 80 
1755115,69 83 
1755359,03 64 244
1755525,8 74 144
1755525,8 63 144
1756337,21 151 
1756356,35 69 
1757165,3 93 
1757181,07 103 
1757181,07 101 
1760729,58 100 
1760729,58 4
1760729,58 1903
1760729,58 10
1762699,5 25 
1763939,35 75 
1765147 72 
1765231,81 70 
1765729,19 80 
1766177,82 83 
1766378,9 64 202
1766550,72 74 161
1766550,72 62 161
1767359,39 150 
1767378,38 68 
1767669,44 249
1767714,57 172 
1768187,7 92 
1768187,7 65 
1768203,11 103 
1768203,11 101 
1768736,51 100 
1768736,51 4
1768736,51 1903
1768736,51 11
1770709,35 25 
1771256,26 75 
1772464,99 72 
1772548,58 70 
1773059,51 80 
1773574,41 83 
1773873,04 64 299
1774034,93 74 141
1774034,93 63 141
1774284,79 256 
1776005,65 151 
1776028,72 69 
1777037,43 93 
1777052,56 103 
1777052,56 101 
1780584,01 100 
1780584,01 4
1780584,01 1903
1780584,01 10
1782557,63 25 
1784223,86 75 
1785432,32 72 
1785516,44 70 
1786025,59 80 
1786568,86 83 
1786777,55 64 209
1786932,16 74 137
1786932,16 62 137
1787342,3 150 
1787370,59 68 
1787724,35 249
1787761,57 172 
1787880,75 92 
1787880,75 65 
1787901,4 103 
1787901,4 101 
1788439,53 100 
1788439,53 4
1788439,53 1903
1788439,53 10
1790420,92 25 
1790448,22 75 
1791657,3 72 
1791740,36 70 
1792248,11 80 
1792752,95 83 
1792848,55 64 96
1793008,51 74 136
1793008,51 62 136
1793820,6 150 
1793847,75 68 
1794163,53 249
1794209,11 172 
1794358,34 92 
1794358,34 65 
1794378,53 103 
1794378,53 101 
1794917,67 100 
1794917,67 4
1794917,67 1903
1794917,67 11
1796898,12 25 
1796925,36 75 
1798132,83 72 
1798470,9 70 
1799318,12 80 
1800189,68 83 
1800215,83 64 26
1800363,27 74 134
1800363,27 61 134
1801171,84 150 
1801191,43 68 
1802404,59 92 
1802404,59 65 
1802428,35 103 
1802428,35 101 
1802961,66 100 
1802961,66 4
1802961,66 1903
1802961,66 10
1804934,61 25 
1805401,79 75 
1806610,55 72 
1806947,31 70 
1807629,12 80 
1808239,57 83 
1808366,08 64 127
1808477,92 74 92
1808477,92 62 92
1808890,29 150 
1808921,21 68 
1809179,49 249
1809274,29 172 
1809731,7 92 
1809731,7 65 
1809745,15 103 
1809745,15 101 
1810290,25 100 
1810290,25 4
1810290,25 1903
1810290,25 11
1812264,84 25 
1820768,25 75 
1821978,57 72 
1822060,85 70 
1822554,73 80 
1822993,24 83 
1823279,72 64 287
1823441,25 74 142
1823441,25 61 142
1824252,17 150 
1824273,86 68 
1825483,44 92 
1825483,44 65 
1825498,55 103 
1825498,55 101 
1826032,39 100 
1826032,39 4
1826032,39 1903
1826032,39 11
1828004,93 25 
1831057,22 75 
1832265,41 72 
1832349,61 70 
1832846,83 80 
1833350,64 83 
1833422,35 64 74
1833573,62 74 132
1833573,62 61 132
1833982,8 152 
1834003,86 69 
1834514,05 93 
1834534,54 103 
1834534,54 101 
1838074,27 100 
1838074,27 4
1838074,27 1903
1838074,27 11
1840052,92 25 
1840080,19 75 
1841288,85 72 
1841372,5 70 
1841868,42 80 
1842411,54 83 
1842789,47 64 378
1843031,41 74 220
1843031,41 61 220
1843840,44 150 
1843866,17 68 
1844012,23 249
1844250,13 171
1844374,96 92 
1844374,96 65 
1844397,02 103 
1844397,02 101 
1844936,54 100 
1844936,54 4
1844936,54 1903
1844936,54 10
1846916,71 25 
1847490,39 75 
1848698,85 72 
1848782,6 70 
1849278,61 80 
1849728,45 83 
1850045,48 64 317
1850239,15 74 178
1850239,15 61 178
1850648,59 151 
1850677,52 69 
1851485,37 93 
1851500,65 103 
1851500,65 101 
1855035,35 100 
1855035,35 4
1855035,35 1903
1855035,35 11
1857005,67 25 
1864922,51 75 
1864928,59 250 
1864934,4 101 
1866948,07 100 
1866948,07 4
1866948,07 1903
1866948,07 11
1866948,07 25 
1876950,97 254 
1876969,61 101 
1878982,11 100 
1878982,11 4
1878982,11 1903
1878982,11 11
1878982,11 25 
1888983,27 254 
1888991,12 101 
1891003,6 100 
1891003,6 4
1891003,6 1903
1891003,6 11
1891003,6 25 
1899733,57 75 
1899740,17 250 
1899759,61 101 
1901773,2 100 
1901773,2 4
1901773,2 1903
1901773,2 11
1901773,2 25 
1901800 75 
1903007,53 72 
1903092,64 70 
1903595,93 80 
1904030,74 250 
1904038,07 101 
1906051,23 100 
1906051,23 4
1906051,23 1903
1906051,23 11
1906051,23 25 
1906131,57 75 
1907339,65 72 
1907424,1 70 
1907920,06 80 
1908463,19 83 
1908800,44 64 337
1909005,84 256 
1909118,85 74 297
1909118,85 62 297
1909929,93 151 
1909957,06 69 
1910466,68 93 
1910488,88 103 
1910488,88 101 
1914020,24 100 
1914020,24 4
1914020,24 1903
1914020,24 11
1915993,73 25 
1918206,53 75 
1919414,33 72 
1919698,91 70 
1920373,96 80 
1920924,52 83 
1921079,26 64 155
1921611,56 74 514
1921611,56 61 514
1922023,09 150 
1922046,15 68 
1922856,5 92 
1922856,5 65 
1922870,21 103 
1922870,21 101 
1923415,32 100 
1923415,32 4
1923415,32 1903
1923415,32 11
1925389,7 25 
1925536,82 75 
1926743,85 72 
1926829,09 70 
1927337,92 80 
1927894,9 83 
1927950,69 64 57
1928094,69 74 120
1928094,69 62 120
1928502,65 151 
1928523,26 69 
1928876,91 249 
1929356,59 182 
1930052,3 93 
1930066,94 103 
1930066,94 101 
1933599,71 100 
1933599,71 4
1933599,71 1903
1933599,71 10
1935571,96 25 
1935878,94 75 
1937087,31 72 
1937171,36 70 
1937675,85 80 
1938117,22 83 
1938998,09 64 881
1939205,2 74 182
1939205,2 61 182
1940013,35 151 
1940037,6 69 
1940848,67 93 
1940862,31 103 
1940862,31 101 
1944395,51 100 
1944395,51 4
1944395,51 1903
1944395,51 10
1946367,35 25 
1949339,68 75 
1950549,56 72 
1950632,28 70 
1951131,14 80 
1951631,44 83 
1952256,52 64 625
1952734,96 74 464
1952734,96 61 464
1953547,39 151 
1953579,06 69 
1954592,32 93 
1954603,32 103 
1954603,32 101 
1958143,79 100 
1958143,79 4
1958143,79 1903
1958143,79 10
1960121,48 25 
1964266,77 75 
1965475,27 72 
1965559,18 70 
1966063,2 80 
1966611,61 83 
1967010,84 64 400
1967202,73 74 179
1967202,73 61 179
1967611,77 153 
1967639,87 68 
1968129,02 256 
1968580,07 249
1968747,59 171
1968954,76 92 
1968954,76 65 
1968970,24 103 
1968970,24 101 
1969508,07 100 
1969508,07 4
1969508,07 1903
1969508,07 10
1971476,76 25 
1974102,47 75 
1975311,43 72 
1975394,97 70 
1975892,54 80 
1976394,07 83 
1976731,21 64 337
1976913,43 74 159
1976913,43 61 159
1977723,64 151 
1977755,4 69 
1978267,38 93 
1978286,36 103 
1978286,36 101 
1981820,42 100 
1981820,42 4
1981820,42 1903
1981820,42 11
1983791,28 25 
1993792,68 254 
1993812,83 101 
1995812,13 100 
1995812,13 4
1995812,13 1903
1995812,13 11
1995812,13 25 
2005815,44 254 
2005834,39 101 
2007846,81 100 
2007846,81 4
2007846,81 1903
2007846,81 11
2007846,81 25 
2017849,76 254 
2017869,24 101 
2019881,76 100 
2019881,76 4
2019881,76 1903
2019881,76 11
2019881,76 25 
2029885,22 254 
2029904,03 101 
2031903,53 100 
2031903,53 4
2031903,53 1903
2031903,53 11
2031903,53 25 
2041905,53 254 
2041912,31 101 
2043924,81 100 
2043924,81 4
2043924,81 1903
2043924,81 11
2043924,81 25 
2053926,77 254 
2053933,77 101 
2055933,08 100 
2055933,08 4
2055933,08 1903
2055933,08 11
2055933,08 25 
2065935,73 254 
2065955,24 101 
2067967,71 100 
2067967,71 4
2067967,71 1903
2067967,71 11
2067967,71 25 
2077971,66 254 
2077990,09 101 
2079989,32 100 
2079989,32 4
2079989,32 1903
2079989,32 11
2079989,32 25 
2089990,67 254 
2089998,28 101 
2092010,77 100 
2092010,77 4
2092010,77 1903
2092010,77 11
2092010,77 25 
2102013,72 254 
2102033,08 101 
2104032,35 100 
2104032,35 4
2104032,35 1903
2104032,35 11
2104032,35 25 
2114032,51 254 
2114041,25 101 
2116053,77 100 
2116053,77 4
2116053,77 1903
2116053,77 11
2116053,77 25 
2126054,49 254 
2126062,93 101 
2128075,34 100 
2128075,34 4
2128075,34 1903
2128075,34 11
2128075,34 25 
2129609,17 75 
2130818,33 72 
2131168,19 70 
2132004,74 80 
2132767,16 83 
2132859,14 64 93
2133039,2 74 166
2133039,2 61 166
2133446,84 150 
2133475,36 68 
2134685,58 92 
2134685,58 65 
2134712,6 103 
2134712,6 101 
2135258,41 100 
2135258,41 4
2135258,41 1903
2135258,41 10
2137232,11 25 
2137259,44 75 
2138467,98 72 
2138804,93 70 
2139632,52 80 
2140510,58 83 
2140584,19 64 74
2140796,55 74 193
2140796,55 63 193
2141127,02 256 
2142646,38 151 
2142670,74 69 
2143479,12 93 
2143495,38 103 
2143495,38 101 
2147029,28 100 
2147029,28 4
2147029,28 1903
2147029,28 11
2149000,45 25 
2149027,9 75 
2150236,17 72 
2150573,28 70 
2151411,86 80 
2152198,85 83 
2152212,83 64 15
2152366,33 74 141
2152366,33 61 141
2153174,06 150 
2153200,35 68 
2154413,12 92 
2154413,12 65 
2154437,35 103 
2154437,35 101 
2154973,31 100 
2154973,31 4
2154973,31 1903
2154973,31 11
2156943,72 25 
2157277,18 75 
2158488,42 72 
2158836,35 70 
2159510,69 80 
2160168,63 83 
2160175,86 64 8
2160291,76 74 97
2160291,76 61 97
2161101,09 150 
2161130,16 68 
2161942,64 92 
2161942,64 65 
2161967,47 103 
2161967,47 101 
2162508,46 100 
2162508,46 4
2162508,46 1903
2162508,46 11
2164487,06 25 
2174486,69 254 
2174495,32 101 
2176507,83 100 
2176507,83 4
2176507,83 1903
2176507,83 11
2176507,83 25 
2176536,09 75 
2177745,16 72 
2177828,16 70 
2178325,22 80 
2178774,15 83 
2179133,72 64 361
2179312,93 74 166
2179312,93 61 166
2179723,25 150 
2179748,82 68 
2180258,95 92 
2180258,95 65 
2180279,69 103 
2180279,69 101 
2180815,2 100 
2180815,2 4
2180815,2 1903
2180815,2 10
2182786,06 25 
2183839,3 75 
2185047,19 72 
2185131,68 70 
2185628,41 80 
2186171 83 
2186619,42 64 449
2186809,05 74 172
2186809,05 62 172
2187623,17 150 
2187652,32 68 
2188028,37 249
2188056,51 172 
2188864,04 92 
2188864,04 65 
2188876,03 103 
2188876,03 101 
2189409,24 100 
2189409,24 4
2189409,24 1903
2189409,24 11
2191382,31 25 
2191410,6 75 
2192617,44 72 
2192701,79 70 
2193202,79 80 
2193700,93 83 
2193895,42 64 195
2194025,94 74 112
2194025,94 61 112
2194436,43 150 
2194461,78 68 
2194573,61 256 
2194871,57 249
2195661,07 171
2197369,67 92 
2197369,67 65 
2197392,28 103 
2197392,28 101 
2197939,59 100 
2197939,59 4
2197939,59 1903
2197939,59 10
2199911,93 25 
2199952,54 75 
2201158,89 72 
2201244,89 70 
2201743,01 80 
2202190,66 83 
2202611,48 64 421
2202637,24 74 7
2202637,24 62 7
2203448,14 150 
2203471,25 68 
2203849,39 249
2203876,33 172 
2204681,77 92 
2204681,77 65 
2204709,14 103 
2204709,14 101 
2205257,31 100 
2205257,31 4
2205257,31 1903
2205257,31 11
2207215,62 25 
2209161,69 75 
2210370,3 72 
2210454,18 70 
2210958,52 80 
2211437,88 250 
2211452,88 101 
2213467,05 100 
2213467,05 4
2213467,05 1903
2213467,05 11
2213467,05 25 
2214252,9 75 
2215314,78 250 
2215330,77 101 
2217331,22 100 
2217331,22 4
2217331,22 1903
2217331,22 11
2217331,22 25 
2218050,36 75 
2219257,7 72 
2219343,73 70 
2219841,82 80 
2220345,09 83 
2220456,5 64 114
2220631,84 74 157
2220631,84 61 157
2221042,51 150 
2221064,49 68 
2221562,71 249
2221600,89 256 
2222873,12 92 
2222873,12 65 
2222889,28 103 
2222889,28 101 
2223424,4 100 
2223424,4 4
2223424,4 1903
2223424,4 11
2225394,3 25 
2227940,33 75 
2229146,82 72 
2229232,74 70 
2229738,47 80 
2230285,23 83 
2230677,26 64 392
2230827,99 74 130
2230827,99 61 130
2231635,68 152 
2231659,96 69 
2232467,16 93 
2232483,88 103 
2232483,88 101 
2236023,29 100 
2236023,29 4
2236023,29 1903
2236023,29 10
2238002,2 25 
2248003 254 
2248010,81 101 
2250022,95 100 
2250022,95 4
2250022,95 1903
2250022,95 10
2250022,95 25 
2260023,19 254 
2260031,99 101 
2262044,62 100 
2262044,62 4
2262044,62 1903
2262044,62 10
2262044,62 25 
2272045,87 254 
2272053,52 101 
2274066,05 100 
2274066,05 4
2274066,05 1903
2274066,05 10
2274066,05 25 
2284066,52 254 
2284075,25 101 
2286087,52 100 
2286087,52 4
2286087,52 1903
2286087,52 10
2286087,52 25 
2286115,38 75 
2287323,08 72 
2287661,1 70 
2288498,02 80 
2289273,3 83 
2289307,5 64 34
2289493,58 74 167
2289493,58 61 167
2289901,88 151 
2289927,59 69 
2290736,86 93 
2290752,19 103 
2290752,19 101 
2294289,65 100 
2294289,65 4
2294289,65 1903
2294289,65 10
2296257,42 25 
2296351,09 75 
2297560,36 72 
2297843,42 70 
2298359,82 80 
2298855,86 83 
2299349,25 64 494
2299517,91 74 156
2299517,91 61 156
2300328,39 151 
2300349,82 69 
2300862,84 93 
2300881,25 103 
2300881,25 101 
2304413,63 100 
2304413,63 4
2304413,63 1903
2304413,63 10
2306386,25 25 
2306413,61 75 
2307621,61 72 
2307707,52 70 
2308209,98 80 
2308758,29 83 
2309168,23 64 410
2309329,3 74 145
2309329,3 61 145
2309740,1 151 
2309758,97 69 
2310768,84 93 
2310783,69 103 
2310783,69 101 
2314328,53 100 
2314328,53 4
2314328,53 1903
2314328,53 11
2316301,96 25 
2316342,83 75 
2317550,99 72 
2317634,87 70 
2318143,02 80 
2318687,36 83 
2318803,06 64 116
2318989,74 74 170
2318989,74 61 170
2319399,4 150 
2319421,52 68 
2320233,57 92 
2320233,57 65 
2320259,58 103 
2320259,58 101 
2320792,21 100 
2320792,21 4
2320792,21 1903
2320792,21 10
2322765,87 25 
2323233,22 75 
2324441,21 72 
2324525,2 70 
2325027,97 80 
2325484,45 83 
2325715,18 64 231
2325906,08 74 169
2325906,08 61 169
2326718,61 151 
2326738,45 69 
2327546,63 93 
2327563,07 103 
2327563,07 101 
2331097,04 100 
2331097,04 4
2331097,04 1903
2331097,04 10
2333068,25 25 
2337146,99 75 
2338355,12 72 
2338439,37 70 
2338937,83 80 
2339451,72 83 
2339930,02 64 479
2340209,61 74 265
2340209,61 61 265
2341020,98 151 
2341039,01 69 
2341547,38 93 
2341557,28 103 
2341557,28 101 
2345097,57 100 
2345097,57 4
2345097,57 1903
2345097,57 10
2347075,52 25 
2353539,74 75 
2354749,4 72 
2354832,29 70 
2355327,04 80 
2355871,71 83 
2356127,69 64 257
2356310,24 74 159
2356310,24 63 159
2356718,64 151 
2356738,87 69 
2357248,64 93 
2357270,34 103 
2357270,34 101 
2360804,5 100 
2360804,5 4
2360804,5 1903
2360804,5 11
2362775,45 25 
2362829,05 75 
2364037,42 72 
2364121,53 70 
2364626,61 80 
2365067,41 83 
2365440,91 64 374
2365466,64 256 
2365870,68 74 418
2365870,68 62 418
2367049,05 151 
2367068,41 69 
2367638,2 249 
2368045,86 182 
2387618,91 256 
2445048,68 93 
2445059,34 103 
2445059,34 101 
2448591,98 100 
2448591,98 5
2448591,98 1903
2448591,98 11
2448591,98 78 
2448591,98 198 
2450564,37 25 
2452444,2 75 
2453652,74 72 
2453989,79 70 
2454826,3 80 
2455641,93 83 
2455875,1 64 234
2456014,54 74 119
2456014,54 61 119
2456827,49 151 
2456856,63 69 
2457647,6 249 
2457868,16 93 
2457880,85 103 
2457880,85 101 
2461427,62 100 
2461427,62 5
2461427,62 1903
2461427,62 11
2463398,9 25 
2467904,04 75 
2469112,76 72 
2469396,58 70 
2469913,9 80 
2470462,16 83 
2470656,68 64 194
2470817,82 74 142
2470817,82 61 142
2471230,76 151 
2471249,76 69 
2471760,43 93 
2471781,22 103 
2471781,22 101 
2475313,77 100 
2475313,77 5
2475313,77 1903
2475313,77 10
2477286,31 25 
2477753,21 75 
2478961,24 72 
2479045,61 70 
2479541,63 80 
2479978,15 83 
2480444,23 64 466
2480659,41 74 202
2480659,41 63 202
2481469,01 150 
2481499,39 68 
2481928,02 249
2481995,17 173 
2482009,54 92 
2482009,54 65 
2482030,27 103 
2482030,27 101 
2482566,4 100 
2482566,4 5
2482566,4 1903
2482566,4 10
2484536,46 25 
2485203,42 75 
2486413 72 
2486495,72 70 
2486998,37 80 
2487495,03 83 
2487593,06 64 99
2487749,56 74 135
2487749,56 63 135
2488158,36 152 
2488190 69 
2488875,45 249 
2489099,06 183 
2489199,44 93 
2489213,78 103 
2489213,78 101 
2492752,82 100 
2492752,82 5
2492752,82 1903
2492752,82 11
2494732,14 25 
2496225,29 75 
2497433,15 72 
2497517,72 70 
2498027,28 80 
2498476,82 83 
2498815,69 64 339
2499003,48 74 167
2499003,48 61 167
2499814,56 151 
2499838,27 69 
2500350,5 93 
2500369 103 
2500369 101 
2503906,22 100 
2503906,22 5
2503906,22 1903
2503906,22 11
2505874,11 25 
2511791,98 75 
2512999,71 72 
2513084,42 70 
2513583,16 80 
2514123,6 83 
2514508,38 64 385
2520293,71 74 5771
2520293,71 62 5771
2520702,02 150 
2520722,63 68 
2521083,18 249
2521223,98 172 
2521532,9 92 
2521532,9 65 
2521546,59 103 
2521546,59 101 
2522078,94 100 
2522078,94 5
2522078,94 1903
2522078,94 10
2524052,86 25 
2532742,88 75 
2532750,31 250 
2532768,15 101 
2534781,68 100 
2534781,68 5
2534781,68 1903
2534781,68 10
2534781,68 25 
2535794,1 75 
2535801,21 250 
2535820 101 
2537833,7 100 
2537833,7 5
2537833,7 1903
2537833,7 10
2537833,7 25 
2537860,13 75 
2537942,6 250 
2537952,4 101 
2539952,9 100 
2539952,9 5
2539952,9 1903
2539952,9 10
2539952,9 25 
2542511,33 75 
2543720,86 72 
2543806,36 70 
2544313,63 80 
2544817,03 83 
2547286,05 64 2470
2548323,66 256 
2548337,93 74 1029
2548337,93 61 1029
2549148,78 151 
2549176,35 69 
2550185,18 93 
2550200,99 103 
2550200,99 101 
2553743,66 100 
2553743,66 5
2553743,66 1903
2553743,66 10
2555719,36 25 
2558198,69 75 
2559409,04 72 
2559491,14 70 
2559982,73 80 
2560530,28 83 
2561135,59 64 605
2561352,39 74 196
2561352,39 62 196
2561764,14 151 
2561785,11 69 
2562269,39 249 
2562441,23 182 
2562592,13 93 
2562609,05 103 
2562609,05 101 
2566142,17 100 
2566142,17 5
2566142,17 1903
2566142,17 11
2568114,05 25 
2568300,99 75 
2569509,89 72 
2569846,83 70 
2570430,62 250 
2570445,52 101 
2572458,78 100 
2572458,78 5
2572458,78 1903
2572458,78 11
2572458,78 25 
2582461,46 254 
2582482,24 101 
2584492,85 100 
2584492,85 5
2584492,85 1903
2584492,85 11
2584492,85 25 
2584920,67 75 
2586130,61 72 
2586145,5 70 
2586254,46 80 
2587012,36 83 
2587464,71 64 453
2587649,12 74 171
2587649,12 62 171
2588460,36 150 
2588479,63 68 
2588806 249
2588876,69 172 
2589292,76 92 
2589292,76 65 
2589317,53 103 
2589317,53 101 
2589853,98 100 
2589853,98 5
2589853,98 1903
2589853,98 10
2591824,03 25 
2592303,97 75 
2593512,7 72 
2593796,43 70 
2594310,47 80 
2594808,84 83 
2594981,95 64 174
2595153,15 74 158
2595153,15 61 158
2595561,74 153 
2595583,99 68 
2596795,63 92 
2596795,63 65 
2596820,95 103 
2596820,95 101 
2597361,1 100 
2597361,1 5
2597361,1 1903
2597361,1 11
2599340,67 25 
2599927,47 75 
2601135,11 72 
2601219,98 70 
2601721,73 80 
2602272,37 83 
2602327,38 64 55
2602487,16 74 135
2602487,16 62 135
2603295,19 150 
2603327,11 68 
2603645,3 249
2603688,69 172 
2603863,15 92 
2603863,15 65 
2603884,6 103 
2603884,6 101 
2604417,43 100 
2604417,43 5
2604417,43 1903
2604417,43 10
2606390,88 25 
2606418,05 75 
2607626,02 72 
2607710,4 70 
2608206,32 80 
2608656,25 83 
2608786,39 64 130
2608959,84 74 158
2608959,84 61 158
2609767,82 151 
2609791,01 69 
2610765,99 93 
2610774,99 103 
2610774,99 101 
2614307,52 100 
2614307,52 5
2614307,52 1903
2614307,52 11
2616280,07 25 
2617879,79 75 
2619086,1 72 
2619172,22 70 
2619671,71 80 
2620171,45 83 
2620410,12 64 239
2620565,51 74 141
2620565,51 62 141
2620976,06 150 
2620999,04 68 
2621349,58 249
2621377,62 172 
2621811,35 92 
2621811,35 65 
2621836,95 103 
2621836,95 101 
2622383,97 100 
2622383,97 5
2622383,97 1903
2622383,97 10
2624356,6 25 
2624384,32 75 
2625592,23 72 
2625676,13 70 
2626178,53 80 
2626715,26 83 
2626853,47 64 138
2627033,62 74 159
2627033,62 61 159
2627842,49 151 
2627863,46 69 
2628264,12 249 
2628361,44 181 
2629160,66 93 
2629180,44 103 
2629180,44 101 
2632713 100 
2632713 5
2632713 1903
2632713 11
2634686,53 25 
2635165,62 75 
2636374,28 72 
2636458,18 70 
2636956,84 80 
2637457,4 83 
2637911,74 64 455
2638125,5 74 189
2638125,5 62 189
2638537,49 150 
2638565,44 68 
2638894,84 249
2638929,96 172 
2639373,85 92 
2639373,85 65 
2639389,39 103 
2639389,39 101 
2639923,37 100 
2639923,37 5
2639923,37 1903
2639923,37 10
2641895,78 25 
2642002,78 75 
2643214,03 72 
2643295,21 70 
2643793,7 80 
2644241,06 83 
2644332,94 64 91
2644479,34 74 132
2644479,34 63 132
2644888,94 150 
2644908,54 68 
2645421,17 92 
2645421,17 65 
2645440,07 103 
2645440,07 101 
2645982,09 100 
2645982,09 5
2645982,09 1903
2645982,09 11
2647959,71 25 
2649372,91 75 
2650580,61 72 
2650665,33 70 
2651161,26 80 
2651651,28 83 
2651766,4 64 115
2651921,04 74 137
2651921,04 62 137
2652733,46 152 
2652759,33 69 
2653147,01 249 
2654030,3 182 
2654935,02 93 
2654956,03 103 
2654956,03 101 
2658492,14 100 
2658492,14 5
2658492,14 1903
2658492,14 11
2660461,1 25 
2660488,21 75 
2661693,76 72 
2661780,6 70 
2662278,04 80 
2662726,42 83 
2663064,76 64 339
2663219,83 74 134
2663219,83 62 134
2663632,24 150 
2663661,36 68 
2663964,12 249
2664015,17 172 
2664471,72 92 
2664471,72 65 
2664498,71 103 
2664498,71 101 
2665030,89 100 
2665030,89 5
2665030,89 1903
2665030,89 10
2667004,91 25 
2667032,04 75 
2668239,44 72 
2668324,5 70 
2668825,64 80 
2669363,71 83 
2669446,47 64 83
2669606,94 74 137
2669606,94 63 137
2670419,15 150 
2670445,16 68 
2671654,36 92 
2671654,36 65 
2671668,93 103 
2671668,93 101 
2672211,85 100 
2672211,85 5
2672211,85 1903
2672211,85 11
2674188,64 25 
2674868,61 75 
2676077,21 72 
2676161,03 70 
2676661,01 80 
2677200,16 83 
2677305,69 64 106
2677447,02 74 127
2677447,02 62 127
2678259 150 
2678281,73 68 
2678791,91 92 
2678791,91 65 
2678812,49 103 
2678812,49 101 
2679360,16 100 
2679360,16 5
2679360,16 1903
2679360,16 11
2681332,05 25 
2681839,08 75 
2683049 72 
2683131,43 70 
2683630,82 80 
2684077,25 83 
2684162,12 64 85
2684361,72 74 179
2684361,72 62 179
2684772,95 150 
2684798,86 68 
2685023,88 249
2685161,09 172 
2685611 92 
2685611 65 
2685636,22 103 
2685636,22 101 
2686172,04 100 
2686172,04 5
2686172,04 1903
2686172,04 11
2688142,5 25 
2689715,64 75 
2690924,75 72 
2691008,14 70 
2691515,52 80 
2692020,49 83 
2692098,55 64 78
2692254,37 74 141
2692254,37 62 141
2693064,45 150 
2693088,04 68 
2693344,98 249
2693442,45 172 
2694298,05 92 
2694298,05 65 
2694312,48 103 
2694312,48 101 
2694851,78 100 
2694851,78 5
2694851,78 1903
2694851,78 10
2696832,13 25 
2697538,99 75 
2698747,88 72 
2699084,58 70 
2699919,44 80 
2700716,14 250 
2700736,37 101 
2702749,58 100 
2702749,58 5
2702749,58 1903
2702749,58 10
2702749,58 25 
2706188,6 75 
2707397,77 72 
2707734,29 70 
2708419,1 80 
2709079,89 83 
2709391,19 64 312
2709595,78 74 184
2709595,78 62 184
2710005,65 151 
2710027,32 69 
2710497,82 249 
2710619,2 182 
2711038,67 93 
2711051,92 103 
2711051,92 101 
2714584,97 100 
2714584,97 5
2714584,97 1903
2714584,97 10
2716557,12 25 
2717996,76 75 
2719206,25 72 
2719289,34 70 
2719787,34 80 
2720328,39 83 
2720933,23 64 605
2721122,7 74 169
2721122,7 63 169
2721530,31 150 
2721556,37 68 
2722365,8 92 
2722365,8 65 
2722380,49 103 
2722380,49 101 
2722912,27 100 
2722912,27 5
2722912,27 1903
2722912,27 10
2724886,74 25 
2725900,06 75 
2727110,96 72 
2727194,27 70 
2727697,25 80 
2728138,29 83 
2728465,69 64 328
2728645,5 74 161
2728645,5 63 161
2729454,71 150 
2729473,05 68 
2729882,35 249
2729963,23 173 
2730685,45 92 
2730685,45 65 
2730710,2 103 
2730710,2 101 
2731264,32 100 
2731264,32 5
2731264,32 1903
2731264,32 11
2733243,17 25 
2735589,32 75 
2736796,86 72 
2736881,7 70 
2737385,27 80 
2737827,49 83 
2738154,46 64 327
2738313,75 74 141
2738313,75 62 141
2738724,24 150 
2738749,08 68 
2739074,3 249
2739113,53 172 
2739257,16 92 
2739257,16 65 
2739279,9 103 
2739279,9 101 
2739812,97 100 
2739812,97 5
2739812,97 1903
2739812,97 11
2741786,24 25 
2742639,58 75 
2743847,72 72 
2743932,13 70 
2744430,83 80 
2744984,53 83 
2744998,36 64 14
2745169,02 74 145
2745169,02 62 145
2745977,44 150 
2745999,4 68 
2746276,88 249
2746782,78 172 
2747208,74 92 
2747208,74 65 
2747223,29 103 
2747223,29 101 
2747757,28 100 
2747757,28 5
2747757,28 1903
2747757,28 10
2749729,43 25 
2750422,96 75 
2751632,74 72 
2751715,54 70 
2752206,54 80 
2752688,06 83 
2752938,51 64 251
2753100,27 74 146
2753100,27 63 146
2753510,59 150 
2753542,06 68 
2754351,65 92 
2754351,65 65 
2754366,7 103 
2754366,7 101 
2754907,15 100 
2754907,15 5
2754907,15 1903
2754907,15 11
2756886,4 25 
2758179,56 75 
2759388,68 72 
2759472,02 70 
2759969,95 80 
2760524,45 83 
2760575,39 64 51
2760707,68 74 118
2760707,68 62 118
2761518,95 150 
2761539,27 68 
2761827,56 249
2761863,76 172 
2762048,81 92 
2762048,81 65 
2762070,1 103 
2762070,1 101 
2762605,73 100 
2762605,73 5
2762605,73 1903
2762605,73 10
2764576,55 25 
2765336,53 75 
2766544,55 72 
2766629 70 
2767124,54 80 
2767628,05 83 
2767944,69 64 317
2768114,8 74 154
2768114,8 63 154
2768927,29 150 
2768949,6 68 
2769759,9 92 
2769759,9 65 
2769786,83 103 
2769786,83 101 
2770318,48 100 
2770318,48 5
2770318,48 1903
2770318,48 10
2772293,12 25 
2773066,52 75 
2774273,91 72 
2774359 70 
2774860,88 80 
2775304,85 83 
2775858,65 64 554
2776037,58 74 160
2776037,58 63 160
2776448,18 150 
2776466,39 68 
2777674,36 92 
2777674,36 65 
2777690,11 103 
2777690,11 101 
2778231,33 100 
2778231,33 5
2778231,33 1903
2778231,33 11
2780209,8 25 
2781249,68 75 
2782458,45 72 
2782542,14 70 
2783047,99 80 
2783501,27 83 
2783731,14 64 230
2783891,12 74 137
2783891,12 62 137
2784299,83 150 
2784329,74 68 
2784603,23 249
2784655,84 172 
2785539,12 92 
2785539,12 65 
2785553,45 103 
2785553,45 101 
2786087,4 100 
2786087,4 5
2786087,4 1903
2786087,4 11
2788059,63 25 
2789606,08 75 
2790813,44 72 
2790898,53 70 
2791394,56 80 
2791897,7 83 
2792011,11 64 114
2792173,69 74 144
2792173,69 62 144
2792985,53 152 
2793005,07 69 
2793330,23 249 
2793514,89 93 
2793536,59 103 
2793536,59 101 
2797072,48 100 
2797072,48 5
2797072,48 1903
2797072,48 10
2799041,74 25 
2799068,86 75 
2800275,46 72 
2800361,16 70 
2800865,63 80 
2801413,75 83 
2801577,39 64 164
2801607,81 256 
2801617,13 74 17
2801617,13 62 17
2802026,99 151 
2802054,52 69 
2802492,27 249 
2803310,3 256 
2803349,28 182 
2804320,42 93 
2804331,98 103 
2804331,98 101 
2807871,39 100 
2807871,39 5
2807871,39 1903
2807871,39 10
2809850,63 25 
2809877,82 75 
2811088,5 72 
2811436,53 70 
2812117,07 80 
2812782,05 83 
2812958,05 64 177
2813138,4 74 157
2813138,4 63 157
2813950,01 150 
2813970,19 68 
2814781,66 92 
2814781,66 65 
2814807,54 103 
2814807,54 101 
2815340,73 100 
2815340,73 5
2815340,73 1903
2815340,73 11
2817313,77 25 
2817340,98 75 
2818547,17 72 
2818819,99 70 
2819226,32 250 
2819245,54 101 
2821258,78 100 
2821258,78 5
2821258,78 1903
2821258,78 11
2821258,78 25 
2821285,98 75 
2822493,65 72 
2822510,83 70 
2822618,87 80 
2823070,97 83 
2823350,38 64 280
2823520,93 74 157
2823520,93 62 157
2823932,31 150 
2823952,56 68 
2824216,06 249
2824295,33 172 
2824474,62 92 
2824474,62 65 
2824496,71 103 
2824496,71 101 
2825029,84 100 
2825029,84 5
2825029,84 1903
2825029,84 11
2827002,98 25 
2827456,59 75 
2828662,79 72 
2828749,04 70 
2829249,51 80 
2829788,17 83 
2829833,71 64 47
2829978,73 74 125
2829978,73 62 125
2830787,11 150 
2830815,65 68 
2831093,37 249
2831202,62 172 
2832024,45 92 
2832024,45 65 
2832040,15 103 
2832040,15 101 
2832589,37 100 
2832589,37 5
2832589,37 1903
2832589,37 10
2834559,76 25 
2836212,85 75 
2837420,58 72 
2837505,37 70 
2838006,5 80 
2838557,62 83 
2838783,19 64 226
2838946,26 74 149
2838946,26 63 149
2839755,06 150 
2839785,02 68 
2840596,78 92 
2840596,78 65 
2840623,07 103 
2840623,07 101 
2841156,66 100 
2841156,66 5
2841156,66 1903
2841156,66 10
2843129,37 25 
2843542,93 75 
2844753,01 72 
2844835,45 70 
2845344,13 80 
2845794,6 83 
2846065,04 64 271
2846289,29 74 202
2846289,29 62 202
2846703,48 151 
2846728,87 69 
2847159,18 249 
2847235,99 93 
2847246,92 103 
2847246,92 101 
2850779,92 100 
2850779,92 5
2850779,92 1903
2850779,92 11
2852751,96 25 
2853072,29 75 
2854280,38 72 
2854364,65 70 
2854865,73 80 
2855350,54 83 
2855581,34 64 231
2855724,65 74 121
2855724,65 62 121
2856536,01 150 
2856565,14 68 
2856837,68 249
2856896,56 172 
2857076,74 92 
2857076,74 65 
2857096,03 103 
2857096,03 101 
2857634,43 100 
2857634,43 5
2857634,43 1903
2857634,43 10
2859615,64 25 
2860655,63 75 
2861863,12 72 
2861948,05 70 
2862448,43 80 
2863000,52 83 
2863293,64 64 293
2863314,22 256 
2863756,63 74 449
2863756,63 63 449
2864165,51 150 
2864188,63 68 
2864592,29 249
2864634,8 173 
2865000,47 92 
2865000,47 65 
2865025,96 103 
2865025,96 101 
2865562,32 100 
2865562,32 5
2865562,32 1903
2865562,32 11
2867532,2 25 
2868225,71 75 
2869435,73 72 
2869518,27 70 
2870022,49 80 
2870464,16 83 
2870891,79 64 429
2871045,62 74 128
2871045,62 62 128
2871459,3 150 
2871479,02 68 
2871785,57 249
2871849,69 172 
2871989,42 92 
2871989,42 65 
2872009,62 103 
2872009,62 101 
2872543,82 100 
2872543,82 5
2872543,82 1903
2872543,82 10
2874516,04 25 
2875342,7 75 
2876551,51 72 
2876635,16 70 
2877133,02 80 
2877634,24 83 
2877892,76 64 258
2878060,89 74 147
2878060,89 63 147
2878868,06 150 
2878889,06 68 
2880096,88 92 
2880096,88 65 
2880112,89 103 
2880112,89 101 
2880657,59 100 
2880657,59 5
2880657,59 1903
2880657,59 10
2882632,39 25 
2883632,44 75 
2884841,33 72 
2884924,9 70 
2885421,11 80 
2885964,01 83 
2886151,38 64 188
2886333,78 74 171
2886333,78 62 171
2886746,55 153 
2886765,73 68 
2887084,71 249
2887116,7 172 
2887576,01 92 
2887576,01 65 
2887602,97 103 
2887602,97 101 
2888137,27 100 
2888137,27 5
2888137,27 1903
2888137,27 11
2890109,24 25 
2890136,72 75 
2891345,11 72 
2891430,57 70 
2891923,5 80 
2892374,85 83 
2892664,52 64 290
2892837,69 74 157
2892837,69 62 157
2893646,45 150 
2893669,34 68 
2893935,68 249
2894003,08 172 
2894180,79 92 
2894180,79 65 
2894200,09 103 
2894200,09 101 
2894737,61 100 
2894737,61 5
2894737,61 1903
2894737,61 10
2896719,72 25 
2897639,79 75 
2898850,1 72 
2898932,19 70 
2899429,17 80 
2899931,31 83 
2900071,85 64 141
2900245,92 74 155
2900245,92 63 155
2901054,43 150 
2901079,4 68 
2902287,09 92 
2902287,09 65 
2902303,29 103 
2902303,29 101 
2902856,48 100 
2902856,48 5
2902856,48 1903
2902856,48 10
2904823,08 25 
2905902,86 75 
2907113,24 72 
2907195,44 70 
2907701,53 80 
2908141,3 83 
2908386,32 64 245
2908580,39 74 173
2908580,39 63 173
2908991,21 150 
2909022,86 68 
2909057,93 249
2909293,28 173 
2909830,77 92 
2909830,77 65 
2909846,74 103 
2909846,74 101 
2910380,48 100 
2910380,48 5
2910380,48 1903
2910380,48 11
2912353,17 25 
2913672,85 75 
2914881,48 72 
2914965,53 70 
2915460,83 80 
2915964,59 83 
2916063,53 64 99
2916233,11 74 149
2916233,11 62 149
2917041,77 150 
2917071,88 68 
2917326,92 249
2917433,34 172 
2917583,79 92 
2917583,79 65 
2917603,37 103 
2917603,37 101 
2918135,96 100 
2918135,96 5
2918135,96 1903
2918135,96 11
2920109,71 25 
2920989,72 75 
2922196,84 72 
2922548,81 70 
2923231,27 80 
2923838,74 250 
2923854,02 101 
2925867,22 100 
2925867,22 5
2925867,22 1903
2925867,22 11
2925867,22 25 
2926547,33 75 
2927755,35 72 
2928039,84 70 
2928727,65 80 
2929318,7 83 
2929477,86 64 160
2929645,84 74 155
2929645,84 62 155
2930057,96 150 
2930079,76 68 
2930320,18 249
2931290,65 92 
2931290,65 65 
2931304,23 103 
2931304,23 101 
2931851,42 100 
2931851,42 5
2931851,42 1903
2931851,42 11
2933823,8 25 
2935290,25 75 
2936499,59 72 
2936582,79 70 
2937082,75 80 
2937541,97 83 
2937792,84 64 252
2937964,49 74 156
2937964,49 62 156
2938775,59 150 
2938795,84 68 
2939047,85 249
2939151,34 172 
2940007,16 92 
2940007,16 65 
2940020,43 103 
2940020,43 101 
2940553,08 100 
2940553,08 5
2940553,08 1903
2940553,08 11
2942526,75 25 
2942553,96 75 
2943760,79 72 
2943846,31 70 
2944356,11 80 
2944858,73 83 
2945038,42 64 180
2945237,2 74 179
2945237,2 62 179
2945644,82 152 
2945672,81 69 
2946001,59 249 
2946814,07 182 
2947582,07 93 
2947603,95 103 
2947603,95 101 
2951139,87 100 
2951139,87 5
2951139,87 1903
2951139,87 10
2953108,96 25 
2953136,14 75 
2954344,57 72 
2954428,47 70 
2954935,61 80 
2955480,81 83 
2955817,74 64 338
2955949,4 74 109
2955949,4 63 109
2956362,02 150 
2956389,11 68 
2957199,75 92 
2957199,75 65 
2957226,4 103 
2957226,4 101 
2957767,39 100 
2957767,39 5
2957767,39 1903
2957767,39 10
2959746,12 25 
2960519,43 75 
2961729,49 72 
2961812,03 70 
2962313,35 80 
2962811,03 83 
2962981,53 64 171
2963152,21 74 155
2963152,21 63 155
2963960,85 150 
2963985,8 68 
2965193,88 92 
2965193,88 65 
2965209,67 103 
2965209,67 101 
2965748,37 100 
2965748,37 5
2965748,37 1903
2965748,37 10
2967716,44 25 
2971021,6 75 
2972230,64 72 
2972314,27 70 
2972813,67 80 
2973259,95 83 
2973521,54 64 262
2973692,52 74 153
2973692,52 63 153
2974102,76 150 
2974128,16 68 
2974508,02 249
2974546,04 173 
2974637,1 92 
2974637,1 65 
2974659,01 103 
2974659,01 101 
2975191,96 100 
2975191,96 5
2975191,96 1903
2975191,96 11
2977165,21 25 
2978325,17 75 
2979534,23 72 
2979617,61 70 
2980123,02 80 
2980670,09 83 
2980791,12 64 122
2980912,39 74 96
2980912,39 62 96
2981725,36 150 
2981751,59 68 
2982000,76 249
2982074,99 172 
2982563,61 92 
2982563,61 65 
2982588,87 103 
2982588,87 101 
2983133,73 100 
2983133,73 3
2983133,73 1903
2983133,73 10
2983133,73 78 
2983133,73 198 
2985108,52 25 
2986055,21 75 
2987264,16 72 
2987347,81 70 
2987843,93 80 
2988386,89 83 
2988548,36 64 162
2988733,3 74 160
2988733,3 63 160
2989545,68 151 
2989574,11 69 
2989980,95 249 
2990029,44 183 
2990087,31 93 
2990105,62 103 
2990105,62 101 
2993637,87 100 
2993637,87 3
2993637,87 1903
2993637,87 11
2995610,64 25 
2997237,19 75 
2998446,11 72 
2998529,62 70 
2999028,9 80 
2999475,25 83 
2999700,09 64 225
2999854,12 74 139
2999854,12 62 139
3000264,02 151 
3000290,39 69 
3000617,57 249 
3001302,55 93 
3001314,19 103 
3001314,19 101 
3004851,38 100 
3004851,38 3
3004851,38 1903
3004851,38 10
3006832,57 25 
3006860,3 75 
3008067,17 72 
3008152,06 70 
3008650,98 80 
3009151,16 83 
3010213,27 64 1062
3010380,24 74 150
3010380,24 63 150
3010788,69 151 
3010818,22 69 
3011626,52 93 
3011643,07 103 
3011643,07 101 
3015183,36 100 
3015183,36 3
3015183,36 1903
3015183,36 10
3017161,39 25 
3017188,65 75 
3018399,46 72 
3018480,99 70 
3018981,89 80 
3019533,38 83 
3019971,98 64 439
3020173,47 74 187
3020173,47 63 187
3020982,67 151 
3021002,3 69 
3021810,27 93 
3021825,44 103 
3021825,44 101 
3025359,65 100 
3025359,65 3
3025359,65 1903
3025359,65 10
3027330,42 25 
3027544,02 75 
3028753,29 72 
3029103,06 70 
3029945,93 80 
3030768,54 83 
3030916,97 64 149
3031130,57 74 189
3031130,57 62 189
3031941,07 150 
3031970,07 68 
3032291,37 249
3032322,5 172 
3032781,77 92 
3032781,77 65 
3032807,32 103 
3032807,32 101 
3033340,06 100 
3033340,06 3
3033340,06 1903
3033340,06 11
3035313,7 25 
3035713,85 75 
3036922,77 72 
3037259,59 70 
3037940,68 80 
3038551,96 83 
3038715,62 64 164
3038878,2 74 140
3038878,2 62 140
3039289,22 153 
3039313,71 68 
3039607,26 249
3039661,87 172 
3040525,28 92 
3040525,28 65 
3040550,73 103 
3040550,73 101 
3041095,81 100 
3041095,81 3
3041095,81 1903
3041095,81 11
3043070,35 25 
3044163,62 75 
3045372,65 72 
3045456,15 70 
3045952,19 80 
3046442,06 83 
3046523,93 64 83
3046717,24 74 169
3046717,24 62 169
3047128,18 151 
3047150,15 69 
3047495,03 249 
3047946,2 182 
3049419,12 93 
3049440,2 103 
3049440,2 101 
3052971,81 100 
3052971,81 3
3052971,81 1903
3052971,81 11
3054946,27 25 
3060103,38 75 
3061311,88 72 
3061395,92 70 
3061904,29 80 
3062355,12 83 
3062692,45 64 338
3062864,56 74 150
3062864,56 62 150
3063672,45 151 
3063702,45 69 
3064174,96 249 
3064709,97 93 
3064727 103 
3064727 101 
3068262,98 100 
3068262,98 3
3068262,98 1903
3068262,98 11
3070232,18 25 
3071245,29 75 
3072454,44 72 
3072537,86 70 
3073031,94 80 
3073576,89 83 
3073910,58 64 334
3074083,31 74 160
3074083,31 63 160
3074895,46 150 
3074924,11 68 
3076132,16 92 
3076132,16 65 
3076148,68 103 
3076148,68 101 
3076690,7 100 
3076690,7 3
3076690,7 1903
3076690,7 10
3078668,33 25 
3079868,27 75 
3081077,31 72 
3081160,68 70 
3081660,99 80 
3082106,69 83 
3082334,49 64 228
3082488,78 74 130
3082488,78 61 130
3082897,64 151 
3082920,67 69 
3083933,36 93 
3083945,44 103 
3083945,44 101 
3087484,26 100 
3087484,26 3
3087484,26 1903
3087484,26 10
3089463,76 25 
3090370,36 75 
3091576,94 72 
3091662,86 70 
3092161,59 80 
3092715,33 83 
3093136,62 64 421
3093318,81 74 164
3093318,81 62 164
3093727,5 150 
3093756,93 68 
3094058,4 249
3094176,59 172 
3094966,7 92 
3094966,7 65 
3094980,64 103 
3094980,64 101 
3095512,51 100 
3095512,51 3
3095512,51 1903
3095512,51 10
3097500,32 25 
3097567,31 75 
3098774,72 72 
3098859,86 70 
3099361,13 80 
3099845,73 83 
3100871,94 64 1027
3101061,87 74 177
3101061,87 62 177
3101869,35 150 
3101899,45 68 
3102209,93 249
3102237,78 172 
3102710,73 92 
3102710,73 65 
3102737,32 103 
3102737,32 101 
3107264,01 102 
