72 100 
72 2
72 1882
72 11
2032,53 25 
2057,51 75 
3275,7 72 
3603,22 70 
4438,13 80 
5202,85 83 
5365,62 64 163
5586,97 74 183
5586,97 61 183
6013,34 151 
6042,91 69 
6857,9 93 
6883,73 103 
6883,73 101 
10414,22 100 
10414,22 2
10414,22 1882
10414,22 10
12386,94 25 
12414,03 75 
13622,27 72 
14013,1 70 
14820,89 80 
15678,63 83 
15968,26 64 291
16153,25 74 156
16153,25 61 156
16969,27 150 
16998,44 68 
17814,03 92 
17814,03 65 
17850,66 103 
17850,66 101 
18385,08 100 
18385,08 2
18385,08 1882
18385,08 10
20357 25 
20384 75 
21596,22 72 
21876,41 70 
22383,25 80 
22862,24 83 
23130,89 64 269
23296,21 74 142
23296,21 61 142
23721,8 150 
23743,72 68 
24956,71 92 
24956,71 65 
24994,33 103 
24994,33 101 
25532,2 100 
25532,2 2
25532,2 1882
25532,2 11
27500,87 25 
27527,93 75 
28743,86 72 
28820,18 70 
29313,95 80 
29739,43 83 
30239,67 64 501
30457,73 74 198
30457,73 62 198
31281,01 151 
31313,85 69 
31678,68 249 
31934,27 256 
33076,84 93 
33097,71 103 
33097,71 101 
36634,44 100 
36634,44 2
36634,44 1882
36634,44 11
38615,98 25 
38643 75 
39852,26 72 
39935,61 70 
40435,16 80 
40961,51 83 
41265,13 64 304
42051,8 74 771
42051,8 62 771
42872,46 151 
42895,04 69 
43167,72 249 
43903,09 93 
43919,78 103 
43919,78 101 
47451,02 100 
47451,02 2
47451,02 1882
47451,02 10
49424,86 25 
49451,87 75 
50662,51 72 
50744,36 70 
51233,64 80 
51716,91 83 
51858,29 64 142
52034,88 74 145
52034,88 61 145
52462,08 150 
52491,79 68 
53305,7 92 
53305,7 65 
53342,51 103 
53342,51 101 
53883,92 100 
53883,92 2
53883,92 1882
53883,92 10
55862,17 25 
55889,5 75 
57102,61 72 
57181,73 70 
57674,62 80 
58220,81 83 
58391,86 64 171
58553,24 74 147
58553,24 61 147
58973,07 152 
58994,93 69 
59803,43 93 
59819,77 103 
59819,77 101 
63352,08 100 
63352,08 2
63352,08 1882
63352,08 11
65324,91 25 
65352,09 75 
65484,8 250 
65510,6 101 
67523,94 100 
67523,94 2
67523,94 1882
67523,94 11
67523,94 25 
67576,9 75 
68793,36 72 
68870,21 70 
69363,29 80 
69789,28 83 
70469,35 64 681
70733,69 74 237
70733,69 63 237
71553,06 150 
71577,11 68 
72396,64 92 
72396,64 65 
72427,92 103 
72427,92 101 
72961,98 100 
72961,98 2
72961,98 1882
72961,98 11
74934,19 25 
74975,51 75 
76192,39 72 
76280,4 70 
76773,41 80 
77266,2 83 
77487,07 64 221
77647,32 74 127
77647,32 63 127
78471,77 150 
78494,28 68 
79001,51 92 
79001,51 65 
79025,27 103 
79025,27 101 
79563,63 100 
79563,63 2
79563,63 1882
79563,63 10
81544,74 25 
81691,69 75 
82902,11 72 
82984,24 70 
83470,63 80 
83956,78 83 
84139,56 64 183
84316,38 74 147
84316,38 61 147
84742,92 150 
84771,54 68 
85586,17 92 
85586,17 65 
85622,36 103 
85622,36 101 
86155,66 100 
86155,66 2
86155,66 1882
86155,66 11
88128,69 25 
88155,65 75 
89374,97 72 
89461,51 70 
89952,18 80 
90380,67 83 
90568,52 64 188
90724,84 74 131
90724,84 63 131
91552,09 150 
91582,16 68 
92093,38 92 
92093,38 65 
92126,32 103 
92126,32 101 
92658,94 100 
92658,94 2
92658,94 1882
92658,94 10
94632,66 25 
95099,49 75 
96312,86 72 
96392,01 70 
96877,34 80 
97417,82 83 
97663,51 64 246
97835,07 74 151
97835,07 61 151
98262,66 150 
98287,01 68 
99501,24 92 
99501,24 65 
99536,62 103 
99536,62 101 
100083,72 100 
100083,72 2
100083,72 1882
100083,72 10
102056,2 25 
102349,71 75 
103563,05 72 
103643,9 70 
104131,47 80 
104614,73 83 
104753,27 64 139
104915,28 74 141
104915,28 61 141
105340,18 152 
105363,01 69 
106172,47 93 
106187,11 103 
106187,11 101 
109718,24 100 
109718,24 2
109718,24 1882
109718,24 11
111692,13 25 
111732,93 75 
112940,88 72 
113026,71 70 
113520,89 80 
114064,15 83 
114259,56 64 196
114443,25 74 166
114443,25 63 166
115260,89 150 
115292,24 68 
116501,6 92 
116501,6 65 
116529,45 103 
116529,45 101 
117062,24 100 
117062,24 2
117062,24 1882
117062,24 10
119035,77 25 
119289,37 75 
120502,49 72 
120581,9 70 
121075,83 80 
121514,4 83 
121761,29 64 248
121924,36 74 144
121924,36 61 144
122751,9 150 
122782,34 68 
123593,05 92 
123593,05 65 
123633,12 103 
123633,12 101 
124170,62 100 
124170,62 2
124170,62 1882
124170,62 11
126152,76 25 
126180,09 75 
127390,96 72 
127658,89 70 
128331,73 80 
129031,22 83 
129224,99 64 194
129402,34 74 145
129402,34 63 145
129822,38 150 
129846,13 68 
130363,56 92 
130363,56 65 
130403,66 103 
130403,66 101 
130940,54 100 
130940,54 2
130940,54 1882
130940,54 10
132911,56 25 
133057,05 75 
134271,57 72 
134536,09 70 
135225,63 80 
135761,93 83 
135981,16 64 219
136131,13 74 129
136131,13 61 129
136550,93 150 
136576,65 68 
137392,82 92 
137392,82 65 
137427,35 103 
137427,35 101 
137958,5 100 
137958,5 2
137958,5 1882
137958,5 11
139933,66 25 
139961,06 75 
141171,34 72 
141253,27 70 
141745,9 80 
142185,72 83 
142471,1 64 285
142654,97 74 163
142654,97 63 163
143481,63 150 
143507,11 68 
144724,95 92 
144724,95 65 
144757,66 103 
144757,66 101 
145300,11 100 
145300,11 2
145300,11 1882
145300,11 11
147277,32 25 
147304,61 75 
148521,41 72 
148596,89 70 
149097,41 80 
149635,98 83 
149925,17 64 289
150085,38 74 130
150085,38 63 130
150511,91 150 
150530,82 68 
151345,99 92 
151345,99 65 
151381,53 103 
151381,53 101 
151913,1 100 
151913,1 2
151913,1 1882
151913,1 10
153887,81 25 
154288,09 75 
155500,4 72 
155580,62 70 
156072,94 80 
156553,1 83 
156870,73 64 318
157033,04 74 147
157033,04 61 147
157860,77 150 
157887,85 68 
159105,19 92 
159105,19 65 
159138,32 103 
159138,32 101 
159676,41 100 
159676,41 2
159676,41 1882
159676,41 10
161644,64 25 
163084,34 75 
164303,97 72 
164390,26 70 
164884,49 80 
165322,7 83 
165571,71 64 249
165732,06 74 143
165732,06 61 143
166550,92 150 
166577,57 68 
167093,82 92 
167093,82 65 
167134,94 103 
167134,94 101 
167674,65 100 
167674,65 2
167674,65 1882
167674,65 10
169655,34 25 
169681,8 75 
170891,6 72 
170974,18 70 
171474,13 80 
171960,06 83 
172158,29 64 199
172300,41 74 115
172300,41 61 115
172719,67 150 
172748,21 68 
173965,81 92 
173965,81 65 
173998,77 103 
173998,77 101 
174530,65 100 
174530,65 2
174530,65 1882
174530,65 11
176505,05 25 
176532,27 75 
177742,02 72 
177824,58 70 
178320,78 80 
178757,16 83 
179098,53 64 342
179304,88 74 188
179304,88 63 188
179730,75 152 
179758,55 69 
180273,31 93 
180289,46 103 
180289,46 101 
183822,21 100 
183822,21 2
183822,21 1882
183822,21 11
185794,56 25 
185821,58 75 
187032,14 72 
187114,04 70 
187614,05 80 
188166,56 83 
188402,2 64 237
188592,24 74 173
188592,24 63 173
189409,4 150 
189434,54 68 
190254,36 92 
190254,36 65 
190285,32 103 
190285,32 101 
190830,62 100 
190830,62 2
190830,62 1882
190830,62 11
192804,96 25 
192831,92 75 
194039,96 72 
194124,5 70 
194623,18 80 
195056,93 83 
195567,37 64 511
195764,84 74 175
195764,84 63 175
196191,51 150 
196218,4 68 
197431,66 92 
197431,66 65 
197470 103 
197470 101 
198003,11 100 
198003,11 2
198003,11 1882
198003,11 11
199975,37 25 
201108,54 75 
202320,83 72 
202401,07 70 
202906,54 80 
203466,88 83 
203786,2 64 319
203991,21 74 179
203991,21 63 179
204808,77 150 
204841,66 68 
205352,22 92 
205352,22 65 
205385,74 103 
205385,74 101 
205919,77 100 
205919,77 2
205919,77 1882
205919,77 10
207905,31 25 
209185,19 75 
210400,92 72 
210477,68 70 
210986,23 80 
211477,01 83 
211644,89 64 168
211814,47 74 138
211814,47 61 138
212640,13 150 
212664,79 68 
213486,64 92 
213486,64 65 
213515,64 103 
213515,64 101 
214053,03 100 
214053,03 2
214053,03 1882
214053,03 10
216035,34 25 
216368,77 75 
217580,9 72 
217661,33 70 
218151,84 80 
218633,77 83 
218805,26 64 171
218984,37 74 151
218984,37 61 151
219408,13 150 
219435,34 68 
220252,22 92 
220252,22 65 
220286,1 103 
220286,1 101 
220821,43 100 
220821,43 2
220821,43 1882
220821,43 11
222792,43 25 
223219,29 75 
224431,3 72 
224511,81 70 
224998,06 80 
225537,57 83 
225914,57 64 378
226134,17 74 197
226134,17 63 197
226557,86 150 
226592,51 68 
227800,2 92 
227800,2 65 
227829,57 103 
227829,57 101 
228361,02 100 
228361,02 2
228361,02 1882
228361,02 10
230335,94 25 
230362,92 75 
231571,71 72 
231655,57 70 
232149,21 80 
232588 83 
232963,7 64 376
233119,7 74 132
233119,7 61 132
233941,01 150 
233963,44 68 
234489,97 92 
234489,97 65 
234520,15 103 
234520,15 101 
235062,28 100 
235062,28 2
235062,28 1882
235062,28 11
237039,78 25 
237067,14 75 
238279,49 72 
238599,21 70 
239421,99 80 
240251,42 83 
240504,16 64 253
240674,01 74 143
240674,01 63 143
241101,38 150 
241132,86 68 
241743,4 249
241863,05 173 
242354,88 92 
242354,88 65 
242383,54 103 
242383,54 101 
242914,98 100 
242914,98 2
242914,98 1882
242914,98 11
244889,88 25 
247595,8 75 
248809,2 72 
249141,46 70 
249957,44 80 
250700,38 83 
250950,32 64 251
251143,81 74 177
251143,81 63 177
251969,22 150 
251995,18 68 
252809,64 92 
252809,64 65 
252832,68 103 
252832,68 101 
253368,77 100 
253368,77 2
253368,77 1882
253368,77 11
255352,11 25 
256538,69 75 
257750,98 72 
258071,06 70 
258891,82 80 
259750,03 83 
259834,13 64 84
260073,23 74 218
260073,23 63 218
260499,53 152 
260524,96 69 
261045,04 93 
261069,1 103 
261069,1 101 
264609,94 100 
264609,94 2
264609,94 1882
264609,94 11
266587,48 25 
266614,78 75 
267830,69 72 
268106,93 70 
268784,69 80 
269279,3 83 
269873,12 64 594
270062,4 74 157
270062,4 63 157
270892,43 150 
270920,55 68 
271730,23 92 
271730,23 65 
271771,23 103 
271771,23 101 
272304,93 100 
272304,93 2
272304,93 1882
272304,93 10
274277,59 25 
274517,87 75 
275730,92 72 
275810,38 70 
276326,6 80 
276822,85 83 
277065,32 64 243
277240,21 74 152
277240,21 61 152
278061,03 150 
278090,76 68 
279303,72 92 
279303,72 65 
279341,39 103 
279341,39 101 
279874,07 100 
279874,07 2
279874,07 1882
279874,07 10
281847,75 25 
282647,78 75 
283859,89 72 
283940,32 70 
284431,54 80 
284979,48 83 
285103,04 64 124
285262,76 74 137
285262,76 61 137
285689,73 150 
285714,44 68 
286234,43 92 
286234,43 65 
286271,86 103 
286271,86 101 
286816,7 100 
286816,7 2
286816,7 1882
286816,7 10
288791,47 25 
288819,35 75 
290032,01 72 
290111,07 70 
290602,73 80 
291150,21 83 
291241,3 64 92
291401,66 74 145
291401,66 61 145
292230,1 150 
292258,19 68 
293471,22 92 
293471,22 65 
293508,81 103 
293508,81 101 
294041,11 100 
294041,11 2
294041,11 1882
294041,11 11
296015,25 25 
296122,19 75 
297330,59 72 
297414,74 70 
297912,02 80 
298347,19 83 
298691,3 64 345
298922,97 74 216
298922,97 63 216
299347,63 150 
299375,32 68 
299890,17 92 
299890,17 65 
299932,78 103 
299932,78 101 
300464,87 100 
300464,87 2
300464,87 1882
300464,87 10
302439,09 25 
302599,47 75 
303809,26 72 
303891,98 70 
304384,83 80 
304877,74 83 
305158,98 64 281
305309,72 74 126
305309,72 61 126
306127,34 150 
306159,08 68 
306973,59 92 
306973,59 65 
307009,83 103 
307009,83 101 
307548,1 100 
307548,1 2
307548,1 1882
307548,1 10
309516,32 25 
309543,7 75 
310760,96 72 
310835,72 70 
311329,17 80 
311754,95 83 
311979,83 64 225
312129,89 74 135
312129,89 61 135
312550,42 150 
312569,87 68 
313381,17 92 
313381,17 65 
313420,49 103 
313420,49 101 
313958,28 100 
313958,28 2
313958,28 1882
313958,28 11
315926,96 25 
315954,18 75 
317168,89 72 
317246,39 70 
317742,65 80 
318285,5 83 
318546,7 64 262
318768,99 74 204
318768,99 63 204
319186,71 150 
319220,26 68 
319732,9 92 
319732,9 65 
319764,56 103 
319764,56 101 
320296,04 100 
320296,04 2
320296,04 1882
320296,04 10
322270,86 25 
322497,75 75 
323710,07 72 
323790,26 70 
324282,26 80 
324776,18 83 
324892,89 64 117
325083,65 74 161
325083,65 61 161
325909,81 150 
325937,53 68 
327150,35 92 
327150,35 65 
327188,08 103 
327188,08 101 
327730,33 100 
327730,33 2
327730,33 1882
327730,33 10
329707,75 25 
330920,9 75 
332129,28 72 
332213,47 70 
332714,31 80 
333159,34 83 
333311,82 64 153
333472,08 74 140
333472,08 61 140
334299,73 150 
334320,74 68 
335129,62 92 
335129,62 65 
335171,44 103 
335171,44 101 
335702,73 100 
335702,73 2
335702,73 1882
335702,73 11
337677,76 25 
338984,27 75 
340201,85 72 
340290,04 70 
340781,52 80 
341329,27 83 
341654,52 64 326
341872,5 74 197
341872,5 63 197
342296,83 150 
342330,61 68 
342842,4 92 
342842,4 65 
342874,87 103 
342874,87 101 
343412,01 100 
343412,01 2
343412,01 1882
343412,01 11
345381,46 25 
346034,68 75 
347248,73 72 
347327,39 70 
347825,64 80 
348312,94 83 
348594,72 64 282
348789,27 74 171
348789,27 63 171
349207,26 150 
349234,58 68 
350453,17 92 
350453,17 65 
350485,03 103 
350485,03 101 
351024,7 100 
351024,7 2
351024,7 1882
351024,7 10
353004,77 25 
354591 75 
355800,79 72 
355883,68 70 
356379,62 80 
356816,05 83 
356952,3 64 137
357122,95 74 147
357122,95 61 147
357951,67 150 
357990,77 68 
359201,83 92 
359201,83 65 
359241,34 103 
359241,34 101 
359775,44 100 
359775,44 2
359775,44 1882
359775,44 11
361747,65 25 
364120,44 75 
365330,37 72 
365412,87 70 
365911,27 80 
366452,01 83 
366613,24 64 162
366792,25 74 155
366792,25 63 155
367618,34 152 
367640,17 69 
368131,12 249 
368162,14 93 
368184,32 103 
368184,32 101 
371715,5 100 
371715,5 2
371715,5 1882
371715,5 11
373689,32 25 
373717 75 
374930,93 72 
375248,84 70 
375906,13 80 
376541,15 83 
376767,75 64 227
376988,79 74 195
376988,79 63 195
377409,42 150 
377436,1 68 
377950,81 92 
377950,81 65 
377993,58 103 
377993,58 101 
378540,05 100 
378540,05 2
378540,05 1882
378540,05 10
380513,12 25 
381752,99 75 
382969,78 72 
383232,49 70 
383907,09 80 
384497,85 83 
384579,5 64 82
384739,97 74 136
384739,97 61 136
385156,1 150 
385179,4 68 
385690,39 92 
385690,39 65 
385723,68 103 
385723,68 101 
386257 100 
386257 2
386257 1882
386257 10
388229,94 25 
388936,79 75 
390149,2 72 
390229,18 70 
390725,32 80 
391161,71 83 
391300,71 64 139
391479,42 74 158
391479,42 61 158
392297,61 150 
392323,21 68 
393140,02 92 
393140,02 65 
393173,83 103 
393173,83 101 
393706,01 100 
393706,01 2
393706,01 1882
393706,01 11
395680,11 25 
397600,68 75 
398810,26 72 
398892,28 70 
399391,1 80 
399878,13 83 
400122,48 64 245
400308,23 74 165
400308,23 63 165
401129,67 150 
401160,23 68 
402371,26 92 
402371,26 65 
402410,04 103 
402410,04 101 
402948,2 100 
402948,2 2
402948,2 1882
402948,2 11
404916,48 25 
407089,06 75 
408298,91 72 
408381,59 70 
408878,3 80 
409367,41 83 
409594,63 64 228
409760,93 256 
409778,54 74 158
409778,54 63 158
410198,19 150 
410222,34 68 
410740,51 92 
410740,51 65 
410779,85 103 
410779,85 101 
411315,56 100 
411315,56 2
411315,56 1882
411315,56 11
413286,2 25 
414379,33 75 
415590,92 72 
415671,88 70 
416170,05 80 
416617,76 83 
417025,53 64 408
417240,76 74 197
417240,76 63 197
417668,13 150 
417699,1 68 
418512,66 92 
418512,66 65 
418549,91 103 
418549,91 101 
419081,87 100 
419081,87 2
419081,87 1882
419081,87 11
421056,25 25 
424121,94 75 
425338,68 72 
425416,4 70 
425908,53 80 
426440,29 83 
426676,6 64 237
426869,41 74 177
426869,41 63 177
427689,69 150 
427708,42 68 
428921,71 92 
428921,71 65 
428958,87 103 
428958,87 101 
429501,89 100 
429501,89 2
429501,89 1882
429501,89 10
431478,57 25 
433584,74 75 
434799,4 72 
434877,19 70 
435368,85 80 
435796,35 83 
436001,12 64 205
436169,76 74 147
436169,76 61 147
436989,56 150 
437011,16 68 
438231,27 92 
438231,27 65 
438261,66 103 
438261,66 101 
438793,36 100 
438793,36 2
438793,36 1882
438793,36 10
440768,02 25 
441941,15 75 
443159,7 72 
443247,03 70 
443737,7 80 
444219,56 83 
444383,31 64 165
444538 74 132
444538 61 132
444958,76 150 
444981,17 68 
445502,06 92 
445502,06 65 
445538,61 103 
445538,61 101 
446075,3 100 
446075,3 2
446075,3 1882
446075,3 10
448045,23 25 
450137,74 75 
451349,03 72 
451430,33 70 
451921,37 80 
452456,24 83 
452489,23 64 34
452668,89 74 160
452668,89 61 160
453087,6 150 
453111 68 
453931,33 92 
453931,33 65 
453961,79 103 
453961,79 101 
454501,85 100 
454501,85 2
454501,85 1882
454501,85 11
456481,38 25 
458307,67 75 
459518,58 72 
459600,21 70 
460088,22 80 
460519,5 83 
460728,9 64 210
460929,74 74 184
460929,74 63 184
461756,44 150 
461787,53 68 
462598,73 92 
462598,73 65 
462638,71 103 
462638,71 101 
463169,84 100 
463169,84 2
463169,84 1882
463169,84 10
465157,83 25 
467810,42 75 
469019,57 72 
469102,98 70 
469602,38 80 
470142,04 83 
470255,42 64 114
470407,83 74 133
470407,83 61 133
470824,26 150 
470850,33 68 
471367,6 92 
471367,6 65 
471395,55 103 
471395,55 101 
471926,69 100 
471926,69 2
471926,69 1882
471926,69 10
473900,83 25 
476766,68 75 
477978,16 72 
478059,12 70 
478549,93 80 
479044,96 83 
479212,76 64 168
479369,68 74 125
479369,68 61 125
480197,07 152 
480219,02 69 
480727,73 93 
480750,6 103 
480750,6 101 
484295,77 100 
484295,77 2
484295,77 1882
484295,77 10
486269,01 25 
486296,42 75 
487506,25 72 
487775,13 70 
488437,51 80 
489027,5 83 
489310,91 64 284
489489,48 74 156
489489,48 61 156
490318,88 150 
490348,73 68 
491162,97 92 
491162,97 65 
491199,54 103 
491199,54 101 
491731,97 100 
491731,97 2
491731,97 1882
491731,97 11
493705,89 25 
497104,86 75 
498318,31 72 
498397,38 70 
498889,39 80 
499329,8 83 
499576,52 64 247
499759,11 74 163
499759,11 63 163
500188,76 150 
500211,31 68 
501431,92 92 
501431,92 65 
501462,07 103 
501462,07 101 
501995,89 100 
501995,89 2
501995,89 1882
501995,89 11
503968,27 25 
505501,33 75 
506720,13 72 
506794,02 70 
507290,11 80 
507779,64 83 
508011,33 64 232
508206,91 74 174
508206,91 63 174
509028,01 150 
509047,61 68 
509558,8 92 
509558,8 65 
509591,99 103 
509591,99 101 
510130 100 
510130 2
510130 1882
510130 10
512111,49 25 
516256,78 75 
517468,81 72 
517549,33 70 
518039,21 80 
518481,92 83 
518677,39 64 196
518850,69 74 156
518850,69 61 156
519277,69 150 
519311 68 
520527,15 92 
520527,15 65 
520560,67 103 
520560,67 101 
521096,14 100 
521096,14 2
521096,14 1882
521096,14 11
523067,11 25 
529371,39 75 
530588,27 72 
530677,22 70 
531170,8 80 
531716,3 83 
531958,39 64 243
532140,67 74 158
532140,67 63 158
532965,47 150 
532997,78 68 
533807,61 92 
533807,61 65 
533848,45 103 
533848,45 101 
534381,36 100 
534381,36 4
534381,36 1882
534381,36 10
534381,36 78 
534381,36 198 
536354,73 25 
538394,25 75 
539606,37 72 
539686,76 70 
540175,66 80 
540659,21 83 
540819,12 64 160
541000,41 74 168
541000,41 61 168
541428,71 153 
541447,66 68 
541961,92 92 
541961,92 65 
541991,7 103 
541991,7 101 
542533,46 100 
542533,46 4
542533,46 1882
542533,46 10
544511,33 25 
549376,28 75 
550588,63 72 
550668,86 70 
551156,2 80 
551641,32 83 
551829,24 64 189
552009,26 74 156
552009,26 61 156
552837,28 151 
552869,27 69 
553690,1 93 
553720,21 103 
553720,21 101 
557252,88 100 
557252,88 4
557252,88 1882
557252,88 10
559225,13 25 
559772,03 75 
560987,05 72 
561064,49 70 
561561,22 80 
561997 83 
562217,98 64 221
562397,43 74 161
562397,43 61 161
562817,33 151 
562838,46 69 
563348,45 93 
563369,38 103 
563369,38 101 
566904,46 100 
566904,46 4
566904,46 1882
566904,46 11
568874,57 25 
570207,63 75 
571419,81 72 
571513,43 70 
572004,31 80 
572539,25 83 
572819,36 64 281
573039,06 74 207
573039,06 63 207
573466,35 151 
573487,46 69 
574035,13 249 
574313,92 183 
574495,61 93 
574511,48 103 
574511,48 101 
578050,11 100 
578050,11 4
578050,11 1882
578050,11 11
580029,86 25 
582962,34 75 
584178,88 72 
584254,77 70 
584747,73 80 
585173,95 83 
586311,35 64 1138
586586,92 74 254
586586,92 63 254
587406,86 151 
587428,19 69 
587939,76 93 
587959,13 103 
587959,13 101 
591494,26 100 
591494,26 4
591494,26 1882
591494,26 11
593464,22 25 
593491,55 75 
594708,11 72 
594983,63 70 
595647,49 80 
596196,03 83 
596593,22 64 397
596976,47 74 355
596976,47 62 355
597397,63 153 
597424,13 68 
597695,69 249
598088,39 172 
598331,72 92 
598331,72 65 
598368,15 103 
598368,15 101 
598899,53 100 
598899,53 4
598899,53 1882
598899,53 11
600874,46 25 
600901,74 75 
602116,56 72 
602193,99 70 
602685,71 80 
603219,75 83 
603402,82 64 183
603440,01 256 
603460,09 74 27
603460,09 62 27
604286,78 151 
604314,45 69 
604820,38 249 
605625,86 182 
605742,17 93 
605765,02 103 
605765,02 101 
609309,96 100 
609309,96 4
609309,96 1882
609309,96 10
611283,43 25 
611310,74 75 
612526,88 72 
612602,97 70 
613095,78 80 
613535,47 83 
613805,96 64 271
614006,16 74 178
614006,16 61 178
614824,28 151 
614856,75 69 
615369,11 93 
615387,84 103 
615387,84 101 
618920,24 100 
618920,24 4
618920,24 1882
618920,24 10
620892,86 25 
620919,71 75 
622136,74 72 
622225,6 70 
622716,27 80 
623251,46 83 
624096,3 64 846
624469,43 74 352
624469,43 62 352
624895,64 150 
624919,27 68 
625183,48 249
625800,41 92 
625800,41 65 
625836,62 103 
625836,62 101 
626368,87 100 
626368,87 4
626368,87 1882
626368,87 11
628342,91 25 
628384,04 75 
629596,87 72 
629675,84 70 
630167,36 80 
630648,32 83 
631023,38 64 376
631388,61 74 341
631388,61 62 341
631812,33 151 
631836,42 69 
632353,31 249 
633017,34 182 
634047,77 93 
634059,86 103 
634059,86 101 
637599,59 100 
637599,59 4
637599,59 1882
637599,59 10
639591,62 25 
640311,71 75 
641526,57 72 
641604,18 70 
642094,35 80 
642629,98 83 
642850,94 64 221
643145,72 74 263
643145,72 62 263
643962,62 150 
643990,63 68 
644229,7 249
644393,7 172 
644852,4 92 
644852,4 65 
644882 103 
644882 101 
645419,56 100 
645419,56 4
645419,56 1882
645419,56 11
647388,42 25 
647415,63 75 
648626,89 72 
648707,89 70 
649202,25 80 
649640,4 83 
649908,64 64 269
650088,23 74 156
650088,23 62 156
650918,58 151 
650947,56 69 
651382,63 249 
651555,78 182 
652511,43 93 
652532,15 103 
652532,15 101 
656065,04 100 
656065,04 4
656065,04 1882
656065,04 11
658037,18 25 
658064,59 75 
659276,64 72 
659356,77 70 
659851,32 80 
660342,53 83 
660692,69 64 351
660909,54 74 194
660909,54 61 194
661335,28 150 
661356,53 68 
661458,56 249
661634,56 171
662169,65 92 
662169,65 65 
662208,08 103 
662208,08 101 
662750,19 100 
662750,19 4
662750,19 1882
662750,19 10
664727,7 25 
664755,14 75 
665965,27 72 
666047,25 70 
666535,43 80 
667073,09 83 
668079,74 64 1007
668606,15 74 493
668606,15 62 493
669026,65 150 
669047,4 68 
669299,26 249
669399,23 172 
670199,04 92 
670199,04 65 
670231,41 103 
670231,41 101 
670763,55 100 
670763,55 4
670763,55 1882
670763,55 10
672737,76 25 
672778,52 75 
673984,88 72 
674070,64 70 
674565,95 80 
675056,46 83 
675248,98 64 193
675289,52 256 
675338,61 74 56
675338,61 62 56
676166,28 150 
676190,42 68 
676521,08 249
676708,3 92 
676708,3 65 
676748,69 103 
676748,69 101 
677283,12 100 
677283,12 4
677283,12 1882
677283,12 10
679255,02 25 
679282,26 75 
680497,37 72 
680574,53 70 
681065,44 80 
681493,68 83 
681696,59 64 203
681798,87 74 79
681798,87 62 79
682625,85 150 
682654,32 68 
682990,36 249
683866,63 92 
683866,63 65 
683905,66 103 
683905,66 101 
684444,24 100 
684444,24 4
684444,24 1882
684444,24 10
686412,16 25 
686439,02 75 
687653,34 72 
687744,92 70 
688232,72 80 
688664,05 83 
688815,84 64 152
689008,88 74 172
689008,88 62 172
689437,69 150 
689464,8 68 
690081,63 249
690279,78 92 
690279,78 65 
690316,4 103 
690316,4 101 
690847,79 100 
690847,79 4
690847,79 1882
690847,79 11
692822,6 25 
695448,78 75 
696664,52 72 
696994,38 70 
697847,07 80 
698690,34 250 
698712,73 101 
700712,91 100 
700712,91 4
700712,91 1882
700712,91 11
700712,91 25 
703498,6 75 
704716,22 72 
705031,11 70 
705696,56 80 
706403,65 83 
706657,82 64 254
706994,95 256 
707005,16 74 322
707005,16 61 322
707822,54 150 
707844,04 68 
708356,98 92 
708356,98 65 
708388,8 103 
708388,8 101 
708920,15 100 
708920,15 4
708920,15 1882
708920,15 10
710895,08 25 
711335,3 75 
712545,51 72 
712627,78 70 
713116,85 80 
713613,61 83 
713827,16 64 213
713847,03 256 
713912,73 74 73
713912,73 62 73
714335,97 150 
714361,96 68 
714736,05 249
714765,77 172 
715577,3 92 
715577,3 65 
715612,45 103 
715612,45 101 
716158,04 100 
716158,04 4
716158,04 1882
716158,04 11
718132,05 25 
718159,07 75 
719376,53 72 
719451,66 70 
719944,61 80 
720490,82 83 
720787,67 64 297
720958,68 74 148
720958,68 61 148
721386,42 150 
721412,39 68 
722628,57 92 
722628,57 65 
722662,83 103 
722662,83 101 
723196,34 100 
723196,34 4
723196,34 1882
723196,34 11
725169,19 25 
726688,84 75 
727904,92 72 
727981,43 70 
728475,34 80 
728953,86 83 
729147,5 64 194
729327,24 74 148
729327,24 61 148
730152,05 150 
730182,04 68 
730695,98 92 
730695,98 65 
730726,17 103 
730726,17 101 
731257,18 100 
731257,18 4
731257,18 1882
731257,18 10
733232,47 25 
735991,83 75 
737205,27 72 
737284,21 70 
737779,32 80 
738216,69 83 
738461,51 64 245
738605 74 122
738605 62 122
739024,92 150 
739058,17 68 
739377,93 249
739427,81 172 
739875,22 92 
739875,22 65 
739908,96 103 
739908,96 101 
740448,94 100 
740448,94 4
740448,94 1882
740448,94 11
742428,62 25 
742455,65 75 
743665 72 
743748,11 70 
744244,81 80 
744787,24 83 
745077,37 64 291
745258,91 74 152
745258,91 61 152
746081,2 150 
746107,78 68 
746628,47 92 
746628,47 65 
746666,14 103 
746666,14 101 
747199,69 100 
747199,69 4
747199,69 1882
747199,69 11
749172,48 25 
753664,24 75 
754873,42 72 
754956,76 70 
755446,48 80 
755969,32 83 
756150,12 64 181
756304,92 74 123
756304,92 61 123
756725,75 152 
756744,37 69 
757554,7 249 
757687,76 181 
759065,95 93 
759087,6 103 
759087,6 101 
762618,56 100 
762618,56 4
762618,56 1882
762618,56 10
764592,63 25 
764952,92 75 
766165,67 72 
766245,44 70 
766732,53 80 
767164,65 83 
767604,32 64 441
767744,62 74 114
767744,62 62 114
768564,01 150 
768592,62 68 
768917,68 249
769804,5 92 
769804,5 65 
769829,79 103 
769829,79 101 
770371,46 100 
770371,46 4
770371,46 1882
770371,46 10
772349,52 25 
772629,72 75 
773843,51 72 
773922,16 70 
774412,73 80 
774841,38 83 
774974,33 64 134
775012,85 256 
775038,19 74 38
775038,19 62 38
775865,02 150 
775895,37 68 
776230,59 249
776274,11 172 
776407,38 92 
776407,38 65 
776440,33 103 
776440,33 101 
776972,57 100 
776972,57 4
776972,57 1882
776972,57 11
778946,63 25 
778973,72 75 
780185,41 72 
780266,24 70 
780755,4 80 
781292,04 83 
781504,97 64 213
781654,47 74 123
781654,47 61 123
782074,97 150 
782092,97 68 
782905,68 92 
782905,68 65 
782944,32 103 
782944,32 101 
783478,38 100 
783478,38 4
783478,38 1882
783478,38 10
785450,58 25 
787143,62 75 
788355,42 72 
788436,17 70 
788927,92 80 
789421,97 83 
789612,03 64 190
789755,64 74 121
789755,64 62 121
790171,24 150 
790197,62 68 
790502,73 249
790539,16 172 
791415,1 92 
791415,1 65 
791447,42 103 
791447,42 101 
791987,22 100 
791987,22 4
791987,22 1882
791987,22 11
793967,04 25 
797206,04 75 
798414,42 72 
798498,62 70 
799002,19 80 
799431,13 83 
799748,19 64 317
799904,31 74 127
799904,31 61 127
800723,84 150 
800752,47 68 
801269,74 92 
801269,74 65 
801296,65 103 
801296,65 101 
801828,8 100 
801828,8 4
801828,8 1882
801828,8 10
803816,27 25 
809907,42 75 
811124,01 72 
811453,2 70 
812264,27 80 
813012,88 250 
813024,97 101 
815038,23 100 
815038,23 4
815038,23 1882
815038,23 10
815038,23 25 
816011,69 75 
817225,81 72 
817544 70 
818206,71 80 
818862,99 83 
819136,58 64 274
819315,51 74 147
819315,51 62 147
820133,91 150 
820157,7 68 
820495,09 249
820536,57 172 
821376,89 92 
821376,89 65 
821408,21 103 
821408,21 101 
821940,82 100 
821940,82 4
821940,82 1882
821940,82 11
823914,51 25 
829726,08 75 
830932,56 72 
831018,46 70 
831515,53 80 
832057,5 83 
832341,8 64 285
832595,46 74 232
832595,46 61 232
833025,07 150 
833044,91 68 
833858,52 92 
833858,52 65 
833896,34 103 
833896,34 101 
834441,24 100 
834441,24 4
834441,24 1882
834441,24 11
836416,01 25 
836669,77 75 
837884,07 72 
837962,14 70 
838457,79 80 
838894,57 83 
839294,16 64 400
839327,67 256 
839505,07 74 184
839505,07 61 184
839921,95 150 
839949,47 68 
840467,8 92 
840467,8 65 
840506,93 103 
840506,93 101 
841038,99 100 
841038,99 4
841038,99 1882
841038,99 10
843013,2 25 
843160,24 75 
844373,71 72 
844454,49 70 
844945,74 80 
845438,68 83 
845568,29 64 130
845753,95 74 156
845753,95 61 156
846574,52 151 
846600,1 69 
847114,64 93 
847130,92 103 
847130,92 101 
850663,33 100 
850663,33 4
850663,33 1882
850663,33 11
852635,91 25 
852676,96 75 
853895,01 72 
853982,06 70 
854480,98 80 
855021,25 83 
859084,39 64 4064
861376,07 256 
861398,46 74 2300
861398,46 61 2300
862225,03 150 
862246,7 68 
863463,43 92 
863463,43 65 
863497,33 103 
863497,33 101 
864036,22 100 
864036,22 4
864036,22 1882
864036,22 10
866016,91 25 
871788,36 75 
871803,24 250 
871813,37 101 
873826,98 100 
873826,98 4
873826,98 1882
873826,98 10
873826,98 25 
876238,97 75 
877453,64 72 
877532,27 70 
878027,95 80 
878464,76 83 
878737,13 64 272
878902,72 74 132
878902,72 61 132
879319,93 153 
879346,31 68 
880165,81 92 
880165,81 65 
880197,01 103 
880197,01 101 
880734,98 100 
880734,98 4
880734,98 1882
880734,98 11
882716,61 25 
889474,14 75 
890683,36 72 
890766,73 70 
891261,38 80 
891752,54 83 
892093,77 64 342
892305,12 74 193
892305,12 61 193
893132,32 150 
893153,85 68 
894366,81 92 
894366,81 65 
894404,39 103 
894404,39 101 
894935,67 100 
894935,67 4
894935,67 1882
894935,67 11
896910,67 25 
906913,6 254 
906932,46 101 
908944,94 100 
908944,94 4
908944,94 1882
908944,94 11
908944,94 25 
910771,96 75 
911984,73 72 
912064,52 70 
912552,6 80 
913090,26 83 
913352,05 64 262
913556 74 186
913556 61 186
913983,74 150 
914011,8 68 
914523,02 92 
914523,02 65 
914556 103 
914556 101 
915098,36 100 
915098,36 4
915098,36 1882
915098,36 10
917075,64 25 
917609,13 75 
918822,31 72 
918901,65 70 
919391,82 80 
920114,02 83 
920122,12 64 8
920256,44 74 116
920256,44 61 116
921084,28 151 
921115,41 69 
921756,17 249 
922054,23 256 
922075,01 182 
929565,57 93 
929589,66 103 
929589,66 101 
933122,03 100 
933122,03 4
933122,03 1882
933122,03 10
935094,73 25 
935122,01 75 
936333,57 72 
936600,91 70 
937109,32 80 
937600,02 83 
937801,08 64 201
938045,49 74 220
938045,49 61 220
938470,38 153 
938494,94 68 
939715,36 92 
939715,36 65 
939745,42 103 
939745,42 101 
940280,97 100 
940280,97 4
940280,97 1882
940280,97 11
942251,86 25 
943091,76 75 
944301,47 72 
944384,29 70 
944876,72 80 
945423,41 83 
945822,83 64 400
946185,68 74 336
946185,68 62 336
946614,67 151 
946651,76 69 
947165,34 93 
947195,67 103 
947195,67 101 
950733,78 100 
950733,78 4
950733,78 1882
950733,78 10
952714,08 25 
955473,25 75 
956681,81 72 
956765,83 70 
957264,19 80 
957764,99 83 
958301,89 64 537
958474,33 74 150
958474,33 61 150
959300,81 151 
959325,8 69 
960142,7 93 
960163,62 103 
960163,62 101 
963695,74 100 
963695,74 4
963695,74 1882
963695,74 10
965668,73 25 
965695,69 75 
966913,28 72 
966988,23 70 
967482,22 80 
968013,95 83 
968286,43 64 273
968314,05 256 
969903,25 74 1597
969903,25 62 1597
970732,1 150 
970761,38 68 
971013,85 249
972345,36 92 
972345,36 65 
972385,12 103 
972385,12 101 
972917,43 100 
972917,43 4
972917,43 1882
972917,43 11
974891,44 25 
974919,59 75 
976133,57 72 
976211,04 70 
976703,77 80 
977143,51 83 
977934,51 64 792
978134,19 74 179
978134,19 61 179
978562,77 150 
978584,06 68 
979095,12 92 
979095,12 65 
979128,99 103 
979128,99 101 
979674,81 100 
979674,81 4
979674,81 1882
979674,81 10
981648,6 25 
982488,69 75 
983702,06 72 
983781,16 70 
984276,21 80 
984820,29 83 
985260,42 64 441
985435,55 74 149
985435,55 61 149
986262,68 151 
986287,49 69 
987103,36 93 
987125,65 103 
987125,65 101 
990656,66 100 
990656,66 4
990656,66 1882
990656,66 11
992630,74 25 
994577,02 75 
994611,96 250 
994628,73 101 
996642,33 100 
996642,33 4
996642,33 1882
996642,33 11
996642,33 25 
996695,38 75 
997911,35 72 
997988,71 70 
998483,68 80 
998921,21 83 
999828,84 64 908
1000076,61 74 223
1000076,61 61 223
1000500,42 150 
1000522,24 68 
1001034,39 92 
1001034,39 65 
1001066,52 103 
1001066,52 101 
1001599,75 100 
1001599,75 4
1001599,75 1882
1001599,75 10
1003572,76 25 
1004772,7 75 
1005981,92 72 
1006065,17 70 
1006563,07 80 
1007050,99 83 
1007432,33 64 382
1007631,74 74 181
1007631,74 63 181
1008048,62 151 
1008079,17 69 
1009092,57 93 
1009103,34 103 
1009103,34 101 
1012639,81 100 
1012639,81 4
1012639,81 1882
1012639,81 11
1014621,55 25 
1014648,8 75 
1015860,46 72 
1015941,04 70 
1016432,36 80 
1016913,56 83 
1017350,12 64 437
1018843,67 74 1477
1018843,67 62 1477
1019668,98 151 
1019700,96 69 
1020188,11 249 
1020978,67 256 
1021522,85 182 
1022273,41 93 
1022284,3 103 
1022284,3 101 
1025820,14 100 
1025820,14 4
1025820,14 1882
1025820,14 11
1027802,64 25 
1029255,83 75 
1030472,32 72 
1030548,3 70 
1031048,16 80 
1031494,12 83 
1031942,46 64 449
1031977,81 256 
1032211,39 74 252
1032211,39 61 252
1032630,38 150 
1032655,44 68 
1033877,97 92 
1033877,97 65 
1033906,26 103 
1033906,26 101 
1034437,8 100 
1034437,8 4
1034437,8 1882
1034437,8 10
1036412,4 25 
1036879,23 75 
1038091,48 72 
1038411,71 70 
1039243,5 80 
1040103,92 83 
1040141,19 64 37
1040364,93 74 208
1040364,93 61 208
1041188,28 151 
1041211,12 69 
1041979,06 249 
1042564,33 181 
1043187,18 256 
1044036,91 93 
1044061,87 103 
1044061,87 101 
1047604,36 100 
1047604,36 4
1047604,36 1882
1047604,36 10
1049580,22 25 
1052912,5 75 
1054120,42 72 
1054444,97 70 
1055313,86 80 
1056163,83 83 
1056511,09 64 347
1056568,89 256 
1056952,52 74 416
1056952,52 62 416
1057771,36 152 
1057791,87 69 
1058301,64 93 
1058322,56 103 
1058322,56 101 
1061854,58 100 
1061854,58 4
1061854,58 1882
1061854,58 11
1063827,68 25 
1064374,48 75 
1065591,96 72 
1065906,97 70 
1066574,65 80 
1067119,2 83 
1067611,92 64 493
1067993,61 74 355
1067993,61 62 355
1068419,14 151 
1068440,38 69 
1069390,07 249 
1069712,62 182 
1070593,28 93 
1070624,08 103 
1070624,08 101 
1074158,86 100 
1074158,86 4
1074158,86 1882
1074158,86 11
1076129,32 25 
1078275,31 75 
1079491,94 72 
1079567,82 70 
1080064,88 80 
1080553,63 83 
1081530,04 64 976
1081567,44 256 
1082303,66 74 751
1082303,66 61 751
1082731,29 150 
1082754,52 68 
1082800,58 249
1083931,15 171
1083973,78 92 
1083973,78 65 
1084005,18 103 
1084005,18 101 
1084545,66 100 
1084545,66 4
1084545,66 1882
1084545,66 10
1086524,77 25 
1087258,26 75 
1088472,61 72 
1088550,87 70 
1089044,21 80 
1089536,54 83 
1089983,35 64 448
1090213,83 74 211
1090213,83 63 211
1091040,79 151 
1091071,07 69 
1091583,82 93 
1091615,39 103 
1091615,39 101 
1095146,48 100 
1095146,48 4
1095146,48 1882
1095146,48 11
1097120,34 25 
1103584,66 75 
1104802,49 72 
1104877,27 70 
1105369,86 80 
1105796,42 83 
1106418,54 64 623
1106920,14 74 484
1106920,14 62 484
1107740,14 151 
1107770,76 69 
1108581,65 93 
1108594,9 103 
1108594,9 101 
1112128,14 100 
1112128,14 4
1112128,14 1882
1112128,14 10
1114099,99 25 
1120844,19 75 
1121077,11 250 
1121095,86 101 
1123109,48 100 
1123109,48 4
1123109,48 1882
1123109,48 10
1123109,48 25 
1124921,72 75 
1126131,36 72 
1126215,06 70 
1126714,08 80 
1127254,09 83 
1127560,24 64 307
1128241,32 74 655
1128241,32 61 655
1128661,48 151 
1128682,06 69 
1129336,92 249 
1130915,76 181 
1131915,79 93 
1131931,96 103 
1131931,96 101 
1135480,92 100 
1135480,92 4
1135480,92 1882
1135480,92 11
1137450,43 25 
1147450,04 254 
1147471,87 101 
1149471,09 100 
1149471,09 4
1149471,09 1882
1149471,09 11
1149471,09 25 
1159474,04 254 
1159493,54 101 
1161506,14 100 
1161506,14 4
1161506,14 1882
1161506,14 11
1161506,14 25 
1168624,15 75 
1168800,79 250 
1168809,27 101 
1170822,89 100 
1170822,89 4
1170822,89 1882
1170822,89 11
1170822,89 25 
1171582,59 75 
1171784,39 250 
1171808,02 101 
1173821,7 100 
1173821,7 4
1173821,7 1882
1173821,7 11
1173821,7 25 
1174207,78 75 
1174232,71 250 
1174260,42 101 
1176273,94 100 
1176273,94 4
1176273,94 1882
1176273,94 11
1176273,94 25 
1176886,74 75 
1178100,79 72 
1178433,13 70 
1179145,49 250 
1179165,33 101 
1181178,63 100 
1181178,63 4
1181178,63 1882
1181178,63 11
1181178,63 25 
1181458,99 75 
1182240,31 250 
1182257,12 101 
1184270,6 100 
1184270,6 4
1184270,6 1882
1184270,6 11
1184270,6 25 
1186815,85 75 
1188031,22 72 
1188041,63 70 
1188152,34 80 
1188961,63 83 
1189178,2 64 216
1189829,28 74 629
1189829,28 61 629
1191355,83 150 
1191389,08 68 
1191900,5 92 
1191900,5 65 
1191933,41 103 
1191933,41 101 
1192464,73 100 
1192464,73 4
1192464,73 1882
1192464,73 11
1194439,68 25 
1194906,57 75 
1196120,59 72 
1196199,04 70 
1196694,91 80 
1197184,98 83 
1197405,43 64 221
1197569,61 74 145
1197569,61 61 145
1197990,92 150 
1198013 68 
1199234,61 92 
1199234,61 65 
1199263,67 103 
1199263,67 101 
1199795,9 100 
1199795,9 4
1199795,9 1882
1199795,9 11
1201770,15 25 
1202196,82 75 
1203409,2 72 
1203489,39 70 
1203983,02 80 
1204528,52 83 
1204562,17 64 34
1204703,67 74 109
1204703,67 61 109
1205529,6 152 
1205556,77 69 
1206259,29 256 
1208049,15 93 
1208073,32 103 
1208073,32 101 
1211613,38 100 
1211613,38 4
1211613,38 1882
1211613,38 10
1213591,68 25 
1220469,17 75 
1221680,14 72 
1221761,71 70 
1222248,96 80 
1222787,55 83 
1224359,74 64 1573
1225042,61 74 656
1225042,61 62 656
1225470,94 150 
1225494,98 68 
1225815,78 249
1225969,66 172 
1227130,39 92 
1227130,39 65 
1227172,01 103 
1227172,01 101 
1227709,33 100 
1227709,33 4
1227709,33 1882
1227709,33 10
1229678,34 25 
1229706 75 
1230918,61 72 
1230997,82 70 
1231489,72 80 
1231917,05 83 
1232204,75 64 288
1232360,66 74 124
1232360,66 62 124
1233176,75 150 
1233211,81 68 
1233571,14 249
1233626,78 172 
1233730,47 92 
1233730,47 65 
1233769,24 103 
1233769,24 101 
1234300,29 100 
1234300,29 4
1234300,29 1882
1234300,29 10
1236275,62 25 
1236302,81 75 
1237520,07 72 
1237608,48 70 
1238101,44 80 
1238594,3 83 
1238730,7 64 137
1238889,79 74 136
1238889,79 62 136
1239308,48 150 
1239328,44 68 
1239631,04 249
1240140,36 92 
1240140,36 65 
1240179,91 103 
1240179,91 101 
1240721,44 100 
1240721,44 4
1240721,44 1882
1240721,44 10
1242699,51 25 
1244485,83 75 
1245698,91 72 
1245778,32 70 
1246269,49 80 
1246804,25 83 
1246975,2 64 171
1247171,95 74 168
1247171,95 62 168
1247598,25 150 
1247618,3 68 
1247980,59 249
1248010,23 172 
1248430,37 92 
1248430,37 65 
1248469,76 103 
1248469,76 101 
1249002,99 100 
1249002,99 4
1249002,99 1882
1249002,99 10
1250976,16 25 
1255307,96 75 
1256520,4 72 
1256600,48 70 
1256993,21 250 
1257012,79 101 
1259026,08 100 
1259026,08 4
1259026,08 1882
1259026,08 10
1259026,08 25 
1269026,59 254 
1269047,76 101 
1271060,28 100 
1271060,28 4
1271060,28 1882
1271060,28 10
1271060,28 25 
1281060,63 254 
1281082,69 101 
1283095,33 100 
1283095,33 4
1283095,33 1882
1283095,33 10
1283095,33 25 
1283164,94 75 
1283192,1 250 
1283214,79 101 
1285228,41 100 
1285228,41 4
1285228,41 1882
1285228,41 10
1285228,41 25 
1285441,26 75 
1286647,46 72 
1286667,1 70 
1286778,72 80 
1287267,22 83 
1288736,03 64 1469
1288772,48 256 
1288810,89 74 51
1288810,89 62 51
1289635,62 150 
1289668,03 68 
1289989,32 249
1290180,79 92 
1290180,79 65 
1290212,32 103 
1290212,32 101 
1290749 100 
1290749 4
1290749 1882
1290749 11
1292718,67 25 
1295597,83 75 
1296808,45 72 
1297130,26 70 
1297931,51 80 
1298702,49 83 
1298759,51 64 58
1298982,1 74 200
1298982,1 61 200
1299406,6 150 
1299437,49 68 
1299573,33 249
1299741,31 171
1300652,43 92 
1300652,43 65 
1300687,98 103 
1300687,98 101 
1301227,46 100 
1301227,46 4
1301227,46 1882
1301227,46 11
1303207,65 25 
1303236,36 75 
1304448,35 72 
1304713,78 70 
1305216,93 80 
1305646,27 83 
1305991,16 64 345
1306902,42 74 884
1306902,42 62 884
1307726,18 151 
1307754,04 69 
1308114,85 249 
1310348,19 93 
1310363,91 103 
1310363,91 101 
1313898,64 100 
1313898,64 4
1313898,64 1882
1313898,64 11
1315868,99 25 
1318041,78 75 
1319258,66 72 
1319334,37 70 
1319830,85 80 
1320333,44 83 
1320767,99 64 435
1320932,19 74 147
1320932,19 61 147
1321758,28 150 
1321787,93 68 
1323000,85 92 
1323000,85 65 
1323038,62 103 
1323038,62 101 
1323571,29 100 
1323571,29 4
1323571,29 1882
1323571,29 10
1325544,94 25 
1333302,09 75 
1334519,11 72 
1334594,59 70 
1335087,45 80 
1335633,71 83 
1336031,83 64 398
1336250 74 190
1336250 61 190
1336678,3 151 
1336701,01 69 
1337220,98 93 
1337245,99 103 
1337245,99 101 
1340792,99 100 
1340792,99 4
1340792,99 1882
1340792,99 10
1342764,52 25 
1343018,03 75 
1344227,31 72 
1344310,55 70 
1344800,92 80 
1345349,72 83 
1346155,95 64 806
1346379,13 256 
1346388,51 74 213
1346388,51 61 213
1347207,98 151 
1347230,8 69 
1347748,64 93 
1347761,62 103 
1347761,62 101 
1351293,54 100 
1351293,54 4
1351293,54 1882
1351293,54 11
1353266,68 25 
1356558,96 75 
1357767,96 72 
1357851,5 70 
1358348,69 80 
1358784,1 83 
1359009,94 64 226
1359159,94 74 136
1359159,94 61 136
1359584,43 150 
1359612,17 68 
1360829,68 92 
1360829,68 65 
1360862,86 103 
1360862,86 101 
1361394,37 100 
1361394,37 4
1361394,37 1882
1361394,37 10
1363369,13 25 
1363396,63 75 
1364609,96 72 
1364688,69 70 
1365180,05 80 
1365674,49 83 
1365988,04 64 314
1366014,45 256 
1366284,47 74 277
1366284,47 61 277
1366710,17 151 
1366742,7 69 
1367761,63 93 
1367779,92 103 
1367779,92 101 
1371316,89 100 
1371316,89 4
1371316,89 1882
1371316,89 11
1373298,28 25 
1374778,12 75 
1375986,93 72 
1376070,63 70 
1376570,05 80 
1377109,68 83 
1377419,69 64 310
1377599,4 74 157
1377599,4 62 157
1378424,56 151 
1378457,72 69 
1378969,89 93 
1378988,54 103 
1378988,54 101 
1382522,53 100 
1382522,53 4
1382522,53 1882
1382522,53 10
1384493,63 25 
1386040,04 75 
1387247,13 72 
1387332,52 70 
1387827,61 80 
1388318,37 83 
1388886,03 64 568
1388920,49 256 
1389189,2 74 285
1389189,2 61 285
1389608,95 151 
1389639,34 69 
1390447,42 93 
1390463,77 103 
1390463,77 101 
1393995,89 100 
1393995,89 4
1393995,89 1882
1393995,89 11
1395968,86 25 
1397128,68 75 
1398339,09 72 
1398421,24 70 
1398916,78 80 
1399353,78 83 
1399786,02 64 432
1400007,28 256 
1400017,63 74 211
1400017,63 61 211
1400834,93 150 
1400861,63 68 
1401679,57 92 
1401679,57 65 
1401712,46 103 
1401712,46 101 
1402255,18 100 
1402255,18 4
1402255,18 1882
1402255,18 10
1404232,1 25 
1404792,23 75 
1406010,1 72 
1406338,08 70 
1407149,72 80 
1408003,51 83 
1408504,3 64 502
1408767,22 256 
1409040 74 517
1409040 62 517
1409867,97 152 
1409897,98 69 
1410192,54 249 
1411374,18 256 
1412476,44 93 
1412494,56 103 
1412494,56 101 
1416027,45 100 
1416027,45 4
1416027,45 1882
1416027,45 11
1417999,57 25 
1423157,87 75 
1424367,72 72 
1424636,91 70 
1425302,31 80 
1425969,28 83 
1426342,97 64 374
1426526 74 157
1426526 61 157
1426946,69 150 
1426970,8 68 
1427490,41 92 
1427490,41 65 
1427528,28 103 
1427528,28 101 
1428066,32 100 
1428066,32 1
1428066,32 1882
1428066,32 10
1428066,32 78 
1428066,32 198 
1430034,61 25 
1431087,82 75 
1432298,91 72 
1432380,34 70 
1432878,03 80 
1433312,85 83 
1433545,11 64 232
1433738,67 74 173
1433738,67 63 173
1434156,99 151 
1434180,34 69 
1434701,85 93 
1434725,28 103 
1434725,28 101 
1438265,22 100 
1438265,22 1
1438265,22 1882
1438265,22 11
1440243,64 25 
1444682,25 75 
1444695,86 250 
1444720,75 101 
1446734,3 100 
1446734,3 1
1446734,3 1882
1446734,3 11
1446734,3 25 
1446802,83 75 
1448015,6 72 
1448093,83 70 
1448479,92 250 
1448506,07 101 
1450506,09 100 
1450506,09 1
1450506,09 1882
1450506,09 11
1450506,09 25 
1450560,03 75 
1451777,74 72 
1451798,04 70 
1451910,2 80 
1452344,9 83 
1452356,25 64 12
1452402,35 256 
1453798,47 74 1414
1453798,47 62 1414
1454613,28 150 
1454639,13 68 
1455041,59 249
1455147,38 92 
1455147,38 65 
1455170,07 103 
1455170,07 101 
1455704,29 100 
1455704,29 1
1455704,29 1882
1455704,29 10
1457676,34 25 
1459996,72 75 
1461209 72 
1461288,33 70 
1461777,8 80 
1462198,82 250 
1462220,34 101 
1464233,6 100 
1464233,6 1
1464233,6 1882
1464233,6 10
1464233,6 25 
1468339,09 75 
1468355,9 250 
1468390,86 101 
1470404,42 100 
1470404,42 1
1470404,42 1882
1470404,42 10
1470404,42 25 
1470472,49 75 
1470656,17 250 
1470669,79 101 
1472683,43 100 
1472683,43 1
1472683,43 1882
1472683,43 10
1472683,43 25 
1478813,79 75 
1478897,73 250 
1478906,52 101 
1480919,96 100 
1480919,96 1
1480919,96 1882
1480919,96 10
1480919,96 25 
1481746,24 75 
1482955,19 72 
1483039,21 70 
1483527,97 80 
1484051,87 83 
1484577,72 64 526
1484847,92 74 250
1484847,92 61 250
1485263,88 150 
1485292,33 68 
1486109,8 92 
1486109,8 65 
1486143,8 103 
1486143,8 101 
1486674,77 100 
1486674,77 1
1486674,77 1882
1486674,77 11
1488650,12 25 
1493954,86 75 
1493980,96 250 
1494006,71 101 
1496007,22 100 
1496007,22 1
1496007,22 1882
1496007,22 11
1496007,22 25 
1497925,79 75 
1497978,6 250 
1498005,04 101 
1500018,71 100 
1500018,71 1
1500018,71 1882
1500018,71 11
1500018,71 25 
1503416,85 75 
1503503,45 250 
1503522,75 101 
1505523,06 100 
1505523,06 1
1505523,06 1882
1505523,06 11
1505523,06 25 
1505775,86 75 
1505785,13 250 
1505801,92 101 
1507815,39 100 
1507815,39 1
1507815,39 1882
1507815,39 11
1507815,39 25 
1517816,7 254 
1517837,1 101 
1519849,61 100 
1519849,61 1
1519849,61 1882
1519849,61 11
1519849,61 25 
1529850,16 254 
1529872,07 101 
1531884,59 100 
1531884,59 1
1531884,59 1882
1531884,59 11
1531884,59 25 
1531978,27 75 
1533186,44 72 
1533511,51 70 
1534177,54 80 
1534716,47 250 
1534736,72 101 
1536736,87 100 
1536736,87 1
1536736,87 1882
1536736,87 11
1536736,87 25 
1538962,86 75 
1538979,71 250 
1539001,38 101 
1541014,86 100 
1541014,86 1
1541014,86 1882
1541014,86 11
1541014,86 25 
1541414,72 75 
1542627,92 72 
1542707,63 70 
1543199,37 80 
1543693,44 83 
1544011,67 64 319
1544177,37 74 138
1544177,37 61 138
1544992,81 151 
1545028,02 69 
1545839,31 93 
1545865,5 103 
1545865,5 101 
1549412,28 100 
1549412,28 1
1549412,28 1882
1549412,28 11
1551383,92 25 
1559980,73 75 
1561195,64 72 
1561273,14 70 
1561767,72 80 
1562205,67 83 
1562338,48 64 133
1562372,22 256 
1562567,08 74 202
1562567,08 61 202
1563386,76 153 
1563407,11 68 
1563914,9 92 
1563914,9 65 
1563937,94 103 
1563937,94 101 
1564469,26 100 
1564469,26 1
1564469,26 1882
1564469,26 11
1566444,29 25 
1567617,45 75 
1568825,67 72 
1568910,01 70 
1569407,3 80 
1569895,81 83 
1570227,71 64 332
1570409,04 74 167
1570409,04 61 167
1570835,97 151 
1570857,23 69 
1571666,2 93 
1571681,37 103 
1571681,37 101 
1575213,62 100 
1575213,62 1
1575213,62 1882
1575213,62 10
1577186,42 25 
1578986,04 75 
1580195,39 72 
1580278,53 70 
1580776,62 80 
1581317,68 83 
1582867,08 64 1549
1583060,21 74 170
1583060,21 61 170
1583885,06 150 
1583905,55 68 
1585120,21 92 
1585120,21 65 
1585155,75 103 
1585155,75 101 
1585695,18 100 
1585695,18 1
1585695,18 1882
1585695,18 10
1587675,36 25 
1587702,51 75 
1588917,42 72 
1588995,03 70 
1589483,44 80 
1589967,42 83 
1590158,52 64 192
1590188,06 256 
1590407,36 74 227
1590407,36 61 227
1590835,61 150 
1590862,38 68 
1591374,37 92 
1591374,37 65 
1591406,51 103 
1591406,51 101 
1591942,89 100 
1591942,89 1
1591942,89 1882
1591942,89 11
1593913,15 25 
1603912,99 254 
1603934,48 101 
1605947,01 100 
1605947,01 1
1605947,01 1882
1605947,01 11
1605947,01 25 
1615950,65 254 
1615969,44 101 
1617981,94 100 
1617981,94 1
1617981,94 1882
1617981,94 11
1617981,94 25 
1618529,59 75 
1619745,56 72 
1619835,42 70 
1620329,22 80 
1620874,58 83 
1621283,95 64 410
1621506,73 256 
1621525,49 74 225
1621525,49 61 225
1622342,1 151 
1622369,04 69 
1623172,72 249 
1623212,29 93 
1623233,17 103 
1623233,17 101 
1626765,16 100 
1626765,16 1
1626765,16 1882
1626765,16 10
1628738,25 25 
1632603,59 75 
1632613,87 250 
1632628,84 101 
1634642,41 100 
1634642,41 1
1634642,41 1882
1634642,41 10
1634642,41 25 
1639253,44 75 
1640466,08 72 
1640786,61 70 
1641602,36 80 
1642358,87 83 
1642683,61 64 325
1642834,03 74 129
1642834,03 61 129
1643042,66 256 
1643460,21 150 
1643493,55 68 
1644310,71 92 
1644310,71 65 
1644344,4 103 
1644344,4 101 
1644887,87 100 
1644887,87 1
1644887,87 1882
1644887,87 11
1646864 25 
1656864,77 254 
1656885,69 101 
1658898,17 100 
1658898,17 1
1658898,17 1882
1658898,17 11
1658898,17 25 
1668899,36 254 
1668920,64 101 
1670919,95 100 
1670919,95 1
1670919,95 1882
1670919,95 11
1670919,95 25 
1679344,11 75 
1679591,57 250 
1679609,15 101 
1681609,71 100 
1681609,71 1
1681609,71 1882
1681609,71 11
1681609,71 25 
1681676,14 75 
1682884,66 72 
1683195,62 70 
1684029,03 80 
1684834,53 83 
1685191,2 64 358
1685746,43 74 526
1685746,43 62 526
1686947,63 150 
1686982,13 68 
1687472,49 249
1688194,46 92 
1688194,46 65 
1688219,41 103 
1688219,41 101 
1688752,25 100 
1688752,25 1
1688752,25 1882
1688752,25 11
1690725,64 25 
1695110,88 75 
1695123,05 250 
1695136,14 101 
1697149,7 100 
1697149,7 1
1697149,7 1882
1697149,7 11
1697149,7 25 
1700507,82 75 
1701724,22 72 
1701987,82 70 
1702495,18 80 
1703013,49 83 
1703341,2 64 329
1703705,25 256 
1704252,71 74 893
1704252,71 62 893
1705775,49 150 
1705800,14 68 
1706313,9 92 
1706313,9 65 
1706346,16 103 
1706346,16 101 
1706878,61 100 
1706878,61 1
1706878,61 1882
1706878,61 10
1708851,37 25 
1718853,96 254 
1718873,12 101 
1720885,64 100 
1720885,64 1
1720885,64 1882
1720885,64 10
1720885,64 25 
1722379,53 75 
1723594,38 72 
1723671,97 70 
1724168,12 80 
1724657,82 83 
1724841,35 64 184
1725003,77 74 133
1725003,77 61 133
1725420,54 150 
1725445,98 68 
1726257,92 92 
1726257,92 65 
1726296,73 103 
1726296,73 101 
1726834,27 100 
1726834,27 1
1726834,27 1882
1726834,27 11
1728817,32 25 
1738819,48 254 
1738838,15 101 
1740850,59 100 
1740850,59 1
1740850,59 1882
1740850,59 11
1740850,59 25 
1748981,75 75 
1749974,3 250 
1749993,07 101 
1752006,69 100 
1752006,69 1
1752006,69 1882
1752006,69 11
1752006,69 25 
1762008,87 254 
1762028,41 101 
1764040,91 100 
1764040,91 1
1764040,91 1882
1764040,91 11
1764040,91 25 
1764227,91 75 
1765444,23 72 
1765521,12 70 
1766013,17 80 
1766506,95 83 
1766762,63 64 256
1766983,38 256 
1767796,43 74 1010
1767796,43 62 1010
1768621,53 150 
1768654,53 68 
1768961,2 249
1769164,89 92 
1769164,89 65 
1769198,8 103 
1769198,8 101 
1769730,71 100 
1769730,71 1
1769730,71 1882
1769730,71 10
1771705,16 25 
1773544,78 75 
1774753,85 72 
1774837,25 70 
1775338,08 80 
1775783,1 83 
1775913,54 64 131
1775942,03 256 
1776933,38 74 1004
1776933,38 61 1004
1777353,91 152 
1777383,51 69 
1778197,23 93 
1778221,73 103 
1778221,73 101 
1781752,63 100 
1781752,63 1
1781752,63 1882
1781752,63 10
1783726,78 25 
1791377,31 75 
1791392,07 250 
1791415,86 101 
1793429,35 100 
1793429,35 1
1793429,35 1882
1793429,35 10
1793429,35 25 
1794881,72 75 
1795476,78 250 
1795494,05 101 
1797507,82 100 
1797507,82 1
1797507,82 1882
1797507,82 10
1797507,82 25 
1797800,5 75 
1797811,92 250 
1797826,39 101 
1799840,02 100 
1799840,02 1
1799840,02 1882
1799840,02 10
1799840,02 25 
1802118,75 75 
1802714,85 250 
1802731,03 101 
1804744,64 100 
1804744,64 1
1804744,64 1882
1804744,64 10
1804744,64 25 
1807143,25 75 
1807151,85 250 
1807169,28 101 
1809182,78 100 
1809182,78 1
1809182,78 1882
1809182,78 10
1809182,78 25 
1809302,39 75 
1809355,7 250 
1809381,57 101 
1811395,27 100 
1811395,27 1
1811395,27 1882
1811395,27 10
1811395,27 25 
1813208,48 75 
1813221,72 250 
1813233,29 101 
1815246,98 100 
1815246,98 1
1815246,98 1882
1815246,98 10
1815246,98 25 
1825246,73 254 
1825268,67 101 
1827281,14 100 
1827281,14 1
1827281,14 1882
1827281,14 10
1827281,14 25 
1829813,82 75 
1829860,91 250 
1829879,69 101 
1831894,14 100 
1831894,14 1
1831894,14 1882
1831894,14 10
1831894,14 25 
1832306,08 75 
1833523,67 72 
1833852,57 70 
1834678,62 80 
1835438,73 250 
1835464,36 101 
1837477,71 100 
1837477,71 1
1837477,71 1882
1837477,71 10
1837477,71 25 
1837837,94 75 
1839052,51 72 
1839370,34 70 
1840188,34 80 
1841002,12 250 
1841022,06 101 
1843035,29 100 
1843035,29 1
1843035,29 1882
1843035,29 10
1843035,29 25 
1843129,11 75 
1844345,15 72 
1844661,4 70 
1845503,28 80 
1846353,57 83 
1846412,55 64 60
1846823,42 256 
1846962,04 74 529
1846962,04 61 529
1847783,52 150 
1847807,52 68 
1848623,69 92 
1848623,69 65 
1848658,98 103 
1848658,98 101 
1849203,39 100 
1849203,39 1
1849203,39 1882
1849203,39 11
1851178,63 25 
1851792 75 
1852572,24 250 
1852590,2 101 
1854603,89 100 
1854603,89 1
1854603,89 1882
1854603,89 11
1854603,89 25 
1854656,8 75 
1855871,61 72 
1856189,91 70 
1856997,24 80 
1857788,84 83 
1857874,08 64 85
1857915,52 256 
1859844,06 74 1949
1859844,06 62 1949
1860272,5 150 
1860296,43 68 
1860641,76 249
1860685,29 172 
1860815,15 92 
1860815,15 65 
1860853,86 103 
1860853,86 101 
1861386,78 100 
1861386,78 1
1861386,78 1882
1861386,78 10
1863360,2 25 
1864213,47 75 
1865424,09 72 
1865692,61 70 
1866370,45 80 
1866971,65 83 
1867014,15 64 42
1867206,33 74 169
1867206,33 61 169
1868032,93 150 
1868053,14 68 
1869261,79 92 
1869261,79 65 
1869290,32 103 
1869290,32 101 
1869824,21 100 
1869824,21 1
1869824,21 1882
1869824,21 11
1871796,75 25 
1874742,47 75 
1875953,41 72 
1876035 70 
1876525,44 80 
1876967,54 83 
1877289,46 64 323
1877504,85 74 191
1877504,85 61 191
1877933,27 151 
1877955,71 69 
1878775,55 93 
1878806,36 103 
1878806,36 101 
1882344,84 100 
1882344,84 1
1882344,84 1882
1882344,84 10
1884324,78 25 
1887057,34 75 
1888270,97 72 
1888349,88 70 
1888847,54 80 
1889335,66 83 
1889570,06 64 234
1889741,88 74 153
1889741,88 61 153
1890561,16 150 
1890590,28 68 
1891406,16 92 
1891406,16 65 
1891441,07 103 
1891441,07 101 
1891975,4 100 
1891975,4 1
1891975,4 1882
1891975,4 11
1893947,5 25 
1900625,02 75 
1901841,38 72 
1901917,85 70 
1902409,49 80 
1902956,69 83 
1902982,07 64 26
1903196,56 74 187
1903196,56 61 187
1903622,1 151 
1903652,38 69 
1904168,7 93 
1904195,75 103 
1904195,75 101 
1907727,09 100 
1907727,09 1
1907727,09 1882
1907727,09 10
1909700,79 25 
1912193,51 75 
1913405,42 72 
1913486,08 70 
1913983,91 80 
1914418,52 83 
1914767,3 64 350
1914955,74 74 164
1914955,74 61 164
1915784,53 150 
1915806,44 68 
1916324,16 92 
1916324,16 65 
1916364,01 103 
1916364,01 101 
1916906,8 100 
1916906,8 1
1916906,8 1882
1916906,8 10
1918883,61 25 
1920456,64 75 
1921675 72 
1921749,35 70 
1922240,8 80 
1922681,73 83 
1922802,78 64 121
1923007 74 179
1923007 61 179
1923832,86 150 
1923856,51 68 
1924677,42 92 
1924677,42 65 
1924707,16 103 
1924707,16 101 
1925238,89 100 
1925238,89 1
1925238,89 1882
1925238,89 10
1927213,49 25 
1931292,11 75 
1932503,07 72 
1932586,44 70 
1933084,9 80 
1933623,78 83 
1933865,56 64 242
1934053,97 74 164
1934053,97 61 164
1934475,54 150 
1934505,3 68 
1935017,23 92 
1935017,23 65 
1935049,5 103 
1935049,5 101 
1935585,9 100 
1935585,9 1
1935585,9 1882
1935585,9 11
1937556,01 25 
1940754,83 75 
1941962,22 72 
1942047,37 70 
1942541,73 80 
1943033,2 83 
1943339,97 64 307
1943514,94 74 149
1943514,94 62 149
1943942,94 150 
1943968,16 68 
1944255,09 249
1945185,51 92 
1945185,51 65 
1945218,65 103 
1945218,65 101 
1945755,89 100 
1945755,89 1
1945755,89 1882
1945755,89 10
1947751,54 25 
1949844,43 75 
1951054,7 72 
1951136,9 70 
1951635,41 80 
1952122,73 83 
1952402,36 64 280
1952594,04 74 165
1952594,04 61 165
1953412,18 150 
1953443,36 68 
1953952,27 92 
1953952,27 65 
1953975,08 103 
1953975,08 101 
1954506,02 100 
1954506,02 1
1954506,02 1882
1954506,02 11
1956481,23 25 
1959120,56 75 
1960333,24 72 
1960413,1 70 
1960905,91 80 
1961345,57 83 
1961922,21 64 577
1962094,82 74 150
1962094,82 62 150
1962923,28 150 
1962946,77 68 
1963252,1 249
1963717,6 172 
1963762,26 92 
1963762,26 65 
1963797,62 103 
1963797,62 101 
1964330,14 100 
1964330,14 1
1964330,14 1882
1964330,14 11
1966303,87 25 
1971915,14 75 
1972004,05 250 
1972020,4 101 
1974033,91 100 
1974033,91 1
1974033,91 1882
1974033,91 11
1974033,91 25 
1977765,29 75 
1978974,49 72 
1979298,58 70 
1980129,01 80 
1980990,7 83 
1981104,96 64 114
1981703,18 256 
1982983,65 74 1860
1982983,65 62 1860
1983401,17 152 
1983431,54 69 
1984446,79 93 
1984468,84 103 
1984468,84 101 
1988015,07 100 
1988015,07 1
1988015,07 1882
1988015,07 11
1989987,31 25 
1999410,33 75 
2000624,33 72 
2000702,89 70 
2001197,24 80 
2001688,69 83 
2002009,98 64 321
2002184,29 74 150
2002184,29 61 150
2002602,3 151 
2002623,58 69 
2002773,41 249 
2002964,06 181 
2003133,64 93 
2003154,4 103 
2003154,4 101 
2006685,31 100 
2006685,31 1
2006685,31 1882
2006685,31 10
2008659,57 25 
2012951,52 75 
2013006,33 250 
2013029,9 101 
2015043,42 100 
2015043,42 1
2015043,42 1882
2015043,42 10
2015043,42 25 
2016149,3 75 
2017361,85 72 
2017455,86 70 
2017951,85 80 
2018388,44 83 
2018698,65 64 311
2018842,27 74 122
2018842,27 61 122
2019662,93 150 
2019683,2 68 
2020196,94 92 
2020196,94 65 
2020227,32 103 
2020227,32 101 
2020760,16 100 
2020760,16 1
2020760,16 1882
2020760,16 10
2022733,6 25 
2028051,75 75 
2028082,68 250 
2028090,26 101 
2030090,69 100 
2030090,69 1
2030090,69 1882
2030090,69 10
2030090,69 25 
2033155,51 75 
2033194,92 250 
2033221,39 101 
2035221,74 100 
2035221,74 1
2035221,74 1882
2035221,74 10
2035221,74 25 
2037153,84 75 
2037178,63 250 
2037193,09 101 
2039206,71 100 
2039206,71 1
2039206,71 1882
2039206,71 10
2039206,71 25 
2049206,74 254 
2049228,39 101 
2051240,89 100 
2051240,89 1
2051240,89 1882
2051240,89 10
2051240,89 25 
2061242,87 254 
2061263,36 101 
2063262,56 100 
2063262,56 1
2063262,56 1882
2063262,56 10
2063262,56 25 
2073262,68 254 
2073271,73 101 
2075284,17 100 
2075284,17 1
2075284,17 1882
2075284,17 10
2075284,17 25 
2085285,08 254 
2085306,72 101 
2087319,18 100 
2087319,18 1
2087319,18 1882
2087319,18 10
2087319,18 25 
2091011,3 75 
2091029,94 250 
2091050,58 101 
2093064,14 100 
2093064,14 1
2093064,14 1882
2093064,14 10
2093064,14 25 
2096635,63 75 
2096873,26 250 
2096888,1 101 
2098901,77 100 
2098901,77 1
2098901,77 1882
2098901,77 10
2098901,77 25 
2101940,05 75 
2101955,01 250 
2101980,75 101 
2103992,9 100 
2103992,9 1
2103992,9 1882
2103992,9 10
2103992,9 25 
2107724,35 75 
2108931,15 72 
2109257,53 70 
2109932,9 80 
2110589,88 83 
2110738,87 64 149
2110921,8 74 159
2110921,8 61 159
2111339,72 152 
2111364,71 69 
2111873,63 249 
2112155,52 181 
2114661,18 256 
2212492,58 93 
2212520,23 103 
2212520,23 101 
2216060,65 100 
2216060,65 1
2216060,65 1882
2216060,65 11
2218038,66 25 
2218398,84 75 
2219610,94 72 
2219917,97 70 
2220730 80 
2221560,84 250 
2221569,82 101 
2223582,94 100 
2223582,94 1
2223582,94 1882
2223582,94 11
2223582,94 25 
2224582,95 75 
2225790,58 72 
2226102,03 70 
2226917,78 80 
2227754,37 83 
2228006,7 64 253
2228191,58 74 158
2228191,58 61 158
2229010,25 151 
2229035,2 69 
2230051,82 93 
2230072,88 103 
2230072,88 101 
2233609,29 100 
2233609,29 1
2233609,29 1882
2233609,29 11
2235591,27 25 
2241935,72 75 
2243151,38 72 
2243414,9 70 
2244094,7 80 
2244640,47 83 
2245065,01 64 425
2245251,53 74 158
2245251,53 62 158
2246071,47 150 
2246095,19 68 
2246469,06 249
2246509,68 172 
2247310,39 92 
2247310,39 65 
2247332,36 103 
2247332,36 101 
2247863,69 100 
2247863,69 1
2247863,69 1882
2247863,69 11
2249838,66 25 
2250385,56 75 
2251601,07 72 
2251678,39 70 
2252172,4 80 
2252610,52 83 
2252943,01 64 333
2253124,14 74 154
2253124,14 62 154
2253549,92 150 
2253571,21 68 
2253893,11 249
2253994,91 172 
2254382,49 92 
2254382,49 65 
2254422,71 103 
2254422,71 101 
2254977,47 100 
2254977,47 1
2254977,47 1882
2254977,47 10
2256955,77 25 
2258848,56 75 
2260060,14 72 
2260141,16 70 
2260639,11 80 
2261126,94 83 
2261675,52 64 549
2261829,62 74 130
2261829,62 61 130
2262650,01 150 
2262674,13 68 
2263191,85 92 
2263191,85 65 
2263232,36 103 
2263232,36 101 
2263763,59 100 
2263763,59 1
2263763,59 1882
2263763,59 10
2265738,65 25 
2275739,34 254 
2275760,37 101 
2277773,74 100 
2277773,74 1
2277773,74 1882
2277773,74 10
2277773,74 25 
2287773,21 254 
2287795,38 101 
2289807,88 100 
2289807,88 1
2289807,88 1882
2289807,88 10
2289807,88 25 
2299810,88 254 
2299830,35 101 
2301842,87 100 
2301842,87 1
2301842,87 1882
2301842,87 10
2301842,87 25 
2311844,57 254 
2311865,28 101 
2313877,8 100 
2313877,8 1
2313877,8 1882
2313877,8 10
2313877,8 25 
2323879,44 254 
2323900,27 101 
2325899,65 100 
2325899,65 1
2325899,65 1882
2325899,65 10
2325899,65 25 
2335901,1 254 
2335921,93 101 
2337934,43 100 
2337934,43 1
2337934,43 1882
2337934,43 10
2337934,43 25 
2347936,77 254 
2347956,91 101 
2349969,39 100 
2349969,39 1
2349969,39 1882
2349969,39 10
2349969,39 25 
2359969,5 254 
2359978,51 101 
2361991,82 100 
2361991,82 1
2361991,82 1882
2361991,82 10
2361991,82 25 
2371993,43 254 
2372013,59 101 
2374026,03 100 
2374026,03 1
2374026,03 1882
2374026,03 10
2374026,03 25 
2384027,17 254 
2384048,49 101 
2386047,82 100 
2386047,82 1
2386047,82 1882
2386047,82 10
2386047,82 25 
2396048,48 254 
2396056,94 101 
2398069,32 100 
2398069,32 1
2398069,32 1882
2398069,32 10
2398069,32 25 
2408072,08 254 
2408091,77 101 
2410091,14 100 
2410091,14 1
2410091,14 1882
2410091,14 10
2410091,14 25 
2420093,86 254 
2420113,42 101 
2422125,93 100 
2422125,93 1
2422125,93 1882
2422125,93 10
2422125,93 25 
2432128,33 254 
2432148,35 101 
2434160,87 100 
2434160,87 1
2434160,87 1882
2434160,87 10
2434160,87 25 
2444163,02 254 
2444183,33 101 
2446182,71 100 
2446182,71 1
2446182,71 1882
2446182,71 10
2446182,71 25 
2456183,55 254 
2456204,97 101 
2458217,51 100 
2458217,51 1
2458217,51 1882
2458217,51 10
2458217,51 25 
2468221,3 254 
2468239,94 101 
2470252,52 100 
2470252,52 1
2470252,52 1882
2470252,52 10
2470252,52 25 
2480254,52 254 
2480274,91 101 
2482287,43 100 
2482287,43 1
2482287,43 1882
2482287,43 10
2482287,43 25 
2492288,09 254 
2492296,58 101 
2494295,93 100 
2494295,93 1
2494295,93 1882
2494295,93 10
2494295,93 25 
2504298,23 254 
2504318,2 101 
2506317,51 100 
2506317,51 1
2506317,51 1882
2506317,51 10
2506317,51 25 
2516318,73 254 
2516326,54 101 
2518325,91 100 
2518325,91 1
2518325,91 1882
2518325,91 10
2518325,91 25 
2528326,58 254 
2528348,16 101 
2530360,67 100 
2530360,67 1
2530360,67 1882
2530360,67 10
2530360,67 25 
2540363,38 254 
2540383,19 101 
2542395,63 100 
2542395,63 1
2542395,63 1882
2542395,63 10
2542395,63 25 
2552397,49 254 
2552418,1 101 
2554417,32 100 
2554417,32 1
2554417,32 1882
2554417,32 10
2554417,32 25 
2563787,82 75 
2564460,31 250 
2564479,36 101 
2566492,98 100 
2566492,98 1
2566492,98 1882
2566492,98 10
2566492,98 25 
2566745,89 75 
2567956,58 72 
2568292,45 70 
2568979,56 80 
2569584,82 83 
2570178,56 64 594
2570357,21 74 160
2570357,21 61 160
2570777,63 150 
2570798,74 68 
2571620,21 92 
2571620,21 65 
2571650,14 103 
2571650,14 101 
2572186,24 100 
2572186,24 1
2572186,24 1882
2572186,24 11
2574157,4 25 
2577635,37 75 
2578846,08 72 
2578927,92 70 
2579413,82 80 
2579953,75 83 
2580388,89 64 435
2580547,32 74 141
2580547,32 61 141
2581367,72 151 
2581394,95 69 
2581909,27 93 
2581939,17 103 
2581939,17 101 
2585478,38 100 
2585478,38 1
2585478,38 1882
2585478,38 10
2587457,57 25 
2597460,93 254 
2597479,29 101 
2599478,66 100 
2599478,66 1
2599478,66 1882
2599478,66 10
2599478,66 25 
2606316,69 75 
2607525,6 72 
2607609,27 70 
2608118,45 80 
2608555,14 83 
2608882,71 64 328
2608908,4 256 
2609307,24 74 406
2609307,24 62 406
2611032,27 151 
2611061,9 69 
2611538,41 256 
2612630,7 249 
2647934,64 182 
2686199,03 93 
2686228,95 103 
2686228,95 101 
2689760,47 100 
2689760,47 1
2689760,47 1882
2689760,47 10
2691734,05 25 
2695092,94 75 
2696304,53 72 
2696572,07 70 
2697079,83 80 
2697571,29 83 
2697901,5 64 331
2698197,58 74 267
2698197,58 61 267
2698625,85 150 
2698652,64 68 
2699866,52 92 
2699866,52 65 
2699903,25 103 
2699903,25 101 
2700436,03 100 
2700436,03 1
2700436,03 1882
2700436,03 11
2702409,69 25 
2703396,14 75 
2704603,61 72 
2704688,68 70 
2705191,15 80 
2705727,79 83 
2706034,4 64 307
2706073,69 256 
2706244,94 74 184
2706244,94 61 184
2707066,02 151 
2707089,63 69 
2707497,35 249 
2707717,07 181 
2708657,11 256 
2787323,39 93 
2787346,71 103 
2787346,71 101 
2790895,69 100 
2790895,69 1
2790895,69 1882
2790895,69 10
2792865,06 25 
2795491,09 75 
2796702,59 72 
2797036,81 70 
2797770,65 250 
2797795,56 101 
2799808,91 100 
2799808,91 1
2799808,91 1882
2799808,91 10
2799808,91 25 
2799891,34 75 
2799934,68 250 
2799954,31 101 
2801967,96 100 
2801967,96 1
2801967,96 1882
2801967,96 10
2801967,96 25 
2802700,6 75 
2802712,91 250 
2802726,48 101 
2804740,24 100 
2804740,24 1
2804740,24 1882
2804740,24 10
2804740,24 25 
2804793,17 75 
2806004,72 72 
2806018,84 70 
2806135,39 80 
2807018,97 83 
2807254,26 64 236
2807402,69 74 131
2807402,69 61 131
2807822,32 150 
2807847,01 68 
2809068,5 92 
2809068,5 65 
2809097,62 103 
2809097,62 101 
2809629,32 100 
2809629,32 1
2809629,32 1882
2809629,32 10
2811603,9 25 
2820115,96 67 
2821440,27 75 
2822654,36 72 
2822919,41 70 
2823420,88 80 
2823905,08 83 
2824432,2 64 527
2824635,46 74 185
2824635,46 61 185
2825463,63 150 
2825492,9 68 
2826007,66 92 
2826007,66 65 
2826037,21 103 
2826037,21 101 
2826570,42 100 
2826570,42 1
2826570,42 1882
2826570,42 11
2828543,48 25 
2829476,84 75 
2830693,86 72 
2830782,71 70 
2831272,82 80 
2831808,59 83 
2832127,94 64 320
2832162,12 256 
2832382,94 74 228
2832382,94 62 228
2833202,34 150 
2833224,15 68 
2833626,57 249
2834036,81 92 
2834036,81 65 
2834073,82 103 
2834073,82 101 
2834612,38 100 
2834612,38 1
2834612,38 1882
2834612,38 11
2836593,47 25 
2836621 75 
2837833,14 72 
2837913,06 70 
2838401,51 80 
2838938,91 83 
2839698,08 64 759
2839833,85 74 109
2839833,85 61 109
2840249,86 151 
2840274,01 69 
2840618,97 249 
2840735,91 181 
2843384,72 256 
2851592,26 93 
2851613,15 103 
2851613,15 101 
2855150,75 100 
2855150,75 1
2855150,75 1882
2855150,75 11
2857131,54 25 
2867134,01 254 
2867153,28 101 
2869165,79 100 
2869165,79 1
2869165,79 1882
2869165,79 11
2869165,79 25 
2879168,36 254 
2879188,22 101 
2881187,68 100 
2881187,68 1
2881187,68 1882
2881187,68 11
2881187,68 25 
2891187,73 254 
2891209,88 101 
2893222,37 100 
2893222,37 1
2893222,37 1882
2893222,37 11
2893222,37 25 
2902326,35 75 
2902380,62 250 
2902391,49 101 
2904405,11 100 
2904405,11 1
2904405,11 1882
2904405,11 11
2904405,11 25 
2904831,25 75 
2906043,55 72 
2906124,56 70 
2906614,17 80 
2907043,74 83 
2907472,83 64 429
2907661,7 74 165
2907661,7 61 165
2908482,12 151 
2908510,84 69 
2908936,33 249 
2909338,84 181 
2910916,62 256 
2911566,85 93 
2911588,31 103 
2911588,31 101 
2915120,45 100 
2915120,45 1
2915120,45 1882
2915120,45 10
2917093,21 25 
2923157,74 75 
2924371,72 72 
2924703,41 70 
2925557,05 80 
2926355,76 83 
2926371,66 64 16
2926552,41 74 158
2926552,41 61 158
2926972,03 150 
2926996,53 68 
2927064,56 249
2927249,27 171
2928213,79 92 
2928213,79 65 
2928247,81 103 
2928247,81 101 
2928791,07 100 
2928791,07 1
2928791,07 1882
2928791,07 11
2930767,54 25 
2930794,75 75 
2932003,91 72 
2932313,57 70 
2933128,88 80 
2933885,8 83 
2933947,02 64 61
2934162,92 74 184
2934162,92 61 184
2934982,7 153 
2935007,34 68 
2935521,63 92 
2935521,63 65 
2935551,42 103 
2935551,42 101 
2936083,68 100 
2936083,68 1
2936083,68 1882
2936083,68 11
2938057,84 25 
2945748,55 75 
2946198,88 250 
2946213,18 101 
2948213,55 100 
2948213,55 1
2948213,55 1882
2948213,55 11
2948213,55 25 
2948266,68 75 
2949482,41 72 
2949812,93 70 
2950473,9 80 
2951078,64 83 
2951310,45 64 232
2951491,44 74 160
2951491,44 61 160
2951913,47 151 
2951933,56 69 
2952444,33 93 
2952464,4 103 
2952464,4 101 
2956001,12 100 
2956001,12 1
2956001,12 1882
2956001,12 10
2957969,55 25 
2958569,51 75 
2959783,19 72 
2959862,11 70 
2960354,95 80 
2960901,17 83 
2961081,98 64 181
2961315,78 74 215
2961315,78 62 215
2961738,47 151 
2961768,76 69 
2962581,89 93 
2962593,52 103 
2962593,52 101 
2966131,11 100 
2966131,11 1
2966131,11 1882
2966131,11 10
2968111,88 25 
2971110,95 75 
2972321,65 72 
2972403,44 70 
2972891,29 80 
2973415,95 83 
2973612 64 196
2973773,16 74 145
2973773,16 61 145
2974592,64 150 
2974617,44 68 
2975835,92 92 
2975835,92 65 
2975867,94 103 
2975867,94 101 
2976400,8 100 
2976400,8 1
2976400,8 1882
2976400,8 11
2978374,24 25 
2979427,59 75 
2980642,54 72 
2980720,06 70 
2981210,53 80 
2981692,49 83 
2981918,33 64 227
2982084,48 74 139
2982084,48 62 139
2982511,38 150 
2982534,02 68 
2982905,75 249
2983342,92 92 
2983342,92 65 
2983384,76 103 
2983384,76 101 
2983917,17 100 
2983917,17 1
2983917,17 1882
2983917,17 10
2985891,05 25 
2986797,78 75 
2988013,98 72 
2988090,26 70 
2988583,87 80 
2989022,8 83 
2989373,59 64 351
2989611,69 74 216
2989611,69 62 216
2990431,09 151 
2990463,98 69 
2991178,64 249 
2991278,46 182 
2992080,61 93 
2992101,14 103 
2992101,14 101 
2995646,48 100 
2995646,48 1
2995646,48 1882
2995646,48 11
2997619,58 25 
2997646,62 75 
2998860,27 72 
2998939,11 70 
2999432,19 80 
2999858,28 83 
3000047,82 64 190
3000263,3 74 193
3000263,3 61 193
3001091,35 151 
3001112,25 69 
3001578,94 249 
3008252,94 181 
3009251,51 93 
3009267,31 103 
3009267,31 101 
3012799,21 100 
3012799,21 1
3012799,21 1882
3012799,21 11
3014772,38 25 
3018931,08 75 
3020144,98 72 
3020236,91 70 
3020731,31 80 
3021222,65 83 
3021656,94 64 434
3021852,65 74 164
3021852,65 61 164
3022268,41 151 
3022290,98 69 
3022335,15 249 
3022784,75 181 
3022812,97 93 
3022834,94 103 
3022834,94 101 
3026367,29 100 
3026367,29 1
3026367,29 1882
3026367,29 10
3028339,98 25 
3032392,05 75 
3032400,23 250 
3032417,3 101 
3034430,78 100 
3034430,78 1
3034430,78 1882
3034430,78 10
3034430,78 25 
3035789,84 75 
3035992,98 250 
3036015,77 101 
3038029,28 100 
3038029,28 1
3038029,28 1882
3038029,28 10
3038029,28 25 
3040467,89 75 
3040550,51 250 
3040560,43 101 
3042574,03 100 
3042574,03 1
3042574,03 1882
3042574,03 10
3042574,03 25 
3043439,98 75 
3043480,89 250 
3043492,54 101 
3045506,2 100 
3045506,2 1
3045506,2 1882
3045506,2 10
3045506,2 25 
3046958,56 75 
3047062,61 250 
3047077,71 101 
3049091,39 100 
3049091,39 1
3049091,39 1882
3049091,39 10
3049091,39 25 
3050583,68 75 
3050712,37 250 
3050729,52 101 
3052743,15 100 
3052743,15 1
3052743,15 1882
3052743,15 10
3052743,15 25 
3054302,07 75 
3054362,36 250 
3054381,32 101 
3056394,95 100 
3056394,95 1
3056394,95 1882
3056394,95 10
3056394,95 25 
3056462,38 75 
3057674,09 72 
3058007,72 70 
3058834,26 80 
3059686,6 83 
3059700,22 64 15
3059873,21 74 148
3059873,21 61 148
3060299,42 152 
3060328,4 69 
3061104,82 249 
3061374,92 181 
3063113,94 93 
3063138,13 103 
3063138,13 101 
3066677,42 100 
3066677,42 1
3066677,42 1882
3066677,42 11
3068656,59 25 
3068976,86 75 
3069845,98 250 
3069868,17 101 
3071881,79 100 
3071881,79 1
3071881,79 1882
3071881,79 11
3071881,79 25 
3072840,99 75 
3074051,96 72 
3074320,91 70 
3074982,81 80 
3075573,41 83 
3075900,52 64 328
3076082,26 74 163
3076082,26 61 163
3076898,86 151 
3076921,28 69 
3077819,63 249 
3077931,06 93 
3077946,22 103 
3077946,22 101 
3081480,62 100 
3081480,62 1
3081480,62 1882
3081480,62 10
3083450,29 25 
3088408,58 75 
3089040,75 250 
3089060,15 101 
3091073,83 100 
3091073,83 1
3091073,83 1882
3091073,83 10
3091073,83 25 
3091300,02 75 
3092509,44 72 
3092593,27 70 
3093082,18 80 
3093512,46 83 
3094454,64 64 943
3094679,9 256 
3094690,35 74 206
3094690,35 63 206
3095507,99 151 
3095539,35 69 
3095918,6 249 
3096046,01 183 
3096130,51 256 
3097375,92 93 
3097403,81 103 
3097403,81 101 
3100935,25 100 
3100935,25 1
3100935,25 1882
3100935,25 10
3102908,84 25 
3106147,91 75 
3106876,57 250 
3106892,71 101 
3108906,38 100 
3108906,38 1
3108906,38 1882
3108906,38 10
3108906,38 25 
3108959,25 75 
3110170,88 72 
3110252,59 70 
3110738,78 80 
3111225,17 83 
3111567,93 64 343
3111801,97 74 204
3111801,97 61 204
3112230,98 150 
3112252,37 68 
3113063,21 92 
3113063,21 65 
3113103,9 103 
3113103,9 101 
3113646,93 100 
3113646,93 1
3113646,93 1882
3113646,93 11
3115623,53 25 
3116623,46 75 
3117842,11 72 
3117916,29 70 
3118413,71 80 
3118901,81 83 
3119180,78 64 279
3119361,91 74 167
3119361,91 61 167
3120178,92 151 
3120209,98 69 
3121020,35 93 
3121033,94 103 
3121033,94 101 
3124565,39 100 
3124565,39 1
3124565,39 1882
3124565,39 10
3126538,95 25 
3128231,95 75 
3128984,73 250 
3129003,47 101 
3131017,15 100 
3131017,15 1
3131017,15 1882
3131017,15 10
3131017,15 25 
3131403,19 75 
3132621,2 72 
3132709,89 70 
3133197,59 80 
3133722,29 83 
3134361,27 64 640
3134589,2 74 215
3134589,2 63 215
3135008,45 151 
3135029,73 69 
3135541,82 93 
3135561,17 103 
3135561,17 101 
3139095,85 100 
3139095,85 1
3139095,85 1882
3139095,85 11
3141066,27 25 
3141892,97 75 
3143109,5 72 
3143185,82 70 
3143680,92 80 
3144118,02 83 
3144505,64 64 388
3144690,6 74 160
3144690,6 61 160
3145509,67 151 
3145532,64 69 
3146361,18 249 
3146433,32 181 
3147051,85 256 
3149530,34 93 
3149542,1 103 
3149542,1 101 
3153082,83 100 
3153082,83 1
3153082,83 1882
3153082,83 11
3155060,38 25 
3156913,36 75 
3158132,13 72 
3158205,94 70 
3158702,36 80 
3159191,66 83 
3159564,46 64 373
3159742,4 74 152
3159742,4 61 152
3160170,24 151 
3160193,09 69 
3161009,87 93 
3161030,56 103 
3161030,56 101 
3164561,68 100 
3164561,68 1
3164561,68 1882
3164561,68 10
3166535,63 25 
3168708,43 75 
3169919,51 72 
3170000,95 70 
3170497,72 80 
3171040,07 83 
3171257,34 64 218
3171432,62 74 153
3171432,62 62 153
3171857,3 151 
3171881,66 69 
3172890,28 93 
3172905,59 103 
3172905,59 101 
3176437,82 100 
3176437,82 1
3176437,82 1882
3176437,82 11
3178410,63 25 
3181343,15 75 
3182559,21 72 
3182822,39 70 
3183482,68 80 
3184021,33 83 
3184385,06 64 364
3184571,48 74 164
3184571,48 61 164
3185400,22 151 
3185421,86 69 
3185930,83 93 
3185953,53 103 
3185953,53 101 
3189499,24 100 
3189499,24 1
3189499,24 1882
3189499,24 11
3191471,81 25 
3194644,24 75 
3195860,72 72 
3195950,25 70 
3196456,15 80 
3196962,6 83 
3197293,96 64 332
3197471,28 74 150
3197471,28 61 150
3198298,51 151 
3198323,14 69 
3198975,9 249 
3199252,61 181 
3200609,45 256 
3201783,54 93 
3201813,57 103 
3201813,57 101 
3205345,72 100 
3205345,72 1
3205345,72 1882
3205345,72 10
3207318,52 25 
3209438,02 75 
3210649,57 72 
3210730,52 70 
3211221,42 80 
3211663,04 83 
3211948,15 64 285
3212160,48 256 
3212179,45 74 211
3212179,45 61 211
3212600,23 152 
3212624,64 69 
3214259,58 93 
3214274,96 103 
3214274,96 101 
3217807,13 100 
3217807,13 1
3217807,13 1882
3217807,13 10
3219779,98 25 
3223965,36 75 
3225180,61 72 
3225257,79 70 
3225753,1 80 
3226296,95 83 
3226859,09 64 562
3227112,27 74 230
3227112,27 62 230
3227939,21 151 
3227964,99 69 
3228481,24 93 
3228495,71 103 
3228495,71 101 
3232034,97 100 
3232034,97 1
3232034,97 1882
3232034,97 10
3234014,06 25 
3235533,97 75 
3236749,3 72 
3236826,37 70 
3237316,36 80 
3237798,8 83 
3238008,86 64 210
3238056,09 256 
3238250,35 74 226
3238250,35 62 226
3238668,35 151 
3238693,74 69 
3239510,26 93 
3239531,08 103 
3239531,08 101 
3243068,06 100 
3243068,06 1
3243068,06 1882
3243068,06 11
3245049,46 25 
3245077,02 75 
3246290,18 72 
3246369,03 70 
3246856,62 80 
3247381,66 83 
3247784,87 64 404
3247971,87 74 164
3247971,87 61 164
3248396,48 151 
3248423,01 69 
3248939,18 93 
3248953,88 103 
3248953,88 101 
3252486,15 100 
3252486,15 1
3252486,15 1882
3252486,15 10
3254458,83 25 
3257524,7 75 
3258741,13 72 
3258817,17 70 
3259304,71 80 
3259736,29 83 
3259948,8 64 213
3260171,23 74 196
3260171,23 62 196
3260997,35 151 
3261030,96 69 
3262039,64 93 
3262055,12 103 
3262055,12 101 
3265598,09 100 
3265598,09 1
3265598,09 1882
3265598,09 11
3267573,48 25 
3270345,88 75 
3271559,87 72 
3271638,48 70 
3272129,85 80 
3272651,08 83 
3272916,35 64 266
3272950,94 256 
3273150,59 74 207
3273150,59 61 207
3273575,65 151 
3273599,15 69 
3274611,87 93 
3274636,43 103 
3274636,43 101 
3278168,19 100 
3278168,19 1
3278168,19 1882
3278168,19 10
3280141,42 25 
3283100,58 75 
3283118,96 250 
3283139,21 101 
3285152,69 100 
3285152,69 1
3285152,69 1882
3285152,69 10
3285152,69 25 
3287458,04 75 
3288669,63 72 
3288991,2 70 
3289789,71 80 
3290576,8 83 
3290826,55 64 250
3291107,88 74 265
3291107,88 63 265
3291925,57 151 
3291951,47 69 
3292584,53 256 
3293500,5 93 
3293521,86 103 
3293521,86 101 
3297057,18 100 
3297057,18 1
3297057,18 1882
3297057,18 10
3299026,93 25 
3300240,14 75 
3301449,87 72 
3301772,53 70 
3302621,25 80 
3303371,39 83 
3303592,4 64 222
3303777,24 74 153
3303777,24 61 153
3304599,78 150 
3304626,18 68 
3305841,96 92 
3305841,96 65 
3305876,71 103 
3305876,71 101 
3306415,83 100 
3306415,83 1
3306415,83 1882
3306415,83 11
3308396,34 25 
3309809,59 75 
3311020,97 72 
3311342,01 70 
3312013,55 80 
3312700,89 83 
3312713,82 64 13
3312748,34 256 
3312845,29 74 105
3312845,29 62 105
3313268,24 150 
3313289,09 68 
3313671,56 249
3313720,28 172 
3313799,25 92 
3313799,25 65 
3313833,37 103 
3313833,37 101 
3314367,73 100 
3314367,73 1
3314367,73 1882
3314367,73 10
3316339,66 25 
3317619,49 75 
3318829,22 72 
3319098,62 70 
3319757,74 80 
3320244,39 83 
3320560,03 64 316
3320768,41 74 192
3320768,41 61 192
3321587,46 150 
3321618,95 68 
3322829,01 92 
3322829,01 65 
3322869,63 103 
3322869,63 101 
3323400,64 100 
3323400,64 6
3323400,64 1882
3323400,64 10
3323400,64 78 
3323400,64 198 
3325375,92 25 
3327255,43 75 
3328469,01 72 
3328548,03 70 
3329039,3 80 
3329520,46 83 
3329752,55 64 233
3329930,72 74 157
3329930,72 61 157
3330356,43 153 
3330388,64 68 
3331204,2 92 
3331204,2 65 
3331239,43 103 
3331239,43 101 
3331783,61 100 
3331783,61 6
3331783,61 1882
3331783,61 11
3333759,01 25 
3334732,46 75 
3335949,94 72 
3336024,89 70 
3336518,77 80 
3336997,37 83 
3337192,18 64 195
3337229,77 256 
3337389,52 74 166
3337389,52 62 166
3337816,12 151 
3337838,82 69 
3338332,08 249 
3338470,99 182 
3339999,98 93 
3340009,24 103 
3340009,24 101 
3343540,53 100 
3343540,53 6
3343540,53 1882
3343540,53 11
3345514,13 25 
3346274,3 75 
3347488,73 72 
3347568,44 70 
3348054,81 80 
3348485,94 83 
3348792,21 64 306
3348966,89 74 148
3348966,89 62 148
3349784,66 151 
3349807,4 69 
3350820,59 93 
3350844,77 103 
3350844,77 101 
3354376,76 100 
3354376,76 6
3354376,76 1882
3354376,76 10
3356349,66 25 
3357509,54 75 
3358719,56 72 
3358802,15 70 
3359301,27 80 
3359841,19 83 
3360139,92 64 299
3360327 74 166
3360327 61 166
3360749,78 151 
3360776 69 
3360950,58 249 
3361290,37 93 
3361320,18 103 
3361320,18 101 
3364857,79 100 
3364857,79 6
3364857,79 1882
3364857,79 11
3366838,59 25 
3368371,68 75 
3369587,63 72 
3369664,19 70 
3370159,15 80 
3370583,3 83 
3370931,55 64 349
3371097,1 74 141
3371097,1 62 141
3371917,78 151 
3371944,02 69 
3372465,98 249 
3372554 182 
3372759,98 93 
3372782,09 103 
3372782,09 101 
3376319,82 100 
3376319,82 6
3376319,82 1882
3376319,82 11
3378300,42 25 
3380873,15 75 
3382089,01 72 
3382165,63 70 
3382659,4 80 
3383204,75 83 
3383478,55 64 274
3383699,56 74 202
3383699,56 62 202
3384526,39 153 
3384552,82 68 
3384920,02 249
3384957,22 172 
3385071,19 92 
3385071,19 65 
3385110,24 103 
3385110,24 101 
3385642,91 100 
3385642,91 6
3385642,91 1882
3385642,91 11
3387616,52 25 
3392974,64 75 
3394189,08 72 
3394267,24 70 
3394762,08 80 
3395253,11 83 
3395578,09 64 325
3395790,12 74 191
3395790,12 61 191
3396213,32 150 
3396241,25 68 
3397461,7 92 
3397461,7 65 
3397491,8 103 
3397491,8 101 
3398035,16 100 
3398035,16 6
3398035,16 1882
3398035,16 11
3400011,4 25 
3402877,19 75 
3404089,07 72 
3404169,77 70 
3404659,12 80 
3405208,86 83 
3405529,17 64 320
3405750,02 74 208
3405750,02 62 208
3406578,77 151 
3406610,28 69 
3407049,91 249 
3407703,5 93 
3407727,45 103 
3407727,45 101 
3411258,55 100 
3411258,55 6
3411258,55 1882
3411258,55 10
3413232,58 25 
3415018,76 75 
3416226,96 72 
3416311,3 70 
3416812,9 80 
3417297,22 83 
3417612,18 64 315
3417799,48 74 156
3417799,48 61 156
3418229,12 151 
3418257,84 69 
3418943,8 249 
3419571,17 181 
3428878,68 256 
3524286,57 93 
3524305,42 103 
3524305,42 101 
3527841,37 100 
3527841,37 6
3527841,37 1882
3527841,37 11
3529810,83 25 
3534888,75 75 
3535072,61 250 
3535087,12 101 
3537087,46 100 
3537087,46 6
3537087,46 1882
3537087,46 11
3537087,46 25 
3539632,67 75 
3539644,76 250 
3539658,61 101 
3541672,22 100 
3541672,22 6
3541672,22 1882
3541672,22 11
3541672,22 25 
3542418,11 75 
3543626,71 72 
3543884,93 70 
3544385,55 80 
3544817,19 83 
3545328,96 64 512
3545357,78 256 
3545922,3 74 573
3545922,3 62 573
3547143,06 251 
3547143,06 241 
3547175,78 101 
3549189,02 100 
3549189,02 6
3549189,02 1882
3549189,02 11
3549189,02 25 
3549256,27 75 
3549385,32 250 
3549401,14 101 
3551401,68 100 
3551401,68 6
3551401,68 1882
3551401,68 11
3551401,68 25 
3551467,9 75 
3551475,2 250 
3551493,62 101 
3553507,26 100 
3553507,26 6
3553507,26 1882
3553507,26 11
3553507,26 25 
3558438,13 75 
3558444,4 250 
3558464,18 101 
3560477,64 100 
3560477,64 6
3560477,64 1882
3560477,64 11
3560477,64 25 
3566927,92 75 
3566939,82 250 
3566953,86 101 
3568967,48 100 
3568967,48 6
3568967,48 1882
3568967,48 11
3568967,48 25 
3570832,95 75 
3570886,77 250 
3570898,82 101 
3572912,48 100 
3572912,48 6
3572912,48 1882
3572912,48 11
3572912,48 25 
3575644,23 75 
3575725 250 
3575736,81 101 
3577750,51 100 
3577750,51 6
3577750,51 1882
3577750,51 11
3577750,51 25 
3585520,19 75 
3585574,56 250 
3585586,01 101 
3587599,67 100 
3587599,67 6
3587599,67 1882
3587599,67 11
3587599,67 25 
3587666,96 75 
3587943,08 250 
3587958,35 101 
3589972,04 100 
3589972,04 6
3589972,04 1882
3589972,04 11
3589972,04 25 
3593050,45 75 
3594266,09 72 
3594356,96 70 
3594847,19 80 
3595289,5 83 
3595727,29 64 439
3595947,09 74 205
3595947,09 62 205
3596374,87 151 
3596398,76 69 
3596760,69 249 
3596936,97 182 
3597414,77 93 
3597434,83 103 
3597434,83 101 
3600975,71 100 
3600975,71 6
3600975,71 1882
3600975,71 10
3602953,28 25 
3604806,12 75 
3606015,62 72 
3606098,73 70 
3606594,88 80 
3607137,9 83 
3607199,65 64 62
3607388,88 74 158
3607388,88 61 158
3608215,18 151 
3608245,92 69 
3608712,67 256 
3608735,52 249 
3610472,3 182 
3729555,98 93 
3729579,65 103 
3729579,65 101 
3733112,08 100 
3733112,08 6
3733112,08 1882
3733112,08 10
3735084,68 25 
3735111,99 75 
3735984,29 250 
3736003,15 101 
3738016,83 100 
3738016,83 6
3738016,83 1882
3738016,83 10
3738016,83 25 
3741108,5 75 
3742321,34 72 
3742601,76 70 
3743285,66 80 
3743800,7 83 
3744024,27 64 224
3744195,28 74 156
3744195,28 61 156
3745023,71 151 
3745055,89 69 
3745873,66 93 
3745892,81 103 
3745892,81 101 
3749425,01 100 
3749425,01 6
3749425,01 1882
3749425,01 10
3751398,03 25 
3756316,14 75 
3757532,57 72 
3757623,62 70 
3758113,82 80 
3758594,53 83 
3758902,62 64 309
3759044,26 74 117
3759044,26 62 117
3759463,52 151 
3759489,58 69 
3759986,48 249 
3760193,97 256 
3761442,69 93 
3761459,68 103 
3761459,68 101 
3765006,09 100 
3765006,09 6
3765006,09 1882
3765006,09 10
3766978,09 25 
3767591,5 75 
3768802,76 72 
3768884,03 70 
3769378,53 80 
3769909,82 83 
3770054,29 64 145
3770076,51 256 
3770282,46 74 213
3770282,46 61 213
3771104,62 151 
3771123,69 69 
3771566,18 249 
3771774,44 256 
3771779,29 181 
3774524,83 93 
3774534,31 103 
3774534,31 101 
3778066,31 100 
3778066,31 6
3778066,31 1882
3778066,31 11
3780039,27 25 
3783145,06 75 
3784352,68 72 
3784439,41 70 
3784929,77 80 
3785369,96 83 
3785783,91 64 414
3785986,38 74 177
3785986,38 62 177
3786409,25 151 
3786438,13 69 
3787420,18 249 
3788515,17 93 
3788541,64 103 
3788541,64 101 
3792077,07 100 
3792077,07 6
3792077,07 1882
3792077,07 11
3794046,71 25 
3795753,05 75 
3796962,99 72 
3797045,62 70 
3797547,31 80 
3798044,77 83 
3798363,9 64 319
3798623,56 74 246
3798623,56 62 246
3799041,09 153 
3799072,94 68 
3799472,07 249
3799504,95 172 
3799584,29 92 
3799584,29 65 
3799617,14 103 
3799617,14 101 
3800157,81 100 
3800157,81 6
3800157,81 1882
3800157,81 11
3802136,73 25 
3803629,93 75 
3804843,38 72 
3804922,44 70 
3805432,03 80 
3805934,86 83 
3806017,63 64 83
3806266,09 74 225
3806266,09 62 225
3807093,87 151 
3807122,12 69 
3807498,92 249 
3807560,03 182 
3809234,63 93 
3809253,15 103 
3809253,15 101 
3812787,97 100 
3812787,97 6
3812787,97 1882
3812787,97 10
3814758,36 25 
3819902,94 75 
3821111,95 72 
3821195,44 70 
3821696,04 80 
3822248 83 
3822844,99 64 597
3823052,84 74 192
3823052,84 61 192
3823471,61 151 
3823501,81 69 
3824515,56 93 
3824540,01 103 
3824540,01 101 
3828071,79 100 
3828071,79 6
3828071,79 1882
3828071,79 11
3830045,05 25 
3835349,86 75 
3836562,31 72 
3836642,33 70 
3837131,88 80 
3837561,54 83 
3837923,85 64 363
3838102,19 256 
3840065,95 74 2118
3840065,95 62 2118
3840891,48 151 
3840922,05 69 
3841296,16 249 
3841437,15 93 
3841467,28 103 
3841467,28 101 
3845009,45 100 
3845009,45 6
3845009,45 1882
3845009,45 10
3846985,64 25 
3852436,15 75 
3854724,1 72 
3855034,65 70 
3855835,68 80 
3856593,6 83 
3856657,56 64 65
3856794,44 74 108
3856794,44 62 108
3857222,84 151 
3857247,93 69 
3857646,7 249 
3857734,88 256 
3858654,46 182 
3879473,02 93 
3879491,31 103 
3879491,31 101 
3883021,36 100 
3883021,36 6
3883021,36 1882
3883021,36 11
3884995,38 25 
3886781,62 75 
3887992,67 72 
3888274,14 70 
3888943,65 80 
3889499,84 83 
3891824,66 64 2325
3896224,34 74 4366
3896224,34 61 4366
3897048,68 150 
3897071,85 68 
3897513,22 256 
3898040,89 92 
3898040,89 65 
3898069,22 103 
3898069,22 101 
3898622,17 100 
3898622,17 6
3898622,17 1882
3898622,17 10
3900602,19 25 
3910602,09 254 
3910611 101 
3912623,07 100 
3912623,07 6
3912623,07 1882
3912623,07 10
3912623,07 25 
3916249,41 75 
3916273,55 250 
3916301,24 101 
3918314,81 100 
3918314,81 6
3918314,81 1882
3918314,81 10
3918314,81 25 
3919580,56 75 
3920789,37 72 
3920873,86 70 
3921363,33 80 
3921952,93 83 
3921971,24 64 18
3922009,25 256 
3922857,46 74 865
3922857,46 62 865
3923817,56 151 
3923847,46 69 
3924101,17 256 
3924107,57 249 
3924817,7 182 
4067180,41 93 
4067198,54 103 
4067198,54 101 
4070739,18 100 
4070739,18 6
4070739,18 1882
4070739,18 11
4072716,98 25 
4075529,51 75 
4076741,44 72 
4077008,58 70 
4077513,45 80 
4078007,75 83 
4078361,2 64 354
4078524,85 74 144
4078524,85 61 144
4078624,17 256 
4079044,81 150 
4079075,86 68 
4079591,45 92 
4079591,45 65 
4079633,37 103 
4079633,37 101 
4080167,37 100 
4080167,37 6
4080167,37 1882
4080167,37 10
4082139,7 25 
4083259,7 75 
4084469,88 72 
4084553,76 70 
4085051,19 80 
4085604,67 83 
4085786,82 64 183
4085999,47 74 196
4085999,47 61 196
4086816,28 151 
4086846,28 69 
4087442,77 249 
4087783,53 181 
4088198,39 256 
4090093,42 93 
4090122,32 103 
4090122,32 101 
4093654,24 100 
4093654,24 6
4093654,24 1882
4093654,24 10
4095627,56 25 
4098040,14 75 
4098397,97 250 
4098411,73 101 
4100425,41 100 
4100425,41 6
4100425,41 1882
4100425,41 10
4100425,41 25 
4103290,46 75 
4103463,44 250 
4103489,64 101 
4105489,97 100 
4105489,97 6
4105489,97 1882
4105489,97 10
4105489,97 25 
4105582,78 75 
4105598,3 250 
4105608,72 101 
4107622,34 100 
4107622,34 6
4107622,34 1882
4107622,34 10
4107622,34 25 
4107689,8 75 
4108157,27 250 
4108167,86 101 
4110181,25 100 
4110181,25 6
4110181,25 1882
4110181,25 10
4110181,25 25 
4112313,36 75 
4112397,15 250 
4112419,21 101 
4114432,89 100 
4114432,89 6
4114432,89 1882
4114432,89 10
4114432,89 25 
4115978,66 75 
4116119,72 250 
4116137,65 101 
4118151,26 100 
4118151,26 6
4118151,26 1882
4118151,26 10
4118151,26 25 
4119083,93 75 
4119304,63 250 
4119322,99 101 
4121336,72 100 
4121336,72 6
4121336,72 1882
4121336,72 10
4121336,72 25 
4131338,03 254 
4131358,32 101 
4133370,83 100 
4133370,83 6
4133370,83 1882
4133370,83 10
4133370,83 25 
4136383,26 75 
4137599,95 72 
4137676,61 70 
4138176,74 80 
4138609,09 83 
4138814,26 64 206
4138998,62 74 163
4138998,62 61 163
4139415,28 151 
4139450,56 69 
4139483,4 249 
4139961,63 93 
4139976,31 181 
4140008,18 103 
4140008,18 101 
4143553,68 100 
4143553,68 6
4143553,68 1882
4143553,68 11
4145526,54 25 
4147152,89 75 
4147274,23 250 
4147297,96 101 
4149311,64 100 
4149311,64 6
4149311,64 1882
4149311,64 11
4149311,64 25 
4159027,18 75 
4160240,24 72 
4160320,47 70 
4160812,58 80 
4161252,96 83 
4161662,85 64 410
4161821,79 74 129
4161821,79 62 129
4162648,19 151 
4162680,85 69 
4163048,13 249 
4163217,83 256 
4165008,38 182 
4335739,17 93 
4335766,35 103 
4335766,35 101 
4339298,11 100 
4339298,11 6
4339298,11 1882
4339298,11 11
4341271,52 25 
4345016,83 75 
4346227,57 72 
4346509,31 70 
4347177,75 80 
4347648,73 250 
4347667,98 101 
4349681,23 100 
4349681,23 6
4349681,23 1882
4349681,23 11
4349681,23 25 
4352160,59 75 
4352175,74 250 
4352199,12 101 
4354212,69 100 
4354212,69 6
4354212,69 1882
4354212,69 11
4354212,69 25 
4363141,88 75 
4363209,43 250 
4363234,51 101 
4365248,02 100 
4365248,02 6
4365248,02 1882
4365248,02 11
4365248,02 25 
4372444,66 75 
4373657,08 72 
4373737,93 70 
4374225,05 80 
4374710,42 83 
4375059,19 64 350
4375227,32 74 145
4375227,32 61 145
4375647,28 150 
4375671,94 68 
4376486,3 92 
4376486,3 65 
4376509,3 103 
4376509,3 101 
4377040,32 100 
4377040,32 6
4377040,32 1882
4377040,32 11
4379015,65 25 
4379908,92 75 
4381117,57 72 
4381201,56 70 
4381699,77 80 
4382240,71 83 
4382289,14 64 49
4382459,33 74 140
4382459,33 61 140
4382884,84 150 
4382908,84 68 
4383427,9 92 
4383427,9 65 
4383466,41 103 
4383466,41 101 
4384004,94 100 
4384004,94 6
4384004,94 1882
4384004,94 10
4385986,05 25 
4386932,66 75 
4388147,75 72 
4388225,26 70 
4388718,4 80 
4389157,75 83 
4389441,15 64 283
4389635,25 74 172
4389635,25 62 172
4390454,39 151 
4390479,09 69 
4391184,58 256 
4392267,41 93 
4392289,4 103 
4392289,4 101 
4395825,8 100 
4395825,8 6
4395825,8 1882
4395825,8 11
4397794,49 25 
4397848,12 75 
4398162,49 250 
4398179,79 101 
4400180,29 100 
4400180,29 6
4400180,29 1882
4400180,29 11
4400180,29 25 
4400606,23 75 
4401816,61 72 
4401899,48 70 
4402416,77 80 
4402898,72 83 
4403143,94 64 245
4403327,83 74 163
4403327,83 61 163
4403753,06 150 
4403780,19 68 
4404298,17 92 
4404298,17 65 
4404337,67 103 
4404337,67 101 
4404869,49 100 
4404869,49 6
4404869,49 1882
4404869,49 11
4406843,97 25 
4408697,05 75 
4409906,57 72 
4409991,3 70 
4410492,55 80 
4411042,01 83 
4411452,16 64 410
4411639,2 74 158
4411639,2 61 158
4412464,25 150 
4412496,47 68 
4413305,25 92 
4413305,25 65 
4413333,92 103 
4413333,92 101 
4413878,28 100 
4413878,28 6
4413878,28 1882
4413878,28 10
4415854,57 25 
4420651,99 75 
4421866,92 72 
4421944,55 70 
4422438,74 80 
4422930,32 83 
4423261,34 64 332
4423454,75 74 165
4423454,75 61 165
4424276,52 151 
4424304,12 69 
4425118,32 93 
4425142,41 103 
4425142,41 101 
4428673,65 100 
4428673,65 6
4428673,65 1882
4428673,65 10
4430647,42 25 
4433646,51 75 
4434856,15 72 
4434939,02 70 
4435435,28 80 
4435871,53 83 
4435884,75 64 14
4436876,61 256 
4437225,1 74 1314
4437225,1 61 1314
4437644,2 151 
4437672,67 69 
4438190,57 93 
4438216,84 103 
4438216,84 101 
4441750,49 100 
4441750,49 6
4441750,49 1882
4441750,49 10
4443721,89 25 
4443922,17 75 
4445136,88 72 
4445214,71 70 
4445710,08 80 
4446253,86 83 
4446344,51 64 91
4446556,14 74 196
4446556,14 63 196
4446972,95 150 
4447002,11 68 
4447815,1 92 
4447815,1 65 
4447839,52 103 
4447839,52 101 
4448377,44 100 
4448377,44 6
4448377,44 1882
4448377,44 10
4450359,21 25 
4455250,88 75 
4456466,63 72 
4456730,17 70 
4457234,47 80 
4457662,44 83 
4458002,67 64 341
4458245,93 74 224
4458245,93 62 224
4459062,96 153 
4459090,56 68 
4459394,56 249
4460304,87 92 
4460304,87 65 
4460327,65 103 
4460327,65 101 
4460863,23 100 
4460863,23 6
4460863,23 1882
4460863,23 11
4462833,92 25 
4469005,12 75 
4470216,02 72 
4470297,62 70 
4470786,94 80 
4471323,4 83 
4471581,71 64 259
4471785,29 256 
4472538,81 74 936
4472538,81 62 936
4473365,59 151 
4473391,17 69 
4473730,91 249 
4473796,98 182 
4473908,54 93 
4473935,26 103 
4473935,26 101 
4477467,53 100 
4477467,53 6
4477467,53 1882
4477467,53 10
4479440,51 25 
4480546,95 75 
4480562,24 250 
4480585,44 101 
4482598,98 100 
4482598,98 6
4482598,98 1882
4482598,98 10
4482598,98 25 
4492601,89 254 
4492620,72 101 
4494633,25 100 
4494633,25 6
4494633,25 1882
4494633,25 10
4494633,25 25 
4503856,42 75 
4503917,45 250 
4503935,62 101 
4505949,3 100 
4505949,3 6
4505949,3 1882
4505949,3 10
4505949,3 25 
4512652,93 75 
4512691,35 250 
4512705,29 101 
4514718,92 100 
4514718,92 6
4514718,92 1882
4514718,92 10
4514718,92 25 
4516744,37 75 
4516928,55 250 
4516943,73 101 
4518957,17 100 
4518957,17 6
4518957,17 1882
4518957,17 10
4518957,17 25 
4522088,81 75 
4523304,2 72 
4523382,3 70 
4523880,38 80 
4524367,92 83 
4524615,93 64 248
4524804,52 74 171
4524804,52 62 171
4525224,78 151 
4525249,49 69 
4525792,28 249 
4526158,42 181 
4527405,79 256 
4554746,57 93 
4554768,16 103 
4554768,16 101 
4558315,21 100 
4558315,21 6
4558315,21 1882
4558315,21 10
4560286,51 25 
4561539,78 75 
4562754,9 72 
4563072,21 70 
4563740,67 80 
4564404,48 83 
4564631,93 64 228
4564947,97 256 
4567189,2 74 2531
4567189,2 62 2531
4567911,73 151 
4567937,83 69 
4568458,21 93 
4568482,46 103 
4568482,46 101 
4572015,29 100 
4572015,29 6
4572015,29 1882
4572015,29 11
4573987,53 25 
4576947,56 75 
4578156,62 72 
4578239,19 70 
4578737,27 80 
4579224,97 83 
4579289,72 64 65
4579455,99 74 138
4579455,99 61 138
4580271,9 150 
4580305,6 68 
4581117,66 92 
4581117,66 65 
4581157,12 103 
4581157,12 101 
4585647,59 102 
