81,94 100 
81,94 5
81,94 1865
81,94 11
2032,92 25 
2670,9 75 
3878,32 72 
4136,84 70 
4946,27 80 
5682,92 83 
6286,38 64 603
6316,35 256 
6613,28 74 303
6613,28 62 303
7027,27 150 
7056,11 68 
7866,92 92 
7866,92 65 
7883,62 103 
7883,62 101 
8413,55 100 
8413,55 5
8413,55 1865
8413,55 10
10388,1 25 
10416,87 75 
11623,16 72 
11907,55 70 
12456,5 80 
13146,7 83 
13200,45 64 55
13396,81 74 183
13396,81 63 183
14209,82 150 
14228,09 68 
15437,15 92 
15437,15 65 
15452,32 103 
15452,32 101 
15983,89 100 
15983,89 5
15983,89 1865
15983,89 10
17958,31 25 
17985,51 75 
19194,71 72 
19277,84 70 
19767,76 80 
20250,34 83 
20435,11 64 185
20595,82 74 146
20595,82 63 146
21003,3 150 
21025,18 68 
21535,49 92 
21535,49 65 
21556,09 103 
21556,09 101 
22096,43 100 
22096,43 5
22096,43 1865
22096,43 10
24075,71 25 
24103,48 75 
25309,71 72 
25395,32 70 
25882,61 80 
26314,48 83 
26503,75 64 190
26654,72 74 127
26654,72 63 127
27464,2 150 
27489,17 68 
28297,28 92 
28297,28 65 
28313,27 103 
28313,27 101 
28850,25 100 
28850,25 5
28850,25 1865
28850,25 11
30819,63 25 
30846,82 75 
32055,57 72 
32139,15 70 
32627,27 80 
33178,32 83 
33185,49 64 8
33313,58 74 109
33313,58 62 109
34122,72 150 
34153,11 68 
34472,01 249
34504,51 172 
35364,76 92 
35364,76 65 
35390,29 103 
35390,29 101 
35923,07 100 
35923,07 5
35923,07 1865
35923,07 10
37896,67 25 
37924,49 75 
39133,71 72 
39216,21 70 
39708,83 80 
40215,35 83 
40452,07 64 237
40620,3 74 153
40620,3 63 153
41028,44 150 
41056,22 68 
41567,57 92 
41567,57 65 
41587,73 103 
41587,73 101 
42133,39 100 
42133,39 5
42133,39 1865
42133,39 10
44107,39 25 
44134,56 75 
45345,88 72 
45426,94 70 
45923,04 80 
46359,37 83 
46641,34 64 283
46768,88 256 
46782,79 74 117
46782,79 63 117
47591,54 150 
47614,09 68 
48822,14 92 
48822,14 65 
48838,06 103 
48838,06 101 
49369,66 100 
49369,66 5
49369,66 1865
49369,66 11
51344,3 25 
51374,41 75 
52581,8 72 
52663,87 70 
53155,94 80 
53689,71 83 
53736,66 64 47
53892,78 74 137
53892,78 62 137
54302,9 152 
54329,81 69 
54822,13 249 
56109,94 93 
56128,31 103 
56128,31 101 
59163,75 100 
59163,75 5
59163,75 1865
59163,75 11
61140,31 25 
61168,04 75 
62374,05 72 
62459,83 70 
62951,95 80 
63432,28 83 
64095,54 64 664
64352,87 74 241
64352,87 62 241
64760,51 150 
64780,24 68 
65135,41 249
65185,84 172 
65593 92 
65593 65 
65617,7 103 
65617,7 101 
66158,17 100 
66158,17 5
66158,17 1865
66158,17 11
68137,29 25 
68697,45 75 
69906,1 72 
69989,96 70 
70484,67 80 
70909,19 83 
71225,71 64 317
71395,02 74 153
71395,02 62 153
72202,88 150 
72230,47 68 
72555,29 249
72594,44 172 
72738,82 92 
72738,82 65 
72761,37 103 
72761,37 101 
73294,04 100 
73294,04 5
73294,04 1865
73294,04 11
75267,66 25 
75907,76 75 
77116,39 72 
77200,37 70 
77690,33 80 
78172,8 83 
78308,16 64 135
78504,31 74 172
78504,31 62 172
78915,75 150 
78947,71 68 
79249,5 249
79290,57 172 
79758,78 92 
79758,78 65 
79771,77 103 
79771,77 101 
80303,76 100 
80303,76 5
80303,76 1865
80303,76 10
82278,3 25 
82305,99 75 
83511,72 72 
83597,66 70 
84091,61 80 
84623,42 83 
84794,2 64 171
84978,66 74 169
84978,66 63 169
85788,03 150 
85811,47 68 
87023,45 92 
87023,45 65 
87048,8 103 
87048,8 101 
87595,43 100 
87595,43 5
87595,43 1865
87595,43 10
89568,39 25 
89595,79 75 
90803,38 72 
90887,95 70 
91385,18 80 
91873,74 83 
92176,41 64 303
92394,23 74 202
92394,23 63 202
93205,51 150 
93235,05 68 
94445,96 92 
94445,96 65 
94472,31 103 
94472,31 101 
95005,22 100 
95005,22 5
95005,22 1865
95005,22 11
96978,65 25 
97006,94 75 
98214,65 72 
98298,17 70 
98788,09 80 
99217,33 83 
99491,93 64 275
99517,22 256 
99545,11 74 35
99545,11 62 35
99954,38 150 
99978,87 68 
100315,5 249
100405,51 172 
100491,56 92 
100491,56 65 
100509,75 103 
100509,75 101 
101042,99 100 
101042,99 5
101042,99 1865
101042,99 11
103016,17 25 
103696,34 75 
104907,44 72 
104988,73 70 
105473,91 80 
106014,51 83 
106149,79 64 136
106374,95 74 201
106374,95 62 201
106784,95 150 
106816,07 68 
107226,66 249
107352,01 172 
107626,91 92 
107626,91 65 
107640,13 103 
107640,13 101 
108179,15 100 
108179,15 5
108179,15 1865
108179,15 11
110159,87 25 
110213,49 75 
111424 72 
111505,96 70 
112001,52 80 
112505,1 83 
112716,64 64 212
112879,23 74 148
112879,23 62 148
113686,36 150 
113706,54 68 
113996,32 249
114060,14 172 
114215,68 92 
114215,68 65 
114237,35 103 
114237,35 101 
114775,78 100 
114775,78 5
114775,78 1865
114775,78 11
116743,79 25 
116770,86 75 
117979,07 72 
118236,53 70 
119043,37 80 
119675,47 83 
119997,57 64 323
120164,98 74 143
120164,98 62 143
120576 150 
120597,03 68 
121805,42 92 
121805,42 65 
121820,87 103 
121820,87 101 
122353,53 100 
122353,53 5
122353,53 1865
122353,53 10
124327,25 25 
124354,34 75 
125560,78 72 
125886,63 70 
126646,23 80 
127192,28 83 
127762,85 64 571
127954,42 74 176
127954,42 63 176
128766,51 150 
128793,49 68 
129203,19 249
129270,89 173 
129606,36 92 
129606,36 65 
129630,96 103 
129630,96 101 
130173,49 100 
130173,49 5
130173,49 1865
130173,49 10
132150,61 25 
132177,91 75 
133385,88 72 
133470,12 70 
133960,63 80 
134495,96 83 
134706,22 64 210
134846,49 74 125
134846,49 63 125
135658,67 152 
135683,18 69 
136693,19 93 
136708,05 103 
136708,05 101 
139740,76 100 
139740,76 5
139740,76 1865
139740,76 10
141719,95 25 
141747,32 75 
142955,27 72 
143039,5 70 
143531,43 80 
143972,4 83 
144276,38 64 305
144464,61 74 173
144464,61 63 173
144875,6 150 
144893,52 68 
145480,05 249
145702,31 92 
145702,31 65 
145717,55 103 
145717,55 101 
146256,72 100 
146256,72 5
146256,72 1865
146256,72 11
148223,9 25 
148251,49 75 
149460,05 72 
149543,45 70 
150038,55 80 
150515,94 83 
150796,31 64 281
150815,93 256 
150840,66 74 32
150840,66 62 32
151649,8 150 
151676,55 68 
151995,13 249
152053,48 172 
152885,52 92 
152885,52 65 
152901,22 103 
152901,22 101 
153440,85 100 
153440,85 5
153440,85 1865
153440,85 10
155420,87 25 
155448,29 75 
156656,3 72 
156740,51 70 
157239,92 80 
157739,56 83 
157924,53 64 186
158111,49 74 173
158111,49 63 173
158523,54 150 
158541,1 68 
159352,78 92 
159352,78 65 
159365,24 103 
159365,24 101 
159896,93 100 
159896,93 5
159896,93 1865
159896,93 11
161871,49 25 
162311,72 75 
163520,43 72 
163604,31 70 
164110,28 80 
164643,3 83 
164728,15 64 85
164756,68 256 
164765,89 74 16
164765,89 62 16
165577,71 150 
165604,77 68 
166814,68 92 
166814,68 65 
166828,74 103 
166828,74 101 
167360,41 100 
167360,41 5
167360,41 1865
167360,41 11
169336,16 25 
169362,72 75 
170570 72 
170654,83 70 
171145,77 80 
171573,82 83 
171783,78 64 210
171934,9 74 135
171934,9 62 135
172343,21 150 
172362,13 68 
172720,49 249
172752,62 172 
172870,37 92 
172870,37 65 
172892,87 103 
172892,87 101 
173437,93 100 
173437,93 5
173437,93 1865
173437,93 10
175412,49 25 
176039,28 75 
177247,73 72 
177331,8 70 
177819,95 80 
178357,68 83 
178533,31 64 177
178721,31 74 165
178721,31 63 165
179529,06 150 
179559,11 68 
179999,99 249
180069,99 92 
180069,99 65 
180089,83 103 
180089,83 101 
180622,78 100 
180622,78 5
180622,78 1865
180622,78 10
182596,21 25 
182623,62 75 
183833,18 72 
183915,73 70 
184411,09 80 
184888,44 83 
185096,03 64 208
185245,29 74 131
185245,29 63 131
185654,16 150 
185675,78 68 
186323,65 249
186486,38 92 
186486,38 65 
186496,83 173 
186527,15 103 
186527,15 101 
187060,82 100 
187060,82 5
187060,82 1865
187060,82 10
189033,45 25 
189061,33 75 
190270,63 72 
190353,07 70 
190847,16 80 
191285,57 83 
191569,02 64 284
191714,66 74 123
191714,66 63 123
192123,55 152 
192153,78 69 
192664,14 93 
192684,59 103 
192684,59 101 
195723,52 100 
195723,52 5
195723,52 1865
195723,52 11
197696,57 25 
197724,14 75 
198932,06 72 
199016,09 70 
199505,33 80 
199935,22 83 
200175,72 64 241
200340,35 74 153
200340,35 62 153
201149,34 150 
201176,61 68 
201503,22 249
201565,52 172 
201688,88 92 
201688,88 65 
201707,48 103 
201707,48 101 
202243,9 100 
202243,9 5
202243,9 1865
202243,9 11
204213,84 25 
204241,2 75 
205449,6 72 
205533,38 70 
206032,19 80 
206519,15 83 
206775,5 64 257
206805,97 256 
206822,79 74 24
206822,79 62 24
207232,2 150 
207254,1 68 
207595,15 249
207769,88 172 
208066,02 92 
208066,02 65 
208091,47 103 
208091,47 101 
208624,35 100 
208624,35 5
208624,35 1865
208624,35 10
210597,81 25 
210625,22 75 
211833,06 72 
211917,41 70 
212407,87 80 
212943,16 83 
213074,21 64 131
213253,48 74 164
213253,48 63 164
214061,58 150 
214091,18 68 
214525,23 249
214612,62 173 
215299,42 92 
215299,42 65 
215315,15 103 
215315,15 101 
215861,47 100 
215861,47 5
215861,47 1865
215861,47 11
217834,82 25 
218021,79 75 
219230,28 72 
219314,28 70 
219804,72 80 
220340,03 83 
220403 64 63
220427,47 256 
220447,75 74 28
220447,75 62 28
220856,32 150 
220875,2 68 
221684,38 92 
221684,38 65 
221699,15 103 
221699,15 101 
222231,24 100 
222231,24 5
222231,24 1865
222231,24 11
224205,46 25 
224233,53 75 
225440,46 72 
225525,11 70 
226220,44 80 
226870,69 83 
226876,98 64 6
227062,07 74 165
227062,07 62 165
227873,32 150 
227898,84 68 
228226,32 249
228269,24 172 
228407,5 92 
228407,5 65 
228429,66 103 
228429,66 101 
228965,03 100 
228965,03 5
228965,03 1865
228965,03 11
230935,96 25 
231669,41 75 
232878,06 72 
232961,9 70 
233449,12 80 
233881,18 83 
234201,02 64 320
234380,08 74 153
234380,08 62 153
234791,89 150 
234815,95 68 
235188,63 249
235462,49 172 
236025,14 92 
236025,14 65 
236039,81 103 
236039,81 101 
236579,92 100 
236579,92 5
236579,92 1865
236579,92 10
238559,45 25 
238589,33 75 
239795,33 72 
239878,99 70 
240365,88 80 
240851,52 83 
241353,42 64 503
241541,8 74 171
241541,8 63 171
242353,46 150 
242372,74 68 
242615,13 249
242643,39 173 
243580,96 92 
243580,96 65 
243596,67 103 
243596,67 101 
244129,52 100 
244129,52 5
244129,52 1865
244129,52 10
246102,95 25 
246130,13 75 
247336,84 72 
247422,56 70 
247920,2 80 
248461,8 83 
248661,82 64 200
248822,51 74 148
248822,51 63 148
249630,34 150 
249649,72 68 
250162,06 92 
250162,06 65 
250180,56 103 
250180,56 101 
250712,25 100 
250712,25 5
250712,25 1865
250712,25 11
252686,93 25 
253153,83 75 
254363,6 72 
254446,29 70 
254941,91 80 
255378,81 83 
255602,49 64 224
255625,93 256 
255676,6 74 58
255676,6 62 58
256086,57 150 
256113,68 68 
256485,31 249
256523,17 172 
256924,53 92 
256924,53 65 
256951,06 103 
256951,06 101 
257498,13 100 
257498,13 5
257498,13 1865
257498,13 10
259470,8 25 
259499,3 75 
260706,55 72 
260790,3 70 
261278,95 80 
261816,03 83 
261968,99 64 153
262108,76 256 
262118 74 129
262118 63 129
262929,56 150 
262950,79 68 
263458,85 92 
263458,85 65 
263481,7 103 
263481,7 101 
264014,59 100 
264014,59 5
264014,59 1865
264014,59 10
265987,98 25 
266015,43 75 
267223,17 72 
267307,57 70 
267794,73 80 
268280,21 83 
268408,43 64 129
268562,71 256 
268571,58 74 146
268571,58 63 146
268980,18 152 
269001,63 69 
269809,55 93 
269825,71 103 
269825,71 101 
272858,61 100 
272858,61 5
272858,61 1865
272858,61 10
274837,69 25 
274865,05 75 
276073,41 72 
276157,21 70 
276647,08 80 
277089,64 83 
277480,58 64 391
277652,35 74 150
277652,35 63 150
278060,47 150 
278090,85 68 
278596,13 249
278900,07 92 
278900,07 65 
278915,33 103 
278915,33 101 
279454,19 100 
279454,19 5
279454,19 1865
279454,19 11
281434,87 25 
281475,8 75 
282685,53 72 
282767,85 70 
283256,06 80 
283740,24 83 
283939,65 64 200
284130,07 74 177
284130,07 62 177
284942,83 150 
284967,67 68 
285283,35 249
285368,36 172 
285478,02 92 
285478,02 65 
285499,22 103 
285499,22 101 
286037,72 100 
286037,72 5
286037,72 1865
286037,72 10
288005,5 25 
288192,54 75 
289400,39 72 
289484,94 70 
289975,78 80 
290404,09 83 
290687,06 64 283
290814,2 256 
290827,53 74 117
290827,53 63 117
291635,86 150 
291658,86 68 
292868,21 92 
292868,21 65 
292882,74 103 
292882,74 101 
293414,96 100 
293414,96 5
293414,96 1865
293414,96 10
295389,08 25 
295417,25 75 
296624,34 72 
296708,58 70 
297193,53 80 
297734,39 83 
298203,2 64 469
298295,07 74 68
298295,07 62 68
298390,46 256 
298400,19 251 
298400,19 243 
298427,38 101 
300440,25 100 
300440,25 5
300440,25 1865
300440,25 10
300440,25 25 
300467,6 75 
301678,15 72 
301759,85 70 
302254,32 80 
302798,95 83 
303024,65 64 226
303166,51 256 
303175,6 74 137
303175,6 63 137
303582,3 150 
303600,62 68 
304411,2 92 
304411,2 65 
304438,97 103 
304438,97 101 
304980,85 100 
304980,85 5
304980,85 1865
304980,85 11
306957,54 25 
306984,94 75 
308193,03 72 
308277,08 70 
308763,45 80 
309302,9 83 
309502,19 64 199
309661,3 74 146
309661,3 62 146
310470,34 150 
310490,96 68 
310836,53 249
310868,2 172 
311700,64 92 
311700,64 65 
311714,87 103 
311714,87 101 
312247,11 100 
312247,11 5
312247,11 1865
312247,11 10
314221,15 25 
314249,12 75 
315456,56 72 
315540,95 70 
316032,55 80 
316459,86 83 
316718,29 64 259
316884,44 256 
316898,44 74 159
316898,44 63 159
317308,26 152 
317328,14 69 
318139,65 93 
318152,19 103 
318152,19 101 
321195,05 100 
321195,05 5
321195,05 1865
321195,05 11
323164,09 25 
323191,56 75 
324399,08 72 
324483,68 70 
324974,62 80 
325456,12 83 
325655,37 64 200
325789,11 74 120
325789,11 62 120
326200,86 150 
326232,01 68 
326592,2 249
326622,11 172 
326743,43 92 
326743,43 65 
326761,93 103 
326761,93 101 
327302,67 100 
327302,67 5
327302,67 1865
327302,67 11
329281,54 25 
329309,11 75 
330516,21 72 
330774,37 70 
331580,01 80 
332279,97 83 
332286,86 64 7
332487,28 74 181
332487,28 62 181
333295,8 150 
333321,48 68 
333830,59 92 
333830,59 65 
333852,33 103 
333852,33 101 
334384,69 100 
334384,69 5
334384,69 1865
334384,69 11
336359,56 25 
336772,27 75 
337979,38 72 
338184,71 70 
338687,05 80 
339117,08 83 
339424,14 64 307
339569,35 74 130
339569,35 62 130
340379,84 150 
340398,46 68 
340718,61 249
341206,95 92 
341206,95 65 
341222,54 103 
341222,54 101 
341758,71 100 
341758,71 5
341758,71 1865
341758,71 10
343728,89 25 
344542,26 75 
345751,8 72 
345834,82 70 
346326,22 80 
346860,53 83 
347003,84 64 144
347218,9 74 199
347218,9 63 199
347630,86 150 
347661,75 68 
348871,17 92 
348871,17 65 
348885,99 103 
348885,99 101 
349431,93 100 
349431,93 5
349431,93 1865
349431,93 10
351405,74 25 
351433,29 75 
352644,61 72 
352725,22 70 
353208,87 80 
353644,37 83 
354015,98 64 372
354192,87 74 162
354192,87 63 162
355004,98 150 
355032,32 68 
355841,23 92 
355841,23 65 
355856,47 103 
355856,47 101 
356388,14 100 
356388,14 5
356388,14 1865
356388,14 11
358362,81 25 
359682,6 75 
360891,88 72 
360975,11 70 
361464,23 80 
361947,6 83 
362171,87 64 225
362343,24 74 156
362343,24 62 156
362754,76 150 
362775,77 68 
363090,47 249
363162,09 172 
363984,43 92 
363984,43 65 
363999,7 103 
363999,7 101 
364533,67 100 
364533,67 5
364533,67 1865
364533,67 10
366505,99 25 
367066,12 75 
368274,01 72 
368358,7 70 
368850,23 80 
369384,47 83 
369536,26 64 153
369713,18 74 155
369713,18 63 155
370121,18 150 
370146,02 68 
370654,72 92 
370654,72 65 
370676,9 103 
370676,9 101 
371215,97 100 
371215,97 5
371215,97 1865
371215,97 10
373196,52 25 
374183,18 75 
375390,39 72 
375475,72 70 
375971,95 80 
376408,22 83 
376798,41 64 391
376988,95 74 168
376988,95 63 168
377798,27 150 
377822,86 68 
379034,78 92 
379034,78 65 
379060,11 103 
379060,11 101 
379596,74 100 
379596,74 5
379596,74 1865
379596,74 10
381566,41 25 
381594,02 75 
382802,05 72 
382886,06 70 
383371,43 80 
383911,8 83 
384170,95 64 259
384343,05 74 152
384343,05 63 152
384756,8 150 
384779,87 68 
385273,81 249
385303,36 92 
385303,36 65 
385324,17 103 
385324,17 101 
385858,8 100 
385858,8 5
385858,8 1865
385858,8 11
387830,52 25 
387870,79 75 
389080,03 72 
389163,28 70 
389654,45 80 
390135,79 83 
390347,41 64 212
390500,28 74 139
390500,28 62 139
391311,59 150 
391336,46 68 
391677,12 249
391714,45 172 
392147,35 92 
392147,35 65 
392161,29 103 
392161,29 101 
392704,52 100 
392704,52 5
392704,52 1865
392704,52 10
394680,93 25 
394708,91 75 
395917,15 72 
396000,46 70 
396499,88 80 
396986,3 83 
397197,17 64 211
397338,81 256 
397348,58 74 136
397348,58 63 136
397758,58 150 
397787,86 68 
398998 92 
398998 65 
399011,72 103 
399011,72 101 
399545,6 100 
399545,6 2
399545,6 1865
399545,6 10
399545,6 78 
399545,6 198 
401518,05 25 
402011,54 75 
403221,84 72 
403304,05 70 
403793,94 80 
404223,2 83 
404436,85 64 214
404596,69 74 147
404596,69 63 147
405405,48 151 
405424,74 69 
405983,65 249 
406232,26 93 
406248,69 103 
406248,69 101 
409286,48 100 
409286,48 2
409286,48 1865
409286,48 11
411260,62 25 
411287,81 75 
412493,66 72 
412580,19 70 
413075,45 80 
413619,33 83 
413795,13 64 176
413953,24 74 134
413953,24 62 134
414364,23 153 
414394,34 68 
415203,25 92 
415203,25 65 
415218,29 103 
415218,29 101 
415759,01 100 
415759,01 2
415759,01 1865
415759,01 11
417737,94 25 
417778,51 75 
418987,2 72 
419070,78 70 
419555,28 80 
420045,17 83 
420232,57 64 190
420384,37 74 129
420384,37 62 129
421192,52 151 
421217,29 69 
421502 249 
422431,61 93 
422441,9 103 
422441,9 101 
425476,2 100 
425476,2 2
425476,2 1865
425476,2 11
427453,91 25 
429413,45 75 
429864,77 250 
429878,37 101 
431892,07 100 
431892,07 2
431892,07 1865
431892,07 11
431892,07 25 
436063,25 75 
436283,3 250 
436302,34 101 
438316,13 100 
438316,13 2
438316,13 1865
438316,13 11
438316,13 25 
438368,94 75 
439576,43 72 
439835,76 70 
440639,86 80 
441381,04 83 
441948,63 64 568
442067,96 256 
442451,34 74 485
442451,34 62 485
443263,81 151 
443288,12 69 
443826,07 249 
444143,32 256 
444733,52 182 
445680,22 93 
445698,88 103 
445698,88 101 
448732,21 100 
448732,21 2
448732,21 1865
448732,21 11
450710,83 25 
450738,26 75 
451947,11 72 
452030,41 70 
452646,15 80 
453189,44 83 
453913,9 64 725
454152,3 74 215
454152,3 61 215
454564,02 151 
454590,07 69 
455100,81 93 
455121,65 103 
455121,65 101 
458170,44 100 
458170,44 2
458170,44 1865
458170,44 11
460146,9 25 
460174,39 75 
461381,27 72 
461466,41 70 
461960,89 80 
462505,56 83 
463088,46 64 584
463925,89 74 821
463925,89 63 821
464736,69 150 
464759,85 68 
465270,12 92 
465270,12 65 
465290,71 103 
465290,71 101 
465822,92 100 
465822,92 2
465822,92 1865
465822,92 10
467797,02 25 
467825,1 75 
469031,83 72 
469116,58 70 
469609,84 80 
470102,43 83 
470351,5 64 250
471037,97 74 669
471037,97 61 669
471449,96 152 
471477,14 69 
471987,1 93 
472007,9 103 
472007,9 101 
475039,82 100 
475039,82 2
475039,82 1865
475039,82 10
477019,92 25 
477047,2 75 
478254,57 72 
478339,41 70 
478830,09 80 
479258,68 83 
479723,61 64 466
480056,04 74 318
480056,04 62 318
480865,91 151 
480886,39 69 
481373,34 249 
481726,21 182 
481898,76 93 
481910,47 103 
481910,47 101 
484949,91 100 
484949,91 2
484949,91 1865
484949,91 11
486922,44 25 
486949,69 75 
488159,09 72 
488241,95 70 
488736,79 80 
489281,15 83 
489524,2 64 243
489808,54 74 262
489808,54 63 262
490221,39 150 
490243,58 68 
490763,19 249
490885,57 173 
491456,04 92 
491456,04 65 
491479,77 103 
491479,77 101 
492015,08 100 
492015,08 2
492015,08 1865
492015,08 10
493986,13 25 
494453,06 75 
495661,01 72 
495745,43 70 
496238,5 80 
496678,09 83 
497316,13 64 638
497484,91 256 
497522,55 74 192
497522,55 63 192
498329,65 151 
498359,15 69 
499371,89 93 
499383,21 103 
499383,21 101 
502414,83 100 
502414,83 2
502414,83 1865
502414,83 11
504395,1 25 
504423,03 75 
505632,04 72 
505714,62 70 
506204,98 80 
506687,11 83 
507173,41 64 487
507823,45 74 631
507823,45 61 631
508233,95 151 
508261,68 69 
508304,41 249 
508737,06 181 
508769,67 93 
508779,18 103 
508779,18 101 
511821,2 100 
511821,2 2
511821,2 1865
511821,2 10
513791,2 25 
513818,3 75 
515027,78 72 
515110,72 70 
515603,29 80 
516043,16 83 
517611,98 64 1569
517836,76 256 
517881,81 74 253
517881,81 62 253
518293,37 151 
518324,25 69 
519107,98 256 
519113,16 249 
519397,23 182 
521246,74 93 
521267,31 103 
521267,31 101 
524299,06 100 
524299,06 2
524299,06 1865
524299,06 11
526279,23 25 
526306,48 75 
527515,36 72 
527602,26 70 
528088 80 
528571,32 83 
529148,37 64 578
533107,7 74 3937
533107,7 62 3937
533919,93 151 
533944,23 69 
534262,94 249 
535010,59 182 
535259,15 93 
535274,79 103 
535274,79 101 
538312,4 100 
538312,4 2
538312,4 1865
538312,4 10
540286,76 25 
542314,62 75 
543522,57 72 
543605,47 70 
544094,6 80 
544631,22 83 
545060,97 64 430
545832,93 74 749
545832,93 62 749
546245,16 151 
546272,48 69 
547084,08 93 
547096,53 103 
547096,53 101 
550133,36 100 
550133,36 2
550133,36 1865
550133,36 11
552108,46 25 
552136,01 75 
553344,53 72 
553601,26 70 
554408,45 80 
555053,55 83 
555574,03 64 521
557079,47 74 1493
557079,47 63 1493
557890,03 150 
557920,95 68 
558371,46 249
558414,4 173 
558429,94 92 
558429,94 65 
558451,79 103 
558451,79 101 
558986,1 100 
558986,1 2
558986,1 1865
558986,1 10
560958,08 25 
560985,93 75 
562194,92 72 
562450,93 70 
563278,3 80 
563969,85 83 
564189,18 64 219
564346,63 256 
564359,35 74 150
564359,35 63 150
564773,06 153 
564798,05 68 
565608,28 92 
565608,28 65 
565622,14 103 
565622,14 101 
566154,76 100 
566154,76 2
566154,76 1865
566154,76 10
568128,48 25 
568169,11 75 
569381,15 72 
569701,23 70 
570453,24 80 
571193,47 83 
571284,83 64 92
571435,01 256 
571454,52 74 155
571454,52 63 155
572262,52 151 
572288,22 69 
573299,76 93 
573312,22 103 
573312,22 101 
576360,08 100 
576360,08 2
576360,08 1865
576360,08 11
578337,54 25 
579484,12 75 
580691,96 72 
580949,85 70 
581768,05 80 
582308,85 83 
582985,7 64 677
584803,47 74 1802
584803,47 62 1802
585614,58 151 
585642,65 69 
585954,75 249 
586735,05 182 
586907,18 93 
586919,88 103 
586919,88 101 
589951,69 100 
589951,69 2
589951,69 1865
589951,69 11
591931,86 25 
591959,15 75 
593170,53 72 
593251,41 70 
593736,7 80 
594223,84 83 
594634,7 64 411
595349,92 74 700
595349,92 63 700
595761,54 150 
595785,29 68 
595849,76 249
596062,38 173 
596995,69 92 
596995,69 65 
597022,36 103 
597022,36 101 
597556,14 100 
597556,14 2
597556,14 1865
597556,14 10
599528,64 25 
599995,47 75 
601204,96 72 
601288,02 70 
601775,58 80 
602313,85 83 
602586,84 64 273
604059,53 74 1453
604059,53 61 1453
604700,61 150 
604728,1 68 
605582,86 92 
605582,86 65 
605605,49 103 
605605,49 101 
606145,37 100 
606145,37 2
606145,37 1865
606145,37 10
608125,07 25 
608152,56 75 
609362,33 72 
609444,6 70 
609933,61 80 
610470,38 83 
610626,87 64 157
610650,72 256 
610834,25 74 191
610834,25 61 191
611642,51 150 
611671,78 68 
612179,46 92 
612179,46 65 
612202,72 103 
612202,72 101 
612740,07 100 
612740,07 2
612740,07 1865
612740,07 11
614709,02 25 
615055,84 75 
616262,67 72 
616348,4 70 
616839,26 80 
617321 83 
617730,49 64 410
617942,33 74 196
617942,33 63 196
618351,52 150 
618375,65 68 
619185,08 92 
619185,08 65 
619199,75 103 
619199,75 101 
619731,82 100 
619731,82 2
619731,82 1865
619731,82 11
621706,21 25 
621733,89 75 
622942,73 72 
623025,64 70 
623514,12 80 
623944,77 83 
624265,79 64 321
624441,17 74 150
624441,17 63 150
625253,66 150 
625279,48 68 
626488,69 92 
626488,69 65 
626503,36 103 
626503,36 101 
627043,7 100 
627043,7 2
627043,7 1865
627043,7 11
629022,99 25 
629423,16 75 
630633,27 72 
630715,7 70 
631205,56 80 
631634,91 83 
631954,89 64 320
632087,55 256 
632095,99 74 128
632095,99 63 128
632509,22 150 
632529,87 68 
633039,55 92 
633039,55 65 
633060,66 103 
633060,66 101 
633592,78 100 
633592,78 2
633592,78 1865
633592,78 10
635567 25 
635594,2 75 
636801,38 72 
636886,51 70 
637376,75 80 
637912,3 83 
638005,35 64 94
638197,68 74 179
638197,68 61 179
639005,97 150 
639033,7 68 
639843,59 92 
639843,59 65 
639871,11 103 
639871,11 101 
640412,85 100 
640412,85 2
640412,85 1865
640412,85 11
642390,72 25 
643803,82 75 
645010,7 72 
645083,07 70 
645576,66 80 
646055,56 83 
646281,34 64 227
646392,13 256 
646421,19 74 126
646421,19 63 126
647233,01 150 
647256,87 68 
648466,14 92 
648466,14 65 
648480,83 103 
648480,83 101 
649021,83 100 
649021,83 2
649021,83 1865
649021,83 10
651000,55 25 
651733,86 75 
652941,62 72 
653026,46 70 
653514,77 80 
654052,19 83 
654828,9 64 777
655232,65 74 381
655232,65 61 381
655940,43 150 
655959,99 68 
656467,54 92 
656467,54 65 
656490,85 103 
656490,85 101 
657025,21 100 
657025,21 2
657025,21 1865
657025,21 11
658997,19 25 
659477,29 75 
660686,62 72 
660769,8 70 
661260,04 80 
661689 83 
661920,1 64 231
662104,17 74 162
662104,17 63 162
662911,84 150 
662930,44 68 
663740,19 92 
663740,19 65 
663754,47 103 
663754,47 101 
664286,06 100 
664286,06 2
664286,06 1865
664286,06 10
666260,76 25 
667247,41 75 
668457,14 72 
668539,96 70 
669033,08 80 
669512,41 83 
669715,8 64 204
669915,58 74 177
669915,58 61 177
670324,21 150 
670354 68 
671565,79 92 
671565,79 65 
671591,16 103 
671591,16 101 
672140,01 100 
672140,01 2
672140,01 1865
672140,01 11
674110,87 25 
676764,44 75 
677973,53 72 
678055,97 70 
678540,36 80 
678975,16 83 
679283,32 64 309
679411,23 256 
679431 74 123
679431 63 123
680238,73 150 
680269,89 68 
681082,7 92 
681082,7 65 
681107,22 103 
681107,22 101 
681640,01 100 
681640,01 2
681640,01 1865
681640,01 10
683613,49 25 
684080,57 75 
685288,36 72 
685372,88 70 
685857,84 80 
686345,39 83 
688494,99 64 2150
688910,71 74 393
688910,71 62 393
689321,07 151 
689346,07 69 
689975,56 249 
691056,87 182 
691922,85 93 
691942,66 103 
691942,66 101 
694974,27 100 
694974,27 2
694974,27 1865
694974,27 10
696954,65 25 
696982 75 
698188,22 72 
698434,19 70 
699239,91 80 
699992,98 83 
701739,66 64 1747
702331,22 74 580
702331,22 61 580
703140,4 152 
703166,14 69 
703677,21 93 
703697,77 103 
703697,77 101 
706738,72 100 
706738,72 2
706738,72 1865
706738,72 11
708709,73 25 
708737,85 75 
709945,71 72 
710029,25 70 
710697,16 80 
711388,23 83 
713091,14 64 1703
714022,14 74 915
714022,14 63 915
714433,18 150 
714455,46 68 
715668,59 92 
715668,59 65 
715692,75 103 
715692,75 101 
716227,16 100 
716227,16 2
716227,16 1865
716227,16 10
718199,05 25 
718226,4 75 
719436,38 72 
719638,61 70 
720139,44 80 
720571,1 83 
720921,42 64 351
721054,49 256 
721103,8 74 160
721103,8 63 160
721510,18 151 
721532,51 69 
722025,6 256 
722575,98 93 
722596,55 103 
722596,55 101 
725628,32 100 
725628,32 2
725628,32 1865
725628,32 11
727608,51 25 
727928,89 75 
729137,65 72 
729221,25 70 
729711,72 80 
730193,8 83 
730939,01 64 745
731169,89 74 217
731169,89 61 217
732312,18 151 
732341,44 69 
732454,78 249 
733019,64 181 
734811,69 93 
734831,5 103 
734831,5 101 
737876,67 100 
737876,67 2
737876,67 1865
737876,67 10
739856,69 25 
739883,97 75 
740032,84 250 
740042,14 101 
742055,82 100 
742055,82 2
742055,82 1865
742055,82 10
742055,82 25 
742082,69 75 
743291,47 72 
743375,32 70 
743873,03 80 
744361,15 83 
744809,02 64 448
746871,31 74 2045
746871,31 61 2045
747683 150 
747708,27 68 
748808,54 92 
748808,54 65 
748825,59 103 
748825,59 101 
749357,57 100 
749357,57 2
749357,57 1865
749357,57 11
751331,89 25 
751918,66 75 
753127,65 72 
753211,24 70 
753699,3 80 
754237,08 83 
754404,37 64 168
754430,73 256 
754668,3 74 246
754668,3 63 246
755078,13 150 
755105,31 68 
756315,16 92 
756315,16 65 
756342,44 103 
756342,44 101 
756879,42 100 
756879,42 2
756879,42 1865
756879,42 10
758848,8 25 
758876,42 75 
760083,13 72 
760168,34 70 
760654,4 80 
761087,56 83 
762119,64 64 1033
762374,11 74 234
762374,11 61 234
763182,06 150 
763208,53 68 
763716,57 92 
763716,57 65 
763740,36 103 
763740,36 101 
764280,34 100 
764280,34 2
764280,34 1865
764280,34 11
766258,96 25 
766739,19 75 
767948,63 72 
768031,71 70 
768515,17 80 
769004,15 83 
769625,2 64 621
769986,45 74 343
769986,45 63 343
770394,57 150 
770418,8 68 
770857,6 249
770928,28 92 
770928,28 65 
770949,69 103 
770949,69 101 
771484,2 100 
771484,2 2
771484,2 1865
771484,2 11
773456,12 25 
773483,15 75 
774689,85 72 
774775,5 70 
775268,49 80 
775788,08 83 
776044,33 64 257
776148,63 256 
776157,73 74 90
776157,73 63 90
776565,74 150 
776588,8 68 
777397,51 92 
777397,51 65 
777413,64 103 
777413,64 101 
777946,44 100 
777946,44 2
777946,44 1865
777946,44 11
779919,99 25 
780280,31 75 
781487,97 72 
781572,68 70 
782066,27 80 
782491,94 83 
783416,25 64 925
783450,44 256 
783806,73 74 369
783806,73 63 369
784618,1 152 
784639,48 69 
784997,08 256 
785818,65 93 
785836,79 103 
785836,79 101 
788881,48 100 
788881,48 2
788881,48 1865
788881,48 10
790862,09 25 
790889,41 75 
792095,21 72 
792181,63 70 
792670,87 80 
793154,1 83 
793524,86 64 371
793772,37 74 233
793772,37 61 233
794183,52 150 
794208,89 68 
794242,18 249
794572,36 171
794718,96 92 
794718,96 65 
794739,76 103 
794739,76 101 
795274,26 100 
795274,26 2
795274,26 1865
795274,26 10
797246,08 25 
797819,74 75 
797877,32 250 
797884,61 101 
799898,34 100 
799898,34 2
799898,34 1865
799898,34 10
799898,34 25 
799926,76 75 
801134,37 72 
801217,86 70 
801708,14 80 
802230,31 83 
803344,47 64 1115
803721,91 74 359
803721,91 61 359
804530,49 150 
804552,32 68 
804863,35 249
804902,29 171
805761,08 92 
805761,08 65 
805775,09 103 
805775,09 101 
806308,28 100 
806308,28 2
806308,28 1865
806308,28 11
808281,44 25 
808868,21 75 
810079,01 72 
810160,79 70 
810652,75 80 
811080,02 83 
811739,22 64 659
811952,32 74 194
811952,32 63 194
812760,75 150 
812787,72 68 
813596,82 92 
813596,82 65 
813611,82 103 
813611,82 101 
814150,65 100 
814150,65 2
814150,65 1865
814150,65 10
816131,52 25 
817877,77 75 
819086,47 72 
819170,36 70 
819670,22 80 
820502,65 83 
820590,61 64 88
820872,73 74 264
820872,73 61 264
821280,39 150 
821304,24 68 
822114,35 92 
822114,35 65 
822128,35 103 
822128,35 101 
822665,34 100 
822665,34 2
822665,34 1865
822665,34 10
824634,62 25 
825434,63 75 
826643,71 72 
826847,52 70 
827351,61 80 
827886,26 83 
828159,39 64 274
828336,99 74 158
828336,99 63 158
828749,82 151 
828768,16 69 
829277,2 93 
829298,63 103 
829298,63 101 
832332,03 100 
832332,03 2
832332,03 1865
832332,03 10
834310,55 25 
834337,91 75 
835547,2 72 
835630,09 70 
836119,47 80 
836602,67 83 
837156,94 64 555
838207,38 74 1032
838207,38 61 1032
839016,23 150 
839043,4 68 
839300,66 249
839420,29 171
840619,66 92 
840619,66 65 
840640,56 103 
840640,56 101 
841181,98 100 
841181,98 2
841181,98 1865
841181,98 11
843160,23 25 
843560,37 75 
844768,34 72 
844853,1 70 
845344,99 80 
845772,14 83 
846365,09 64 593
846573,65 74 189
846573,65 63 189
846986,08 150 
847013,47 68 
847825,87 92 
847825,87 65 
847850,86 103 
847850,86 101 
848383,3 100 
848383,3 2
848383,3 1865
848383,3 11
850357,38 25 
850385,07 75 
851593,01 72 
851676,75 70 
852167,13 80 
852649,28 83 
852888,74 64 240
853079,51 256 
853088,44 74 187
853088,44 63 187
853899,51 150 
853917,6 68 
854428,62 92 
854428,62 65 
854448,12 103 
854448,12 101 
854984,9 100 
854984,9 2
854984,9 1865
854984,9 11
856954,5 25 
856982,33 75 
858188,83 72 
858274,17 70 
858766,33 80 
859299,77 83 
859498,14 64 198
859694,5 74 182
859694,5 63 182
860106,31 152 
860128,17 69 
860639,95 249 
860882,18 183 
860938,86 93 
860952,09 103 
860952,09 101 
863991,58 100 
863991,58 2
863991,58 1865
863991,58 11
865964,02 25 
865991,46 75 
867199,82 72 
867283,55 70 
867785,44 80 
868216,11 83 
869432,58 64 1217
870116,14 74 661
870116,14 61 661
870923,21 151 
870950,11 69 
871465,49 249 
871626,34 181 
873701,13 256 
874544,7 93 
874559,73 103 
874559,73 101 
877591,88 100 
877591,88 2
877591,88 1865
877591,88 11
879571,66 25 
879599,5 75 
880808,42 72 
880891,17 70 
881380,52 80 
881916,98 83 
882481,26 64 565
882927,4 74 425
882927,4 63 425
883290,97 256 
885727,48 150 
885757,24 68 
886267,41 92 
886267,41 65 
886288,19 103 
886288,19 101 
886821,09 100 
886821,09 2
886821,09 1865
886821,09 10
888794,49 25 
888822,26 75 
890028,54 72 
890100,89 70 
890585,28 80 
891073,15 83 
891303,16 64 230
891872,16 74 546
891872,16 61 546
892681,63 150 
892701,15 68 
893513,65 92 
893513,65 65 
893538,53 103 
893538,53 101 
894085,25 100 
894085,25 2
894085,25 1865
894085,25 10
896058,16 25 
897644,46 75 
898851,23 72 
898937,03 70 
899424,33 80 
899856,15 83 
900585,08 64 729
901872,03 74 1270
901872,03 63 1270
902683,63 151 
902710,29 69 
903720,45 93 
903734,2 103 
903734,2 101 
906766,87 100 
906766,87 2
906766,87 1865
906766,87 10
908746,2 25 
908773,8 75 
909983,87 72 
910065,65 70 
910559,68 80 
911091,46 83 
911902,25 64 812
912157,68 74 240
912157,68 61 240
912567,41 150 
912599,64 68 
913109,67 92 
913109,67 65 
913130,28 103 
913130,28 101 
913664,07 100 
913664,07 6
913664,07 1865
913664,07 11
913664,07 78 
913664,07 198 
915636,67 25 
915663,98 75 
916872,29 72 
916956,11 70 
917459,29 80 
917942 83 
918284,53 64 343
918502,82 74 201
918502,82 63 201
919311,5 153 
919330,13 68 
920138,32 92 
920138,32 65 
920153,99 103 
920153,99 101 
920692,45 100 
920692,45 6
920692,45 1865
920692,45 10
922673,65 25 
923247,13 75 
924456,53 72 
924539,65 70 
925027,46 80 
925565,46 83 
925751,81 64 187
926213,06 74 448
926213,06 61 448
926625,75 151 
926646,84 69 
927039,4 249 
927670,21 181 
928679,62 93 
928697,11 103 
928697,11 101 
931732,07 100 
931732,07 6
931732,07 1865
931732,07 11
933709,07 25 
933736,36 75 
934943,63 72 
935188,59 70 
936000,56 80 
936654,1 83 
936964,48 64 311
938037,13 74 1050
938037,13 63 1050
938862,05 151 
938881,71 69 
940383,38 93 
940398,88 103 
940398,88 101 
943432,41 100 
943432,41 6
943432,41 1865
943432,41 10
945410,88 25 
945451,42 75 
946659,53 72 
946743,9 70 
947237,44 80 
947716,17 83 
949184,26 64 1469
949220,32 256 
949283,41 74 75
949283,41 62 75
950095,71 151 
950117,03 69 
950628,71 93 
950647,97 103 
950647,97 101 
953691,78 100 
953691,78 6
953691,78 1865
953691,78 10
955673,27 25 
955700,92 75 
956906,67 72 
956992,7 70 
957483,67 80 
958018,66 83 
958921,97 64 904
959304,99 74 367
959304,99 61 367
959712,18 151 
959739,7 69 
960783,29 249 
961661,14 181 
962459,65 93 
962469,75 103 
962469,75 101 
965502,9 100 
965502,9 6
965502,9 1865
965502,9 11
967481,57 25 
967509,46 75 
967661,12 250 
967667,16 101 
969680,72 100 
969680,72 6
969680,72 1865
969680,72 11
969680,72 25 
969734,18 75 
970943,33 72 
971026,92 70 
971518,22 80 
971999,39 83 
973924,41 64 1926
973952,12 256 
974615 74 670
974615 63 670
976185,6 151 
976212,88 69 
976306,69 249 
976672,6 183 
977142,11 93 
977156,82 103 
977156,82 101 
980194,83 100 
980194,83 6
980194,83 1865
980194,83 10
982168,79 25 
982196,26 75 
983402,44 72 
983488,42 70 
983981,69 80 
984434,19 83 
985519,15 64 1085
986478,4 74 939
986478,4 61 939
987289,76 151 
987315,18 69 
987537,88 249 
987706,1 181 
991965,57 93 
991977,31 103 
991977,31 101 
995015,76 100 
995015,76 6
995015,76 1865
995015,76 11
996989,27 25 
997016,69 75 
998225,51 72 
998308,78 70 
998794,36 80 
999334,64 83 
1001365,33 64 2032
1001809,92 74 423
1001809,92 62 423
1002220,19 151 
1002241,93 69 
1002683,18 249 
1003582,12 182 
1006131,71 93 
1006144,73 103 
1006144,73 101 
1009178,66 100 
1009178,66 6
1009178,66 1865
1009178,66 11
1011156,75 25 
1011184,03 75 
1011470,07 250 
1011488,71 101 
1013502,48 100 
1013502,48 6
1013502,48 1865
1013502,48 11
1013502,48 25 
1013528,92 75 
1014738,12 72 
1014821,91 70 
1015310,89 80 
1015794,47 83 
1016780,28 64 987
1016803,07 256 
1017301,41 74 508
1017301,41 62 508
1020629,5 151 
1020660,12 69 
1021168,46 93 
1021191,81 103 
1021191,81 101 
1024224,27 100 
1024224,27 6
1024224,27 1865
1024224,27 10
1026203,73 25 
1026231,2 75 
1027440,15 72 
1027523,27 70 
1028017,36 80 
1028469,12 83 
1029390,93 64 922
1029626,47 256 
1029634,96 74 220
1029634,96 63 220
1030444,58 150 
1030470,13 68 
1031677,68 92 
1031677,68 65 
1031695,15 103 
1031695,15 101 
1032242,01 100 
1032242,01 6
1032242,01 1865
1032242,01 11
1034213,74 25 
1035120,61 75 
1036327,37 72 
1036412,88 70 
1036902,76 80 
1037438,67 83 
1039313,09 64 1874
1039713,1 74 381
1039713,1 62 381
1040122,96 151 
1040145,87 69 
1040655,65 93 
1040677,03 103 
1040677,03 101 
1043710,06 100 
1043710,06 6
1043710,06 1865
1043710,06 10
1045688,89 25 
1045716,29 75 
1046924,6 72 
1047181,76 70 
1048003,67 80 
1048794,02 83 
1051185,8 64 2392
1052180,13 74 974
1052180,13 63 974
1052990,81 150 
1053020,69 68 
1053530,39 92 
1053530,39 65 
1053551,61 103 
1053551,61 101 
1054085,33 100 
1054085,33 6
1054085,33 1865
1054085,33 11
1056057,92 25 
1056085,18 75 
1057293,17 72 
1057550,81 70 
1058357,53 80 
1059109,65 83 
1059442,08 64 333
1059842,17 74 386
1059842,17 61 386
1060654,53 150 
1060684,24 68 
1062312,57 92 
1062312,57 65 
1062334,58 103 
1062334,58 101 
1062875,09 100 
1062875,09 6
1062875,09 1865
1062875,09 10
1064854,23 25 
1064881,71 75 
1066091,05 72 
1066293,83 70 
1066801,85 80 
1067226,31 83 
1067578,93 64 353
1067829,12 74 230
1067829,12 63 230
1068237,74 150 
1068267,71 68 
1068777,48 92 
1068777,48 65 
1068798,57 103 
1068798,57 101 
1069333,71 100 
1069333,71 6
1069333,71 1865
1069333,71 10
1071305,01 25 
1071332,83 75 
1072541,1 72 
1072624,44 70 
1073116,74 80 
1073597,02 83 
1073888,65 64 292
1073910,18 256 
1074011,99 74 109
1074011,99 63 109
1074421,33 150 
1074451,77 68 
1074842,79 249
1075171,51 173 
1075261,8 92 
1075261,8 65 
1075289,2 103 
1075289,2 101 
1075823,85 100 
1075823,85 6
1075823,85 1865
1075823,85 11
1077795,49 25 
1078409,09 75 
1079618,21 72 
1079701,48 70 
1080197,72 80 
1080740,57 83 
1081113,48 64 374
1081428,72 74 302
1081428,72 61 302
1082239,4 152 
1082261,48 69 
1083504,12 249 
1083664,84 181 
1085097,17 256 
1086178,55 93 
1086191,3 103 
1086191,3 101 
1089233,94 100 
1089233,94 6
1089233,94 1865
1089233,94 11
1091203,5 25 
1091230,92 75 
1092437,5 72 
1092522,8 70 
1093014,11 80 
1093548,6 83 
1095096,56 64 1549
1096239,7 74 1119
1096239,7 61 1119
1096774,73 150 
1096802,49 68 
1097107,09 249
1097221,53 171
1098020,9 92 
1098020,9 65 
1098039,67 103 
1098039,67 101 
1098575,98 100 
1098575,98 6
1098575,98 1865
1098575,98 10
1100546,01 25 
1100573,66 75 
1101780,15 72 
1101865,53 70 
1102353,78 80 
1102838,18 83 
1103222,46 64 385
1103267,94 256 
1103585,65 74 348
1103585,65 63 348
1104398,48 150 
1104425,85 68 
1104933,44 92 
1104933,44 65 
1104956,81 103 
1104956,81 101 
1105491,12 100 
1105491,12 6
1105491,12 1865
1105491,12 11
1107463,11 25 
1107491,03 75 
1108696,47 72 
1108782,66 70 
1109271,14 80 
1109701,98 83 
1109886,15 64 184
1110095,5 74 194
1110095,5 61 194
1110507,88 150 
1110530,07 68 
1111743,21 92 
1111743,21 65 
1111767,3 103 
1111767,3 101 
1112307,14 100 
1112307,14 6
1112307,14 1865
1112307,14 10
1114286,9 25 
1116313,21 75 
1117521,51 72 
1117605,66 70 
1118100,3 80 
1118644,78 83 
1119822,26 64 1178
1120780,67 74 937
1120780,67 62 937
1121591,1 151 
1121617,93 69 
1121921,97 249 
1122909,77 182 
1123623,94 93 
1123642,32 103 
1123642,32 101 
1126675,98 100 
1126675,98 6
1126675,98 1865
1126675,98 11
1128654,29 25 
1128681,64 75 
1129888,3 72 
1129973,81 70 
1130463,55 80 
1130892,96 83 
1132899,14 64 2006
1133662,43 74 744
1133662,43 61 744
1134473,37 150 
1134493,57 68 
1134748,55 249
1134917,85 171
1135420,1 92 
1135420,1 65 
1135437,41 103 
1135437,41 101 
1135969,99 100 
1135969,99 6
1135969,99 1865
1135969,99 11
1137943,81 25 
1138224,06 75 
1139432,7 72 
1139516,62 70 
1140003,58 80 
1140488,98 83 
1140810,3 64 322
1141026,12 74 191
1141026,12 61 191
1141435,04 152 
1141463,81 69 
1141785,88 249 
1141897,27 181 
1144321,64 93 
1144340,35 103 
1144340,35 101 
1147384,58 100 
1147384,58 6
1147384,58 1865
1147384,58 10
1149365,72 25 
1149393,05 75 
1150600,7 72 
1150685,18 70 
1151174,56 80 
1151710,93 83 
1153173,68 64 1463
1153499,82 74 310
1153499,82 63 310
1154308,11 150 
1154338,43 68 
1155545,76 92 
1155545,76 65 
1155562,33 103 
1155562,33 101 
1156093,77 100 
1156093,77 6
1156093,77 1865
1156093,77 10
1158068,65 25 
1158348,86 75 
1159557,79 72 
1159641,4 70 
1160131,34 80 
1160613,89 83 
1160889,47 64 276
1161107,88 74 201
1161107,88 63 201
1161516,73 150 
1161535,42 68 
1162347,19 92 
1162347,19 65 
1162372,82 103 
1162372,82 101 
1162904,7 100 
1162904,7 6
1162904,7 1865
1162904,7 11
1164879,09 25 
1166758,68 75 
1167967,2 72 
1168291,12 70 
1169057,58 80 
1169703,46 83 
1169784,61 64 82
1170161,8 74 352
1170161,8 61 352
1170970,09 150 
1170998,1 68 
1171851,59 92 
1171851,59 65 
1171875,48 103 
1171875,48 101 
1172416,64 100 
1172416,64 6
1172416,64 1865
1172416,64 10
1174395,13 25 
1174968,57 75 
1176176,14 72 
1176381,23 70 
1176884,64 80 
1177313,63 83 
1177669,33 64 357
1177845,51 74 159
1177845,51 63 159
1178256,51 150 
1178275,12 68 
1178628,46 249
1178666,04 173 
1179486,29 92 
1179486,29 65 
1179512,36 103 
1179512,36 101 
1180047,27 100 
1180047,27 6
1180047,27 1865
1180047,27 11
1182018,62 25 
1182592,13 75 
1183801,11 72 
1183884,65 70 
1184376,38 80 
1184910,41 83 
1184958,16 64 48
1185147,85 74 171
1185147,85 61 171
1185558,86 150 
1185578,73 68 
1186092,14 92 
1186092,14 65 
1186109,62 103 
1186109,62 101 
1186642,25 100 
1186642,25 6
1186642,25 1865
1186642,25 10
1188615,86 25 
1188643,27 75 
1189851,12 72 
1189935,61 70 
1190430,45 80 
1190934,59 83 
1191249,88 64 316
1191416,64 74 149
1191416,64 63 149
1192228,57 150 
1192255,86 68 
1192725,77 249
1192844,68 173 
1193063,61 92 
1193063,61 65 
1193079,98 103 
1193079,98 101 
1193621,44 100 
1193621,44 6
1193621,44 1865
1193621,44 10
1195599,64 25 
1199771,58 75 
1200981,81 72 
1201064,11 70 
1201555,41 80 
1202036,56 83 
1203390,11 64 1354
1203589,39 74 181
1203589,39 63 181
1204398,86 150 
1204424,18 68 
1204849,05 249
1205042,1 173 
1205636,16 92 
1205636,16 65 
1205661,38 103 
1205661,38 101 
1206192,8 100 
1206192,8 6
1206192,8 1865
1206192,8 11
1208167,68 25 
1208701,15 75 
1209909,56 72 
1209993,7 70 
1210489,41 80 
1211032,83 83 
1212531,18 64 1498
1213169,63 74 618
1213169,63 61 618
1213580,1 150 
1213606,96 68 
1213667,68 249
1213992,83 171
1214418,7 92 
1214418,7 65 
1214444,39 103 
1214444,39 101 
1214979,88 100 
1214979,88 6
1214979,88 1865
1214979,88 11
1216950,72 25 
1217710,72 75 
1218918,61 72 
1219003,32 70 
1219495,32 80 
1219922,42 83 
1220367,94 64 446
1220564,41 74 176
1220564,41 63 176
1221375,62 151 
1221403,7 69 
1221876,75 249 
1221913,33 93 
1221934,59 103 
1221934,59 101 
1224974,78 100 
1224974,78 6
1224974,78 1865
1224974,78 11
1226946,55 25 
1226975,11 75 
1228183,85 72 
1228266,19 70 
1228765,64 80 
1229305,17 83 
1230464,82 64 1160
1233040,81 256 
1234485,95 74 4008
1234485,95 63 4008
1234895,59 151 
1234917,3 69 
1235316,54 256 
1236188,91 93 
1236208,73 103 
1236208,73 101 
1239242,97 100 
1239242,97 6
1239242,97 1865
1239242,97 10
1241220,53 25 
1241261,77 75 
1242468,93 72 
1242553,48 70 
1243049,04 80 
1243539,25 83 
1244603,93 64 1065
1244831,55 74 213
1244831,55 61 213
1245241,27 151 
1245260,46 69 
1245790,91 249 
1245956,24 181 
1248605,91 93 
1248616,92 103 
1248616,92 101 
1251648,48 100 
1251648,48 6
1251648,48 1865
1251648,48 10
1253628,72 25 
1253656,58 75 
1254866,2 72 
1254948,23 70 
1255440,62 80 
1255880,74 83 
1257664,24 64 1784
1259573,85 74 1894
1259573,85 62 1894
1260383,85 151 
1260414,05 69 
1260925,46 93 
1260944,96 103 
1260944,96 101 
1263993,85 100 
1263993,85 6
1263993,85 1865
1263993,85 11
1265970,23 25 
1266223,84 75 
1267431,63 72 
1267516,38 70 
1268008,55 80 
1268435,49 83 
1270697,79 64 2263
1272122,4 74 1409
1272122,4 63 1409
1272933,67 151 
1272955,11 69 
1273306,29 249 
1273426,77 183 
1273926,11 93 
1273939,52 103 
1273939,52 101 
1276971,03 100 
1276971,03 6
1276971,03 1865
1276971,03 11
1278951,45 25 
1284389,58 75 
1285596,94 72 
1285815,36 70 
1286323,88 80 
1286854,49 83 
1288186,89 64 1333
1288637,23 74 438
1288637,23 61 438
1289046,76 152 
1289068,86 69 
1290080,69 93 
1290092,76 103 
1290092,76 101 
1293126,19 100 
1293126,19 6
1293126,19 1865
1293126,19 10
1295104,72 25 
1295132,15 75 
1296338,91 72 
1296424,24 70 
1296918,74 80 
1297410,06 83 
1299295,2 64 1885
1299687,83 74 372
1299687,83 62 372
1300497,11 151 
1300517,37 69 
1300929,87 249 
1301280,8 182 
1303329,55 93 
1303340,66 103 
1303340,66 101 
1306380,31 100 
1306380,31 6
1306380,31 1865
1306380,31 10
1308352,56 25 
1312604,43 75 
1313813,56 72 
1313896,96 70 
1314383,44 80 
1314869,5 83 
1315962,91 64 1094
1316484,52 74 509
1316484,52 62 509
1317838,97 151 
1317869,4 69 
1318535,31 249 
1318856,74 182 
1319673,45 256 
1324072,05 93 
1324091,91 103 
1324091,91 101 
1327128,84 100 
1327128,84 6
1327128,84 1865
1327128,84 11
1329103,83 25 
1330916,78 75 
1332126,38 72 
1332209,32 70 
1332700,37 80 
1333235,09 83 
1333964,15 64 729
1334512,49 74 532
1334512,49 61 532
1334922,67 150 
1334942,88 68 
1335752,77 92 
1335752,77 65 
1335767,07 103 
1335767,07 101 
1336298,77 100 
1336298,77 6
1336298,77 1865
1336298,77 10
1338273,41 25 
1338300,7 75 
1339511,02 72 
1339592,96 70 
1340083,78 80 
1340525,4 83 
1341307,23 64 783
1341525,57 74 201
1341525,57 63 201
1342337,11 150 
1342366,67 68 
1343575,35 92 
1343575,35 65 
1343590,46 103 
1343590,46 101 
1344135,93 100 
1344135,93 6
1344135,93 1865
1344135,93 11
1346110,05 25 
1346563,68 75 
1347772,45 72 
1347856,1 70 
1348349,17 80 
1348775,25 83 
1348860,17 64 85
1349084,94 74 203
1349084,94 61 203
1349892,39 152 
1349923,57 69 
1350323,49 249 
1350559,62 181 
1352019,97 256 
1352659,56 93 
1352679,96 103 
1352679,96 101 
1355713,9 100 
1355713,9 6
1355713,9 1865
1355713,9 10
1357691,93 25 
1357722,16 75 
1358930,68 72 
1359011,45 70 
1359500,76 80 
1359983,89 83 
1360779,09 64 795
1361114,82 74 318
1361114,82 63 318
1361526,78 150 
1361545,23 68 
1362756,6 92 
1362756,6 65 
1362782,4 103 
1362782,4 101 
1363317,72 100 
1363317,72 6
1363317,72 1865
1363317,72 10
1365288,69 25 
1365315,93 75 
1366522,63 72 
1366608,23 70 
1367098,17 80 
1367634,07 83 
1367871,86 64 238
1368047,95 74 161
1368047,95 63 161
1368458,14 150 
1368475,75 68 
1369286,76 92 
1369286,76 65 
1369313,11 103 
1369313,11 101 
1369851,45 100 
1369851,45 6
1369851,45 1865
1369851,45 11
1371832,64 25 
1372259,49 75 
1373469,06 72 
1373552,09 70 
1374045,58 80 
1374577,82 83 
1374676,45 64 99
1374854,62 74 157
1374854,62 61 157
1375664,06 150 
1375686,04 68 
1376895,24 92 
1376895,24 65 
1376909,84 103 
1376909,84 101 
1377442,96 100 
1377442,96 6
1377442,96 1865
1377442,96 11
1379416,18 25 
1380389,42 75 
1381597,3 72 
1381681,97 70 
1382171,13 80 
1382654,48 83 
1383213,99 64 560
1383445,37 74 219
1383445,37 63 219
1383857,47 151 
1383882,57 69 
1384393,45 93 
1384413,37 103 
1384413,37 101 
1387447,06 100 
1387447,06 6
1387447,06 1865
1387447,06 11
1389425,3 25 
1389452,56 75 
1390661,63 72 
1390918,14 70 
1391728,83 80 
1392370,42 83 
1392823,14 64 453
1393214,38 74 378
1393214,38 61 378
1394023,2 150 
1394051,56 68 
1395211,88 92 
1395211,88 65 
1395235,5 103 
1395235,5 101 
1395780,61 100 
1395780,61 6
1395780,61 1865
1395780,61 10
1397755,11 25 
1397968,9 75 
1399177,91 72 
1399381,28 70 
1399891,22 80 
1400433,71 83 
1400648,45 64 215
1400837,62 74 165
1400837,62 63 165
1401246,33 150 
1401275,21 68 
1402486,38 92 
1402486,38 65 
1402512,5 103 
1402512,5 101 
1403044,27 100 
1403044,27 6
1403044,27 1865
1403044,27 11
1405018,77 25 
1407284,96 75 
1408492,9 72 
1408577,5 70 
1409068,84 80 
1409496,56 83 
1410407,11 64 911
1410863,3 74 435
1410863,3 61 435
1411674,21 150 
1411697,48 68 
1412506,76 92 
1412506,76 65 
1412521,84 103 
1412521,84 101 
1413054,42 100 
1413054,42 6
1413054,42 1865
1413054,42 10
1415027,95 25 
1415548,18 75 
1416756,98 72 
1416840,62 70 
1417336,66 80 
1417826,46 83 
1418077,12 64 251
1418306,4 74 214
1418306,4 63 214
1418717,04 150 
1418747,91 68 
1419257,79 92 
1419257,79 65 
1419278,83 103 
1419278,83 101 
1419816,96 100 
1419816,96 6
1419816,96 1865
1419816,96 10
1421785,21 25 
1422198,68 75 
1423406,53 72 
1423491,24 70 
1423979,43 80 
1424463,64 83 
1424750,6 64 287
1424920,11 74 150
1424920,11 63 150
1425730,06 150 
1425758,34 68 
1426269,4 92 
1426269,4 65 
1426289,22 103 
1426289,22 101 
1426828,7 100 
1426828,7 6
1426828,7 1865
1426828,7 11
1428795,52 25 
1429915,41 75 
1431122,89 72 
1431207,92 70 
1431694,76 80 
1432127,14 83 
1433026,6 64 900
1433228,21 74 182
1433228,21 61 182
1433639,39 150 
1433661,72 68 
1434470,76 92 
1434470,76 65 
1434485,8 103 
1434485,8 101 
1435018,26 100 
1435018,26 6
1435018,26 1865
1435018,26 11
1436992,14 25 
1439591,37 75 
1440801,24 72 
1440884,02 70 
1441374,46 80 
1441909,72 83 
1442047,74 64 138
1442287,13 74 218
1442287,13 63 218
1443096,66 151 
1443124,47 69 
1444133,76 93 
1444148,45 103 
1444148,45 101 
1447190,09 100 
1447190,09 6
1447190,09 1865
1447190,09 11
1449160,38 25 
1449188,36 75 
1450397,45 72 
1450479,87 70 
1450970,87 80 
1451465,72 83 
1451943,3 64 478
1452198,52 74 240
1452198,52 63 240
1452610,77 151 
1452640,61 69 
1453648,5 93 
1453664,45 103 
1453664,45 101 
1456697,13 100 
1456697,13 6
1456697,13 1865
1456697,13 10
1458676,37 25 
1458704,22 75 
1459914,89 72 
1459995,9 70 
1460481,13 80 
1461021,72 83 
1461950,05 64 928
1462632,02 74 664
1462632,02 63 664
1463441,47 150 
1463462,55 68 
1464670,82 92 
1464670,82 65 
1464686,51 103 
1464686,51 101 
1465221,08 100 
1465221,08 6
1465221,08 1865
1465221,08 11
1467192,79 25 
1467979,55 75 
1469188,84 72 
1469272,03 70 
1469760,61 80 
1470191,26 83 
1470523,42 64 333
1470749,37 74 212
1470749,37 61 212
1471560,52 150 
1471592,5 68 
1471624,74 249
1471900,15 171
1472099,46 92 
1472099,46 65 
1472123,48 103 
1472123,48 101 
1472663,38 100 
1472663,38 3
1472663,38 1865
1472663,38 10
1472663,38 78 
1472663,38 198 
1474643,07 25 
1475576,33 75 
1476784,32 72 
1476868,88 70 
1477364,4 80 
1477854,77 83 
1478464,51 64 610
1478641,77 74 161
1478641,77 63 161
1479051,3 151 
1479069,9 69 
1479626,9 249 
1479715,63 183 
1479878,22 93 
1479893,47 103 
1479893,47 101 
1482934,38 100 
1482934,38 3
1482934,38 1865
1482934,38 10
1484905,42 25 
1486678,36 75 
1487887,57 72 
1487970,95 70 
1488456,37 80 
1488996,7 83 
1490303,96 64 1307
1492092,85 74 1777
1492092,85 62 1777
1492903,48 150 
1492930,31 68 
1493313,61 249
1493377,06 172 
1494142,57 92 
1494142,57 65 
1494194,18 103 
1494194,18 101 
1494727,84 100 
1494727,84 3
1494727,84 1865
1494727,84 10
1496700,66 25 
1496727,77 75 
1497935,04 72 
1498020,03 70 
1498511,07 80 
1498939,19 83 
1499218,05 64 279
1499239,08 256 
1499372,4 74 141
1499372,4 62 141
1499783,87 150 
1499820,03 68 
1500163,5 249
1500198,62 172 
1500330,7 92 
1500330,7 65 
1500351,61 103 
1500351,61 101 
1500898,89 100 
1500898,89 3
1500898,89 1865
1500898,89 11
1502871,23 25 
1502898,52 75 
1504108,6 72 
1504310,8 70 
1504811,3 80 
1505243,3 83 
1505427,53 64 185
1505608,92 74 166
1505608,92 61 166
1506017,27 153 
1506044,74 68 
1506854,57 92 
1506854,57 65 
1506868,97 103 
1506868,97 101 
1507400,6 100 
1507400,6 3
1507400,6 1865
1507400,6 10
1509375,18 25 
1509868,67 75 
1511076,63 72 
1511161,22 70 
1511652,85 80 
1512133,75 83 
1512304,35 64 171
1512532,93 74 213
1512532,93 62 213
1513342,21 150 
1513361,85 68 
1513679,26 249
1513717,88 172 
1513873,55 92 
1513873,55 65 
1513892,63 103 
1513892,63 101 
1514425,87 100 
1514425,87 3
1514425,87 1865
1514425,87 10
1516398,9 25 
1516426,51 75 
1517634,92 72 
1517718,51 70 
1518207,93 80 
1518744,3 83 
1518798,31 64 55
1518963,99 74 140
1518963,99 62 140
1519773,18 150 
1519799,02 68 
1520117,55 249
1520149,61 172 
1521009,14 92 
1521009,14 65 
1521022,98 103 
1521022,98 101 
1521564,44 100 
1521564,44 3
1521564,44 1865
1521564,44 10
1523542,62 25 
1523569,8 75 
1524777,24 72 
1524862,19 70 
1525353,49 80 
1525887,99 83 
1525984,49 64 97
1526115,39 74 108
1526115,39 62 108
1526527,81 150 
1526555,57 68 
1526888,04 249
1526940,03 172 
1527765,39 92 
1527765,39 65 
1527780,17 103 
1527780,17 101 
1528317,5 100 
1528317,5 3
1528317,5 1865
1528317,5 10
1530286,72 25 
1530314,05 75 
1531522,32 72 
1531606,06 70 
1532094,66 80 
1532525,2 83 
1532801,62 64 277
1532974,15 74 156
1532974,15 62 156
1533383,04 150 
1533406,71 68 
1533785,24 249
1533835,69 172 
1534217,21 92 
1534217,21 65 
1534230,8 103 
1534230,8 101 
1534763,96 100 
1534763,96 3
1534763,96 1865
1534763,96 11
1536737,11 25 
1536764,68 75 
1537973,67 72 
1538056,64 70 
1538547,41 80 
1539029,11 83 
1539194,64 64 166
1539395,2 74 179
1539395,2 61 179
1540206,05 151 
1540230,55 69 
1540674,31 249 
1541274,61 181 
1543419,55 256 
1545077,69 93 
1545092,9 103 
1545092,9 101 
1548134,7 100 
1548134,7 3
1548134,7 1865
1548134,7 10
1550105,07 25 
1552144,46 75 
1553352,03 72 
1553436,98 70 
1553929,94 80 
1554382,71 83 
1554576,53 64 194
1554756,75 74 161
1554756,75 62 161
1555566,29 150 
1555584,29 68 
1555928,97 249
1556001,91 172 
1556391,74 92 
1556391,74 65 
1556408,2 103 
1556408,2 101 
1556939,59 100 
1556939,59 3
1556939,59 1865
1556939,59 11
1558914,51 25 
1559274,69 75 
1560482,61 72 
1560567,25 70 
1561057,14 80 
1561539,76 83 
1561649,66 64 110
1561866,65 74 194
1561866,65 61 194
1562277,14 151 
1562301,35 69 
1562887,39 249 
1563091,07 181 
1564548,77 93 
1564564,78 103 
1564564,78 101 
1567600,7 100 
1567600,7 3
1567600,7 1865
1567600,7 11
1569576,72 25 
1569604,4 75 
1570812,31 72 
1570896,29 70 
1571383,08 80 
1571922,04 83 
1573147,84 64 1226
1573925,13 74 764
1573925,13 63 764
1574734,08 152 
1574762,8 69 
1575273,97 93 
1575293,64 103 
1575293,64 101 
1578336,43 100 
1578336,43 3
1578336,43 1865
1578336,43 10
1580305,7 25 
1581585,41 75 
1582793,44 72 
1582878,09 70 
1583369,62 80 
1583903,73 83 
1584073,41 64 170
1584252,36 74 163
1584252,36 62 163
1584661,68 150 
1584691,21 68 
1585017,42 249
1585066,49 172 
1585902,5 92 
1585902,5 65 
1585915,87 103 
1585915,87 101 
1586448,47 100 
1586448,47 3
1586448,47 1865
1586448,47 11
1588422,14 25 
1588450,17 75 
1589659,08 72 
1589741,72 70 
1590233,94 80 
1590661,08 83 
1590986,39 64 326
1591310,94 74 304
1591310,94 61 304
1591719,15 151 
1591742,38 69 
1592594,36 249 
1592727,75 181 
1593229,66 93 
1593246,15 103 
1593246,15 101 
1596277,57 100 
1596277,57 3
1596277,57 1865
1596277,57 11
1598258,08 25 
1600870,65 75 
1602077,53 72 
1602149,86 70 
1602650,9 80 
1603135,65 83 
1604002,36 64 867
1604284,27 74 269
1604284,27 62 269
1605097,56 151 
1605124,28 69 
1605524,75 249 
1605933,72 93 
1605947,5 103 
1605947,5 101 
1608996,04 100 
1608996,04 3
1608996,04 1865
1608996,04 11
1610972,73 25 
1612279,26 75 
1613488,25 72 
1613745,02 70 
1614554,3 80 
1615330,61 83 
1615557,64 64 228
1616108,2 74 538
1616108,2 61 538
1616991,85 153 
1617012,18 68 
1618614,19 92 
1618614,19 65 
1618635,6 103 
1618635,6 101 
1619167,08 100 
1619167,08 3
1619167,08 1865
1619167,08 10
1621141,85 25 
1621382,14 75 
1622588,31 72 
1622874,56 70 
1623424,63 80 
1624006,98 83 
1624321,85 64 315
1624488,92 74 149
1624488,92 62 149
1625298,61 150 
1625329,23 68 
1625691,04 249
1625756,62 172 
1625839,4 92 
1625839,4 65 
1625859,19 103 
1625859,19 101 
1626394,07 100 
1626394,07 3
1626394,07 1865
1626394,07 11
1628365,55 25 
1628392,83 75 
1629602,18 72 
1629685,02 70 
1630181,62 80 
1630724,18 83 
1630878,68 64 155
1631104,87 74 208
1631104,87 61 208
1631515,24 151 
1631538,31 69 
1632238,24 249 
1632383,84 181 
1633784,06 256 
1636152,15 93 
1636161,58 103 
1636161,58 101 
1639201,76 100 
1639201,76 3
1639201,76 1865
1639201,76 11
1641173,45 25 
1642440 75 
1643649,19 72 
1643732,54 70 
1644215,38 80 
1644691,64 83 
1645730,24 64 1039
1646021,03 74 277
1646021,03 62 277
1646831,54 151 
1646853,56 69 
1647308,27 249 
1647650,19 182 
1647668,1 93 
1647690,05 103 
1647690,05 101 
1650726,36 100 
1650726,36 3
1650726,36 1865
1650726,36 10
1652701,98 25 
1653368,77 75 
1654579,83 72 
1654661,27 70 
1655152,44 80 
1655580,41 83 
1655839,24 64 260
1656017,06 74 157
1656017,06 62 157
1656424,88 150 
1656448,79 68 
1656743,41 249
1656898,39 172 
1657659,84 92 
1657659,84 65 
1657685,9 103 
1657685,9 101 
1658217,49 100 
1658217,49 3
1658217,49 1865
1658217,49 11
1660192,17 25 
1660219,7 75 
1661428,8 72 
1661511,8 70 
1661996,09 80 
1662537,58 83 
1662653,31 64 117
1662866,87 74 196
1662866,87 61 196
1663678,81 151 
1663698,96 69 
1664097,99 249 
1664213,26 181 
1665261,19 256 
1665780,43 93 
1665802,51 103 
1665802,51 101 
1668847,66 100 
1668847,66 3
1668847,66 1865
1668847,66 11
1670827,75 25 
1670855,25 75 
1672064 72 
1672147,29 70 
1672635,65 80 
1673173,06 83 
1673947,84 64 775
1674448,52 74 476
1674448,52 62 476
1675107,37 151 
1675134,13 69 
1675837,53 249 
1676039,8 182 
1678719,06 93 
1678730,41 103 
1678730,41 101 
1681763,08 100 
1681763,08 3
1681763,08 1865
1681763,08 10
1683742,32 25 
1685928,44 75 
1687137,93 72 
1687220,97 70 
1687713,94 80 
1688140,17 83 
1688508,62 64 369
1688701,39 74 175
1688701,39 62 175
1689509,94 150 
1689541,44 68 
1689867,94 249
1689905,89 172 
1690349,32 92 
1690349,32 65 
1690365,61 103 
1690365,61 101 
1690901,49 100 
1690901,49 3
1690901,49 1865
1690901,49 10
1692871,91 25 
1692912,69 75 
1694122,6 72 
1694204,75 70 
1694695,6 80 
1695177,25 83 
1695394,06 64 217
1695578,89 74 162
1695578,89 62 162
1695989,52 150 
1696018,71 68 
1696327,92 249
1696434,12 172 
1697230,75 92 
1697230,75 65 
1697256,06 103 
1697256,06 101 
1697796,64 100 
1697796,64 3
1697796,64 1865
1697796,64 10
1699775,65 25 
1699803,06 75 
1701010,38 72 
1701095,2 70 
1701583,2 80 
1702027,7 83 
1702181,65 64 154
1702386,4 74 186
1702386,4 62 186
1703196,44 150 
1703215,97 68 
1703521,14 249
1703599,72 172 
1704423,9 92 
1704423,9 65 
1704439,71 103 
1704439,71 101 
1704972,1 100 
1704972,1 3
1704972,1 1865
1704972,1 11
1706946,04 25 
1708092,51 75 
1709300,42 72 
1709385,32 70 
1709875,67 80 
1710410,87 83 
1710721,18 64 310
1711039,57 74 296
1711039,57 61 296
1711851,66 151 
1711878,82 69 
1712927,22 249 
1713278,04 181 
1713777,73 93 
1713795,75 103 
1713795,75 101 
1716829,37 100 
1716829,37 3
1716829,37 1865
1716829,37 10
1718807,73 25 
1721581,33 75 
1722789,65 72 
1722872,8 70 
1723363,25 80 
1723845,26 83 
1724139,18 64 294
1724316,87 74 165
1724316,87 62 165
1724728,12 150 
1724752,64 68 
1725063,1 249
1725157,58 172 
1725264,85 92 
1725264,85 65 
1725297,62 103 
1725297,62 101 
1725843,83 100 
1725843,83 3
1725843,83 1865
1725843,83 11
1727817,27 25 
1727844,51 75 
1728130,02 250 
1728136,03 101 
1730149,61 100 
1730149,61 3
1730149,61 1865
1730149,61 11
1730149,61 25 
1730482,45 75 
1731691,02 72 
1731949,01 70 
1732760,05 80 
1733601,19 83 
1733821,84 64 221
1734090,56 74 250
1734090,56 63 250
1734899,44 150 
1734922,6 68 
1735733,41 92 
1735733,41 65 
1735759,92 103 
1735759,92 101 
1736295,49 100 
1736295,49 3
1736295,49 1865
1736295,49 11
1738266,4 25 
1738919,69 75 
1740126,97 72 
1740398,77 70 
1741214,74 80 
1741851,04 83 
1742039,91 64 189
1742234,92 74 171
1742234,92 63 171
1742646,75 150 
1742665,97 68 
1743173,31 92 
1743173,31 65 
1743196,87 103 
1743196,87 101 
1743730,6 100 
1743730,6 3
1743730,6 1865
1743730,6 10
1745703,16 25 
1746463,17 75 
1747671,84 72 
1747929,05 70 
1748734,21 80 
1749470,23 250 
1749487,46 101 
1751487,41 100 
1751487,41 3
1751487,41 1865
1751487,41 10
1751487,41 25 
1753193,76 75 
1754404,95 72 
1754659,52 70 
1755321,87 80 
1755965,21 83 
1756314,61 64 350
1756529,81 74 192
1756529,81 62 192
1757340,24 150 
1757366,46 68 
1757658,74 249
1757792 172 
1758577,07 92 
1758577,07 65 
1758603,72 103 
1758603,72 101 
1759141,09 100 
1759141,09 3
1759141,09 1865
1759141,09 11
1761123,36 25 
1762323,23 75 
1763531,59 72 
1763735,72 70 
1764236,18 80 
1764668,21 83 
1764924,53 64 257
1765452,85 74 505
1765452,85 63 505
1765863,92 150 
1765895,44 68 
1767576,35 249
1768890,09 172 
1778978,2 256 
1780508,59 92 
1780508,59 65 
1780527,96 103 
1780527,96 101 
1781065,56 100 
1781065,56 3
1781065,56 1865
1781065,56 11
1783047,5 25 
1788712,17 75 
1789919,78 72 
1790004,74 70 
1790499,1 80 
1791043,82 83 
1791487,64 64 444
1791977,95 74 468
1791977,95 62 468
1792388,07 151 
1792405,34 69 
1792810,48 249 
1793951,56 93 
1793962,27 103 
1793962,27 101 
1796993,74 100 
1796993,74 3
1796993,74 1865
1796993,74 10
1798974,18 25 
1799001,8 75 
1800208,27 72 
1800293,74 70 
1800785,91 80 
1801266,27 83 
1801453,75 64 188
1801473,16 256 
1803493,68 74 2028
1803493,68 63 2028
1804549,83 151 
1804572,74 69 
1805071,81 249 
1805213,19 183 
1806016,34 93 
1806037,22 103 
1806037,22 101 
1809081,95 100 
1809081,95 3
1809081,95 1865
1809081,95 10
1811062,5 25 
1812075,83 75 
1813284,18 72 
1813368,31 70 
1813862,5 80 
1814340,8 83 
1814826,43 64 486
1815408,65 74 562
1815408,65 61 562
1815820,91 151 
1815848,66 69 
1816213,79 249 
1816433,11 181 
1818144,82 93 
1818165,53 103 
1818165,53 101 
1821197,85 100 
1821197,85 3
1821197,85 1865
1821197,85 10
1823177,47 25 
1824990,37 75 
1826199,74 72 
1826282,91 70 
1826767,85 80 
1827308,71 83 
1829627,22 64 2318
1832147,87 74 2507
1832147,87 61 2507
1832957,55 153 
1832988,88 68 
1833475,53 249
1833550,76 171
1834748,41 92 
1834748,41 65 
1834771,9 103 
1834771,9 101 
1835310,72 100 
1835310,72 3
1835310,72 1865
1835310,72 10
1837291,55 25 
1847291,59 254 
1847299,92 101 
1849299,28 100 
1849299,28 3
1849299,28 1865
1849299,28 10
1849299,28 25 
1849327,38 75 
1850537,14 72 
1850619,45 70 
1851116,99 80 
1851551,92 83 
1853675,42 64 2124
1855471,67 74 1774
1855471,67 62 1774
1856940,06 150 
1856964,85 68 
1857285,16 249
1857391,29 172 
1858188,48 92 
1858188,48 65 
1858215,45 103 
1858215,45 101 
1858753,06 100 
1858753,06 3
1858753,06 1865
1858753,06 11
1860735,06 25 
1860762,76 75 
1861969,3 72 
1862054,62 70 
1862545,8 80 
1863027,16 83 
1863868,83 64 842
1863904,89 256 
1865286,44 74 1394
1865286,44 61 1394
1865696,75 151 
1865720,45 69 
1866531,19 93 
1866545,29 103 
1866545,29 101 
1869585,86 100 
1869585,86 3
1869585,86 1865
1869585,86 10
1871557,31 25 
1874703,17 75 
1875911,83 72 
1876168,75 70 
1876823,45 80 
1877314,53 83 
1878721,5 64 1408
1879000 74 260
1879000 62 260
1879811,53 150 
1879835,26 68 
1880185,41 249
1880233,48 172 
1880644,52 92 
1880644,52 65 
1880659,4 103 
1880659,4 101 
1881195,9 100 
1881195,9 3
1881195,9 1865
1881195,9 10
1883165,7 25 
1884432,26 75 
1885640,38 72 
1885724,74 70 
1886215,83 80 
1886750,51 83 
1886906,48 64 157
1887010,31 74 87
1887010,31 62 87
1887421,5 150 
1887444,69 68 
1887852,81 249
1887891,04 172 
1888654,61 92 
1888654,61 65 
1888669,38 103 
1888669,38 101 
1889215,36 100 
1889215,36 3
1889215,36 1865
1889215,36 11
1891189,05 25 
1893055,25 75 
1894265,82 72 
1894347,84 70 
1894838,49 80 
1895267,06 83 
1895572,7 64 306
1895836,83 74 250
1895836,83 63 250
1896645,06 150 
1896668,4 68 
1897876,81 92 
1897876,81 65 
1897892,21 103 
1897892,21 101 
1898425,29 100 
1898425,29 3
1898425,29 1865
1898425,29 10
1900398,64 25 
1902224,97 75 
1903433,85 72 
1903517,31 70 
1904003,32 80 
1904543,2 83 
1904603,16 64 60
1904778,87 74 156
1904778,87 62 156
1905188,25 152 
1905211,45 69 
1905708,8 249 
1906054,64 256 
1907614,42 93 
1907634,79 103 
1907634,79 101 
1910668,42 100 
1910668,42 3
1910668,42 1865
1910668,42 10
1912646,76 25 
1914579,6 75 
1915789,13 72 
1915872,15 70 
1916358,73 80 
1916858,03 83 
1917272,2 64 414
1917462,42 74 178
1917462,42 62 178
1917874,75 150 
1917899,44 68 
1918244,66 249
1918410,9 92 
1918410,9 65 
1918430,26 103 
1918430,26 101 
1918970,57 100 
1918970,57 3
1918970,57 1865
1918970,57 11
1920949,91 25 
1920977,26 75 
1922185,63 72 
1922269,47 70 
1922757,99 80 
1923241,94 83 
1923335,27 64 94
1923355,51 256 
1923604,83 74 256
1923604,83 63 256
1924412,51 150 
1924429,33 68 
1924938,17 92 
1924938,17 65 
1924960,89 103 
1924960,89 101 
1925497,11 100 
1925497,11 3
1925497,11 1865
1925497,11 11
1927467,23 25 
1929986,51 75 
1931195,76 72 
1931279,03 70 
1931772,22 80 
1932304,97 83 
1932780,83 64 476
1932993,47 74 196
1932993,47 63 196
1933807,4 150 
1933826,2 68 
1934637,63 92 
1934637,63 65 
1934663,52 103 
1934663,52 101 
1935196,43 100 
1935196,43 3
1935196,43 1865
1935196,43 11
1937169,79 25 
1939356 75 
1940563,7 72 
1940648,46 70 
1941131,37 80 
1941567,67 83 
1942159,07 64 592
1942187,54 256 
1942225,33 74 45
1942225,33 62 45
1942637,67 151 
1942661,62 69 
1943109,39 249 
1944059,03 182 
1944176,78 93 
1944192,87 103 
1944192,87 101 
1947241,27 100 
1947241,27 3
1947241,27 1865
1947241,27 10
1949218,16 25 
1956028,97 75 
1957237,05 72 
1957321,47 70 
1957816,37 80 
1958360,64 83 
1958538,34 64 179
1958706,01 74 146
1958706,01 62 146
1959115,48 150 
1959135,53 68 
1959476,28 249
1959551,37 172 
1959647,11 92 
1959647,11 65 
1959666,46 103 
1959666,46 101 
1960198,37 100 
1960198,37 3
1960198,37 1865
1960198,37 10
1962172,67 25 
1964172,33 75 
1965378,93 72 
1965464,73 70 
1965951,1 80 
1966384,02 83 
1966638,45 64 255
1966809,35 74 146
1966809,35 62 146
1967622,06 152 
1967651,97 69 
1967940,95 249 
1968920,91 93 
1968942,5 103 
1968942,5 101 
1971977,69 100 
1971977,69 3
1971977,69 1865
1971977,69 11
1973954,49 25 
1975234,28 75 
1976443,84 72 
1976700,23 70 
1977510,41 80 
1978298,96 83 
1979148,39 64 850
1979640,88 256 
1979672,16 74 507
1979672,16 61 507
1980482,96 151 
1980512,45 69 
1980980,88 249 
1981023,39 93 
1981044,18 103 
1981044,18 101 
1984084,57 100 
1984084,57 3
1984084,57 1865
1984084,57 11
1986056,09 25 
1986083,42 75 
1987289,93 72 
1987495,63 70 
1987995,84 80 
1988428,03 83 
1988916,92 64 489
1989147,25 74 214
1989147,25 63 214
1989555,57 150 
1989576,28 68 
1990388,73 92 
1990388,73 65 
1990413,63 103 
1990413,63 101 
1990947,92 100 
1990947,92 3
1990947,92 1865
1990947,92 11
1992919,87 25 
1997371,69 75 
1998578,96 72 
1998664,2 70 
1999154,59 80 
1999650,03 83 
2000241,16 64 591
2001772,83 74 1510
2001772,83 62 1510
2002912,17 151 
2002943,1 69 
2003261,92 249 
2004550,2 182 
2005827,97 93 
2005847,09 103 
2005847,09 101 
2008879,34 100 
2008879,34 3
2008879,34 1865
2008879,34 10
2010858,99 25 
2011992,38 75 
2013200,48 72 
2013284,86 70 
2013776,21 80 
2014310,56 83 
2015283,47 64 974
2015523,41 74 227
2015523,41 62 227
2015931,79 150 
2015952,06 68 
2016335,19 249
2016403,67 172 
2016463,49 92 
2016463,49 65 
2016482,68 103 
2016482,68 101 
2017029,93 100 
2017029,93 3
2017029,93 1865
2017029,93 11
2019002,35 25 
2020602,03 75 
2021812,48 72 
2021894,62 70 
2022383,6 80 
2022867,02 83 
2023712,39 64 846
2023898,15 74 165
2023898,15 63 165
2024308,22 150 
2024335,04 68 
2024844,59 92 
2024844,59 65 
2024865,82 103 
2024865,82 101 
2025397,63 100 
2025397,63 3
2025397,63 1865
2025397,63 10
2027372,31 25 
2028452,06 75 
2028600,61 250 
2028610,46 101 
2030624,93 100 
2030624,93 3
2030624,93 1865
2030624,93 10
2030624,93 25 
2031703,31 75 
2032909,48 72 
2032996,53 70 
2033487,59 80 
2033915,77 83 
2034197,82 64 282
2034450,97 74 229
2034450,97 62 229
2035259,67 150 
2035290,46 68 
2035653,96 249
2035695,05 172 
2036499,47 92 
2036499,47 65 
2036514,56 103 
2036514,56 101 
2037046,41 100 
2037046,41 3
2037046,41 1865
2037046,41 11
2039020,68 25 
2039048,41 75 
2040258,66 72 
2040340,13 70 
2040834,47 80 
2041379,54 83 
2041618,52 64 240
2041824,4 74 193
2041824,4 63 193
2042232,49 150 
2042260,83 68 
2043070,75 92 
2043070,75 65 
2043084,91 103 
2043084,91 101 
2043624,16 100 
2043624,16 3
2043624,16 1865
2043624,16 10
2045604,62 25 
2046897,69 75 
2048104,67 72 
2048190,21 70 
2048678,11 80 
2049215,98 83 
2049262,12 64 46
2049437,43 74 156
2049437,43 62 156
2050246,89 150 
2050270,84 68 
2050584,44 249
2050628,28 172 
2051482,62 92 
2051482,62 65 
2051494,8 103 
2051494,8 101 
2052030,24 100 
2052030,24 3
2052030,24 1865
2052030,24 10
2054001 25 
2059132,56 75 
2060341,96 72 
2060425,08 70 
2060919,36 80 
2061397,59 83 
2061817,57 64 421
2061999,35 74 163
2061999,35 62 163
2062809,29 150 
2062838,07 68 
2063147,55 249
2063257,1 172 
2063350,12 92 
2063350,12 65 
2063369,72 103 
2063369,72 101 
2063901,16 100 
2063901,16 3
2063901,16 1865
2063901,16 10
2065876,01 25 
2068382,07 75 
2068394,56 250 
2068407,3 101 
2070420,84 100 
2070420,84 3
2070420,84 1865
2070420,84 10
2070420,84 25 
2072046,4 75 
2073256,62 72 
2073339,67 70 
2073833,35 80 
2074258,9 83 
2074698,15 64 439
2074923,23 74 212
2074923,23 62 212
2075333,35 150 
2075353,65 68 
2075693,31 249
2075730,9 172 
2076163,48 92 
2076163,48 65 
2076177,79 103 
2076177,79 101 
2076721,79 100 
2076721,79 3
2076721,79 1865
2076721,79 11
2078697,35 25 
2083202,49 75 
2084411,62 72 
2084494,99 70 
2084983,16 80 
2085467,51 83 
2085556,27 64 90
2085737,72 74 164
2085737,72 63 164
2086545,27 150 
2086575,61 68 
2087086,33 92 
2087086,33 65 
2087106,51 103 
2087106,51 101 
2087638,14 100 
2087638,14 3
2087638,14 1865
2087638,14 10
2089612,78 25 
2097543,17 75 
2098750,24 72 
2099009,01 70 
2099664,54 80 
2100354,67 83 
2100460,06 64 105
2100616,23 74 143
2100616,23 62 143
2101025,46 150 
2101049,59 68 
2101412,47 249
2101489,64 172 
2102265,12 92 
2102265,12 65 
2102286,82 103 
2102286,82 101 
2102820,92 100 
2102820,92 3
2102820,92 1865
2102820,92 11
2104793,22 25 
2112203,85 75 
2113410,41 72 
2113496,43 70 
2113986,33 80 
2114415,39 83 
2115511,1 64 1096
2115769,61 74 235
2115769,61 63 235
2116177,36 150 
2116202,43 68 
2117011,29 92 
2117011,29 65 
2117027,31 103 
2117027,31 101 
2117567,01 100 
2117567,01 3
2117567,01 1865
2117567,01 10
2119546,94 25 
2121506,49 75 
2122717,31 72 
2122799,02 70 
2123298,11 80 
2123731,51 83 
2123989,07 64 258
2124193,02 74 182
2124193,02 62 182
2125002,23 150 
2125026,18 68 
2125368,99 249
2125418,04 172 
2125833,5 92 
2125833,5 65 
2125850,3 103 
2125850,3 101 
2126381,91 100 
2126381,91 3
2126381,91 1865
2126381,91 11
2128356,63 25 
2133061,64 75 
2134269,77 72 
2134354,3 70 
2134845,95 80 
2135326,67 83 
2135566,46 64 240
2135738,45 74 159
2135738,45 63 159
2136148,42 150 
2136167,49 68 
2136678,52 92 
2136678,52 65 
2136699,09 103 
2136699,09 101 
2137231,74 100 
2137231,74 3
2137231,74 1865
2137231,74 11
2139205,38 25 
2141045,1 75 
2142252,83 72 
2142337,56 70 
2142830,82 80 
2143376,72 83 
2143493,81 64 117
2143678,5 74 169
2143678,5 63 169
2144489,59 150 
2144510,66 68 
2145724,35 92 
2145724,35 65 
2145748,7 103 
2145748,7 101 
2146293,49 100 
2146293,49 3
2146293,49 1865
2146293,49 11
2148268,32 25 
2150374,45 75 
2151581,92 72 
2151666,97 70 
2152162,24 80 
2152666,1 83 
2153310,08 64 644
2153523,98 74 192
2153523,98 61 192
2154333,59 151 
2154359,86 69 
2154869,82 93 
2154891,49 103 
2154891,49 101 
2157923,19 100 
2157923,19 3
2157923,19 1865
2157923,19 10
2159903,41 25 
2163582,4 75 
2164793,03 72 
2164874,76 70 
2165361,44 80 
2165913,9 83 
2165952,08 64 38
2166149,11 74 182
2166149,11 62 182
2166560,51 152 
2166582,19 69 
2167391,1 93 
2167406,28 103 
2167406,28 101 
2170440,57 100 
2170440,57 3
2170440,57 1865
2170440,57 10
2172418,28 25 
2176217,07 75 
2177425,79 72 
2177509,49 70 
2178000,69 80 
2178428,68 83 
2178572,91 64 144
2178763,42 74 176
2178763,42 62 176
2179574,99 150 
2179603,38 68 
2179981,64 249
2180020,69 172 
2180113,97 92 
2180113,97 65 
2180134,27 103 
2180134,27 101 
2180671,47 100 
2180671,47 3
2180671,47 1865
2180671,47 10
2182640,64 25 
2183453,95 75 
2184661,06 72 
2184746,48 70 
2185236,62 80 
2185772,31 83 
2185858,83 64 87
2186021,88 74 143
2186021,88 62 143
2186429,24 150 
2186453,87 68 
2186791,03 249
2186917,51 172 
2186966,35 92 
2186966,35 65 
2186984,77 103 
2186984,77 101 
2187521,97 100 
2187521,97 3
2187521,97 1865
2187521,97 11
2189491,08 25 
2189518,3 75 
2190727,32 72 
2190810,64 70 
2191301,04 80 
2191743,16 83 
2191970,14 64 227
2192170,69 74 188
2192170,69 63 188
2192580,64 150 
2192611,34 68 
2193779,78 249
2193822,48 92 
2193822,48 65 
2193848,56 103 
2193848,56 101 
2194381,13 100 
2194381,13 3
2194381,13 1865
2194381,13 10
2196354,95 25 
2199154,04 75 
2200361,32 72 
2200446,59 70 
2200940,56 80 
2201432,4 83 
2201439,28 64 8
2201598,81 74 140
2201598,81 62 140
2202411,51 150 
2202433,09 68 
2202738,86 249
2202813 172 
2203241,63 92 
2203241,63 65 
2203257,98 103 
2203257,98 101 
2203800,4 100 
2203800,4 3
2203800,4 1865
2203800,4 10
2205777,62 25 
2212748,39 75 
2213956,31 72 
2214214,16 70 
2215021,61 80 
2215788,43 250 
2215799,34 101 
2217812,63 100 
2217812,63 3
2217812,63 1865
2217812,63 10
2217812,63 25 
2227815,02 254 
2227834,27 101 
2229846,78 100 
2229846,78 3
2229846,78 1865
2229846,78 10
2229846,78 25 
2239849,54 254 
2239869,26 101 
2241881,77 100 
2241881,77 3
2241881,77 1865
2241881,77 10
2241881,77 25 
2251882,82 254 
2251890,9 101 
2253903,4 100 
2253903,4 3
2253903,4 1865
2253903,4 10
2253903,4 25 
2263904,4 254 
2263912,77 101 
2265925,04 100 
2265925,04 3
2265925,04 1865
2265925,04 10
2265925,04 25 
2266312,68 75 
2267519,29 72 
2267778,5 70 
2268604,5 80 
2269430,68 83 
2269994,44 64 564
2270206,83 74 190
2270206,83 61 190
2271017,12 151 
2271045,22 69 
2271856,6 93 
2271869,28 103 
2271869,28 101 
2274900,75 100 
2274900,75 3
2274900,75 1865
2274900,75 11
2276881,28 25 
2276908,6 75 
2278115,66 72 
2278374,08 70 
2279034,77 80 
2279533,15 83 
2280407,56 64 875
2280761,14 74 335
2280761,14 62 335
2281173,4 151 
2281200,91 69 
2281570,59 249 
2282166,38 256 
2282900,5 182 
2283314,59 93 
2283331,27 103 
2283331,27 101 
2286367,05 100 
2286367,05 3
2286367,05 1865
2286367,05 11
2288343,11 25 
2294674,16 75 
2294785,84 250 
2294792,61 101 
2296806,29 100 
2296806,29 3
2296806,29 1865
2296806,29 11
2296806,29 25 
2298885,03 75 
2300091,37 72 
2300178,27 70 
2300667,11 80 
2301150,79 83 
2301265,82 64 115
2301462,82 74 179
2301462,82 63 179
2301875,61 152 
2301898,96 69 
2302409,66 93 
2302429,85 103 
2302429,85 101 
2305469,52 100 
2305469,52 3
2305469,52 1865
2305469,52 11
2307441,82 25 
2308868,25 75 
2310077,34 72 
2310160,87 70 
2310651,2 80 
2311186,59 83 
2311617,73 64 432
2311827,59 74 188
2311827,59 63 188
2312636,38 150 
2312653,96 68 
2313463,02 92 
2313463,02 65 
2313478,59 103 
2313478,59 101 
2314010,93 100 
2314010,93 3
2314010,93 1865
2314010,93 11
2315984,89 25 
2318011,23 75 
2319222,58 72 
2319303,6 70 
2319796,72 80 
2320289,46 83 
2320883,21 64 594
2321142,2 74 240
2321142,2 62 240
2321952,56 151 
2321970,23 69 
2322393,49 256 
2322397,86 249 
2324031,85 182 
2324093,82 93 
2324114,12 103 
2324114,12 101 
2327145,82 100 
2327145,82 3
2327145,82 1865
2327145,82 10
2329126,04 25 
2339129 254 
2339147,76 101 
2341160,4 100 
2341160,4 3
2341160,4 1865
2341160,4 10
2341160,4 25 
2344706,62 75 
2345914,38 72 
2345999,3 70 
2346492,64 80 
2346918,27 83 
2347910,45 64 993
2348206,95 256 
2348215,94 74 285
2348215,94 63 285
2348623,4 151 
2348652,75 69 
2349163,16 93 
2349183,67 103 
2349183,67 101 
2352229,3 100 
2352229,3 1
2352229,3 1865
2352229,3 11
2352229,3 78 
2352229,3 198 
2354208,9 25 
2354595,88 75 
2355804,29 72 
2355888,45 70 
2356377,21 80 
2356860,8 83 
2357858,2 64 997
2358071,29 74 198
2358071,29 61 198
2358483,67 151 
2358514,57 69 
2359324,75 93 
2359339,41 103 
2359339,41 101 
2362372,18 100 
2362372,18 1
2362372,18 1865
2362372,18 11
2364351,41 25 
2367084,1 75 
2368290,68 72 
2368376,43 70 
2368866,76 80 
2369295,62 83 
2369814,23 64 519
2369835,43 256 
2370146,82 74 318
2370146,82 62 318
2370959,26 150 
2370990,07 68 
2371361,31 249
2371393,87 172 
2371498,56 92 
2371498,56 65 
2371521,03 103 
2371521,03 101 
2372055,48 100 
2372055,48 1
2372055,48 1865
2372055,48 11
2374027,31 25 
2375067,25 75 
2376276,49 72 
2376359,87 70 
2376852,24 80 
2377385,58 83 
2377421,65 64 37
2377454 256 
2377503,96 74 65
2377503,96 62 65
2378313,78 150 
2378333,86 68 
2378734,42 249
2378764,78 172 
2379543,13 92 
2379543,13 65 
2379557,63 103 
2379557,63 101 
2380098,25 100 
2380098,25 1
2380098,25 1865
2380098,25 10
2382077,45 25 
2384676,59 75 
2385885,79 72 
2386142,33 70 
2386969,02 80 
2387751,84 250 
2387767,45 101 
2389780,77 100 
2389780,77 1
2389780,77 1865
2389780,77 10
2389780,77 25 
2390154,31 75 
2391362,92 72 
2391620,08 70 
2392432,54 80 
2393232,3 83 
2393598,28 64 367
2393794,27 74 176
2393794,27 62 176
2394204,79 151 
2394235,85 69 
2394750,37 249 
2395236,07 256 
2396649,18 182 
2397031,87 93 
2397043,67 103 
2397043,67 101 
2400078,78 100 
2400078,78 1
2400078,78 1865
2400078,78 11
2402055,62 25 
2404841,46 75 
2406048,98 72 
2406253,98 70 
2406739,09 250 
2406746,23 101 
2408759,54 100 
2408759,54 1
2408759,54 1865
2408759,54 11
2408759,54 25 
2412424,94 75 
2412431,77 250 
2412450,28 101 
2414463,77 100 
2414463,77 1
2414463,77 1865
2414463,77 11
2414463,77 25 
2414490,7 75 
2415236,82 250 
2415248,95 101 
2417262,64 100 
2417262,64 1
2417262,64 1865
2417262,64 11
2417262,64 25 
2427267,86 254 
2427284,3 101 
2429296,82 100 
2429296,82 1
2429296,82 1865
2429296,82 11
2429296,82 25 
2436294,4 75 
2437502,57 72 
2437520,04 70 
2437628,96 80 
2438080,25 83 
2438469,84 64 390
2438677,23 74 185
2438677,23 61 185
2439488,28 153 
2439508,28 68 
2440319,85 92 
2440319,85 65 
2440345,6 103 
2440345,6 101 
2440888,5 100 
2440888,5 1
2440888,5 1865
2440888,5 10
2442865,25 25 
2443785,22 75 
2444994,01 72 
2445077,76 70 
2445569,21 80 
2446103,58 83 
2446193,07 64 90
2446399,76 74 190
2446399,76 63 190
2446809,9 151 
2446838,54 69 
2447749,32 249 
2447812,52 183 
2447849,82 93 
2447862,42 103 
2447862,42 101 
2450903,85 100 
2450903,85 1
2450903,85 1865
2450903,85 10
2452887,71 25 
2454047,53 75 
2455256,26 72 
2455340,15 70 
2455833,07 80 
2456312,61 83 
2456489,72 64 178
2456735,45 74 224
2456735,45 62 224
2457147,04 151 
2457167,56 69 
2457670,21 249 
2458164,34 182 
2460053,58 256 
2463407,45 93 
2463415,94 103 
2463415,94 101 
2466447,72 100 
2466447,72 1
2466447,72 1865
2466447,72 10
2468427,89 25 
2468455,63 75 
2469662,67 72 
2469747,41 70 
2470246,68 80 
2470679,92 83 
2470870,68 64 191
2471084,91 74 192
2471084,91 61 192
2471895,87 150 
2471921,25 68 
2472431,06 92 
2472431,06 65 
2472452,19 103 
2472452,19 101 
2472995,25 100 
2472995,25 1
2472995,25 1865
2472995,25 10
2474971,83 25 
2476011,76 75 
2477221,76 72 
2477304,37 70 
2477795,53 80 
2478315,6 250 
2478329,68 101 
2480342,88 100 
2480342,88 1
2480342,88 1865
2480342,88 10
2480342,88 25 
2480409,89 75 
2481618,77 72 
2481702,45 70 
2482193,42 80 
2482728,39 83 
2482871,15 64 143
2483079,81 256 
2483108,67 74 221
2483108,67 61 221
2483918,36 150 
2483942,9 68 
2485154,1 92 
2485154,1 65 
2485180,16 103 
2485180,16 101 
2485720 100 
2485720 1
2485720 1865
2485720 11
2487699,94 25 
2488566,5 75 
2489773,57 72 
2489859,04 70 
2490356,12 80 
2490804,87 83 
2491491,39 64 687
2491518,1 256 
2491790,01 74 279
2491790,01 62 279
2492199,34 150 
2492219,51 68 
2492598,74 249
2492700,3 172 
2493029,51 92 
2493029,51 65 
2493043,58 103 
2493043,58 101 
2493579,69 100 
2493579,69 1
2493579,69 1865
2493579,69 10
2495549,87 25 
2495577,33 75 
2496784,65 72 
2496856,14 70 
2497347,46 80 
2497881,97 83 
2497984,59 64 103
2498171,58 74 170
2498171,58 61 170
2498581,66 150 
2498602,72 68 
2499052,64 249
2499087,32 171
2499113,01 92 
2499113,01 65 
2499134,42 103 
2499134,42 101 
2499666,08 100 
2499666,08 1
2499666,08 1865
2499666,08 11
2501640,76 25 
2504573,13 75 
2505781,16 72 
2505865,68 70 
2506372,1 80 
2506864,97 83 
2507005,27 64 141
2507282,44 74 258
2507282,44 61 258
2508092,19 151 
2508118,76 69 
2508629,53 93 
2508650,41 103 
2508650,41 101 
2511696,24 100 
2511696,24 1
2511696,24 1865
2511696,24 10
2513675,62 25 
2515435,26 75 
2515860,73 250 
2515873,57 101 
2517887,19 100 
2517887,19 1
2517887,19 1865
2517887,19 10
2517887,19 25 
2519339,54 75 
2520548,32 72 
2520632,88 70 
2521130,56 80 
2521671,96 83 
2521942,72 64 271
2522154,05 74 189
2522154,05 61 189
2522566,48 152 
2522593,58 69 
2523101,02 93 
2523124,33 103 
2523124,33 101 
2526155,89 100 
2526155,89 1
2526155,89 1865
2526155,89 11
2528136,29 25 
2528163,76 75 
2529372,91 72 
2529455,85 70 
2529948,23 80 
2530388,44 83 
2530691,36 64 304
2530914 256 
2530961,67 74 254
2530961,67 61 254
2531769,24 151 
2531789,62 69 
2532602,04 93 
2532613,69 103 
2532613,69 101 
2535645,21 100 
2535645,21 1
2535645,21 1865
2535645,21 11
2537625,64 25 
2547627,12 254 
2547634,14 101 
2549646,55 100 
2549646,55 1
2549646,55 1865
2549646,55 11
2549646,55 25 
2549674,76 75 
2550882,33 72 
2550966,95 70 
2551459,27 80 
2551952,64 83 
2553092,01 64 1140
2553320,8 74 209
2553320,8 63 209
2554130,39 151 
2554153,53 69 
2554828,73 249 
2554915,68 183 
2555165,98 93 
2555177,63 103 
2555177,63 101 
2558218,18 100 
2558218,18 1
2558218,18 1865
2558218,18 11
2560189,51 25 
2562495,92 75 
2563702,44 72 
2563788,19 70 
2564279,95 80 
2564813,96 83 
2564988,25 64 175
2565182,1 256 
2565191,28 74 192
2565191,28 61 192
2565601,22 151 
2565628,79 69 
2566052,58 249 
2566437,39 93 
2566452,89 103 
2566452,89 101 
2569489,3 100 
2569489,3 1
2569489,3 1865
2569489,3 10
2571464,86 25 
2573677,59 75 
2574887,02 72 
2574970,14 70 
2575464,04 80 
2575942,64 83 
2577556,88 64 1615
2577853,91 74 272
2577853,91 62 272
2578264,62 151 
2578289,56 69 
2579299,02 93 
2579314,23 103 
2579314,23 101 
2582345,78 100 
2582345,78 1
2582345,78 1865
2582345,78 10
2584326,18 25 
2585167,05 75 
2586375,48 72 
2586458,66 70 
2586941,69 80 
2587377,82 83 
2588562,7 64 1185
2588812,02 74 235
2588812,02 63 235
2589623,37 151 
2589645,4 69 
2590157,67 93 
2590176,32 103 
2590176,32 101 
2593216,86 100 
2593216,86 1
2593216,86 1865
2593216,86 11
2595188,28 25 
2599733,39 75 
2600941,88 72 
2601025,88 70 
2601518,29 80 
2601945,08 83 
2602663,81 64 719
2602917,59 74 240
2602917,59 61 240
2603325,8 151 
2603346,41 69 
2604137,92 249 
2604175,05 256 
2604321,84 182 
2742742,93 93 
2742752,69 103 
2742752,69 101 
2745785,18 100 
2745785,18 1
2745785,18 1865
2745785,18 10
2747764,52 25 
2749750,71 75 
2750959,99 72 
2751283,15 70 
2752045,34 80 
2752722,12 83 
2752993,93 64 272
2753188,94 74 174
2753188,94 63 174
2753996,52 151 
2754017,1 69 
2754051,38 249 
2754517,42 183 
2754829,28 93 
2754840,86 103 
2754840,86 101 
2757878,06 100 
2757878,06 1
2757878,06 1865
2757878,06 11
2759852,87 25 
2760332,98 75 
2761541,9 72 
2761798,75 70 
2762598,35 80 
2763330,99 83 
2764633,34 64 1303
2765568,2 256 
2765587,31 74 938
2765587,31 61 938
2765998,23 151 
2766027,25 69 
2766534,96 93 
2766556,07 103 
2766556,07 101 
2769594,05 100 
2769594,05 1
2769594,05 1865
2769594,05 11
2771568,77 25 
2771595,77 75 
2772803,08 72 
2773060,76 70 
2773884,64 80 
2774619,61 83 
2775799,63 64 1181
2777968,75 74 2150
2777968,75 62 2150
2778778,9 150 
2778806,52 68 
2779149,04 249
2779217,79 172 
2780015,78 92 
2780015,78 65 
2780030,35 103 
2780030,35 101 
2780563,14 100 
2780563,14 1
2780563,14 1865
2780563,14 10
2782536,75 25 
2782630,35 75 
2783837,4 72 
2784082,77 70 
2784889,71 80 
2785535,09 83 
2785813,64 64 279
2786034,89 74 207
2786034,89 61 207
2786444 150 
2786471,35 68 
2787281,84 92 
2787281,84 65 
2787307,31 103 
2787307,31 101 
2787838,88 100 
2787838,88 1
2787838,88 1865
2787838,88 10
2789813,72 25 
2790480,37 75 
2791687,62 72 
2791946,32 70 
2792757,78 80 
2793558,4 83 
2793589,72 64 32
2793764,6 74 153
2793764,6 61 153
2794572,34 150 
2794599,79 68 
2795108,95 92 
2795108,95 65 
2795130,72 103 
2795130,72 101 
2795675,52 100 
2795675,52 1
2795675,52 1865
2795675,52 10
2797650,32 25 
2800422,87 75 
2801631,6 72 
2801955,41 70 
2802711,39 80 
2803394,28 83 
2804909,26 64 1516
2805073,71 74 147
2805073,71 61 147
2805881,67 150 
2805901,79 68 
2806410,78 92 
2806410,78 65 
2806432,65 103 
2806432,65 101 
2806964,48 100 
2806964,48 1
2806964,48 1865
2806964,48 10
2808939,06 25 
2813030,94 75 
2813453,1 250 
2813469,26 101 
2815482,94 100 
2815482,94 1
2815482,94 1865
2815482,94 10
2815482,94 25 
2825482,48 254 
2825491,26 101 
2827503,8 100 
2827503,8 1
2827503,8 1865
2827503,8 10
2827503,8 25 
2837507,43 254 
2837526,25 101 
2839538,77 100 
2839538,77 1
2839538,77 1865
2839538,77 10
2839538,77 25 
2849541,59 254 
2849561,22 101 
2851573,72 100 
2851573,72 1
2851573,72 1865
2851573,72 10
2851573,72 25 
2858331,26 75 
2859537,91 72 
2859797,8 70 
2860625,1 80 
2861263,43 83 
2861336,91 64 74
2861373,68 256 
2861634,66 74 278
2861634,66 61 278
2862043,16 152 
2862064,97 69 
2862578,54 249 
2862614,59 256 
2862655,08 182 
2997357,05 93 
2997366,43 103 
2997366,43 101 
3000401,25 100 
3000401,25 1
3000401,25 1865
3000401,25 11
3002378,17 25 
3002858,34 75 
3004066,06 72 
3004324,15 70 
3005137,53 80 
3005896,37 83 
3005921,07 64 25
3006196,95 74 261
3006196,95 63 261
3006608,11 151 
3006631 69 
3007440,08 93 
3007455,34 103 
3007455,34 101 
3010495,11 100 
3010495,11 1
3010495,11 1865
3010495,11 11
3012467,26 25 
3022469,54 254 
3022489 101 
3024501,55 100 
3024501,55 1
3024501,55 1865
3024501,55 11
3024501,55 25 
3024530,65 75 
3025740,07 72 
3025995,12 70 
3026800,7 80 
3027500,73 83 
3027843,11 64 342
3028119,18 74 259
3028119,18 62 259
3028929,06 150 
3028955,35 68 
3029408,41 249
3029450,71 172 
3030164,66 92 
3030164,66 65 
3030179,2 103 
3030179,2 101 
3030718,91 100 
3030718,91 1
3030718,91 1865
3030718,91 10
3032685,48 25 
3033125,77 75 
3034334,61 72 
3034604,81 70 
3035166,37 80 
3035657,38 83 
3036560,03 64 903
3036810,47 74 234
3036810,47 63 234
3037222,32 151 
3037245,18 69 
3037757,84 93 
3037776,02 103 
3037776,02 101 
3040808,98 100 
3040808,98 1
3040808,98 1865
3040808,98 11
3042787,9 25 
3044987,45 75 
3046193,37 72 
3046399,87 70 
3046897,21 80 
3047438,98 83 
3047594,78 64 156
3047824,88 74 213
3047824,88 61 213
3048633,38 151 
3048653,76 69 
3049308,07 249 
3049524 181 
3054889,22 256 
3060121,45 93 
3060140,05 103 
3060140,05 101 
3063185,97 100 
3063185,97 1
3063185,97 1865
3063185,97 11
3065165,3 25 
3075167,62 254 
3075186,97 101 
3077199,47 100 
3077199,47 1
3077199,47 1865
3077199,47 11
3077199,47 25 
3077227,69 75 
3078436,26 72 
3078519,75 70 
3079003,78 80 
3079545,6 83 
3080592,43 64 1048
3080861,33 74 250
3080861,33 63 250
3081673,77 151 
3081693,19 69 
3082503,22 93 
3082517,31 103 
3082517,31 101 
3085550,37 100 
3085550,37 1
3085550,37 1865
3085550,37 11
3087529,24 25 
3087556,72 75 
3088765,18 72 
3088848,87 70 
3089346,42 80 
3089834,64 83 
3090460,17 64 626
3090594,89 74 121
3090594,89 62 121
3091003,84 150 
3091021,94 68 
3091700,33 249
3092231,86 92 
3092231,86 65 
3092246,6 103 
3092246,6 101 
3092783,01 100 
3092783,01 1
3092783,01 1865
3092783,01 11
3094753,07 25 
3094780,11 75 
3095987,8 72 
3096072,43 70 
3096564,71 80 
3096991,62 83 
3097351,58 64 361
3097375,23 256 
3097438,71 74 74
3097438,71 62 74
3097847,57 152 
3097873,15 69 
3098352,76 249 
3099550,22 182 
3101030,61 93 
3101042,9 103 
3101042,9 101 
3104082,79 100 
3104082,79 1
3104082,79 1865
3104082,79 10
3106054,85 25 
3111719,57 75 
3112926,94 72 
3113012,07 70 
3113503,69 80 
3113986,2 83 
3114207,25 64 224
3114423,19 74 199
3114423,19 63 199
3115234,37 151 
3115252,54 69 
3115993,25 249 
3116059,84 93 
3116076,63 103 
3116076,63 101 
3119109,51 100 
3119109,51 1
3119109,51 1865
3119109,51 10
3121088,59 25 
3121955,22 75 
3123164,79 72 
3123247,79 70 
3123743,46 80 
3124286,88 83 
3124980,85 64 694
3125000,61 256 
3125107,17 74 114
3125107,17 62 114
3125917,81 151 
3125940,65 69 
3126259,78 249 
3126452,47 93 
3126472,28 103 
3126472,28 101 
3129506,03 100 
3129506,03 1
3129506,03 1865
3129506,03 10
3131484,32 25 
3131511,43 75 
3131729,51 250 
3131736,55 101 
3133749,92 100 
3133749,92 1
3133749,92 1865
3133749,92 10
3133749,92 25 
3143751,83 254 
3143771,64 101 
3145770,87 100 
3145770,87 1
3145770,87 1865
3145770,87 10
3145770,87 25 
3151928,62 75 
3151935,61 250 
3151954,64 101 
3153968,16 100 
3153968,16 1
3153968,16 1865
3153968,16 10
3153968,16 25 
3158445,9 75 
3158482,96 250 
3158498,48 101 
3160512,09 100 
3160512,09 1
3160512,09 1865
3160512,09 10
3160512,09 25 
3160552,14 75 
3161759,2 72 
3162018,87 70 
3162830,6 80 
3163563,89 83 
3164189,3 64 626
3164354,99 74 152
3164354,99 61 152
3164766,62 150 
3164791,27 68 
3165303,69 92 
3165303,69 65 
3165322,79 103 
3165322,79 101 
3165868,7 100 
3165868,7 1
3165868,7 1865
3165868,7 11
3167842,39 25 
3169642,02 75 
3169763,79 250 
3169773,76 101 
3171787,44 100 
3171787,44 1
3171787,44 1865
3171787,44 11
3171787,44 25 
3174439,32 75 
3175646,85 72 
3175852,5 70 
3176351,69 80 
3176891,6 83 
3176965,44 64 75
3177145,69 74 161
3177145,69 62 161
3177955,61 150 
3177986,31 68 
3178366,22 249
3178404,32 172 
3178795,36 92 
3178795,36 65 
3178810,45 103 
3178810,45 101 
3179342,29 100 
3179342,29 1
3179342,29 1865
3179342,29 11
3181316,73 25 
3182983,07 75 
3184190,74 72 
3184275,58 70 
3184769,71 80 
3185194,77 83 
3185403,92 64 209
3185562,11 74 141
3185562,11 62 141
3185973,72 150 
3185995,54 68 
3186644,69 249
3187205,93 92 
3187205,93 65 
3187220,53 103 
3187220,53 101 
3187752,89 100 
3187752,89 1
3187752,89 1865
3187752,89 10
3189726,57 25 
3198963,05 75 
3200171,59 72 
3200255,58 70 
3200741,45 80 
3201228,11 83 
3201464,36 64 237
3201678,84 74 198
3201678,84 62 198
3202087,9 151 
3202108,82 69 
3202595,11 249 
3202921,85 93 
3202933,67 103 
3202933,67 101 
3205976,37 100 
3205976,37 1
3205976,37 1865
3205976,37 10
3207945,98 25 
3211277,91 75 
3211315,34 250 
3211329,74 101 
3213330,21 100 
3213330,21 1
3213330,21 1865
3213330,21 10
3213330,21 25 
3220686,61 75 
3220705,36 250 
3220712,47 101 
3222726,17 100 
3222726,17 1
3222726,17 1865
3222726,17 10
3222726,17 25 
3230095,96 75 
3230102,23 250 
3230121,88 101 
3232135,49 100 
3232135,49 1
3232135,49 1865
3232135,49 10
3232135,49 25 
3235027,23 75 
3236236,44 72 
3236320,5 70 
3236812,16 80 
3237293,07 83 
3238013,69 64 721
3238225,07 74 186
3238225,07 61 186
3239036,21 150 
3239053,5 68 
3240265,4 92 
3240265,4 65 
3240291,41 103 
3240291,41 101 
3240829,76 100 
3240829,76 1
3240829,76 1865
3240829,76 11
3242797,77 25 
3245090,55 75 
3246298,72 72 
3246383,03 70 
3246873,53 80 
3247302,28 83 
3247426,78 64 125
3247591,89 74 143
3247591,89 62 143
3248402,7 150 
3248423,63 68 
3248738,59 249
3248810,74 172 
3249253,29 92 
3249253,29 65 
3249274,35 103 
3249274,35 101 
3252305,02 102 
