69,22 100 
69,22 6
69,22 1928
69,22 11
2028,45 25 
2053,76 75 
2862,37 72 
3212,63 70 
4382,81 80 
5078,85 83 
5408,16 64 329
5605,23 74 179
5605,23 61 179
6418,9 150 
6452 68 
7263,51 92 
7263,51 65 
7292,77 103 
7292,77 101 
7824,14 100 
7824,14 6
7824,14 1928
7824,14 11
9797,36 25 
9837,9 75 
10647,82 72 
10916,85 70 
12132,41 80 
12862,28 83 
13009,12 64 147
13194,25 74 172
13194,25 61 172
13603,9 150 
13623,89 68 
14134,28 92 
14134,28 65 
14154,7 103 
14154,7 101 
14687,25 100 
14687,25 6
14687,25 1928
14687,25 10
16660,99 25 
16688,27 75 
17496,96 72 
17753,97 70 
18968,96 80 
19646,03 83 
20183,52 64 538
20407,87 74 201
20407,87 63 201
21217,58 150 
21248,12 68 
21378,32 249
21479,96 173 
22458,47 92 
22458,47 65 
22484,49 103 
22484,49 101 
23024,48 100 
23024,48 6
23024,48 1928
23024,48 11
25004,1 25 
25217,7 75 
26025,75 72 
26283,65 70 
27506,05 80 
28295,72 83 
28349,71 64 55
28505,03 74 143
28505,03 61 143
28914,97 150 
28937,28 68 
29747,24 92 
29747,24 65 
29761,45 103 
29761,45 101 
30297,6 100 
30297,6 6
30297,6 1928
30297,6 10
32267,69 25 
32295,04 75 
33103,76 72 
33360,64 70 
34560,29 80 
35386,01 83 
35554,07 64 168
35715,21 74 143
35715,21 63 143
36122,64 150 
36147,75 68 
36655,31 92 
36655,31 65 
36678,46 103 
36678,46 101 
37211,41 100 
37211,41 6
37211,41 1928
37211,41 11
39184,82 25 
39212,01 75 
40021,24 72 
40237,75 70 
41145,77 80 
41570,06 83 
41876,85 64 307
42041,65 74 152
42041,65 61 152
42852,69 150 
42878,12 68 
44091,14 92 
44091,14 65 
44115,29 103 
44115,29 101 
44656,32 100 
44656,32 6
44656,32 1928
44656,32 10
46635,06 25 
46662,1 75 
47470,96 72 
47554,75 70 
48446,25 80 
48873,72 83 
49073,86 64 201
49271,8 74 172
49271,8 63 172
49683,01 150 
49701,81 68 
50212,31 92 
50212,31 65 
50232,7 103 
50232,7 101 
50767,32 100 
50767,32 6
50767,32 1928
50767,32 10
52739 25 
52766,76 75 
53574,35 72 
53658,67 70 
54546,6 80 
55084,35 83 
55146,59 64 63
55318,23 74 154
55318,23 63 154
56127,53 150 
56152,54 68 
57360,82 92 
57360,82 65 
57376,38 103 
57376,38 101 
57913,97 100 
57913,97 6
57913,97 1928
57913,97 10
59882,91 25 
59909,83 75 
60719,65 72 
60802,39 70 
61681,65 80 
62174,65 83 
62619,49 64 446
62804,72 74 164
62804,72 63 164
63617,13 150 
63642,56 68 
64101,62 249
64227,65 173 
64451,17 92 
64451,17 65 
64466,66 103 
64466,66 101 
65005,13 100 
65005,13 6
65005,13 1928
65005,13 11
66986,26 25 
67426,56 75 
68234,63 72 
68319,13 70 
69211,58 80 
69744,73 83 
69961,93 64 218
70136,7 74 153
70136,7 61 153
70548,91 152 
70571,43 69 
71583,11 93 
71596,98 103 
71596,98 101 
75129,71 100 
75129,71 6
75129,71 1928
75129,71 10
77102 25 
77129,33 75 
77936,09 72 
78021,92 70 
78907,45 80 
79340,65 83 
79777,94 64 438
80014,56 74 222
80014,56 63 222
80825,59 150 
80848,56 68 
82060,13 92 
82060,13 65 
82085,84 103 
82085,84 101 
82617,03 100 
82617,03 6
82617,03 1928
82617,03 11
84592,19 25 
84619,42 75 
85428,08 72 
85511,85 70 
86390,47 80 
86884,16 83 
87396,55 64 513
87673,71 74 257
87673,71 61 257
88083,46 152 
88111,78 69 
88777,14 249 
88934,34 181 
89736,82 93 
89749,23 103 
89749,23 101 
93295,13 100 
93295,13 6
93295,13 1928
93295,13 10
95267,65 25 
95294,83 75 
96100,78 72 
96187,37 70 
97078,36 80 
97599,59 83 
97869,15 64 270
98108,34 74 216
98108,34 63 216
98919,71 150 
98947,57 68 
99757,32 92 
99757,32 65 
99771,65 103 
99771,65 101 
100305,94 100 
100305,94 6
100305,94 1928
100305,94 11
102277,95 25 
102305,14 75 
103110,55 72 
103197,78 70 
104095,32 80 
104583,31 83 
104877,12 64 294
105109,64 74 221
105109,64 61 221
105518,84 150 
105544,89 68 
105577,24 249
105841,08 171
106054,35 92 
106054,35 65 
106075,67 103 
106075,67 101 
106607,51 100 
106607,51 6
106607,51 1928
106607,51 11
108581,95 25 
109008,73 75 
109818,3 72 
109901,51 70 
110797,52 80 
111233,79 83 
111492,76 64 260
111656,49 74 144
111656,49 61 144
112468,16 150 
112488,46 68 
113698,15 92 
113698,15 65 
113712,43 103 
113712,43 101 
114250 100 
114250 6
114250 1928
114250 11
116218,76 25 
116498,95 75 
117306,13 72 
117391,6 70 
118272,99 80 
118763,91 83 
119000,99 64 237
119165,2 74 148
119165,2 61 148
119576,16 150 
119605,4 68 
120815,17 92 
120815,17 65 
120829,38 103 
120829,38 101 
121364,36 100 
121364,36 6
121364,36 1928
121364,36 10
123335,65 25 
123362,92 75 
124169,76 72 
124255,34 70 
125139,41 80 
125681,03 83 
126172,06 64 491
126373,11 74 186
126373,11 63 186
127181,89 150 
127202,26 68 
128013,39 92 
128013,39 65 
128039,62 103 
128039,62 101 
128570,77 100 
128570,77 6
128570,77 1928
128570,77 11
130545,9 25 
131359,48 75 
132168,98 72 
132251,94 70 
133148,76 80 
133571,15 83 
134088,36 64 517
134263 74 159
134263 63 159
134673,95 151 
134692,43 69 
134842,12 249 
134946,5 183 
135502,69 93 
135516,45 103 
135516,45 101 
139062,81 100 
139062,81 6
139062,81 1928
139062,81 10
141034,78 25 
141062,18 75 
141870,39 72 
142141,12 70 
143196,94 80 
143873,23 83 
144028,98 64 156
144225,39 74 179
144225,39 63 179
144636,93 150 
144661,42 68 
145173,37 92 
145173,37 65 
145192,43 103 
145192,43 101 
145723,63 100 
145723,63 6
145723,63 1928
145723,63 10
147698,63 25 
148125,56 75 
148933,26 72 
149018,15 70 
149911,39 80 
150390,47 83 
150758,17 64 368
150931,77 74 155
150931,77 63 155
151743,64 150 
151765,27 68 
152227,41 249
152262,82 173 
152973,73 92 
152973,73 65 
152989,02 103 
152989,02 101 
153526,31 100 
153526,31 6
153526,31 1928
153526,31 10
155495,34 25 
155522,94 75 
156330,07 72 
156415,03 70 
157298,11 80 
157734,03 83 
158059,33 64 325
158221,21 74 141
158221,21 63 141
158632,14 150 
158655,47 68 
158780,91 249
158925,58 173 
159465,61 92 
159465,61 65 
159479,61 103 
159479,61 101 
160018,39 100 
160018,39 6
160018,39 1928
160018,39 11
161999,23 25 
162039,88 75 
162849,24 72 
162932,27 70 
163817,35 80 
164344,55 83 
164589,91 64 246
164769,92 74 159
164769,92 61 159
165578,6 150 
165599,26 68 
166806,76 92 
166806,76 65 
166823,17 103 
166823,17 101 
167355,03 100 
167355,03 6
167355,03 1928
167355,03 10
169329,46 25 
169476,5 75 
170284,5 72 
170369,06 70 
171258,37 80 
171741,52 83 
171940,05 64 199
172128,71 74 175
172128,71 63 175
172540,01 150 
172569,52 68 
173380,11 92 
173380,11 65 
173393,7 103 
173393,7 101 
173924,68 100 
173924,68 6
173924,68 1928
173924,68 11
175900,07 25 
175927,22 75 
176735,67 72 
176819,72 70 
177709,62 80 
178138,75 83 
178651,62 64 514
178824,89 74 154
178824,89 63 154
179634,82 151 
179659,88 69 
180029,11 249 
180118,43 183 
180668,77 93 
180684,2 103 
180684,2 101 
184229,35 100 
184229,35 6
184229,35 1928
184229,35 11
186202,27 25 
186230,06 75 
187038,41 72 
187122,01 70 
188015,69 80 
188547,6 83 
189009,09 64 462
189251,97 74 225
189251,97 63 225
190060,93 151 
190082,08 69 
190182,55 249 
190331,4 183 
191090,05 93 
191106,23 103 
191106,23 101 
194640,03 100 
194640,03 6
194640,03 1928
194640,03 10
196611,36 25 
196652,4 75 
197459,69 72 
197544,19 70 
198437,76 80 
198863,47 83 
199146,09 64 283
199335,78 74 167
199335,78 63 167
199744,97 150 
199771,41 68 
200285,06 92 
200285,06 65 
200302,24 103 
200302,24 101 
200835,16 100 
200835,16 6
200835,16 1928
200835,16 10
202808,57 25 
203328,67 75 
204135,86 72 
204221,45 70 
205109,16 80 
205593,68 83 
205829,41 64 236
206004,84 74 158
206004,84 63 158
206412,6 152 
206435,15 69 
206945,12 93 
206966,08 103 
206966,08 101 
210504,58 100 
210504,58 6
210504,58 1928
210504,58 10
212484,4 25 
212511,7 75 
213322,31 72 
213404,12 70 
214285,51 80 
214829,88 83 
214979,91 64 151
215168,66 74 166
215168,66 63 166
215977,56 150 
216004,56 68 
216813,82 92 
216813,82 65 
216828,56 103 
216828,56 101 
217366,36 100 
217366,36 6
217366,36 1928
217366,36 11
219334,89 25 
220108,32 75 
220914,91 72 
221000,93 70 
221895,22 80 
222333,28 83 
222624,64 64 292
222813,6 74 175
222813,6 61 175
223623,54 150 
223641,37 68 
224151,88 92 
224151,88 65 
224172,09 103 
224172,09 101 
224705,13 100 
224705,13 6
224705,13 1928
224705,13 11
226678,37 25 
226865,39 75 
227673,94 72 
227758,01 70 
228658,09 80 
229143,66 83 
229376,85 64 234
229540,61 74 144
229540,61 61 144
229952,88 150 
229971,89 68 
230022,71 249
230242,53 171
231181,11 92 
231181,11 65 
231195,84 103 
231195,84 101 
231738,41 100 
231738,41 6
231738,41 1928
231738,41 10
233715,41 25 
233982,43 75 
234790,69 72 
234875,04 70 
235760,41 80 
236260,64 83 
236485,55 64 226
236680,47 74 180
236680,47 63 180
237489,53 150 
237515,36 68 
238725,58 92 
238725,58 65 
238739,29 103 
238739,29 101 
239271,6 100 
239271,6 6
239271,6 1928
239271,6 10
241246,58 25 
241272,82 75 
242083,74 72 
242165,24 70 
243054,62 80 
243590,97 83 
244183,64 64 593
244490,75 74 287
244490,75 61 287
244900,44 151 
244925,52 69 
245433,88 93 
245443,14 103 
245443,14 101 
248979,71 100 
248979,71 6
248979,71 1928
248979,71 11
250948,23 25 
250975,33 75 
251783,42 72 
252041,03 70 
253242,7 80 
253986,47 83 
254320,24 64 334
254584,85 74 252
254584,85 61 252
255397,06 150 
255427,66 68 
256239,03 92 
256239,03 65 
256265,14 103 
256265,14 101 
256804,28 100 
256804,28 6
256804,28 1928
256804,28 11
258784,78 25 
258931,78 75 
259738,52 72 
259957,72 70 
260862,31 80 
261330,24 83 
261574,8 64 245
261722,38 74 126
261722,38 61 126
262132,98 150 
262159,63 68 
262240,93 249
262421,6 171
262668,11 92 
262668,11 65 
262689,08 103 
262689,08 101 
263224,44 100 
263224,44 6
263224,44 1928
263224,44 10
265195,35 25 
265275,69 75 
266083,59 72 
266168,38 70 
267064,54 80 
267514,02 83 
267778,67 64 265
267957,61 74 164
267957,61 63 164
268765,67 152 
268795,28 69 
269311,71 249 
269378,42 183 
269802,82 93 
269819,43 103 
269819,43 101 
273350,5 100 
273350,5 6
273350,5 1928
273350,5 10
275324,42 25 
275351,59 75 
276158,1 72 
276244,12 70 
277131,27 80 
277656,42 83 
277947,64 64 292
278128,81 74 166
278128,81 63 166
278540,34 150 
278564,55 68 
279774,03 92 
279774,03 65 
279788,52 103 
279788,52 101 
280335,78 100 
280335,78 6
280335,78 1928
280335,78 10
282308,17 25 
282401,75 75 
283209,72 72 
283294,43 70 
284177,81 80 
284613,99 83 
284837,08 64 223
285007,92 74 155
285007,92 61 155
285817,87 151 
285841,51 69 
286848,73 93 
286865,44 103 
286865,44 101 
290396,83 100 
290396,83 6
290396,83 1928
290396,83 11
292370,46 25 
292397,97 75 
293207,68 72 
293290,21 70 
294182,06 80 
294662,5 83 
294806,19 64 144
294971,97 74 150
294971,97 61 150
295382,4 150 
295410,77 68 
296220,43 92 
296220,43 65 
296234,82 103 
296234,82 101 
296768,55 100 
296768,55 6
296768,55 1928
296768,55 11
298741,08 25 
299048,06 75 
299857,11 72 
299940,68 70 
300830,57 80 
301379,67 83 
301516,76 64 138
301664,31 74 125
301664,31 61 125
302071,63 150 
302101,21 68 
303310,21 92 
303310,21 65 
303338,51 103 
303338,51 101 
303879,3 100 
303879,3 6
303879,3 1928
303879,3 11
305858,08 25 
306244,98 75 
307053,94 72 
307137,65 70 
308029,74 80 
308563,28 83 
308689,34 64 126
308830,42 74 121
308830,42 61 121
309639,23 150 
309658,03 68 
310867,34 92 
310867,34 65 
310881,9 103 
310881,9 101 
311419,61 100 
311419,61 6
311419,61 1928
311419,61 11
313388,16 25 
313735,07 75 
314542,45 72 
314614,42 70 
315497,28 80 
315933,45 83 
316180,05 64 247
316335 74 135
316335 61 135
316744,71 150 
316761,7 68 
317272,14 92 
317272,14 65 
317292,55 103 
317292,55 101 
317823,59 100 
317823,59 6
317823,59 1928
317823,59 11
319798,8 25 
320438,87 75 
321246,56 72 
321331,6 70 
322231,59 80 
322732,38 83 
322954,26 64 224
323119,22 74 149
323119,22 61 149
323928,45 150 
323958,52 68 
324765,63 92 
324765,63 65 
324782,7 103 
324782,7 101 
325326,26 100 
325326,26 6
325326,26 1928
325326,26 10
327302,28 25 
327462,64 75 
328271,26 72 
328355,33 70 
329243,88 80 
329727,56 83 
329928,29 64 201
330115,78 74 175
330115,78 63 175
330526,17 152 
330555,74 69 
331567,73 93 
331579,8 103 
331579,8 101 
335112,32 100 
335112,32 6
335112,32 1928
335112,32 10
337084,78 25 
337245,1 75 
338054,91 72 
338137,86 70 
339024,98 80 
339470,17 83 
339966,35 64 496
340188,7 74 199
340188,7 63 199
340999,07 150 
341018,35 68 
341829,84 92 
341829,84 65 
341855,42 103 
341855,42 101 
342391,17 100 
342391,17 6
342391,17 1928
342391,17 10
344361,74 25 
344921,86 75 
345730,41 72 
345814,55 70 
346700,01 80 
347226,84 83 
347488,4 64 262
347682,23 74 176
347682,23 63 176
348489,54 150 
348509,28 68 
349721,7 92 
349721,7 65 
349745,42 103 
349745,42 101 
350284,83 100 
350284,83 6
350284,83 1928
350284,83 11
352264,99 25 
352292,28 75 
353098,86 72 
353184,75 70 
354077,65 80 
354503,76 83 
354815,64 64 313
354969,56 74 133
354969,56 61 133
355377,92 150 
355398,7 68 
355906,97 92 
355906,97 65 
355929,44 103 
355929,44 101 
356477,1 100 
356477,1 6
356477,1 1928
356477,1 11
358449,08 25 
358476,52 75 
359285,41 72 
359368,8 70 
360264,96 80 
361154,25 83 
361210,75 64 57
361363,94 74 130
361363,94 61 130
361774,62 150 
361795,89 68 
362606,77 92 
362606,77 65 
362633,24 103 
362633,24 101 
363167,33 100 
363167,33 6
363167,33 1928
363167,33 10
365139,58 25 
365167,66 75 
365974,73 72 
366232,49 70 
367428,29 80 
368257,92 83 
368421,75 64 164
368602,35 74 158
368602,35 63 158
369412,05 150 
369432,54 68 
370641,18 92 
370641,18 65 
370656,52 103 
370656,52 101 
371200,22 100 
371200,22 6
371200,22 1928
371200,22 11
373176,12 25 
373204,3 75 
374011,34 72 
374269,08 70 
375474,57 80 
376214,51 83 
376326 64 112
376542,57 74 196
376542,57 61 196
376950,15 150 
376976,07 68 
378183,87 92 
378183,87 65 
378199,98 103 
378199,98 101 
378732 100 
378732 6
378732 1928
378732 10
380706,34 25 
380734,26 75 
381541,81 72 
381759,3 70 
382666,76 80 
383104,94 83 
383362,92 64 258
383519,44 74 136
383519,44 63 136
384330,22 150 
384359,49 68 
384867,77 92 
384867,77 65 
384890,47 103 
384890,47 101 
385423,67 100 
385423,67 6
385423,67 1928
385423,67 10
387396,78 25 
388383,33 75 
389189,5 72 
389276,1 70 
390158,91 80 
390648,44 83 
390868,86 64 221
391054,87 74 167
391054,87 63 167
391863,2 150 
391889,7 68 
392701,01 92 
392701,01 65 
392727,13 103 
392727,13 101 
393264,17 100 
393264,17 6
393264,17 1928
393264,17 10
395233,69 25 
395446,99 75 
396254,46 72 
396339,72 70 
397223,72 80 
397765,35 83 
398011,18 64 246
398226,51 74 195
398226,51 63 195
398639,04 150 
398660,22 68 
399469,09 92 
399469,09 65 
399484,24 103 
399484,24 101 
400019,93 100 
400019,93 6
400019,93 1928
400019,93 10
401990,51 25 
402457,4 75 
403264,39 72 
403350,08 70 
404238,89 80 
404669,15 83 
405022,03 64 353
405215,29 74 173
405215,29 63 173
405622,62 150 
405643,84 68 
406855,42 92 
406855,42 65 
406881,11 103 
406881,11 101 
407413,44 100 
407413,44 6
407413,44 1928
407413,44 11
409387,42 25 
410427,45 75 
411234,07 72 
411320 70 
412206,13 80 
412692,34 83 
412982,23 64 290
413163 74 164
413163 61 164
413973,26 150 
414000,39 68 
414508,99 92 
414508,99 65 
414531,28 103 
414531,28 101 
415073,13 100 
415073,13 6
415073,13 1928
415073,13 11
417050,9 25 
417904,22 75 
418710,91 72 
418796,81 70 
419680,65 80 
420155,8 83 
420419,18 64 264
420576,43 74 142
420576,43 61 142
421386,98 150 
421410,59 68 
421922,63 92 
421922,63 65 
421941,38 103 
421941,38 101 
422474,47 100 
422474,47 6
422474,47 1928
422474,47 11
424447,62 25 
424834,5 75 
425643,77 72 
425727,24 70 
426607,83 80 
427139,62 83 
427157,87 64 19
427312,52 74 134
427312,52 61 134
427722,56 150 
427741,11 68 
428551,58 92 
428551,58 65 
428565,37 103 
428565,37 101 
429099,98 100 
429099,98 6
429099,98 1928
429099,98 11
431071,5 25 
431098,77 75 
431909,16 72 
431991,31 70 
432882,6 80 
433297,25 83 
433570,16 64 273
433741,71 74 152
433741,71 61 152
434151,35 150 
434178,49 68 
435386,45 92 
435386,45 65 
435402,33 103 
435402,33 101 
435951,84 100 
435951,84 6
435951,84 1928
435951,84 10
437921,94 25 
437949,22 75 
438758,08 72 
438841,63 70 
439721,02 80 
440147,4 83 
440396,12 64 249
440622,4 74 208
440622,4 63 208
441429,87 150 
441455,28 68 
442664,79 92 
442664,79 65 
442679,42 103 
442679,42 101 
443211,5 100 
443211,5 6
443211,5 1928
443211,5 10
445185,67 25 
445212,92 75 
446023 72 
446105,31 70 
446999,01 80 
447530,83 83 
447660,7 64 130
447851,15 74 174
447851,15 63 174
448661,43 150 
448679,07 68 
449189,33 92 
449189,33 65 
449209,81 103 
449209,81 101 
449742,66 100 
449742,66 6
449742,66 1928
449742,66 11
451716,16 25 
451743,32 75 
452553,51 72 
452635,74 70 
453518,97 80 
453994,77 83 
454239,02 64 245
454423,86 74 163
454423,86 61 163
454831,05 152 
454862,84 69 
455371,6 93 
455380,73 103 
455380,73 101 
458928,17 100 
458928,17 6
458928,17 1928
458928,17 11
460898,83 25 
460926,06 75 
461734,14 72 
461818,55 70 
462695,93 80 
463137,57 83 
463358,77 64 222
463544,01 74 167
463544,01 61 167
463954,75 150 
463979,03 68 
464486,55 92 
464486,55 65 
464509,98 103 
464509,98 101 
465052,1 100 
465052,1 6
465052,1 1928
465052,1 10
467029,55 25 
467056,82 75 
467866,63 72 
467949,29 70 
468832,64 80 
469308,24 83 
469538,36 64 230
469726,02 74 165
469726,02 63 165
470537,15 150 
470562,99 68 
471373,75 92 
471373,75 65 
471387,17 103 
471387,17 101 
471920,22 100 
471920,22 6
471920,22 1928
471920,22 10
473893,27 25 
474533,39 75 
475342,21 72 
475426,15 70 
476319,16 80 
476865,04 83 
477052,73 64 188
477252,91 74 175
477252,91 63 175
477659,71 150 
477679,91 68 
478887,69 92 
478887,69 65 
478903,88 103 
478903,88 101 
479445,3 100 
479445,3 6
479445,3 1928
479445,3 11
481423,45 25 
481451,42 75 
482257,72 72 
482596,47 70 
483759,53 80 
484488,46 83 
484568,39 64 80
484733,74 74 153
484733,74 61 153
485546,08 150 
485569,91 68 
486777,92 92 
486777,92 65 
486793,8 103 
486793,8 101 
487331,12 100 
487331,12 6
487331,12 1928
487331,12 10
489300,13 25 
489740,28 75 
490547,4 72 
490806,26 70 
492002,05 80 
492738,33 83 
492745,22 64 7
492882,77 74 105
492882,77 63 105
493294,92 152 
493312,58 69 
493393,25 249 
493600,96 183 
494323,19 93 
494337,25 103 
494337,25 101 
497870,13 100 
497870,13 6
497870,13 1928
497870,13 11
499842,26 25 
499869,49 75 
500677,16 72 
500935,27 70 
502144,43 80 
502880,69 83 
502970,96 64 91
503162,3 74 175
503162,3 61 175
503972,27 150 
504002,03 68 
504814,99 92 
504814,99 65 
504839,67 103 
504839,67 101 
505384,68 100 
505384,68 6
505384,68 1928
505384,68 11
507359,08 25 
508252,52 75 
509060,19 72 
509145,16 70 
510027,82 80 
510504,11 83 
510619,65 64 116
510795,94 74 159
510795,94 61 159
511205,04 150 
511225,79 68 
512435,12 92 
512435,12 65 
512450,09 103 
512450,09 101 
512981,18 100 
512981,18 6
512981,18 1928
512981,18 10
514955,83 25 
515062,94 75 
515870,22 72 
515955,54 70 
516846,1 80 
517381,18 83 
517520,53 64 140
517708,63 74 168
517708,63 63 168
518520,97 150 
518542,57 68 
519353,66 92 
519353,66 65 
519379,96 103 
519379,96 101 
519914,21 100 
519914,21 6
519914,21 1928
519914,21 10
521886,26 25 
522779,63 75 
523588,77 72 
523672,28 70 
524555,69 80 
524977,93 83 
525284,42 64 306
525478,39 74 181
525478,39 63 181
525888,32 150 
525912,86 68 
526424,1 92 
526424,1 65 
526443,66 103 
526443,66 101 
526981,33 100 
526981,33 6
526981,33 1928
526981,33 11
528963,21 25 
529230,46 75 
530039,93 72 
530122,88 70 
531018,8 80 
531508,48 83 
531676,32 64 168
531840,54 74 146
531840,54 61 146
532650,05 150 
532669,85 68 
533480,48 92 
533480,48 65 
533494,01 103 
533494,01 101 
534027,15 100 
534027,15 6
534027,15 1928
534027,15 10
536000,23 25 
536280,54 75 
537088,9 72 
537173,2 70 
538069,15 80 
538598,79 83 
538716,95 64 119
538893,62 74 162
538893,62 63 162
539306,21 150 
539333,73 68 
540543,94 92 
540543,94 65 
540557,63 103 
540557,63 101 
541091,27 100 
541091,27 6
541091,27 1928
541091,27 11
543063,88 25 
543530,77 75 
544338,49 72 
544423,43 70 
545310,87 80 
545742,47 83 
545972,6 64 231
546149,76 74 155
546149,76 61 155
546959,09 152 
546983,91 69 
547492,08 93 
547514,65 103 
547514,65 101 
551062,79 100 
551062,79 6
551062,79 1928
551062,79 10
553033,03 25 
553060,22 75 
553869,22 72 
553952,72 70 
554849,42 80 
555285,07 83 
555507,35 64 222
555753,51 74 229
555753,51 63 229
556563,13 150 
556593,08 68 
557648,66 249
557802,56 92 
557802,56 65 
557817,01 103 
557817,01 101 
558350,59 100 
558350,59 6
558350,59 1928
558350,59 11
560323,26 25 
560577,07 75 
561385,16 72 
561469,53 70 
562349,66 80 
562815,56 83 
563202,04 64 387
563485,53 74 271
563485,53 61 271
563895,59 150 
563922,48 68 
564430,9 92 
564430,9 65 
564454,12 103 
564454,12 101 
564985,6 100 
564985,6 6
564985,6 1928
564985,6 10
566960,47 25 
567907,03 75 
568715,82 72 
568799,73 70 
569687,02 80 
570225,34 83 
570388,58 64 164
570609,67 74 198
570609,67 63 198
571420,4 150 
571440,1 68 
572248,63 92 
572248,63 65 
572264,15 103 
572264,15 101 
572806,32 100 
572806,32 6
572806,32 1928
572806,32 11
574783,82 25 
575583,78 75 
576391,71 72 
576476,48 70 
577358,56 80 
577888,74 83 
578085,29 64 197
578266,78 74 165
578266,78 61 165
578678,09 150 
578703,59 68 
579513,21 92 
579513,21 65 
579527,74 103 
579527,74 101 
580062,41 100 
580062,41 6
580062,41 1928
580062,41 10
582034,13 25 
582061,28 75 
582868,43 72 
582953,8 70 
583836,42 80 
584272,77 83 
584495,63 64 224
584681,48 74 169
584681,48 63 169
585090,84 150 
585114,45 68 
586324,98 92 
586324,98 65 
586338,32 103 
586338,32 101 
586869,64 100 
586869,64 6
586869,64 1928
586869,64 10
588844,49 25 
588991,46 75 
589798,71 72 
589884,12 70 
590778,09 80 
591269,77 83 
591456,65 64 188
591649,65 74 181
591649,65 63 181
592460,16 150 
592484,44 68 
592994,04 92 
592994,04 65 
593015,37 103 
593015,37 101 
593555,81 100 
593555,81 6
593555,81 1928
593555,81 11
595534,93 25 
596001,79 75 
596809,81 72 
596894,48 70 
597776,22 80 
598200,15 83 
598491,19 64 291
598663,3 74 157
598663,3 61 157
599474,21 150 
599494,95 68 
600003,91 92 
600003,91 65 
600025,69 103 
600025,69 101 
600556,85 100 
600556,85 6
600556,85 1928
600556,85 11
602531,97 25 
602892,18 75 
603700,79 72 
603971,46 70 
605186,41 80 
605863,57 83 
605870,29 64 7
606009,23 74 119
606009,23 61 119
606419,18 150 
606438,49 68 
607252,21 92 
607252,21 65 
607275,97 103 
607275,97 101 
607811,86 100 
607811,86 6
607811,86 1928
607811,86 11
609782,24 25 
611315,28 75 
612125,62 72 
612341,26 70 
613238,32 80 
613780,19 83 
613910,87 64 131
614079,73 74 154
614079,73 61 154
614891,17 150 
614914,92 68 
616124,7 92 
616124,7 65 
616138,84 103 
616138,84 101 
616678,23 100 
616678,23 6
616678,23 1928
616678,23 10
618658,47 25 
619045,35 75 
619852,31 72 
619937,99 70 
620832,54 80 
621323,66 83 
621557,32 64 234
621794,64 74 218
621794,64 63 218
622207,39 150 
622231,76 68 
623441 92 
623441 65 
623455,94 103 
623455,94 101 
623991,77 100 
623991,77 6
623991,77 1928
623991,77 10
625962,02 25 
626575,49 75 
627383,23 72 
627468,14 70 
628355,78 80 
628893,79 83 
628989,75 64 97
629238,28 74 225
629238,28 63 225
629649,74 150 
629668,67 68 
630181,02 92 
630181,02 65 
630199,54 103 
630199,54 101 
630733,53 100 
630733,53 6
630733,53 1928
630733,53 11
632705,79 25 
632959,36 75 
633769,5 72 
633852,09 70 
634742,14 80 
635184,4 83 
635538,63 64 355
635733,03 74 176
635733,03 61 176
636546,52 150 
636572,38 68 
637380,32 92 
637380,32 65 
637396,47 103 
637396,47 101 
637947,86 100 
637947,86 6
637947,86 1928
637947,86 11
639916,42 25 
641129,27 75 
641936,67 72 
642021,94 70 
642923,38 80 
643354,27 83 
643650,11 64 296
643885,87 74 212
643885,87 61 212
644297,83 150 
644315,8 68 
645523,5 92 
645523,5 65 
645539,68 103 
645539,68 101 
646072,7 100 
646072,7 1
646072,7 1928
646072,7 10
646072,7 78 
646072,7 198 
648045,92 25 
648553,77 75 
649361,95 72 
649445,5 70 
650325,21 80 
650817,78 83 
651052,36 64 235
651251,58 74 181
651251,58 63 181
652063,28 151 
652085,81 69 
652592,91 93 
652603,34 103 
652603,34 101 
656137,61 100 
656137,61 1
656137,61 1928
656137,61 10
658108,35 25 
658135,52 75 
658944,72 72 
659028,13 70 
659916,73 80 
660453,68 83 
661047,9 64 595
661297,23 74 231
661297,23 63 231
662105,69 151 
662134,76 69 
663145,12 93 
663158,84 103 
663158,84 101 
666700,62 100 
666700,62 1
666700,62 1928
666700,62 11
668677,21 25 
668704,46 75 
669512,59 72 
669596,93 70 
670490,54 80 
670929,47 83 
671316,96 64 388
671509,21 74 167
671509,21 61 167
671920,83 153 
671944,02 68 
671977,11 249
672235,36 171
672452,07 92 
672452,07 65 
672474,92 103 
672474,92 101 
673009,6 100 
673009,6 1
673009,6 1928
673009,6 10
674981,27 25 
675008,36 75 
675816,79 72 
675900,91 70 
676793,37 80 
677326,5 83 
677614,38 64 288
677822,82 74 190
677822,82 63 190
678634,38 151 
678661,15 69 
679046,69 249 
679168,67 93 
679178,76 103 
679178,76 101 
682709,68 100 
682709,68 1
682709,68 1928
682709,68 11
684683,79 25 
685790,26 75 
686598,21 72 
686682,95 70 
687568,48 80 
688068,65 83 
688287,67 64 220
688514,53 74 207
688514,53 61 207
688921,66 151 
688949,32 69 
689763,41 93 
689774,21 103 
689774,21 101 
693318,62 100 
693318,62 1
693318,62 1928
693318,62 10
695292,56 25 
695319,81 75 
696126,61 72 
696212,28 70 
697094,48 80 
697518,07 83 
697957,03 64 439
698465,55 74 493
698465,55 62 493
698876,34 151 
698905,96 69 
699715,86 93 
699729,97 103 
699729,97 101 
703265,36 100 
703265,36 1
703265,36 1928
703265,36 10
705235,1 25 
705262,37 75 
706070,64 72 
706154,68 70 
707052,32 80 
707580,49 83 
708735,3 64 1155
709790,15 74 1037
709790,15 63 1037
710600,36 151 
710620,63 69 
711133,09 93 
711151,78 103 
711151,78 101 
714685,75 100 
714685,75 1
714685,75 1928
714685,75 11
716656,82 25 
716684,89 75 
717492,35 72 
717749,78 70 
718847,98 80 
719535,27 83 
720600,55 64 1066
721021,49 74 408
721021,49 62 408
721430,28 150 
721456,24 68 
721965,4 92 
721965,4 65 
721987,29 103 
721987,29 101 
722526,91 100 
722526,91 1
722526,91 1928
722526,91 10
724506,78 25 
724813,68 75 
725621,74 72 
725839,7 70 
726750,6 80 
727280,63 83 
727629,21 64 351
727840,22 74 189
727840,22 62 189
728650,36 151 
728679,48 69 
729188,62 93 
729210,92 103 
729210,92 101 
732746,41 100 
732746,41 1
732746,41 1928
732746,41 11
734715,77 25 
734743,85 75 
735550,98 72 
735635,47 70 
736520,61 80 
736954,63 83 
738117,47 64 1164
738400,35 74 260
738400,35 61 260
739208,83 151 
739235,42 69 
740242,7 93 
740259,38 103 
740259,38 101 
743793,26 100 
743793,26 1
743793,26 1928
743793,26 10
745764,41 25 
745791,72 75 
746600,7 72 
746684,15 70 
747572,92 80 
748056,48 83 
750210,15 64 2154
750981,87 74 753
750981,87 61 753
751390,53 150 
751416,98 68 
751950,34 249
752623,48 92 
752623,48 65 
752640,83 103 
752640,83 101 
753186,83 100 
753186,83 1
753186,83 1928
753186,83 11
755160,4 25 
755187,54 75 
755997,03 72 
756080,1 70 
756977,02 80 
757519,07 83 
758450,52 64 932
758787,12 74 322
758787,12 62 322
759598,21 150 
759626 68 
759936,2 249
759993,52 172 
760135,71 92 
760135,71 65 
760157,61 103 
760157,61 101 
760691,33 100 
760691,33 1
760691,33 1928
760691,33 11
762663,92 25 
762730,94 75 
763538,8 72 
763623,61 70 
764518 80 
764996 83 
765285,2 64 289
765465,92 74 164
765465,92 62 164
765873,78 152 
765904,02 69 
766715,17 93 
766728,16 103 
766728,16 101 
770261,12 100 
770261,12 1
770261,12 1928
770261,12 10
772233,17 25 
772273,72 75 
773083,79 72 
773166,18 70 
774048,25 80 
774472,26 83 
774854,71 64 383
775291,29 74 420
775291,29 61 420
776100,04 150 
776125,6 68 
776430,53 249
776514,4 171
777715,94 92 
777715,94 65 
777736,81 103 
777736,81 101 
778276,66 100 
778276,66 1
778276,66 1928
778276,66 11
780256,49 25 
780283,59 75 
781090,73 72 
781176,11 70 
782074,68 80 
782601,78 83 
782742,2 64 141
782901,36 74 140
782901,36 61 140
783312,55 151 
783336,71 69 
783849,59 93 
783867,56 103 
783867,56 101 
787403,99 100 
787403,99 1
787403,99 1928
787403,99 10
789372,62 25 
789679,75 75 
790491,11 72 
790572,14 70 
791464,25 80 
791957,78 83 
792709,13 64 752
792972,54 74 243
792972,54 61 243
793781,89 150 
793812,17 68 
794622,87 92 
794622,87 65 
794649,63 103 
794649,63 101 
795184,24 100 
795184,24 1
795184,24 1928
795184,24 10
797155,94 25 
797183,26 75 
797991,57 72 
798075,62 70 
798972,61 80 
799421,26 83 
799660,23 64 239
799847,42 74 174
799847,42 61 174
800256,25 150 
800276,07 68 
800787,63 92 
800787,63 65 
800807,01 103 
800807,01 101 
801352,44 100 
801352,44 1
801352,44 1928
801352,44 10
803326,61 25 
803380,51 75 
804189,42 72 
804272,96 70 
805157,48 80 
805658,64 83 
805772,02 64 114
805929,76 74 138
805929,76 61 138
806738,64 150 
806766,65 68 
807975,86 92 
807975,86 65 
807990,65 103 
807990,65 101 
808521,73 100 
808521,73 1
808521,73 1928
808521,73 11
810496,92 25 
811883,33 75 
812690,74 72 
812776,11 70 
813673,16 80 
814108,41 83 
814441,78 64 334
814477,94 256 
814718 74 263
814718 62 263
815127,12 150 
815150 68 
815446,88 249
815500,59 172 
815662,55 92 
815662,55 65 
815680,68 103 
815680,68 101 
816218,06 100 
816218,06 1
816218,06 1928
816218,06 11
818186,99 25 
818214,38 75 
819020,6 72 
819106,69 70 
819997,71 80 
820532,27 83 
820732,57 64 201
820761,17 256 
820864,54 74 120
820864,54 62 120
821274,23 150 
821293,98 68 
821617,28 249
821665,12 172 
822109,34 92 
822109,34 65 
822131,29 103 
822131,29 101 
822669,53 100 
822669,53 1
822669,53 1928
822669,53 10
824650,88 25 
824678,24 75 
825487,2 72 
825570,57 70 
826662 80 
827382,73 83 
827562,38 64 180
827770,48 74 189
827770,48 61 189
828578,8 150 
828598,38 68 
829108,89 92 
829108,89 65 
829128,36 103 
829128,36 101 
829662,52 100 
829662,52 1
829662,52 1928
829662,52 11
831634,58 25 
831675,49 75 
832484,83 72 
832754,21 70 
833964,74 80 
834752,93 83 
834910,74 64 158
834943,3 256 
835099,03 74 173
835099,03 62 173
835511,69 150 
835541,05 68 
835934,69 249
835980,29 172 
836353,77 92 
836353,77 65 
836378,59 103 
836378,59 101 
836909,82 100 
836909,82 1
836909,82 1928
836909,82 11
838884,87 25 
839898,06 75 
840707,5 72 
840964 70 
842023,78 80 
842509,77 83 
843218,69 64 710
843438,41 74 196
843438,41 62 196
844246,02 150 
844270,84 68 
844567,92 249
844639,86 172 
845482,25 92 
845482,25 65 
845507,99 103 
845507,99 101 
846056,31 100 
846056,31 1
846056,31 1928
846056,31 10
848027,7 25 
848055,09 75 
848862,54 72 
848947,38 70 
849845,89 80 
850292,99 83 
850663,07 64 370
850838,34 74 159
850838,34 61 159
851646,65 150 
851668,51 68 
852177,34 92 
852177,34 65 
852198,5 103 
852198,5 101 
852731,36 100 
852731,36 1
852731,36 1928
852731,36 11
854704,74 25 
855358,41 75 
856167,56 72 
856250,87 70 
857141,75 80 
857663,19 83 
857840,51 64 178
858031,9 74 169
858031,9 62 169
858440,22 152 
858464,68 69 
858871 249 
859095,71 256 
861071,33 93 
861088,1 103 
861088,1 101 
864627,09 100 
864627,09 1
864627,09 1928
864627,09 11
866593,11 25 
866620,46 75 
867428,64 72 
867512,78 70 
868405,4 80 
868885,1 83 
869597,8 64 713
869783,97 74 166
869783,97 62 166
870192,17 150 
870219,67 68 
870498,82 249
870564,91 172 
871031,03 92 
871031,03 65 
871057,18 103 
871057,18 101 
871596,15 100 
871596,15 1
871596,15 1928
871596,15 10
873576,75 25 
873603,82 75 
874410,46 72 
874483,4 70 
875369,03 80 
875815,49 83 
875954,18 64 139
876157,14 74 182
876157,14 61 182
876964,94 150 
876990,23 68 
877802,08 92 
877802,08 65 
877827,55 103 
877827,55 101 
878366,76 100 
878366,76 1
878366,76 1928
878366,76 10
880347,23 25 
881080,58 75 
881888,73 72 
881973,26 70 
882865,05 80 
883345,67 83 
883582,34 64 237
883763,36 74 165
883763,36 61 165
884174,97 150 
884200,41 68 
885411 92 
885411 65 
885437,67 103 
885437,67 101 
885970,15 100 
885970,15 1
885970,15 1928
885970,15 10
887943,97 25 
888890,81 75 
889700,77 72 
889783,32 70 
890673,25 80 
891208,89 83 
891376,15 64 167
891541,99 74 147
891541,99 61 147
892351,68 150 
892383,57 68 
892892,85 92 
892892,85 65 
892914,55 103 
892914,55 101 
893457,52 100 
893457,52 1
893457,52 1928
893457,52 11
895434,14 25 
896380,78 75 
897189,92 72 
897273,43 70 
898155,26 80 
898592,43 83 
898851,71 64 260
899035 74 163
899035 62 163
899447,27 150 
899474 68 
899803,87 249
899851,62 172 
900290,04 92 
900290,04 65 
900311,39 103 
900311,39 101 
900843,51 100 
900843,51 1
900843,51 1928
900843,51 11
902817,71 25 
902844,93 75 
903653,89 72 
903737,43 70 
904618,12 80 
905149,65 83 
905369,35 64 220
905544,23 74 155
905544,23 62 155
906355 152 
906377,04 69 
906656,38 249 
908664,55 93 
908681,15 103 
908681,15 101 
912217,9 100 
912217,9 1
912217,9 1928
912217,9 11
914186,35 25 
914213,3 75 
915020,42 72 
915105,89 70 
915989,52 80 
916478,33 83 
916709,02 64 231
916895,5 74 164
916895,5 62 164
917705,81 150 
917732,87 68 
918018,16 249
918086,14 172 
918241,58 92 
918241,58 65 
918263,8 103 
918263,8 101 
918801,31 100 
918801,31 1
918801,31 1928
918801,31 11
920770,05 25 
921476,73 75 
922283,69 72 
922369,47 70 
923252,07 80 
923728,59 83 
924082,27 64 354
924304,35 74 203
924304,35 62 203
924714,01 150 
924743,17 68 
925110,9 249
925175,59 172 
925252,96 92 
925252,96 65 
925274,09 103 
925274,09 101 
925806,12 100 
925806,12 1
925806,12 1928
925806,12 10
927780,34 25 
927807,69 75 
928614,29 72 
928700,11 70 
929586,29 80 
930112,63 83 
930424,45 64 313
930611,29 74 166
930611,29 61 166
931419,01 150 
931447,03 68 
932256,04 92 
932256,04 65 
932271,11 103 
932271,11 101 
932805,25 100 
932805,25 1
932805,25 1928
932805,25 10
934777,39 25 
935217,75 75 
936026,38 72 
936110,3 70 
937006,96 80 
937442,62 83 
937561,84 64 120
937750,83 74 162
937750,83 61 162
938158,63 150 
938190,79 68 
939402,44 92 
939402,44 65 
939428,11 103 
939428,11 101 
939975,93 100 
939975,93 1
939975,93 1928
939975,93 10
941947,68 25 
941974,93 75 
942783,87 72 
942867,47 70 
943751,75 80 
944226,46 83 
944305,75 64 80
944470,68 74 152
944470,68 61 152
944882,89 150 
944907,98 68 
945716,4 92 
945716,4 65 
945732,07 103 
945732,07 101 
946271,99 100 
946271,99 1
946271,99 1928
946271,99 11
948238,31 25 
948398,72 75 
949208,25 72 
949464,64 70 
950535,73 80 
951116,8 83 
951254,84 64 139
951283,37 256 
951381,32 74 105
951381,32 62 105
952193,26 150 
952211,54 68 
952543,24 249
952636,14 172 
952733,44 92 
952733,44 65 
952755,84 103 
952755,84 101 
953289,82 100 
953289,82 1
953289,82 1928
953289,82 10
955262,05 25 
955302,58 75 
956109,79 72 
956395,02 70 
957344,83 80 
957993,9 83 
958075,42 64 81
958245,19 74 145
958245,19 61 145
959057,07 150 
959087,82 68 
960297,51 92 
960297,51 65 
960312,51 103 
960312,51 101 
960850,02 100 
960850,02 1
960850,02 1928
960850,02 10
962832,15 25 
963205,78 75 
964012,69 72 
964218,34 70 
965114,62 80 
965550,65 83 
965717,45 64 168
965886,21 74 149
965886,21 61 149
966295,29 150 
966325,48 68 
967537,57 92 
967537,57 65 
967562,78 103 
967562,78 101 
968098,89 100 
968098,89 1
968098,89 1928
968098,89 10
970069,21 25 
970895,72 75 
971704,27 72 
971788,41 70 
972685,9 80 
973227,42 83 
973254,09 64 27
973447,8 74 181
973447,8 61 181
973859,32 152 
973881,49 69 
973916,35 249 
974144,87 181 
974690,53 93 
974706,42 103 
974706,42 101 
978239,51 100 
978239,51 1
978239,51 1928
978239,51 11
980211,44 25 
980238,58 75 
981045,05 72 
981131,11 70 
982012,7 80 
982490,17 83 
982850,56 64 361
983097,11 74 221
983097,11 62 221
983906,14 150 
983931,31 68 
984212,21 249
984281,09 172 
984740,95 92 
984740,95 65 
984768,78 103 
984768,78 101 
985311,08 100 
985311,08 1
985311,08 1928
985311,08 10
987288,45 25 
987315,66 75 
988121,66 72 
988194,77 70 
989091,35 80 
989580,46 83 
989803,96 64 224
989998,94 74 179
989998,94 61 179
990809,73 150 
990834,36 68 
991342,05 92 
991342,05 65 
991366,05 103 
991366,05 101 
991898,92 100 
991898,92 1
991898,92 1928
991898,92 11
993872,25 25 
994805,56 75 
995613,89 72 
995698,27 70 
996585,49 80 
997017,24 83 
997259,85 64 243
997474,56 74 192
997474,56 62 192
997883,14 150 
997912 68 
998250,69 249
998304,37 172 
998722,88 92 
998722,88 65 
998749,57 103 
998749,57 101 
999290,68 100 
999290,68 1
999290,68 1928
999290,68 11
1001255,82 25 
1001283,67 75 
1002091,79 72 
1002175,52 70 
1003070,96 80 
1003614,52 83 
1003719,57 64 106
1003927,13 74 193
1003927,13 62 193
1004337,61 150 
1004362,61 68 
1004671,73 249
1004754,95 172 
1005577,43 92 
1005577,43 65 
1005599,95 103 
1005599,95 101 
1006142,23 100 
1006142,23 1
1006142,23 1928
1006142,23 11
1008119,58 25 
1008146,75 75 
1008954,2 72 
1009039,24 70 
1009936,33 80 
1010424,9 83 
1010568,44 64 144
1010592,5 256 
1010635,58 74 52
1010635,58 62 52
1011446,51 150 
1011466,48 68 
1011781,46 249
1011830,96 172 
1012674,65 92 
1012674,65 65 
1012690,25 103 
1012690,25 101 
1013223,92 100 
1013223,92 1
1013223,92 1928
1013223,92 10
1015196,56 25 
1015223,79 75 
1016033,88 72 
1016116,34 70 
1016998,65 80 
1017528,58 83 
1017658,5 64 131
1017681,16 256 
1017870,81 74 196
1017870,81 61 196
1018683,38 150 
1018703,26 68 
1019212,28 92 
1019212,28 65 
1019234,13 103 
1019234,13 101 
1019766,7 100 
1019766,7 1
1019766,7 1928
1019766,7 10
1021740,45 25 
1022380,51 75 
1023189 72 
1023273,31 70 
1024155,56 80 
1024592,21 83 
1024787,82 64 196
1024949,01 74 144
1024949,01 61 144
1025359,41 150 
1025380,36 68 
1026190,11 92 
1026190,11 65 
1026204,54 103 
1026204,54 101 
1026748,68 100 
1026748,68 1
1026748,68 1928
1026748,68 10
1028724,21 25 
1029510,91 75 
1030318,41 72 
1030403,52 70 
1031284,1 80 
1031802,5 83 
1032030,2 64 228
1032239,11 74 184
1032239,11 61 184
1033048,85 150 
1033070,5 68 
1033581,44 92 
1033581,44 65 
1033601,37 103 
1033601,37 101 
1034133,06 100 
1034133,06 1
1034133,06 1928
1034133,06 10
1036107,64 25 
1037227,77 75 
1038035,11 72 
1038107,05 70 
1038989,93 80 
1039479,24 83 
1039725,14 64 246
1039930,8 74 186
1039930,8 61 186
1040339,98 150 
1040374,07 68 
1041184,4 92 
1041184,4 65 
1041198,4 103 
1041198,4 101 
1041729,47 100 
1041729,47 1
1041729,47 1928
1041729,47 11
1043704,51 25 
1046037,17 75 
1046843,5 72 
1046929,84 70 
1047825,75 80 
1048262,26 83 
1048753,61 64 492
1048919,36 74 151
1048919,36 62 151
1049328,26 150 
1049356,89 68 
1049716,19 249
1049773,22 172 
1050567,56 92 
1050567,56 65 
1050594,15 103 
1050594,15 101 
1051141,12 100 
1051141,12 1
1051141,12 1928
1051141,12 10
1053113,78 25 
1053220,78 75 
1054027,47 72 
1054113,68 70 
1055013,86 80 
1055552,57 83 
1055686,63 64 135
1055876,5 74 178
1055876,5 61 178
1056684,41 150 
1056713,89 68 
1057521,72 92 
1057521,72 65 
1057537,89 103 
1057537,89 101 
1058072,84 100 
1058072,84 1
1058072,84 1928
1058072,84 11
1060044,17 25 
1061004,15 75 
1061811,79 72 
1061896,82 70 
1062787,23 80 
1063215,8 83 
1063467,99 64 253
1063660,16 74 178
1063660,16 62 178
1064070,53 150 
1064097,29 68 
1064429,75 249
1064489,82 172 
1065307,34 92 
1065307,34 65 
1065321,37 103 
1065321,37 101 
1065853,22 100 
1065853,22 1
1065853,22 1928
1065853,22 11
1067827,49 25 
1068800,87 75 
1069609,98 72 
1069866,76 70 
1071062,06 80 
1071652,23 83 
1071843,24 64 191
1071996,92 74 132
1071996,92 62 132
1072807,69 150 
1072826,89 68 
1073083,35 249
1073337,15 92 
1073337,15 65 
1073357,81 103 
1073357,81 101 
1073901,67 100 
1073901,67 1
1073901,67 1928
1073901,67 11
1075877,46 25 
1077463,85 75 
1078270,59 72 
1078356,48 70 
1079247,13 80 
1079675,48 83 
1079861,9 64 187
1080072,35 74 197
1080072,35 62 197
1080883,73 152 
1080903,44 69 
1081180,64 249 
1081803,66 182 
1082233,6 93 
1082247,46 103 
1082247,46 101 
1085781,83 100 
1085781,83 1
1085781,83 1928
1085781,83 11
1087752,39 25 
1087779,67 75 
1088587,56 72 
1088672,09 70 
1089562,42 80 
1090044,43 83 
1090241,59 64 198
1090766,4 74 510
1090766,4 62 510
1091178,19 150 
1091205 68 
1091552,05 249
1091584,06 172 
1092012,63 92 
1092012,63 65 
1092030,97 103 
1092030,97 101 
1092571,44 100 
1092571,44 1
1092571,44 1928
1092571,44 10
1094549,45 25 
1094576,96 75 
1095385,58 72 
1095469,24 70 
1096355,34 80 
1096894,81 83 
1097053,28 64 159
1097468,58 74 401
1097468,58 61 401
1098279,62 150 
1098308,63 68 
1098816,45 92 
1098816,45 65 
1098840,32 103 
1098840,32 101 
1099380,29 100 
1099380,29 1
1099380,29 1928
1099380,29 10
1101359,91 25 
1102119,98 75 
1102139,62 250 
1102158,82 101 
1104158,84 100 
1104158,84 1
1104158,84 1928
1104158,84 10
1104158,84 25 
1104185,2 75 
1104994,6 72 
1105078,46 70 
1105977,7 80 
1106450,77 83 
1106726,83 64 277
1106931,97 74 188
1106931,97 61 188
1107341,16 150 
1107358,91 68 
1108169,79 92 
1108169,79 65 
1108196,33 103 
1108196,33 101 
1108729,05 100 
1108729,05 1
1108729,05 1928
1108729,05 11
1110702,7 25 
1113581,72 75 
1114390,36 72 
1114474,42 70 
1115370,94 80 
1115886,7 83 
1116171,92 64 286
1116404,28 74 211
1116404,28 62 211
1116813,96 150 
1116834,97 68 
1117140,96 249
1117802,81 172 
1118045,55 92 
1118045,55 65 
1118072,12 103 
1118072,12 101 
1118606,05 100 
1118606,05 1
1118606,05 1928
1118606,05 11
1120578,42 25 
1120911,95 75 
1121719,46 72 
1121804,62 70 
1122698,76 80 
1123123,72 83 
1123386,66 64 264
1123415,56 256 
1123457,2 74 54
1123457,2 62 54
1124265,74 150 
1124285,27 68 
1124609,12 249
1124793,08 92 
1124793,08 65 
1124815,92 103 
1124815,92 101 
1125359,35 100 
1125359,35 1
1125359,35 1928
1125359,35 11
1127335,7 25 
1127362,84 75 
1128171 72 
1128255,29 70 
1129137,6 80 
1129627,57 83 
1129886,35 64 259
1130038,24 74 131
1130038,24 62 131
1130848,66 150 
1130868,17 68 
1131171,02 249
1131258,05 172 
1132077,44 92 
1132077,44 65 
1132092,85 103 
1132092,85 101 
1132624,53 100 
1132624,53 1
1132624,53 1928
1132624,53 10
1134599,12 25 
1134626,58 75 
1135434,81 72 
1135518,81 70 
1136399,73 80 
1136837,9 83 
1137108,8 64 272
1137320,87 74 190
1137320,87 61 190
1137732,69 150 
1137758,52 68 
1137791,73 249
1138000,1 171
1138566,54 92 
1138566,54 65 
1138596,73 103 
1138596,73 101 
1139130,81 100 
1139130,81 1
1139130,81 1928
1139130,81 11
1141103,14 25 
1143249,14 75 
1144055,48 72 
1144141,82 70 
1145023,45 80 
1145554,1 83 
1145651,91 64 98
1145685,66 256 
1145706,9 74 33
1145706,9 62 33
1146115,4 150 
1146142,45 68 
1146653,84 92 
1146653,84 65 
1146673,32 103 
1146673,32 101 
1147213,28 100 
1147213,28 1
1147213,28 1928
1147213,28 11
1149192,94 25 
1149353,3 75 
1150160,62 72 
1150232,61 70 
1151123,61 80 
1151551,63 83 
1151786,14 64 235
1151957,32 74 153
1151957,32 62 153
1152766,05 152 
1152792,27 69 
1153325,91 249 
1153604,53 93 
1153617,03 103 
1153617,03 101 
1157154,28 100 
1157154,28 1
1157154,28 1928
1157154,28 10
1159135,34 25 
1159602,32 75 
1160409,37 72 
1160481,57 70 
1161378,87 80 
1161867,2 83 
1162065,64 64 199
1162259,29 74 179
1162259,29 61 179
1162669,8 150 
1162695,39 68 
1163504,07 92 
1163504,07 65 
1163519,5 103 
1163519,5 101 
1164052,68 100 
1164052,68 1
1164052,68 1928
1164052,68 10
1166025,84 25 
1166545,92 75 
1167353,82 72 
1167438,61 70 
1168327,08 80 
1168864,26 83 
1169276,36 64 412
1169465,59 74 176
1169465,59 61 176
1170277,12 150 
1170305,4 68 
1171516,9 92 
1171516,9 65 
1171542,73 103 
1171542,73 101 
1172088,24 100 
1172088,24 3
1172088,24 1928
1172088,24 10
1172088,24 78 
1172088,24 198 
1174062,36 25 
1174636 75 
1175444,68 72 
1175648,58 70 
1176564,4 80 
1177087,36 83 
1177245,49 64 159
1177443,43 74 184
1177443,43 61 184
1177854,86 151 
1177874,8 69 
1178033,83 249 
1178211,78 181 
1181035,59 93 
1181045,35 103 
1181045,35 101 
1184576,3 100 
1184576,3 3
1184576,3 1928
1184576,3 10
1186550,44 25 
1188909,71 75 
1189168,81 250 
1189174,83 101 
1191188,38 100 
1191188,38 3
1191188,38 1928
1191188,38 10
1191188,38 25 
1191214,89 75 
1192024,92 72 
1192108,11 70 
1193004,02 80 
1193440,41 83 
1194243,62 64 804
1194575,28 74 309
1194575,28 61 309
1195386,2 151 
1195414,71 69 
1195791,97 249 
1196583,72 181 
1197291,25 93 
1197305,1 103 
1197305,1 101 
1200842,56 100 
1200842,56 3
1200842,56 1928
1200842,56 10
1202823,47 25 
1202850,72 75 
1203656,69 72 
1203743,15 70 
1204626,87 80 
1205102,19 83 
1205770,53 64 669
1206656,01 74 861
1206656,01 62 861
1207467,21 150 
1207489,67 68 
1207801,82 249
1208299,13 92 
1208299,13 65 
1208313,77 103 
1208313,77 101 
1208859,66 100 
1208859,66 3
1208859,66 1928
1208859,66 11
1210833,42 25 
1210860,62 75 
1211668,28 72 
1211753,1 70 
1212645,16 80 
1213125,45 83 
1214094,08 64 969
1214136,19 256 
1215856,12 74 1745
1215856,12 61 1745
1216266,79 151 
1216285,83 69 
1216794,58 93 
1216816,85 103 
1216816,85 101 
1220347,81 100 
1220347,81 3
1220347,81 1928
1220347,81 11
1222321,84 25 
1222349,27 75 
1223156,81 72 
1223228,22 70 
1224121,23 80 
1224547,26 83 
1225703,87 64 1157
1225954,82 74 235
1225954,82 63 235
1226367,25 150 
1226387,52 68 
1227596,74 92 
1227596,74 65 
1227612,33 103 
1227612,33 101 
1228143,32 100 
1228143,32 3
1228143,32 1928
1228143,32 11
1230118,54 25 
1230718,63 75 
1231528,06 72 
1231611,48 70 
1232494,07 80 
1233023,6 83 
1233222,5 64 200
1233407,72 256 
1233416,66 74 180
1233416,66 63 180
1234228,05 150 
1234251,62 68 
1235060,94 92 
1235060,94 65 
1235075,74 103 
1235075,74 101 
1235624,66 100 
1235624,66 3
1235624,66 1928
1235624,66 11
1237595,33 25 
1238862,07 75 
1239672,14 72 
1239754,51 70 
1240643,15 80 
1241180,14 83 
1241624,36 64 444
1241842,06 74 196
1241842,06 63 196
1242253,9 150 
1242274,89 68 
1242786 92 
1242786 65 
1242805,8 103 
1242805,8 101 
1243336,7 100 
1243336,7 3
1243336,7 1928
1243336,7 10
1245312,07 25 
1247324,88 75 
1248132,97 72 
1248217,62 70 
1249104,92 80 
1249536,59 83 
1249884,82 64 349
1250085,43 74 177
1250085,43 63 177
1250897,98 151 
1250924,54 69 
1251274,31 249 
1251405,85 183 
1251735,18 93 
1251748,63 103 
1251748,63 101 
1255281,03 100 
1255281,03 3
1255281,03 1928
1255281,03 10
1257253,66 25 
1259346,42 75 
1260154,9 72 
1260239,13 70 
1261123,39 80 
1261611,46 83 
1262550,91 64 940
1262895,08 74 324
1262895,08 61 324
1263704,95 151 
1263732,42 69 
1264474,63 249 
1264815,57 181 
1266445,95 93 
1266462,41 103 
1266462,41 101 
1270001,59 100 
1270001,59 3
1270001,59 1928
1270001,59 11
1271980,75 25 
1279564,57 75 
1280372,94 72 
1280630,97 70 
1281851,85 80 
1282589,18 83 
1283081,53 64 493
1283404,23 74 309
1283404,23 63 309
1283813,39 152 
1283843,84 69 
1284355,64 93 
1284374,78 103 
1284374,78 101 
1287912,25 100 
1287912,25 3
1287912,25 1928
1287912,25 11
1289879,87 25 
1290066,74 75 
1290874,63 72 
1291079,44 70 
1291988,12 80 
1292411,71 83 
1293571,27 64 1160
1295671,05 74 2087
1295671,05 61 2087
1296078,57 151 
1296105,43 69 
1297113,41 93 
1297129,37 103 
1297129,37 101 
1300660,33 100 
1300660,33 3
1300660,33 1928
1300660,33 10
1302634,37 25 
1304340,67 75 
1305149,95 72 
1305233,34 70 
1306121,6 80 
1306605,83 83 
1307941,96 64 1337
1308371,69 74 407
1308371,69 62 407
1309182,48 150 
1309206,37 68 
1309549,3 249
1309614,51 172 
1310015,82 92 
1310015,82 65 
1310030,55 103 
1310030,55 101 
1310573,56 100 
1310573,56 3
1310573,56 1928
1310573,56 11
1312550,23 25 
1312577,52 75 
1313383,48 72 
1313469,86 70 
1314358,28 80 
1314788,86 83 
1315056,68 64 268
1315273,28 74 205
1315273,28 63 205
1316082,96 150 
1316110,99 68 
1316618,81 92 
1316618,81 65 
1316641,04 103 
1316641,04 101 
1317173,02 100 
1317173,02 3
1317173,02 1928
1317173,02 10
1319147,33 25 
1319627,52 75 
1320435,67 72 
1320520,2 70 
1321416,79 80 
1321906,08 83 
1322591,12 64 685
1322779,01 74 167
1322779,01 63 167
1323189,79 153 
1323213,78 68 
1324024,43 92 
1324024,43 65 
1324037,92 103 
1324037,92 101 
1324571,29 100 
1324571,29 3
1324571,29 1928
1324571,29 11
1326544,19 25 
1326571,84 75 
1327378,4 72 
1327450,91 70 
1328335,83 80 
1328862,84 83 
1329017,65 64 155
1329200,72 74 165
1329200,72 63 165
1329611,12 150 
1329637,75 68 
1330847,75 92 
1330847,75 65 
1330861,69 103 
1330861,69 101 
1331403,14 100 
1331403,14 3
1331403,14 1928
1331403,14 11
1333381,29 25 
1333408,52 75 
1334217,65 72 
1334301,02 70 
1335196,54 80 
1335739,95 83 
1336687,45 64 948
1337101,46 74 389
1337101,46 63 389
1337911,01 150 
1337940,92 68 
1339150,83 92 
1339150,83 65 
1339164,89 103 
1339164,89 101 
1339697,58 100 
1339697,58 3
1339697,58 1928
1339697,58 10
1341671,13 25 
1342472,25 75 
1343281,21 72 
1343363,85 70 
1344258,57 80 
1344736,11 83 
1345834,18 64 1098
1346039,38 74 184
1346039,38 63 184
1346449,24 151 
1346470,82 69 
1346977,92 93 
1346988,16 103 
1346988,16 101 
1350520,8 100 
1350520,8 3
1350520,8 1928
1350520,8 11
1352493,14 25 
1352534,07 75 
1353341,53 72 
1353426,19 70 
1354321,52 80 
1354758,57 83 
1355083,07 64 325
1355287,69 74 183
1355287,69 63 183
1356097,86 150 
1356119,83 68 
1356931,65 92 
1356931,65 65 
1356943,96 103 
1356943,96 101 
1357493,58 100 
1357493,58 3
1357493,58 1928
1357493,58 10
1359476,83 25 
1360796,63 75 
1361603,49 72 
1361689,42 70 
1362587,59 80 
1363114,96 83 
1363139,41 64 24
1363358,58 74 204
1363358,58 63 204
1364169,34 151 
1364196,34 69 
1364527,81 249 
1364704,45 93 
1364714,11 103 
1364714,11 101 
1368245,17 100 
1368245,17 3
1368245,17 1928
1368245,17 10
1370219,07 25 
1371792,01 75 
1372599,1 72 
1372684,71 70 
1373573,67 80 
1374003,7 83 
1374754,42 64 751
1374935,32 74 159
1374935,32 63 159
1375344,17 151 
1375364,18 69 
1376371,93 93 
1376389 103 
1376389 101 
1379921,96 100 
1379921,96 3
1379921,96 1928
1379921,96 11
1381893,97 25 
1381921,28 75 
1382728,97 72 
1382813,68 70 
1383708,99 80 
1384199,34 83 
1385432,57 64 1234
1385797,76 74 346
1385797,76 61 346
1386608,57 151 
1386640,16 69 
1387445,26 249 
1387708,52 181 
1389330,67 93 
1389343,49 103 
1389343,49 101 
1392883,44 100 
1392883,44 3
1392883,44 1928
1392883,44 10
1394861,8 25 
1397341,17 75 
1398150,16 72 
1398407,05 70 
1399619,9 80 
1400299,19 83 
1401587,78 64 1289
1401931,04 74 326
1401931,04 63 326
1402340,11 151 
1402366,76 69 
1402878,17 93 
1402897,74 103 
1402897,74 101 
1406434,47 100 
1406434,47 3
1406434,47 1928
1406434,47 11
1408416,1 25 
1408443,77 75 
1409250,99 72 
1409335,75 70 
1410221,9 80 
1410761,4 83 
1411071,16 64 310
1411551,25 74 457
1411551,25 62 457
1411958,61 151 
1411989,42 69 
1412292,06 249 
1412998,38 93 
1413013,42 103 
1413013,42 101 
1416544,98 100 
1416544,98 3
1416544,98 1928
1416544,98 10
1418518,39 25 
1418931,91 75 
1419739,81 72 
1419824,7 70 
1420717,55 80 
1421143,75 83 
1421943,68 64 801
1422268,83 74 312
1422268,83 62 312
1423078,27 150 
1423104,63 68 
1423485,6 249
1423522,85 172 
1423914,96 92 
1423914,96 65 
1423928,8 103 
1423928,8 101 
1424471,25 100 
1424471,25 3
1424471,25 1928
1424471,25 10
1426448,39 25 
1426475,86 75 
1427284,26 72 
1427368,09 70 
1428254,9 80 
1428687,22 83 
1428987,87 64 301
1429211,63 74 205
1429211,63 62 205
1429624 150 
1429648,53 68 
1430003,47 249
1430039,08 172 
1430860,85 92 
1430860,85 65 
1430885,87 103 
1430885,87 101 
1431418,63 100 
1431418,63 3
1431418,63 1928
1431418,63 10
1433392,16 25 
1433419,4 75 
1434229,62 72 
1434311,81 70 
1435203,87 80 
1435684,12 83 
1435908,67 64 225
1436115,12 74 178
1436115,12 62 178
1436923,88 150 
1436952,09 68 
1437292,98 249
1437330,1 172 
1437760,9 92 
1437760,9 65 
1437776,22 103 
1437776,22 101 
1438313,6 100 
1438313,6 3
1438313,6 1928
1438313,6 11
1440282,5 25 
1440310,5 75 
1441118,17 72 
1441202,22 70 
1442095,54 80 
1442627,87 83 
1442736,73 64 110
1442940,85 74 180
1442940,85 63 180
1443349,43 152 
1443375,33 69 
1444188,62 93 
1444200,17 103 
1444200,17 101 
1447741,06 100 
1447741,06 3
1447741,06 1928
1447741,06 11
1449718,47 25 
1449745,99 75 
1450554,93 72 
1450638,19 70 
1451535,56 80 
1451970,6 83 
1452332,23 64 362
1452784,89 74 428
1452784,89 63 428
1453593,72 150 
1453611,74 68 
1454422,67 92 
1454422,67 65 
1454449,14 103 
1454449,14 101 
1454982,53 100 
1454982,53 3
1454982,53 1928
1454982,53 11
1456955,42 25 
1456982,61 75 
1457788,48 72 
1457875,12 70 
1458757,83 80 
1459287,43 83 
1459360,95 64 74
1459535,15 74 155
1459535,15 63 155
1460343,5 150 
1460368,92 68 
1461580,71 92 
1461580,71 65 
1461592,8 103 
1461592,8 101 
1462125,74 100 
1462125,74 3
1462125,74 1928
1462125,74 10
1464099,21 25 
1464299,39 75 
1465108,61 72 
1465192,03 70 
1466073,57 80 
1466564,36 83 
1467007,55 64 444
1467116,28 74 86
1467116,28 62 86
1467526,77 150 
1467552,6 68 
1467901,77 249
1467930,3 172 
1468063,59 92 
1468063,59 65 
1468083,42 103 
1468083,42 101 
1468630,37 100 
1468630,37 3
1468630,37 1928
1468630,37 11
1470603,06 25 
1471043,13 75 
1471852,43 72 
1471935,79 70 
1472824,11 80 
1473348,15 83 
1473442,72 64 95
1473606,17 256 
1473615,59 74 148
1473615,59 63 148
1474025,49 150 
1474055,61 68 
1475266,12 92 
1475266,12 65 
1475280,29 103 
1475280,29 101 
1475812,2 100 
1475812,2 3
1475812,2 1928
1475812,2 10
1477786,66 25 
1478906,5 75 
1479714,84 72 
1479799,12 70 
1480694,78 80 
1481118,21 83 
1481409,62 64 292
1481594,45 74 171
1481594,45 62 171
1482401,87 150 
1482426,19 68 
1482793,96 249
1483235,03 92 
1483235,03 65 
1483250,28 103 
1483250,28 101 
1483784,48 100 
1483784,48 3
1483784,48 1928
1483784,48 10
1485756,5 25 
1489728,59 75 
1490539,13 72 
1490621,23 70 
1491509,06 80 
1491993,52 83 
1492221,18 64 228
1492422,51 74 177
1492422,51 62 177
1492829,59 150 
1492847,62 68 
1493167,98 249
1493234,9 172 
1493361,52 92 
1493361,52 65 
1493379,32 103 
1493379,32 101 
1493917,67 100 
1493917,67 3
1493917,67 1928
1493917,67 11
1495898,91 25 
1497032,1 75 
1497838,83 72 
1497924,76 70 
1498808,78 80 
1499750,24 83 
1500013,41 64 263
1500167,21 256 
1500180,87 74 151
1500180,87 63 151
1500991,23 150 
1501018,35 68 
1502229,51 92 
1502229,51 65 
1502255,5 103 
1502255,5 101 
1502791,9 100 
1502791,9 3
1502791,9 1928
1502791,9 10
1504762,78 25 
1505348,59 75 
1506158,09 72 
1506374,52 70 
1507283,58 80 
1507720,22 83 
1507965,89 64 246
1508156,56 74 171
1508156,56 62 171
1508966,31 150 
1508988,16 68 
1509393,23 249
1509470,97 172 
1509799,01 92 
1509799,01 65 
1509812,29 103 
1509812,29 101 
1510343,41 100 
1510343,41 3
1510343,41 1928
1510343,41 11
1512318,61 25 
1513838,24 75 
1514646,58 72 
1514731,03 70 
1515627,49 80 
1516103,25 83 
1516390,93 64 288
1516581,58 74 173
1516581,58 63 173
1516991,83 150 
1517010,81 68 
1517520,24 92 
1517520,24 65 
1517542,31 103 
1517542,31 101 
1518084,67 100 
1518084,67 3
1518084,67 1928
1518084,67 10
1520061,95 25 
1520102,42 75 
1520912,94 72 
1520995 70 
1521886,88 80 
1522369,28 83 
1522476,32 64 109
1522713,28 74 213
1522713,28 62 213
1523522,26 150 
1523541,91 68 
1523894,17 249
1523971,18 172 
1524351,14 92 
1524351,14 65 
1524366,16 103 
1524366,16 101 
1524898,47 100 
1524898,47 3
1524898,47 1928
1524898,47 11
1526872,52 25 
1527445,95 75 
1528253,14 72 
1528325,35 70 
1529206,87 80 
1529750,89 83 
1529859,85 64 110
1530052,67 74 169
1530052,67 63 169
1530463,87 150 
1530485,79 68 
1530521,65 249
1530709,27 173 
1530996,65 92 
1530996,65 65 
1531016,63 103 
1531016,63 101 
1531552,89 100 
1531552,89 3
1531552,89 1928
1531552,89 10
1533522,85 25 
1535815,62 75 
1536626,26 72 
1536708,27 70 
1537589,38 80 
1538027,31 83 
1538167,43 64 140
1538343,2 74 156
1538343,2 62 156
1539153,42 150 
1539175,51 68 
1539491,96 249
1539552,51 172 
1540385,52 92 
1540385,52 65 
1540399,3 103 
1540399,3 101 
1540935,73 100 
1540935,73 3
1540935,73 1928
1540935,73 11
1542905,77 25 
1544758,44 75 
1545567,37 72 
1545651,21 70 
1546537,36 80 
1546957,08 83 
1547152,24 64 195
1547331,74 74 162
1547331,74 63 162
1547740,71 152 
1547771,68 69 
1548279,88 93 
1548302,58 103 
1548302,58 101 
1551837,33 100 
1551837,33 3
1551837,33 1928
1551837,33 11
1553807,58 25 
1553834,81 75 
1554642,78 72 
1554727,31 70 
1555609,67 80 
1556086,3 83 
1556320,34 64 234
1556472,44 74 133
1556472,44 63 133
1556879,64 150 
1556900,49 68 
1557316,57 256 
1558449,03 92 
1558449,03 65 
1558471,62 103 
1558471,62 101 
1559003,42 100 
1559003,42 3
1559003,42 1928
1559003,42 10
1560977,82 25 
1563897,01 75 
1564705,31 72 
1564789,78 70 
1565680,01 80 
1566215,29 83 
1566687,2 64 472
1567077,37 74 369
1567077,37 63 369
1567888,55 151 
1567909,77 69 
1568720,09 93 
1568733,92 103 
1568733,92 101 
1572281,45 100 
1572281,45 3
1572281,45 1928
1572281,45 10
1574252,29 25 
1574279,4 75 
1575088,18 72 
1575172,06 70 
1576051,82 80 
1576477,66 83 
1576993,5 64 517
1577175,41 74 166
1577175,41 63 166
1577984,75 151 
1578012,29 69 
1578459,98 249 
1578790,61 183 
1578822,05 93 
1578836,32 103 
1578836,32 101 
1582368,93 100 
1582368,93 3
1582368,93 1928
1582368,93 11
1584341,25 25 
1585181,32 75 
1585787,14 250 
1585806,19 101 
1587806,51 100 
1587806,51 3
1587806,51 1928
1587806,51 11
1587806,51 25 
1587833,99 75 
1588641,13 72 
1588726,16 70 
1589611,61 80 
1590098,51 83 
1590732,98 64 635
1591685,15 74 934
1591685,15 63 934
1592094,28 150 
1592112,82 68 
1593321,14 92 
1593321,14 65 
1593350,16 103 
1593350,16 101 
1593883,05 100 
1593883,05 3
1593883,05 1928
1593883,05 11
1595856,4 25 
1596217,45 75 
1597025,94 72 
1597109,26 70 
1597997,6 80 
1598534,9 83 
1598732,44 64 198
1598930,9 74 183
1598930,9 63 183
1599341,21 150 
1599363,07 68 
1600172,95 92 
1600172,95 65 
1600187,19 103 
1600187,19 101 
1600725,37 100 
1600725,37 3
1600725,37 1928
1600725,37 10
1602706,77 25 
1602734,04 75 
1603543,55 72 
1603626,54 70 
1604515,56 80 
1605039 83 
1605189,14 64 150
1605218,61 256 
1605373,72 74 162
1605373,72 62 162
1606183,4 150 
1606213,53 68 
1606507,53 249
1606589,34 172 
1607024,85 92 
1607024,85 65 
1607050,93 103 
1607050,93 101 
1607588,49 100 
1607588,49 3
1607588,49 1928
1607588,49 10
1609557,26 25 
1610570,47 75 
1611380,47 72 
1611596,67 70 
1612498,66 80 
1612928,81 83 
1613124,45 64 196
1613310,62 74 169
1613310,62 62 169
1614119,97 150 
1614143,6 68 
1614476,03 249
1614653,27 92 
1614653,27 65 
1614674,37 103 
1614674,37 101 
1615205,53 100 
1615205,53 3
1615205,53 1928
1615205,53 11
1617180,63 25 
1620046,69 75 
1620853,23 72 
1620925,96 70 
1621823,25 80 
1622311,47 83 
1622493,88 64 183
1622676,31 74 165
1622676,31 63 165
1623085,85 150 
1623112,32 68 
1624322,72 92 
1624322,72 65 
1624350,25 103 
1624350,25 101 
1624896,67 100 
1624896,67 3
1624896,67 1928
1624896,67 10
1626869,84 25 
1631175,14 75 
1631983,67 72 
1632067,78 70 
1632955,85 80 
1633386,79 83 
1633614,85 64 229
1633828,89 74 189
1633828,89 62 189
1634237,59 152 
1634268,17 69 
1634774,71 249 
1634859,78 256 
1635468,94 182 
1636237,89 93 
1636251,83 103 
1636251,83 101 
1639783,2 100 
1639783,2 3
1639783,2 1928
1639783,2 11
1641756,89 25 
1643089,98 75 
1643899,71 72 
1643982,68 70 
1644873,88 80 
1645395,01 83 
1645751,52 64 357
1645984,8 74 217
1645984,8 63 217
1646793,98 150 
1646823,09 68 
1647634,31 92 
1647634,31 65 
1647647,03 103 
1647647,03 101 
1648181,73 100 
1648181,73 3
1648181,73 1928
1648181,73 11
1650154,43 25 
1650686,81 75 
1651495,87 72 
1651579,47 70 
1652469,04 80 
1652951,77 83 
1653100,88 64 150
1653284,7 74 160
1653284,7 63 160
1654097,09 150 
1654126,44 68 
1655334,98 92 
1655334,98 65 
1655350,42 103 
1655350,42 101 
1655890,57 100 
1655890,57 3
1655890,57 1928
1655890,57 10
1657870,02 25 
1661495,51 75 
1662304 72 
1662388,2 70 
1663274,93 80 
1663800,48 83 
1663935,85 64 136
1664183,43 74 224
1664183,43 62 224
1664595,95 150 
1664615,31 68 
1664938,64 249
1664966,61 172 
1665823,7 92 
1665823,7 65 
1665839,27 103 
1665839,27 101 
1666373,98 100 
1666373,98 3
1666373,98 1928
1666373,98 10
1668345,63 25 
1670664,98 75 
1671474,62 72 
1671557,62 70 
1672452,69 80 
1672876,68 83 
1673040,93 64 165
1673278,9 74 216
1673278,9 62 216
1673689 150 
1673718,1 68 
1674226,77 92 
1674226,77 65 
1674249,04 103 
1674249,04 101 
1674781,69 100 
1674781,69 3
1674781,69 1928
1674781,69 10
1676755,35 25 
1676782,57 75 
1677590,95 72 
1677675,06 70 
1678555,57 80 
1679034,03 83 
1679313,84 64 280
1679498,98 74 172
1679498,98 62 172
1680307,58 150 
1680328,8 68 
1680631,44 249
1680749,56 172 
1681138,93 92 
1681138,93 65 
1681152,8 103 
1681152,8 101 
1681700,33 100 
1681700,33 3
1681700,33 1928
1681700,33 11
1683672,36 25 
1685418,7 75 
1686226,49 72 
1686311,35 70 
1687216,45 80 
1687683,73 83 
1687919,21 64 235
1688114,59 74 178
1688114,59 63 178
1688522,89 150 
1688551,92 68 
1688587,14 249
1688759,1 173 
1689363,13 92 
1689363,13 65 
1689375,95 103 
1689375,95 101 
1689908,14 100 
1689908,14 3
1689908,14 1928
1689908,14 11
1691882,26 25 
1692882,15 75 
1693688,84 72 
1693774,9 70 
1694671,85 80 
1695107,19 83 
1695408,93 64 302
1695621,13 74 193
1695621,13 63 193
1696432,8 152 
1696455,14 69 
1697264,56 93 
1697279,22 103 
1697279,22 101 
1700810,48 100 
1700810,48 3
1700810,48 1928
1700810,48 10
1702784,33 25 
1704663,86 75 
1705471,29 72 
1705556,54 70 
1706454,57 80 
1706995,65 83 
1707198,42 64 203
1707392,68 74 171
1707392,68 62 171
1707803,64 150 
1707823,69 68 
1708186,24 249
1708220 172 
1708334,83 92 
1708334,83 65 
1708354,56 103 
1708354,56 101 
1708894,47 100 
1708894,47 3
1708894,47 1928
1708894,47 10
1710874,16 25 
1710901,75 75 
1711709,9 72 
1711967,11 70 
1713032,28 80 
1713606 83 
1713802,2 64 196
1713826,02 256 
1713869,85 74 51
1713869,85 62 51
1714681,65 150 
1714700,7 68 
1715270,07 249
1715882,38 172 
1715911,95 92 
1715911,95 65 
1715924,68 103 
1715924,68 101 
1716459,45 100 
1716459,45 3
1716459,45 1928
1716459,45 11
1718431,01 25 
1719564,17 75 
1720371,85 72 
1720456,89 70 
1721349,3 80 
1721775,9 83 
1722019,02 64 243
1722226,84 74 185
1722226,84 63 185
1722634,43 150 
1722657,32 68 
1723165,79 92 
1723165,79 65 
1723188,27 103 
1723188,27 101 
1723720,62 100 
1723720,62 3
1723720,62 1928
1723720,62 11
1725694,52 25 
1728027,26 75 
1728836,81 72 
1728919,91 70 
1729813,21 80 
1730292,21 83 
1730501,24 64 209
1730762,69 74 245
1730762,69 63 245
1731574,03 150 
1731600,23 68 
1732408,8 92 
1732408,8 65 
1732424,32 103 
1732424,32 101 
1732969,35 100 
1732969,35 3
1732969,35 1928
1732969,35 10
1734943,91 25 
1735490,91 75 
1736299,5 72 
1736383,41 70 
1737276,45 80 
1737702,44 83 
1737855,75 64 152
1738015,42 74 141
1738015,42 62 141
1738823,35 150 
1738850,52 68 
1739145,7 249
1739269,31 172 
1739357,75 92 
1739357,75 65 
1739381,33 103 
1739381,33 101 
1739914,02 100 
1739914,02 3
1739914,02 1928
1739914,02 10
1741887,62 25 
1742940,91 75 
1743748,68 72 
1743833,59 70 
1744712,6 80 
1745205,9 83 
1745669 64 463
1745878,86 74 194
1745878,86 63 194
1746287,94 153 
1746313,19 68 
1747123,63 92 
1747123,63 65 
1747151,43 103 
1747151,43 101 
1747687,81 100 
1747687,81 3
1747687,81 1928
1747687,81 10
1749657,75 25 
1750670,97 75 
1751479,27 72 
1751563,81 70 
1752449,92 80 
1753002,63 83 
1753009,1 64 7
1753199,08 74 170
1753199,08 62 170
1753610,93 150 
1753644,35 68 
1753970,85 249
1754052,77 172 
1754852,16 92 
1754852,16 65 
1754868,12 103 
1754868,12 101 
1755422,92 100 
1755422,92 3
1755422,92 1928
1755422,92 11
1757401,15 25 
1760906,73 75 
1761714,2 72 
1761799,37 70 
1762686,85 80 
1763105,04 83 
1763281,14 64 176
1763475,51 74 171
1763475,51 63 171
1764282,98 150 
1764306,27 68 
1765117,26 92 
1765117,26 65 
1765143,72 103 
1765143,72 101 
1765677,1 100 
1765677,1 3
1765677,1 1928
1765677,1 11
1767650,03 25 
1768303,47 75 
1769112,51 72 
1769196,12 70 
1770082,12 80 
1770610,23 83 
1770715,5 64 108
1770900,24 74 172
1770900,24 63 172
1771307,82 150 
1771330 68 
1771841,16 92 
1771841,16 65 
1771860,87 103 
1771860,87 101 
1772393,32 100 
1772393,32 5
1772393,32 1928
1772393,32 11
1772393,32 78 
1772393,32 198 
1774367,16 25 
1784150,07 75 
1784547,72 250 
1784561,75 101 
1786575,3 100 
1786575,3 5
1786575,3 1928
1786575,3 11
1786575,3 25 
1788214,23 75 
1789021,66 72 
1789107,65 70 
1789991,3 80 
1790480,01 83 
1790639,03 64 159
1790815,86 74 163
1790815,86 63 163
1791627,76 151 
1791654,7 69 
1792465,52 93 
1792478,76 103 
1792478,76 101 
1796025,25 100 
1796025,25 5
1796025,25 1928
1796025,25 11
1797997,09 25 
1798024,33 75 
1798832,12 72 
1798916,84 70 
1799810,39 80 
1800342,44 83 
1800430,9 64 89
1800625,81 74 177
1800625,81 63 177
1801438,34 151 
1801463,85 69 
1802273,08 93 
1802287,97 103 
1802287,97 101 
1805820,7 100 
1805820,7 5
1805820,7 1928
1805820,7 11
1807793,01 25 
1809899,22 75 
1810709,35 72 
1810791,77 70 
1811680,82 80 
1812124,13 83 
1812505,79 64 382
1812759,53 74 236
1812759,53 63 236
1813169,91 151 
1813192,2 69 
1813701,49 93 
1813723,14 103 
1813723,14 101 
1817256,19 100 
1817256,19 5
1817256,19 1928
1817256,19 10
1819228,11 25 
1819255,32 75 
1820061,44 72 
1820147,82 70 
1821032,54 80 
1821520,19 83 
1822040,43 64 520
1822293,74 74 241
1822293,74 62 241
1823105,24 151 
1823134,69 69 
1823587,57 249 
1824906,17 182 
1825776,65 93 
1825797,94 103 
1825797,94 101 
1829340 100 
1829340 5
1829340 1928
1829340 10
1831316,3 25 
1831343,99 75 
1832153,74 72 
1832235,97 70 
1833117 80 
1833648,31 83 
1834952,93 64 1305
1835382,24 256 
1835411,51 74 445
1835411,51 63 445
1835819,57 150 
1835849,18 68 
1836358,69 92 
1836358,69 65 
1836380,16 103 
1836380,16 101 
1836914,98 100 
1836914,98 5
1836914,98 1928
1836914,98 11
1838886,43 25 
1839313,28 75 
1840125,11 72 
1840206,02 70 
1841101,1 80 
1841538,32 83 
1842763,53 64 1226
1843188,2 256 
1843206,43 74 430
1843206,43 63 430
1844019,78 151 
1844045,86 69 
1844857,96 93 
1844869,86 103 
1844869,86 101 
1848403,48 100 
1848403,48 5
1848403,48 1928
1848403,48 10
1850374,83 25 
1850402,54 75 
1851209,26 72 
1851294,55 70 
1852181,84 80 
1852666,87 83 
1853464,8 64 798
1853982,38 74 502
1853982,38 61 502
1854391,62 151 
1854414,38 69 
1854922,61 93 
1854932,51 103 
1854932,51 101 
1858492,38 100 
1858492,38 5
1858492,38 1928
1858492,38 11
1860463,88 25 
1864955,71 75 
1865765,48 72 
1865848,41 70 
1866739 80 
1867274 83 
1868272,72 64 999
1869699,68 74 1413
1869699,68 62 1413
1870111,41 150 
1870141,28 68 
1871350,68 92 
1871350,68 65 
1871365,37 103 
1871365,37 101 
1871897,24 100 
1871897,24 5
1871897,24 1928
1871897,24 10
1873871,52 25 
1873899,11 75 
1874705,98 72 
1874791,3 70 
1875681,9 80 
1876163,63 83 
1877634,39 64 1471
1878221,98 74 566
1878221,98 63 566
1879032,74 150 
1879057,52 68 
1879567,11 92 
1879567,11 65 
1879588,49 103 
1879588,49 101 
1880127,48 100 
1880127,48 5
1880127,48 1928
1880127,48 11
1882094,96 25 
1884280,81 75 
1885089,62 72 
1885173,49 70 
1886066,93 80 
1886505,81 83 
1886837,62 64 333
1887296,81 74 445
1887296,81 63 445
1888107,16 151 
1888133,64 69 
1888945,59 93 
1888957,78 103 
1888957,78 101 
1892495,46 100 
1892495,46 5
1892495,46 1928
1892495,46 10
1894476,1 25 
1897555,15 75 
1898361,59 72 
1898447,94 70 
1899340,85 80 
1899820,24 83 
1900132,51 64 313
1900527,06 74 374
1900527,06 62 374
1900935,52 151 
1900954,52 69 
1901964,09 93 
1901978,91 103 
1901978,91 101 
1905510,73 100 
1905510,73 5
1905510,73 1928
1905510,73 11
1907483,94 25 
1908070,92 75 
1908878,44 72 
1908963,42 70 
1909853,67 80 
1910282,44 83 
1911275,44 64 994
1911533,26 74 238
1911533,26 63 238
1912345,06 151 
1912363,43 69 
1913171,46 93 
1913187,5 103 
1913187,5 101 
1916719,57 100 
1916719,57 5
1916719,57 1928
1916719,57 10
1918692,48 25 
1919679,08 75 
1920485,35 72 
1920745,04 70 
1921965,55 80 
1922690,45 83 
1922845,95 64 156
1923433,41 74 570
1923433,41 62 570
1923841,49 153 
1923865,2 68 
1925075,32 92 
1925075,32 65 
1925089,1 103 
1925089,1 101 
1925634,89 100 
1925634,89 5
1925634,89 1928
1925634,89 10
1927609,48 25 
1927636,27 75 
1928442,56 72 
1928728,34 70 
1929677,33 80 
1930260,63 83 
1930561,11 64 301
1930795,19 74 215
1930795,19 63 215
1931205,2 150 
1931235,33 68 
1932044,95 92 
1932044,95 65 
1932072,95 103 
1932072,95 101 
1932607,04 100 
1932607,04 5
1932607,04 1928
1932607,04 11
1934579,05 25 
1934592,83 75 
1935401,68 72 
1935618,71 70 
1936514,58 80 
1936937,75 83 
1937551,16 64 614
1937809,98 74 246
1937809,98 63 246
1938622,18 151 
1938645,5 69 
1939151,56 93 
1939163,08 103 
1939163,08 101 
1942697,4 100 
1942697,4 5
1942697,4 1928
1942697,4 11
1944668,09 25 
1946241,21 75 
1947049,46 72 
1947133,85 70 
1948025,38 80 
1948559,45 83 
1948821,89 64 263
1949251,19 74 412
1949251,19 63 412
1949663,43 151 
1949694,1 69 
1950504,62 93 
1950518,35 103 
1950518,35 101 
1954059,97 100 
1954059,97 5
1954059,97 1928
1954059,97 10
1956036,6 25 
1956063,89 75 
1956872,4 72 
1956956,39 70 
1957849,84 80 
1958328,64 83 
1959103,9 64 776
1959413,83 74 286
1959413,83 62 286
1960224,51 151 
1960249,36 69 
1960650,45 249 
1961044,93 182 
1965619,8 256 
1968097,34 93 
1968110,79 103 
1968110,79 101 
1971645,33 100 
1971645,33 5
1971645,33 1928
1971645,33 11
1973615,78 25 
1973643,22 75 
1974451,29 72 
1974535,49 70 
1975415,31 80 
1975841,68 83 
1978114,05 64 2273
1979524,09 74 1391
1979524,09 62 1391
1980334,22 150 
1980361,27 68 
1980689,08 249
1980860,77 172 
1982045,88 92 
1982045,88 65 
1982064,84 103 
1982064,84 101 
1982598,89 100 
1982598,89 5
1982598,89 1928
1982598,89 11
1984571,15 25 
1985771,01 75 
1986579,23 72 
1986663,68 70 
1987567,61 80 
1988102,65 83 
1989099,65 64 998
1989831,35 74 716
1989831,35 62 716
1990242,36 150 
1990262,79 68 
1990607 249
1990655,6 172 
1990772,05 92 
1990772,05 65 
1990794,48 103 
1990794,48 101 
1991337,09 100 
1991337,09 5
1991337,09 1928
1991337,09 10
1993314,24 25 
1994873,79 75 
1995682,08 72 
1995766,46 70 
1996661,88 80 
1997138,87 83 
1997364,09 64 226
1997602,37 74 224
1997602,37 63 224
1998411,9 152 
1998433,07 69 
1999240,98 93 
1999257,55 103 
1999257,55 101 
2002792,23 100 
2002792,23 5
2002792,23 1928
2002792,23 10
2004762,59 25 
2004790,05 75 
2005599,24 72 
2005682,31 70 
2006577,66 80 
2007001,42 83 
2007470,25 64 469
2008031,99 74 538
2008031,99 62 538
2008440,57 151 
2008469,13 69 
2008978,32 93 
2009000,09 103 
2009000,09 101 
2012536,06 100 
2012536,06 5
2012536,06 1928
2012536,06 10
2014505,05 25 
2017410,88 75 
2018218,33 72 
2018303,59 70 
2019188,27 80 
2019729,36 83 
2020052,86 64 324
2020433,58 74 359
2020433,58 62 359
2020844,01 151 
2020863,87 69 
2021875,22 93 
2021887,93 103 
2021887,93 101 
2025427,07 100 
2025427,07 5
2025427,07 1928
2025427,07 11
2027406,33 25 
2031804,85 75 
2032613,29 72 
2032697,46 70 
2033580,54 80 
2034109,75 83 
2035291,85 64 1183
2035685,06 74 376
2035685,06 62 376
2036495,74 150 
2036523,26 68 
2036898,64 249
2036946,91 172 
2037046,61 92 
2037046,61 65 
2037068,14 103 
2037068,14 101 
2037602,53 100 
2037602,53 5
2037602,53 1928
2037602,53 11
2039574,47 25 
2039601,65 75 
2040409,92 72 
2040627,43 70 
2041525,32 80 
2041999,77 83 
2043074,83 64 1076
2043332,72 74 241
2043332,72 63 241
2043742,2 151 
2043761,07 69 
2044549,65 249 
2044771,14 93 
2044784,94 103 
2044784,94 101 
2048317,53 100 
2048317,53 5
2048317,53 1928
2048317,53 10
2050289,96 25 
2051863,04 75 
2052669,88 72 
2052755,63 70 
2053651,43 80 
2054087,93 83 
2055006,76 64 919
2055313,96 74 293
2055313,96 62 293
2056127,04 151 
2056154,8 69 
2056966,47 93 
2056979,82 103 
2056979,82 101 
2060525,67 100 
2060525,67 5
2060525,67 1928
2060525,67 11
2062498,04 25 
2062525,3 75 
2063331,68 72 
2063417,71 70 
2064305,25 80 
2064830,04 83 
2066338,89 64 1509
2068101,24 74 1739
2068101,24 62 1739
2068509,25 150 
2068536,3 68 
2069347,38 92 
2069347,38 65 
2069374,44 103 
2069374,44 101 
2069906,23 100 
2069906,23 5
2069906,23 1928
2069906,23 11
2071880,85 25 
2071921,48 75 
2072729,82 72 
2072813,79 70 
2073705,43 80 
2074172,77 83 
2074446,9 64 275
2074625,66 74 160
2074625,66 62 160
2075433,77 150 
2075454,15 68 
2075784,42 249
2075817,84 172 
2075963,46 92 
2075963,46 65 
2075984,93 103 
2075984,93 101 
2076521,01 100 
2076521,01 5
2076521,01 1928
2076521,01 11
2078491,3 25 
2079917,63 75 
2080724,55 72 
2080810,3 70 
2081698,86 80 
2082129,34 83 
2082386,55 64 258
2082415,72 256 
2082445,98 74 37
2082445,98 62 37
2082854,36 152 
2082877,54 69 
2083388,28 93 
2083408,46 103 
2083408,46 101 
2086945,62 100 
2086945,62 5
2086945,62 1928
2086945,62 10
2088926,76 25 
2088953,97 75 
2089762,53 72 
2089846,5 70 
2090736 80 
2091272,22 83 
2091896,03 64 624
2092230,52 74 319
2092230,52 63 319
2093040,42 150 
2093059,42 68 
2093867,61 92 
2093867,61 65 
2093884,98 103 
2093884,98 101 
2094420,44 100 
2094420,44 5
2094420,44 1928
2094420,44 10
2096390,28 25 
2097536,87 75 
2098345,82 72 
2098429,52 70 
2099322,29 80 
2099801,82 83 
2100592,51 64 792
2100773,54 74 160
2100773,54 63 160
2101184,71 150 
2101203,36 68 
2101266,06 249
2101492,2 173 
2102413,98 92 
2102413,98 65 
2102427,05 103 
2102427,05 101 
2107456,31 102 
