99,12 100 
99,12 1
99,12 1930
99,12 10
2039,89 25 
2064,66 75 
2973,46 72 
3250,52 70 
4572,77 80 
5103,48 83 
5443,21 64 340
5660,33 74 197
5660,33 61 197
6077,54 150 
6103,4 68 
6184,45 249
6446,25 171
6613,86 92 
6613,86 65 
6637,6 103 
6637,6 101 
7168,87 100 
7168,87 1
7168,87 1930
7168,87 11
9142,22 25 
9169,5 75 
10079,18 72 
10155,25 70 
11140,01 80 
11620,75 83 
11871,47 64 251
12074,85 74 188
12074,85 61 188
12885,11 151 
12913,83 69 
13925,57 93 
13939,41 103 
13939,41 101 
17473,84 100 
17473,84 1
17473,84 1930
17473,84 10
19444,45 25 
19471,85 75 
20378,71 72 
20457,5 70 
21448,11 80 
21976,34 83 
22212,96 64 237
22435,23 74 205
22435,23 63 205
23249,31 153 
23271,1 68 
24482,12 92 
24482,12 65 
24508,17 103 
24508,17 101 
25047,71 100 
25047,71 1
25047,71 1930
25047,71 10
27014,77 25 
27041,64 75 
27949,78 72 
28027,6 70 
29004,98 80 
29533,12 83 
29822,21 64 290
30016,03 74 177
30016,03 63 177
30426,96 151 
30455,66 69 
31467,81 93 
31478,83 103 
31478,83 101 
35015,7 100 
35015,7 1
35015,7 1930
35015,7 11
36996,99 25 
37024,08 75 
37930,23 72 
38009,83 70 
38992,84 80 
39475,51 83 
39754,1 64 279
40907,73 74 1138
40907,73 62 1138
41716,65 150 
41743,09 68 
42388,74 249
42598,5 172 
42952,44 92 
42952,44 65 
42966,84 103 
42966,84 101 
43501,63 100 
43501,63 1
43501,63 1930
43501,63 11
45473,29 25 
45500,81 75 
46409,07 72 
46486,28 70 
47473,74 80 
47911,91 83 
48160,36 64 249
48312,87 74 135
48312,87 62 135
48721,14 150 
48740,22 68 
48991 249
49079,84 172 
49549,98 92 
49549,98 65 
49564,01 103 
49564,01 101 
50106,7 100 
50106,7 1
50106,7 1930
50106,7 10
52084,66 25 
52110,96 75 
53019,5 72 
53096,9 70 
54080,88 80 
54508,97 83 
54777,71 64 269
54935,64 74 134
54935,64 61 134
55747,73 150 
55776,57 68 
56984,77 92 
56984,77 65 
57000,91 103 
57000,91 101 
57533,01 100 
57533,01 1
57533,01 1930
57533,01 11
59507,19 25 
59534,65 75 
60442,23 72 
60520,21 70 
61500,82 80 
61985,8 83 
62119,47 64 134
62260,74 74 115
62260,74 62 115
62669,91 150 
62694,16 68 
62932,29 249
63061,38 172 
63204,97 92 
63204,97 65 
63224,88 103 
63224,88 101 
63762,3 100 
63762,3 1
63762,3 1930
63762,3 10
65731,19 25 
65759,53 75 
66668,59 72 
66744,3 70 
67730,08 80 
68263,12 83 
68440,3 64 178
68605,72 74 143
68605,72 61 143
69414,7 150 
69437,89 68 
70250,12 92 
70250,12 65 
70275,29 103 
70275,29 101 
70815,52 100 
70815,52 1
70815,52 1930
70815,52 11
72794,78 25 
72822,41 75 
73729,03 72 
73807,87 70 
74789,58 80 
75326,75 83 
75385,19 64 58
75535,34 74 129
75535,34 62 129
75946,06 150 
75968,4 68 
76231,92 249
76296,2 172 
76779,64 92 
76779,64 65 
76792,44 103 
76792,44 101 
77327,89 100 
77327,89 1
77327,89 1930
77327,89 11
79298,72 25 
79326,82 75 
80235,55 72 
80311,86 70 
81297,99 80 
81777,46 83 
81998,96 64 222
82154,93 74 138
82154,93 62 138
82564,34 150 
82592,31 68 
82858,2 249
82926,27 172 
83101,36 92 
83101,36 65 
83123,04 103 
83123,04 101 
83657,54 100 
83657,54 1
83657,54 1930
83657,54 10
85629,37 25 
85656,49 75 
86562,13 72 
86642,39 70 
87627,46 80 
88067,92 83 
88356,41 64 289
88536,12 74 163
88536,12 61 163
89346,01 150 
89375,21 68 
90583,74 92 
90583,74 65 
90599,82 103 
90599,82 101 
91149,38 100 
91149,38 1
91149,38 1930
91149,38 10
93119,58 25 
93146,64 75 
94053,35 72 
94132,48 70 
95122,07 80 
95558,08 83 
95726,98 64 169
95883,48 74 139
95883,48 61 139
96295,92 150 
96319,81 68 
97531,13 92 
97531,13 65 
97556,96 103 
97556,96 101 
98092,89 100 
98092,89 1
98092,89 1930
98092,89 10
100063,11 25 
100091,56 75 
101000,06 72 
101076,11 70 
102070,08 80 
102541,88 83 
102650,27 64 109
102791,64 74 117
102791,64 61 117
103602,89 150 
103623,33 68 
104431,12 92 
104431,12 65 
104447,23 103 
104447,23 101 
104981,35 100 
104981,35 1
104981,35 1930
104981,35 11
106953,64 25 
106980,63 75 
107887,24 72 
108153,12 70 
109460,41 80 
110205,3 83 
110281,64 64 77
110449,89 74 152
110449,89 62 152
110862,09 150 
110886,83 68 
111249,78 249
111294,19 172 
111400,02 92 
111400,02 65 
111417,54 103 
111417,54 101 
111959,42 100 
111959,42 1
111959,42 1930
111959,42 10
113937,22 25 
113964,66 75 
114873,66 72 
115150,12 70 
116471,9 80 
117122,15 83 
117348,35 64 227
117525,83 74 164
117525,83 61 164
118335,37 150 
118363,56 68 
118873,71 92 
118873,71 65 
118894,34 103 
118894,34 101 
119430,54 100 
119430,54 1
119430,54 1930
119430,54 11
121400,75 25 
121427,92 75 
122336,78 72 
122613,65 70 
123931,51 80 
124612,37 83 
124667,76 64 56
124819,2 74 128
124819,2 62 128
125230,53 150 
125254,12 68 
125535,05 249
125598,03 172 
126462,49 92 
126462,49 65 
126477,82 103 
126477,82 101 
127012,57 100 
127012,57 1
127012,57 1930
127012,57 11
128984,15 25 
129011,2 75 
129919,92 72 
130263,72 70 
131528,34 80 
132243,03 250 
132262,44 101 
134275,26 100 
134275,26 1
134275,26 1930
134275,26 11
134275,26 25 
134302,21 75 
135210,93 72 
135488,11 70 
136820,78 80 
137460,06 83 
137624,89 64 165
137783,31 74 137
137783,31 62 137
138590,75 150 
138621,59 68 
138885,68 249
139005,29 172 
139432,9 92 
139432,9 65 
139458,86 103 
139458,86 101 
140001,5 100 
140001,5 1
140001,5 1930
140001,5 11
141978,62 25 
142005,76 75 
142911,56 72 
143178,21 70 
144488,75 80 
145298,13 250 
145309,66 101 
147322,85 100 
147322,85 1
147322,85 1930
147322,85 11
147322,85 25 
147350,23 75 
148256,62 72 
148522,69 70 
149843,49 80 
150574,6 83 
150701,29 64 128
150879,71 74 159
150879,71 62 159
151290,08 152 
151309,65 69 
151643,77 249 
151921,01 256 
152488,9 93 
152506,66 103 
152506,66 101 
156040,14 100 
156040,14 1
156040,14 1930
156040,14 10
158011,67 25 
158041,95 75 
158949,71 72 
159211,29 70 
160520,28 80 
161116,65 83 
161328,76 64 212
161486,58 74 144
161486,58 61 144
162294,78 150 
162317,4 68 
162438,03 249
162530,28 171
163527,02 92 
163527,02 65 
163541,83 103 
163541,83 101 
164082,93 100 
164082,93 1
164082,93 1930
164082,93 11
166061,55 25 
166088,95 75 
166995,63 72 
167074,49 70 
168061,45 80 
168486,86 83 
168773,12 64 287
168921,87 74 129
168921,87 62 129
169331,95 150 
169355,19 68 
169625,63 249
169693,95 172 
170163,8 92 
170163,8 65 
170178,97 103 
170178,97 101 
170721,46 100 
170721,46 1
170721,46 1930
170721,46 10
172698,69 25 
172725,99 75 
173633,18 72 
173711,73 70 
174702,09 80 
175137,39 83 
175394,4 64 258
175552,76 74 136
175552,76 61 136
176363,73 150 
176392,2 68 
176899,53 92 
176899,53 65 
176922,82 103 
176922,82 101 
177456,59 100 
177456,59 1
177456,59 1930
177456,59 11
179429,17 25 
179456,23 75 
180364,86 72 
180442,16 70 
181440 80 
181974,3 83 
182227,12 64 253
182400,4 74 160
182400,4 62 160
182810,31 150 
182829,68 68 
183085,7 249
183198,92 172 
183640,56 92 
183640,56 65 
183653,25 103 
183653,25 101 
184185,09 100 
184185,09 1
184185,09 1930
184185,09 10
186159,5 25 
186186,83 75 
187095,51 72 
187172,57 70 
188157,13 80 
188640,17 83 
188873,44 64 236
189046,09 74 155
189046,09 61 155
189855,83 152 
189878,93 69 
190245,44 249 
190687,47 256 
190693,17 181 
192587,6 93 
192609,41 103 
192609,41 101 
196153 100 
196153 1
196153 1930
196153 11
198127,71 25 
198155,05 75 
199062,06 72 
199140,84 70 
200123,1 80 
200646,44 83 
200885,07 64 239
201076,31 74 178
201076,31 62 178
201487,77 150 
201514,76 68 
201757,35 249
201858,84 172 
202023,93 92 
202023,93 65 
202045,37 103 
202045,37 101 
202580,25 100 
202580,25 1
202580,25 1930
202580,25 11
204551,65 25 
204579,03 75 
205488,44 72 
205564,75 70 
206551,97 80 
206990,35 83 
207294,11 64 304
207441,95 74 132
207441,95 62 132
208252,52 150 
208271,08 68 
208571,14 249
208609,85 172 
209482,34 92 
209482,34 65 
209508,82 103 
209508,82 101 
210044,66 100 
210044,66 1
210044,66 1930
210044,66 11
212015,23 25 
212135,5 75 
213042,85 72 
213121,43 70 
214100,76 80 
214587,08 83 
215001,38 64 415
215194,51 74 168
215194,51 62 168
216004,83 150 
216027,64 68 
216369,99 249
216504,39 172 
216838,91 92 
216838,91 65 
216852,45 103 
216852,45 101 
217392,62 100 
217392,62 1
217392,62 1930
217392,62 10
219372,06 25 
219399,52 75 
220307,44 72 
220385 70 
221380,61 80 
221917,18 83 
222052,29 64 136
222248,74 74 172
222248,74 61 172
222662,5 150 
222692,28 68 
223901,82 92 
223901,82 65 
223916,08 103 
223916,08 101 
224452,47 100 
224452,47 1
224452,47 1930
224452,47 10
226435,75 25 
226462,86 75 
227371,63 72 
227461,95 70 
228447,03 80 
228927,6 83 
229149,8 64 223
229319,18 74 153
229319,18 61 153
230129,43 150 
230155,82 68 
230964,29 92 
230964,29 65 
230979,65 103 
230979,65 101 
231512,25 100 
231512,25 1
231512,25 1930
231512,25 10
233485,87 25 
233513,93 75 
234423,28 72 
234512,28 70 
235495,25 80 
235924,54 83 
236159,47 64 236
236339,31 74 162
236339,31 61 162
236748,6 150 
236779,51 68 
237288,86 92 
237288,86 65 
237310,22 103 
237310,22 101 
237856,04 100 
237856,04 1
237856,04 1930
237856,04 11
239829,86 25 
239857,17 75 
240767,74 72 
240843,23 70 
241825,68 80 
242376,96 83 
242559,83 64 185
242735,52 74 161
242735,52 62 161
243547,9 150 
243576,68 68 
243872,96 249
243926,15 172 
244386,07 92 
244386,07 65 
244400,57 103 
244400,57 101 
244933,62 100 
244933,62 1
244933,62 1930
244933,62 10
246906,94 25 
246934,35 75 
247842,13 72 
247919,88 70 
248906,41 80 
249398,79 83 
249634,94 64 236
249834,98 74 183
249834,98 61 183
250242,27 150 
250266,28 68 
250774,8 92 
250774,8 65 
250797,74 103 
250797,74 101 
251334,1 100 
251334,1 1
251334,1 1930
251334,1 11
253304,47 25 
253331,32 75 
254238,98 72 
254317,07 70 
255304,22 80 
255742,85 83 
256032,18 64 289
256159,03 74 110
256159,03 62 110
256569,57 150 
256597,83 68 
256889,56 249
256951,34 172 
257811,4 92 
257811,4 65 
257834,77 103 
257834,77 101 
258377,4 100 
258377,4 1
258377,4 1930
258377,4 10
260354,39 25 
260395,17 75 
261303,37 72 
261660,74 70 
262925,62 80 
263619,4 83 
263929,63 64 311
264091,13 74 140
264091,13 61 140
264904,49 150 
264927,4 68 
266134,24 92 
266134,24 65 
266151,2 103 
266151,2 101 
266686,29 100 
266686,29 1
266686,29 1930
266686,29 11
268657,54 25 
268684,86 75 
269594,82 72 
269817,17 70 
270811,75 80 
271242,91 83 
271659,9 64 417
271829,08 74 147
271829,08 62 147
272637,57 150 
272657,62 68 
272945,19 249
273007,01 172 
273167,18 92 
273167,18 65 
273188,17 103 
273188,17 101 
273721,32 100 
273721,32 1
273721,32 1930
273721,32 11
275694,54 25 
275722,31 75 
276631,3 72 
276707,65 70 
277708,91 80 
278239,72 83 
278488,22 64 249
278675 74 169
278675 62 169
279083,4 150 
279107,93 68 
279407,23 249
279457,08 172 
279915,85 92 
279915,85 65 
279931,96 103 
279931,96 101 
280478,45 100 
280478,45 1
280478,45 1930
280478,45 10
282451,57 25 
282478,81 75 
283385,43 72 
283464,77 70 
284453,94 80 
284996,89 83 
285209,91 64 213
285414,93 74 192
285414,93 61 192
286224,96 150 
286250,85 68 
287461,7 92 
287461,7 65 
287488,82 103 
287488,82 101 
288022,98 100 
288022,98 1
288022,98 1930
288022,98 10
289995,06 25 
290022,61 75 
290931,92 72 
291008,11 70 
291985,86 80 
292460,45 83 
292651,82 64 192
292837,19 74 165
292837,19 61 165
293248,6 152 
293275,36 69 
294086,13 93 
294099,2 103 
294099,2 101 
297635,94 100 
297635,94 1
297635,94 1930
297635,94 10
299604,27 25 
299631,5 75 
300540,01 72 
300617,3 70 
301595,49 80 
302042,82 83 
302383,76 64 341
302568,54 74 166
302568,54 61 166
302979,19 150 
303004,45 68 
303814,08 92 
303814,08 65 
303828,39 103 
303828,39 101 
304368,99 100 
304368,99 1
304368,99 1930
304368,99 11
306348,13 25 
306375,11 75 
307281,88 72 
307361,04 70 
308351,25 80 
308880,11 83 
309178,35 64 299
309341,49 74 142
309341,49 62 142
310150,49 150 
310174,78 68 
310434,41 249
310528,36 172 
310987,19 92 
310987,19 65 
311011,96 103 
311011,96 101 
311550,87 100 
311550,87 1
311550,87 1930
311550,87 10
313531,57 25 
313558,86 75 
314468,18 72 
314544,68 70 
315538,47 80 
316010,35 83 
316251,8 64 242
316421,75 74 145
316421,75 61 145
317232,08 150 
317250,98 68 
318462,32 92 
318462,32 65 
318488,8 103 
318488,8 101 
319022,41 100 
319022,41 1
319022,41 1930
319022,41 10
320995,02 25 
321022,38 75 
321929,6 72 
322008,05 70 
322995,06 80 
323420,48 83 
323698,27 64 279
323878,36 256 
323892,39 74 179
323892,39 61 179
324301,89 150 
324328,72 68 
324472,32 249
324573,64 171
324838,79 92 
324838,79 65 
324859,36 103 
324859,36 101 
325404,27 100 
325404,27 1
325404,27 1930
325404,27 10
327379,09 25 
327406,12 75 
328316,62 72 
328392,31 70 
329374,22 80 
329897,69 83 
329904,53 64 7
330074,75 74 151
330074,75 61 151
330883,05 150 
330912,52 68 
331422,67 92 
331422,67 65 
331443,35 103 
331443,35 101 
331976,89 100 
331976,89 1
331976,89 1930
331976,89 10
333949,62 25 
333976,83 75 
334886,44 72 
334962,53 70 
335944,34 80 
336361,6 83 
336630,4 64 270
336801,22 74 147
336801,22 61 147
337213,19 150 
337243,01 68 
338455,93 92 
338455,93 65 
338480,19 103 
338480,19 101 
339018,66 100 
339018,66 1
339018,66 1930
339018,66 10
340987,78 25 
341013,75 75 
341920,46 72 
341999,53 70 
342985,48 80 
343465,3 83 
343632,69 64 168
343794,61 74 143
343794,61 61 143
344205,35 150 
344226,83 68 
345035,59 92 
345035,59 65 
345050,83 103 
345050,83 101 
345591,46 100 
345591,46 1
345591,46 1930
345591,46 11
347570,33 25 
347597,66 75 
348506,56 72 
348583,5 70 
349581,28 80 
350062,27 83 
350368,72 64 307
350550,79 74 169
350550,79 62 169
351360,05 150 
351383,81 68 
351669,2 249
351735,98 172 
352591,34 92 
352591,34 65 
352607,46 103 
352607,46 101 
353139,96 100 
353139,96 1
353139,96 1930
353139,96 11
355113,9 25 
355141 75 
356049,14 72 
356126,8 70 
357101,24 80 
357632,39 83 
357855,18 64 224
358063,79 74 192
358063,79 62 192
358472,01 150 
358499,91 68 
358770,86 249
358878,78 172 
359013,64 92 
359013,64 65 
359031,37 103 
359031,37 101 
359564,27 100 
359564,27 1
359564,27 1930
359564,27 11
361537,75 25 
361578,39 75 
362487,01 72 
362564,05 70 
363553,44 80 
363989,6 83 
364390,65 64 401
364619,96 74 204
364619,96 62 204
365431,39 150 
365457,6 68 
365721,49 249
365790,39 172 
366269,43 92 
366269,43 65 
366294,95 103 
366294,95 101 
366842,63 100 
366842,63 1
366842,63 1930
366842,63 11
368814,61 25 
368841,8 75 
369750,37 72 
370027,67 70 
371337,14 80 
372026,15 83 
372334,31 64 309
372498,27 74 140
372498,27 62 140
373308,28 150 
373333,51 68 
373592,71 249
373690,25 172 
374145,62 92 
374145,62 65 
374158,25 103 
374158,25 101 
374693,25 100 
374693,25 1
374693,25 1930
374693,25 11
376664,61 25 
376691,94 75 
377601,16 72 
377864,28 70 
379180,73 80 
380036,09 83 
380150,91 64 115
380351,35 74 183
380351,35 62 183
380759,81 152 
380784,51 69 
381188,39 249 
381486,13 256 
382492,61 93 
382514,68 103 
382514,68 101 
386049,9 100 
386049,9 1
386049,9 1930
386049,9 10
388019,79 25 
388046,92 75 
388955,29 72 
389299,26 70 
390580,62 80 
391218,02 83 
391481,65 64 264
391661,72 74 164
391661,72 61 164
392471,5 150 
392498,6 68 
393706,82 92 
393706,82 65 
393723,22 103 
393723,22 101 
394264,12 100 
394264,12 1
394264,12 1930
394264,12 11
396242,8 25 
396270,02 75 
397177,37 72 
397442,43 70 
398611,59 80 
399307,91 83 
399466,12 64 158
399630,56 74 150
399630,56 62 150
400039,59 150 
400069,48 68 
400336,46 249
400388,42 172 
400880,33 92 
400880,33 65 
400893,51 103 
400893,51 101 
401430,78 100 
401430,78 1
401430,78 1930
401430,78 10
403399,74 25 
403426,98 75 
404333,25 72 
404546,09 70 
405549,72 80 
406038,34 83 
406289,28 64 252
406465,32 74 161
406465,32 61 161
407275,8 152 
407305,59 69 
407818,78 93 
407837,24 103 
407837,24 101 
411370,13 100 
411370,13 1
411370,13 1930
411370,13 10
413342,14 25 
413369,36 75 
414277,24 72 
414355,22 70 
415332,45 80 
415767,48 83 
416091,06 64 324
416278,65 74 165
416278,65 61 165
416686,27 150 
416715,69 68 
417226,35 92 
417226,35 65 
417246,37 103 
417246,37 101 
417792,79 100 
417792,79 1
417792,79 1930
417792,79 10
419766,17 25 
419793,54 75 
420702,13 72 
420779,2 70 
421758,65 80 
422284,59 83 
422489,9 64 205
422670,99 74 160
422670,99 61 160
423481,42 150 
423512,82 68 
424723,07 92 
424723,07 65 
424749,91 103 
424749,91 101 
425283,63 100 
425283,63 1
425283,63 1930
425283,63 11
427256,16 25 
427283,36 75 
428192,18 72 
428269,26 70 
429265,61 80 
429694,72 83 
429958,42 64 264
430133,37 74 159
430133,37 62 159
430545,2 150 
430576,59 68 
430801,52 249
430918,23 172 
431384,7 92 
431384,7 65 
431400,38 103 
431400,38 101 
431938,02 100 
431938,02 1
431938,02 1930
431938,02 10
433906,65 25 
433933,93 75 
434842,19 72 
434919,76 70 
435902,42 80 
436385,44 83 
436576,6 64 192
436743,03 74 145
436743,03 61 145
437157,13 150 
437186,03 68 
437275,74 249
437443,49 171
437696,95 92 
437696,95 65 
437717,65 103 
437717,65 101 
438256,49 100 
438256,49 1
438256,49 1930
438256,49 11
440237,22 25 
440278 75 
441186,89 72 
441263,6 70 
442243,91 80 
442769,14 83 
442989,86 64 221
443137,46 74 129
443137,46 62 129
443948,09 150 
443970,71 68 
444216,76 249
445179,9 92 
445179,9 65 
445194,44 103 
445194,44 101 
445727,19 100 
445727,19 1
445727,19 1930
445727,19 11
447700,9 25 
447728,52 75 
448638,3 72 
448713,86 70 
449706,45 80 
450192,77 83 
450450,33 64 258
450610,18 74 139
450610,18 62 139
451020,88 150 
451046,87 68 
451350,43 249
451391,33 172 
451856,76 92 
451856,76 65 
451871,55 103 
451871,55 101 
452403,59 100 
452403,59 1
452403,59 1930
452403,59 11
454377,86 25 
454405,25 75 
455312,35 72 
455390,99 70 
456374,64 80 
456803,22 83 
457046,56 64 244
457194,21 74 125
457194,21 62 125
458003,11 150 
458031,29 68 
458309,78 249
458358,66 172 
458543,81 92 
458543,81 65 
458562,09 103 
458562,09 101 
459111,42 100 
459111,42 1
459111,42 1930
459111,42 10
461081,71 25 
461109,09 75 
462021,14 72 
462107,96 70 
463100,15 80 
463546,94 83 
463759,89 64 213
463973,1 74 201
463973,1 61 201
464784,17 150 
464815,12 68 
465622,78 92 
465622,78 65 
465638,99 103 
465638,99 101 
466172,03 100 
466172,03 1
466172,03 1930
466172,03 11
468145,29 25 
468478,98 75 
469387,62 72 
469465,03 70 
470452,94 80 
470997,07 83 
471344,1 64 347
471497,57 74 141
471497,57 62 141
471909,43 150 
471932 68 
472217,65 249
472278,39 172 
472440,96 92 
472440,96 65 
472462,76 103 
472462,76 101 
472997,66 100 
472997,66 1
472997,66 1930
472997,66 10
474969,07 25 
474996,55 75 
475903,1 72 
475982,13 70 
476967,3 80 
477434,34 83 
477617,58 64 184
477817,09 74 184
477817,09 61 184
478626,26 150 
478649,05 68 
479856,63 92 
479856,63 65 
479872,88 103 
479872,88 101 
480413,77 100 
480413,77 1
480413,77 1930
480413,77 11
482392,55 25 
482419,77 75 
483327,59 72 
483405,57 70 
484395,9 80 
484937,81 83 
485125,45 64 188
485283,94 74 133
485283,94 62 133
485692,38 150 
485712,79 68 
485986,08 249
486098,8 172 
486225,34 92 
486225,34 65 
486243,53 103 
486243,53 101 
486782,87 100 
486782,87 1
486782,87 1930
486782,87 11
488749,82 25 
488777,68 75 
489685,85 72 
489762,74 70 
490753,79 80 
491188,42 83 
491457,46 64 270
491571,33 74 90
491571,33 62 90
491982,83 150 
492002,56 68 
492811,82 92 
492811,82 65 
492827,39 103 
492827,39 101 
493360,8 100 
493360,8 1
493360,8 1930
493360,8 11
495333,65 25 
495361,05 75 
496268,71 72 
496346,73 70 
497329,49 80 
497812,35 83 
498065,02 64 253
498086,08 256 
498119,62 74 41
498119,62 62 41
498926,79 152 
498947,14 69 
499457,87 93 
499477,79 103 
499477,79 101 
503022,07 100 
503022,07 1
503022,07 1930
503022,07 10
504996,21 25 
505023,44 75 
505932,35 72 
506209,13 70 
507541,16 80 
508381,15 83 
508389,46 64 9
508594,58 74 187
508594,58 61 187
509003,23 150 
509022,89 68 
509535,3 92 
509535,3 65 
509553,49 103 
509553,49 101 
510085,57 100 
510085,57 1
510085,57 1930
510085,57 10
512059,98 25 
512088,01 75 
512994,52 72 
513259,35 70 
514582,62 80 
515138,11 83 
515445,14 64 308
515595 74 124
515595 61 124
516407,11 150 
516433,03 68 
517646,4 92 
517646,4 65 
517670,02 103 
517670,02 101 
518205,41 100 
518205,41 1
518205,41 1930
518205,41 10
520176,43 25 
520203,47 75 
521112,64 72 
521189,52 70 
522182,67 80 
522655,2 83 
522892,2 64 238
523056,11 74 149
523056,11 61 149
523865,5 150 
523896,34 68 
524705,56 92 
524705,56 65 
524720,31 103 
524720,31 101 
525262,57 100 
525262,57 1
525262,57 1930
525262,57 11
527239,98 25 
527267,11 75 
528174,86 72 
528252,98 70 
529232,84 80 
529758,63 83 
529982,91 64 225
530131,01 74 133
530131,01 62 133
530542,26 150 
530560,27 68 
530855,23 249
530906,58 172 
531071,05 92 
531071,05 65 
531090,91 103 
531090,91 101 
531627,9 100 
531627,9 1
531627,9 1930
531627,9 10
533597,28 25 
533624,58 75 
534530,67 72 
534610,22 70 
535593,67 80 
536022,62 83 
536235,49 64 214
536464,83 74 216
536464,83 61 216
537275,31 150 
537304,04 68 
538512,45 92 
538512,45 65 
538527,73 103 
538527,73 101 
539062,5 100 
539062,5 1
539062,5 1930
539062,5 10
541034,19 25 
541061,69 75 
541969,6 72 
542047,23 70 
543033,8 80 
543512,79 83 
543745,36 64 233
543932,36 74 167
543932,36 61 167
544342,05 150 
544367,62 68 
545177,91 92 
545177,91 65 
545204,83 103 
545204,83 101 
545750,75 100 
545750,75 1
545750,75 1930
545750,75 11
547724,53 25 
547751,87 75 
548658,83 72 
548737,55 70 
549732,25 80 
550216,51 83 
550529,32 64 314
550695,73 74 146
550695,73 62 146
551106,68 150 
551124,73 68 
551474,77 249
551531,42 172 
551936 92 
551936 65 
551962,05 103 
551962,05 101 
552495,58 100 
552495,58 1
552495,58 1930
552495,58 11
554468,32 25 
554495,89 75 
555405,18 72 
555481,31 70 
556477,18 80 
556906,94 83 
557364,1 64 458
557515,38 74 129
557515,38 62 129
558322,89 150 
558347,59 68 
558611,94 249
558713,19 172 
558859,65 92 
558859,65 65 
558879,01 103 
558879,01 101 
559413,17 100 
559413,17 1
559413,17 1930
559413,17 11
561385,27 25 
561425,91 75 
562336,03 72 
562411,69 70 
563400,44 80 
563930,63 83 
564171,81 64 242
564350,68 74 154
564350,68 62 154
565160,44 150 
565184,58 68 
565425,56 249
565514,67 172 
566397,45 92 
566397,45 65 
566422,44 103 
566422,44 101 
566963,21 100 
566963,21 4
566963,21 1930
566963,21 10
566963,21 78 
566963,21 198 
568942,08 25 
568969,66 75 
569879,47 72 
569955,13 70 
570939,62 80 
571367,47 83 
571609,88 64 243
571775,86 74 142
571775,86 61 142
572185,12 151 
572209,07 69 
572673,97 249 
573531,94 181 
574284,86 256 
575340,54 93 
575351,98 103 
575351,98 101 
578888,61 100 
578888,61 4
578888,61 1930
578888,61 11
580870,34 25 
580898,42 75 
581806,22 72 
581883,42 70 
582872,66 80 
583348,95 83 
583688,94 64 340
583951,42 74 243
583951,42 62 243
584359,12 151 
584389,58 69 
584646,69 249 
585399,44 93 
585414,32 103 
585414,32 101 
588949,01 100 
588949,01 4
588949,01 1930
588949,01 10
590919,43 25 
590946,62 75 
591854,81 72 
591932,32 70 
592928,3 80 
593464,61 83 
593764,11 64 299
595546,4 74 1763
595546,4 61 1763
596354,11 151 
596384,46 69 
597193,49 93 
597209,3 103 
597209,3 101 
600753,37 100 
600753,37 4
600753,37 1930
600753,37 11
602727,62 25 
602754,84 75 
603662,58 72 
603740,68 70 
604723,83 80 
605193,22 83 
605523,1 64 330
605751,89 74 213
605751,89 62 213
606160,18 151 
606181,22 69 
606691,75 93 
606711,79 103 
606711,79 101 
610244,42 100 
610244,42 4
610244,42 1930
610244,42 10
612216,95 25 
612244,6 75 
613155,45 72 
613429,88 70 
614746,02 80 
615495,23 83 
616074,11 64 579
617259,73 74 1165
617259,73 62 1165
618070,32 152 
618095,55 69 
618905,5 93 
618919,96 103 
618919,96 101 
622460,56 100 
622460,56 4
622460,56 1930
622460,56 11
624438,29 25 
624465,53 75 
625373,7 72 
625664,6 70 
626712,68 80 
627410 83 
627616,56 64 207
629234,24 74 1599
629234,24 61 1599
629642,53 150 
629667,2 68 
629987,95 249
630052,59 171
631251,65 92 
631251,65 65 
631274,6 103 
631274,6 101 
631815,74 100 
631815,74 4
631815,74 1930
631815,74 10
633794,34 25 
633822,13 75 
634732,08 72 
634940,56 70 
635947,54 80 
636392,79 83 
637348,08 64 955
637597,46 74 232
637597,46 62 232
638408,92 150 
638434,04 68 
638758,1 249
638798,6 172 
639646,65 92 
639646,65 65 
639671,03 103 
639671,03 101 
640207,21 100 
640207,21 4
640207,21 1930
640207,21 11
642177,35 25 
642205,05 75 
643113,26 72 
643190,61 70 
644178,34 80 
644709,33 83 
644956,82 64 248
645361,51 74 386
645361,51 61 386
646170,74 152 
646190,84 69 
647003,64 93 
647014,53 103 
647014,53 101 
650547,55 100 
650547,55 4
650547,55 1930
650547,55 10
652519,58 25 
652546,8 75 
653456,76 72 
653532,57 70 
654520,41 80 
655011,49 83 
655321,82 64 311
656043,23 74 699
656043,23 62 699
656454,76 150 
656478,8 68 
656807,11 249
656860,16 172 
657291,38 92 
657291,38 65 
657303,66 103 
657303,66 101 
657851,26 100 
657851,26 4
657851,26 1930
657851,26 10
659823,13 25 
659850,48 75 
660758,55 72 
660836,23 70 
661824,71 80 
662261,9 83 
662533,52 64 272
662678,89 74 124
662678,89 62 124
663089,27 150 
663115,9 68 
663453,64 249
663481,22 172 
664327,29 92 
664327,29 65 
664340,44 103 
664340,44 101 
664872,97 100 
664872,97 4
664872,97 1930
664872,97 11
666846,72 25 
666874,82 75 
667783,19 72 
667859,97 70 
668844,42 80 
669365,37 83 
669579,12 64 214
669748,59 74 157
669748,59 61 157
670560,52 150 
670579,35 68 
671090,49 92 
671090,49 65 
671110,86 103 
671110,86 101 
671644,19 100 
671644,19 4
671644,19 1930
671644,19 10
673617,29 25 
673644,42 75 
674553,23 72 
674630,27 70 
675618,56 80 
676109,12 83 
676332,68 64 224
676977,56 74 629
676977,56 62 629
677390,08 150 
677417,09 68 
677718,76 249
677755,92 172 
678225,13 92 
678225,13 65 
678241,2 103 
678241,2 101 
678781,8 100 
678781,8 4
678781,8 1930
678781,8 10
680760,84 25 
680788,03 75 
681697,19 72 
681773,94 70 
682757,91 80 
683239,5 83 
683446,86 64 207
683563,63 74 98
683563,63 62 98
684373,26 150 
684400,2 68 
684747,16 249
684784,85 172 
685211,72 92 
685211,72 65 
685224,97 103 
685224,97 101 
685761,68 100 
685761,68 4
685761,68 1930
685761,68 11
687731,17 25 
687758,4 75 
688665,24 72 
688744,16 70 
689724,23 80 
690156,47 83 
690376,68 64 221
690559,96 74 164
690559,96 61 164
690969,08 150 
690997,36 68 
691505,19 92 
691505,19 65 
691528,87 103 
691528,87 101 
692062,08 100 
692062,08 4
692062,08 1930
692062,08 11
694035,11 25 
694502,09 75 
695410,51 72 
695488,07 70 
696474,86 80 
697006,78 83 
697393,52 64 387
697831,45 74 412
697831,45 62 412
698641,06 151 
698661,55 69 
699114,99 249 
699757,67 182 
700510,43 93 
700524,91 103 
700524,91 101 
704069,47 100 
704069,47 4
704069,47 1930
704069,47 11
706043,41 25 
706070,5 75 
706978,17 72 
707056,41 70 
708050,51 80 
708575,57 83 
709789,13 64 1215
710703,74 74 889
710703,74 62 889
711240,53 151 
711268,6 69 
711779,6 93 
711800,09 103 
711800,09 101 
715332,91 100 
715332,91 4
715332,91 1930
715332,91 11
717305,16 25 
717332,25 75 
718241,82 72 
718331,47 70 
719320,68 80 
719757,1 83 
720194,96 64 438
720846,75 74 637
720846,75 61 637
721657,13 150 
721678,14 68 
722190,72 92 
722190,72 65 
722209,01 103 
722209,01 101 
722745,45 100 
722745,45 4
722745,45 1930
722745,45 11
724715,26 25 
724742,65 75 
725651,82 72 
725728,24 70 
726722,8 80 
727207,16 83 
727531,47 64 325
727738,42 74 185
727738,42 61 185
728550,24 150 
728568,75 68 
729778,04 92 
729778,04 65 
729792,38 103 
729792,38 101 
730332,14 100 
730332,14 4
730332,14 1930
730332,14 11
732312,02 25 
732792,28 75 
733701,1 72 
733778,3 70 
734759,25 80 
735438 250 
735456,6 101 
737469,79 100 
737469,79 4
737469,79 1930
737469,79 11
737469,79 25 
737497,01 75 
738403,97 72 
738682,82 70 
740007,74 80 
740628,21 83 
740955,07 64 327
741117,35 74 143
741117,35 61 143
741525,23 150 
741549,73 68 
742758,36 92 
742758,36 65 
742773,54 103 
742773,54 101 
743306,62 100 
743306,62 4
743306,62 1930
743306,62 10
745279,83 25 
745586,72 75 
746494,89 72 
746572,71 70 
747558,31 80 
748038,23 83 
748294,4 64 257
748475,8 74 158
748475,8 62 158
748886,9 150 
748906,56 68 
749207,19 249
749270,18 172 
749414,63 92 
749414,63 65 
749437,33 103 
749437,33 101 
749971,68 100 
749971,68 4
749971,68 1930
749971,68 10
751943,62 25 
751971,83 75 
752880,38 72 
752956,52 70 
753958,74 80 
754382,22 83 
754679,14 64 298
754833,53 74 132
754833,53 62 132
755644,45 150 
755676,19 68 
755963,26 249
756018,93 172 
756486,77 92 
756486,77 65 
756501,08 103 
756501,08 101 
757046,87 100 
757046,87 4
757046,87 1930
757046,87 10
759020,58 25 
759047,77 75 
759955,47 72 
760033,69 70 
761037,64 80 
761525,86 83 
761800,82 64 275
761979,86 74 161
761979,86 62 161
762391,64 150 
762420,81 68 
762751,48 249
762786,01 172 
762933,13 92 
762933,13 65 
762951,54 103 
762951,54 101 
763484,54 100 
763484,54 4
763484,54 1930
763484,54 10
765457,8 25 
765485,07 75 
766393,15 72 
766470,85 70 
767456,38 80 
767976,58 83 
768451,87 64 476
768643,34 74 175
768643,34 62 175
769457,51 152 
769483,9 69 
769969,54 249 
770254,6 256 
771143,98 93 
771161,28 103 
771161,28 101 
774695,65 100 
774695,65 4
774695,65 1930
774695,65 10
776666,31 25 
776693,51 75 
777602,63 72 
777679,35 70 
778678,12 80 
779104,95 83 
779479,02 64 374
779732,35 74 242
779732,35 62 242
780540,65 150 
780559,96 68 
780868,65 249
780968,83 172 
781768,46 92 
781768,46 65 
781783,44 103 
781783,44 101 
782325,53 100 
782325,53 4
782325,53 1930
782325,53 11
784303,11 25 
784330,32 75 
785237,56 72 
785316,1 70 
786306,22 80 
786795,2 83 
787046,45 64 252
787214,28 74 154
787214,28 61 154
787623,7 150 
787649,08 68 
788460,75 92 
788460,75 65 
788487,29 103 
788487,29 101 
789024,14 100 
789024,14 4
789024,14 1930
789024,14 10
790993,55 25 
791020,82 75 
791928,88 72 
792006,54 70 
792994,51 80 
793538,71 83 
793772,45 64 234
793916,75 74 125
793916,75 62 125
794728,95 150 
794753,58 68 
795024,87 249
795110,62 172 
795262,55 92 
795262,55 65 
795284,28 103 
795284,28 101 
795817,29 100 
795817,29 4
795817,29 1930
795817,29 10
797790,63 25 
797817,95 75 
798725,52 72 
798803,63 70 
799784,87 80 
800215,9 83 
800522,87 64 307
800542,88 256 
800580,6 74 45
800580,6 62 45
800990,48 150 
801016,95 68 
801696,54 249
802228 92 
802228 65 
802254,62 103 
802254,62 101 
802798,25 100 
802798,25 4
802798,25 1930
802798,25 11
804774,31 25 
804801,51 75 
805708,45 72 
805787,39 70 
806773,07 80 
807199,56 83 
807643,74 64 445
807826,46 74 161
807826,46 61 161
808233,45 150 
808253,64 68 
808302,91 249
808465,17 171
809464,06 92 
809464,06 65 
809478,27 103 
809478,27 101 
810011,41 100 
810011,41 4
810011,41 1930
810011,41 10
811984,52 25 
812011,93 75 
812920,27 72 
812997,54 70 
813981,05 80 
814516,53 83 
814736,29 64 221
814969 74 213
814969 62 213
815778,2 150 
815798,03 68 
816069,47 249
816309,96 92 
816309,96 65 
816328,61 103 
816328,61 101 
816865,31 100 
816865,31 4
816865,31 1930
816865,31 11
818834,95 25 
818862,15 75 
819769,17 72 
819847,9 70 
820831,28 80 
821313,54 83 
821531,43 64 219
821700,22 74 148
821700,22 61 148
822511,31 152 
822540,86 69 
823050,05 93 
823072,37 103 
823072,37 101 
826609,13 100 
826609,13 4
826609,13 1930
826609,13 10
828590,72 25 
828618,26 75 
829525,66 72 
829603,82 70 
830592,14 80 
831082,69 83 
831282,17 64 200
831440,86 74 132
831440,86 62 132
831852,2 150 
831883,52 68 
832174,49 249
832255,15 172 
832693,3 92 
832693,3 65 
832708,25 103 
832708,25 101 
833244,54 100 
833244,54 4
833244,54 1930
833244,54 11
835214,49 25 
835241,75 75 
836149,67 72 
836227,66 70 
837211,16 80 
837733,19 83 
837931,82 64 199
838113,76 74 168
838113,76 61 168
838523,32 150 
838547,3 68 
839755,53 92 
839755,53 65 
839771,87 103 
839771,87 101 
840305,23 100 
840305,23 4
840305,23 1930
840305,23 11
842278,33 25 
842305,5 75 
843214,67 72 
843491,21 70 
844810,26 80 
845543,31 83 
845562,89 64 20
845609,01 256 
845936,46 74 354
845936,46 61 354
846749,17 150 
846771,35 68 
847282,89 92 
847282,89 65 
847301,97 103 
847301,97 101 
847851,53 100 
847851,53 4
847851,53 1930
847851,53 11
849821,56 25 
850688,29 75 
851597,72 72 
851807,54 70 
852797,64 80 
853326,48 83 
853616,66 64 291
853788,64 74 156
853788,64 61 156
854198,89 150 
854221,38 68 
855432,11 92 
855432,11 65 
855458,49 103 
855458,49 101 
855992,99 100 
855992,99 4
855992,99 1930
855992,99 10
857964,77 25 
859724,45 75 
860633,83 72 
860710,48 70 
861696,15 80 
862189,3 83 
862434,98 64 246
862589,33 74 134
862589,33 62 134
863398,31 150 
863417,64 68 
863751,8 249
863838,79 172 
864225,71 92 
864225,71 65 
864241,31 103 
864241,31 101 
864775,12 100 
864775,12 4
864775,12 1930
864775,12 10
866747,68 25 
866775,06 75 
867683,35 72 
867760,82 70 
868741,11 80 
869186,41 83 
869494,35 64 309
869670,09 74 151
869670,09 62 151
870078,55 150 
870107,88 68 
870377,18 249
870447,01 172 
870617,78 92 
870617,78 65 
870638,61 103 
870638,61 101 
871177,38 100 
871177,38 4
871177,38 1930
871177,38 11
873158,32 25 
873185,62 75 
874094,01 72 
874171,41 70 
875154,66 80 
875677,07 83 
875864,4 64 188
876036,01 74 146
876036,01 61 146
876844,72 150 
876864,91 68 
877673,63 92 
877673,63 65 
877688,89 103 
877688,89 101 
878223,39 100 
878223,39 4
878223,39 1930
878223,39 11
880195,38 25 
880222,51 75 
881130,92 72 
881208,33 70 
882195,3 80 
882633,93 83 
882883,1 64 249
883050,27 74 151
883050,27 61 151
883857,54 150 
883888,82 68 
884401,26 92 
884401,26 65 
884419,39 103 
884419,39 101 
884951,9 100 
884951,9 4
884951,9 1930
884951,9 11
886925,7 25 
886952,95 75 
887043,42 250 
887057,84 101 
889071,56 100 
889071,56 4
889071,56 1930
889071,56 11
889071,56 25 
889097,77 75 
890004,78 72 
890084,63 70 
891070,24 80 
891550,04 83 
891830,29 64 281
892025,74 74 183
892025,74 61 183
892436,57 150 
892459,49 68 
893671,39 92 
893671,39 65 
893695,4 103 
893695,4 101 
894240,87 100 
894240,87 4
894240,87 1930
894240,87 10
896215,04 25 
896761,93 75 
897671,82 72 
897747,96 70 
898744,21 80 
899266,8 83 
899479,54 64 213
899681,07 74 188
899681,07 62 188
900091,18 150 
900121,83 68 
900409,88 249
900920,23 172 
901333,85 92 
901333,85 65 
901358,81 103 
901358,81 101 
901892,13 100 
901892,13 4
901892,13 1930
901892,13 10
903865,1 25 
903892,34 75 
904801,79 72 
904891,54 70 
905876,27 80 
906357,01 83 
906632,56 64 276
906814,65 74 165
906814,65 62 165
907622,36 152 
907651,88 69 
908011,85 249 
908691,7 93 
908702,29 103 
908702,29 101 
912238,17 100 
912238,17 4
912238,17 1930
912238,17 10
914207,46 25 
914234,63 75 
915143,15 72 
915220,56 70 
916204,9 80 
916632,59 83 
916985,17 64 353
917154,69 74 149
917154,69 62 149
917967,89 150 
917993,44 68 
918275,37 249
918343,2 172 
918805,71 92 
918805,71 65 
918831,35 103 
918831,35 101 
919372,05 100 
919372,05 4
919372,05 1930
919372,05 10
921351,11 25 
921378,03 75 
922284,5 72 
922363,96 70 
923342,8 80 
923789,55 83 
924052,13 64 263
924222,3 74 154
924222,3 62 154
924631,06 150 
924657,09 68 
924916,41 249
925002,95 172 
925474,08 92 
925474,08 65 
925495,2 103 
925495,2 101 
926029,64 100 
926029,64 4
926029,64 1930
926029,64 11
928001,4 25 
928029,44 75 
928937,32 72 
929014,46 70 
929997,6 80 
930493,42 83 
930756,03 64 263
930947,72 74 175
930947,72 61 175
931761,48 150 
931788,15 68 
932997,33 92 
932997,33 65 
933011,92 103 
933011,92 101 
933545,13 100 
933545,13 4
933545,13 1930
933545,13 11
935518,24 25 
935771,88 75 
936679,19 72 
936757,79 70 
937747,17 80 
938289,94 83 
938478,56 64 189
938638,83 74 136
938638,83 61 136
939050,44 150 
939078,3 68 
939589,73 92 
939589,73 65 
939609,16 103 
939609,16 101 
940159 100 
940159 4
940159 1930
940159 10
942128,73 25 
943062,11 75 
943969,88 72 
944047,91 70 
945039,26 80 
945473,62 83 
945754,69 64 281
945952,8 74 173
945952,8 62 173
946364,05 150 
946395,12 68 
946696,79 249
946743,89 172 
947203,88 92 
947203,88 65 
947219,11 103 
947219,11 101 
947750,55 100 
947750,55 4
947750,55 1930
947750,55 11
949725,41 25 
951258,59 75 
952167,02 72 
952444,44 70 
953760,74 80 
954456,47 83 
954641,93 64 186
954831,97 74 176
954831,97 61 176
955641,96 150 
955670,5 68 
956882,26 92 
956882,26 65 
956908,33 103 
956908,33 101 
957459,24 100 
957459,24 4
957459,24 1930
957459,24 10
959441,32 25 
961214,24 75 
962122,19 72 
962386,86 70 
963710,48 80 
964452,19 83 
964598,54 64 147
964808,87 74 197
964808,87 62 197
965217,58 150 
965240,41 68 
965513,19 249
965610,55 172 
965751,69 92 
965751,69 65 
965771,14 103 
965771,14 101 
966314,25 100 
966314,25 4
966314,25 1930
966314,25 10
968290,86 25 
968931,04 75 
969840,72 72 
970050,26 70 
971056,24 80 
971555,71 83 
971810,71 64 255
972002,42 74 167
972002,42 62 167
972814,66 150 
972836,42 68 
973099,77 249
973345,38 92 
973345,38 65 
973367,95 103 
973367,95 101 
973907,31 100 
973907,31 4
973907,31 1930
973907,31 10
975875,3 25 
976354,35 75 
977264,08 72 
977340,44 70 
978328,69 80 
978859,24 83 
979121,51 64 263
979327,76 74 189
979327,76 62 189
979739,52 150 
979766,7 68 
980038,02 249
980577,53 92 
980577,53 65 
980591,47 103 
980591,47 101 
981123,93 100 
981123,93 4
981123,93 1930
981123,93 10
983097,84 25 
984724,09 75 
985631,3 72 
985710,12 70 
986697,73 80 
987122,37 83 
987424,03 64 302
987593,13 74 152
987593,13 62 152
988404,33 150 
988429,7 68 
988706,8 249
989642,14 92 
989642,14 65 
989667,58 103 
989667,58 101 
990211,87 100 
990211,87 4
990211,87 1930
990211,87 11
992187,21 25 
993120,63 75 
994030,69 72 
994106,51 70 
995095,79 80 
995638,68 83 
995741,67 64 103
995983,47 74 225
995983,47 61 225
996792,21 152 
996812,82 69 
997625,41 93 
997637,52 103 
997637,52 101 
1001169,06 100 
1001169,06 4
1001169,06 1930
1001169,06 11
1003142,52 25 
1003169,87 75 
1004077,4 72 
1004155,55 70 
1005139,27 80 
1005607,92 83 
1006373,96 64 766
1007222,54 74 829
1007222,54 61 829
1007633,08 150 
1007661,46 68 
1008875,08 92 
1008875,08 65 
1008899,41 103 
1008899,41 101 
1009437,73 100 
1009437,73 4
1009437,73 1930
1009437,73 11
1011419,02 25 
1011979,13 75 
1012887,84 72 
1012965,15 70 
1013949,04 80 
1014377,42 83 
1014653,84 64 277
1014837,54 74 168
1014837,54 61 168
1015646,54 150 
1015672,04 68 
1016182,25 92 
1016182,25 65 
1016202,85 103 
1016202,85 101 
1016745,28 100 
1016745,28 4
1016745,28 1930
1016745,28 11
1018722,49 25 
1019016,11 75 
1019923,55 72 
1020002,19 70 
1020986,02 80 
1021414,36 83 
1021685,4 64 272
1021861,96 74 155
1021861,96 61 155
1022271,35 150 
1022295,95 68 
1023106,09 92 
1023106,09 65 
1023134,12 103 
1023134,12 101 
1023668,25 100 
1023668,25 4
1023668,25 1930
1023668,25 11
1025639,56 25 
1025666,8 75 
1026578,34 72 
1026665,88 70 
1027646,25 80 
1028184,85 83 
1028351,6 64 167
1028519,18 74 149
1028519,18 61 149
1028927,31 150 
1028946,44 68 
1030154,72 92 
1030154,72 65 
1030170,23 103 
1030170,23 101 
1030702,81 100 
1030702,81 4
1030702,81 1930
1030702,81 10
1032676,56 25 
1032703,84 75 
1033614,22 72 
1033689,67 70 
1034676,04 80 
1035141,8 83 
1035400,68 64 259
1035428,16 256 
1035673,1 74 252
1035673,1 62 252
1036486,7 150 
1036516,57 68 
1036811,75 249
1036881,84 172 
1037029,48 92 
1037029,48 65 
1037047,23 103 
1037047,23 101 
1037594,4 100 
1037594,4 4
1037594,4 1930
1037594,4 10
1039566,96 25 
1039594,11 75 
1040501,6 72 
1040579,96 70 
1041565,48 80 
1041992,25 83 
1042257,64 64 266
1042439,07 74 167
1042439,07 62 167
1043250,3 150 
1043272,83 68 
1043581,89 249
1043648,47 172 
1044085,12 92 
1044085,12 65 
1044097,66 103 
1044097,66 101 
1044629,65 100 
1044629,65 4
1044629,65 1930
1044629,65 10
1046603,89 25 
1046950,85 75 
1047858,01 72 
1047936,8 70 
1048920,65 80 
1049442,39 83 
1049694,75 64 253
1049836,55 74 128
1049836,55 62 128
1050245,63 150 
1050269,98 68 
1050571,33 249
1050613,6 172 
1050781,33 92 
1050781,33 65 
1050801,39 103 
1050801,39 101 
1051335,02 100 
1051335,02 4
1051335,02 1930
1051335,02 11
1053307,64 25 
1053335,09 75 
1054242,73 72 
1054320,7 70 
1055300,76 80 
1055786,29 83 
1056127,9 64 342
1056304,11 74 159
1056304,11 61 159
1056713,09 150 
1056733,7 68 
1057944,3 92 
1057944,3 65 
1057958,34 103 
1057958,34 101 
1058500,36 100 
1058500,36 4
1058500,36 1930
1058500,36 10
1060477,93 25 
1062090,98 75 
1062999,04 72 
1063076,91 70 
1064062,11 80 
1064582,5 83 
1064768,25 64 187
1064989,2 74 208
1064989,2 62 208
1065799,4 150 
1065824,09 68 
1066653,02 92 
1066653,02 65 
1066674,58 103 
1066674,58 101 
1067213,77 100 
1067213,77 4
1067213,77 1930
1067213,77 11
1069194,23 25 
1069221,97 75 
1070132,43 72 
1070487,08 70 
1071755,83 80 
1072405,78 83 
1072556,87 64 151
1072737,56 74 159
1072737,56 61 159
1073547,98 150 
1073567,17 68 
1074076,83 92 
1074076,83 65 
1074098,07 103 
1074098,07 101 
1074632,21 100 
1074632,21 4
1074632,21 1930
1074632,21 11
1076604,3 25 
1077284,63 75 
1078194,42 72 
1078457,05 70 
1079775,61 80 
1080511,63 250 
1080521,91 101 
1082535,14 100 
1082535,14 4
1082535,14 1930
1082535,14 11
1082535,14 25 
1082562,24 75 
1083468,59 72 
1083734,85 70 
1085052,81 80 
1085640,17 83 
1086032,02 64 392
1086231,35 74 179
1086231,35 61 179
1086640,7 150 
1086668,22 68 
1087878,66 92 
1087878,66 65 
1087905,56 103 
1087905,56 101 
1088448,79 100 
1088448,79 4
1088448,79 1930
1088448,79 11
1090425,22 25 
1092704,62 75 
1093611,64 72 
1093690,54 70 
1094675,23 80 
1095209,42 83 
1095380,05 64 171
1095563,59 74 168
1095563,59 61 168
1095975,19 150 
1095997,82 68 
1097209,93 92 
1097209,93 65 
1097234,77 103 
1097234,77 101 
1097769,38 100 
1097769,38 4
1097769,38 1930
1097769,38 10
1099741,11 25 
1099768,29 75 
1100676,28 72 
1100754,5 70 
1101748,87 80 
1102179,67 83 
1102474,05 64 294
1102657 74 158
1102657 62 158
1103464,29 152 
1103487,9 69 
1104069,69 249 
1104149,08 256 
1106101,33 93 
1106111,14 103 
1106111,14 101 
1109648,88 100 
1109648,88 4
1109648,88 1930
1109648,88 11
1111629,43 25 
1112376,09 75 
1113282,73 72 
1113362,04 70 
1114359,66 80 
1114854,3 83 
1115184,55 64 331
1115380,21 74 180
1115380,21 61 180
1115789,93 150 
1115815,99 68 
1116627,24 92 
1116627,24 65 
1116653,17 103 
1116653,17 101 
1117196,81 100 
1117196,81 4
1117196,81 1930
1117196,81 11
1119172,77 25 
1119200,01 75 
1120107,69 72 
1120199,03 70 
1121189,76 80 
1121679,88 83 
1121948,45 64 271
1122134,75 74 164
1122134,75 61 164
1122946,6 150 
1122973,03 68 
1123023,55 249
1123181,81 171
1123485,74 92 
1123485,74 65 
1123503,52 103 
1123503,52 101 
1124036,02 100 
1124036,02 4
1124036,02 1930
1124036,02 10
1126009,8 25 
1126676,56 75 
1127583,6 72 
1127662,64 70 
1128643,15 80 
1129168,2 83 
1129443,54 64 276
1129584,8 74 124
1129584,8 62 124
1130394,13 150 
1130423,08 68 
1130696,62 249
1130784,01 172 
1131232,03 92 
1131232,03 65 
1131246,88 103 
1131246,88 101 
1131781,32 100 
1131781,32 4
1131781,32 1930
1131781,32 10
1133753,14 25 
1133780,54 75 
1134689,15 72 
1134766,29 70 
1135760,33 80 
1136191,89 83 
1136444,6 64 253
1136466,78 256 
1136510,2 74 53
1136510,2 62 53
1136921,97 150 
1136952,76 68 
1137237,83 249
1137348,45 172 
1138163,63 92 
1138163,63 65 
1138177,21 103 
1138177,21 101 
1138724,09 100 
1138724,09 4
1138724,09 1930
1138724,09 11
1140697,01 25 
1140737,63 75 
1141646,89 72 
1141723,22 70 
1142705,64 80 
1143135,46 83 
1143472,69 64 338
1143651,25 74 157
1143651,25 61 157
1144062,42 150 
1144082,93 68 
1144596,04 92 
1144596,04 65 
1144614,45 103 
1144614,45 101 
1145149,37 100 
1145149,37 4
1145149,37 1930
1145149,37 11
1147120,79 25 
1150186,62 75 
1151093,84 72 
1151172,52 70 
1152157,73 80 
1152691,38 83 
1152847,79 64 157
1153047,69 74 183
1153047,69 61 183
1153861,13 150 
1153893 68 
1154702,9 92 
1154702,9 65 
1154717,04 103 
1154717,04 101 
1155250,58 100 
1155250,58 4
1155250,58 1930
1155250,58 10
1157223,05 25 
1161981,45 75 
1162890,18 72 
1162967,6 70 
1163954,13 80 
1164446,41 83 
1164744 64 298
1164910,69 74 145
1164910,69 62 145
1165722,33 152 
1165753,76 69 
1166152,68 249 
1166377,84 256 
1167390,43 182 
1168046,67 93 
1168057,8 103 
1168057,8 101 
1171597,92 100 
1171597,92 4
1171597,92 1930
1171597,92 10
1173576,09 25 
1173603,52 75 
1174510,37 72 
1174589,24 70 
1175575,9 80 
1176054,74 83 
1176314,19 64 260
1176547,23 74 214
1176547,23 62 214
1176957,61 150 
1176976,18 68 
1177288,17 249
1177354,54 172 
1178184,12 92 
1178184,12 65 
1178200,09 103 
1178200,09 101 
1178735,13 100 
1178735,13 4
1178735,13 1930
1178735,13 10
1180706,39 25 
1180733,59 75 
1181640,74 72 
1181719,46 70 
1182705,74 80 
1183145,02 83 
1183498,99 64 354
1183671,82 74 154
1183671,82 62 154
1184081,18 150 
1184105,71 68 
1184431,85 249
1184520,79 172 
1184617,5 92 
1184617,5 65 
1184637,39 103 
1184637,39 101 
1185170,32 100 
1185170,32 4
1185170,32 1930
1185170,32 11
1187143,65 25 
1187170,93 75 
1188082,76 72 
1188356,5 70 
1189572,71 80 
1190102,02 83 
1190267,46 64 166
1190447,35 74 159
1190447,35 61 159
1191256,86 150 
1191276,93 68 
1192090,05 92 
1192090,05 65 
1192114,06 103 
1192114,06 101 
1192660,65 100 
1192660,65 2
1192660,65 1930
1192660,65 11
1192660,65 78 
1192660,65 198 
1194633,87 25 
1195886,93 75 
1196796,21 72 
1196872,96 70 
1197855,33 80 
1198285,19 83 
1198636,24 64 352
1198842,31 74 185
1198842,31 61 185
1198947,97 256 
1199382,56 151 
1199405,94 69 
1199518,26 249 
1199753,01 181 
1200216,94 93 
1200230,64 103 
1200230,64 101 
1203764,78 100 
1203764,78 2
1203764,78 1930
1203764,78 11
1205735,67 25 
1208748,03 75 
1209657,16 72 
1209733,98 70 
1210717,47 80 
1211199,64 83 
1211524,52 64 325
1211725,61 74 180
1211725,61 61 180
1212534,51 151 
1212560,16 69 
1213069,12 93 
1213091,78 103 
1213091,78 101 
1216628,99 100 
1216628,99 2
1216628,99 1930
1216628,99 10
1218610,13 25 
1218637,31 75 
1219546,82 72 
1219623,18 70 
1220612,3 80 
1221155,32 83 
1221354,47 64 200
1221532,36 74 164
1221532,36 62 164
1221940,43 151 
1221969,46 69 
1222446,36 249 
1222666,61 256 
1224829,3 182 
1224912,42 93 
1224926,71 103 
1224926,71 101 
1228468,81 100 
1228468,81 2
1228468,81 1930
1228468,81 10
1230445,17 25 
1230472,18 75 
1231378,61 72 
1231458,2 70 
1232446,4 80 
1232936,94 83 
1233642,98 64 706
1234866,4 74 1210
1234866,4 62 1210
1235680,67 151 
1235711,17 69 
1236220,67 93 
1236241,85 103 
1236241,85 101 
1239776,22 100 
1239776,22 2
1239776,22 1930
1239776,22 10
1241746,82 25 
1243359,82 75 
1243436,91 250 
1243451,59 101 
1245465,21 100 
1245465,21 2
1245465,21 1930
1245465,21 10
1245465,21 25 
1247957,12 75 
1248864,29 72 
1248943,94 70 
1249932,39 80 
1250476,09 83 
1251071,37 64 596
1251559 74 470
1251559 61 470
1252492,39 150 
1252517,22 68 
1253724,23 92 
1253724,23 65 
1253741,19 103 
1253741,19 101 
1254272,66 100 
1254272,66 2
1254272,66 1930
1254272,66 10
1256247,32 25 
1257393,89 75 
1258303,27 72 
1258379,83 70 
1259370,5 80 
1259805,47 83 
1260250,28 64 446
1260288,09 256 
1260707,58 74 436
1260707,58 61 436
1261118,41 150 
1261140,05 68 
1261952,25 92 
1261952,25 65 
1261977,44 103 
1261977,44 101 
1262525,78 100 
1262525,78 2
1262525,78 1930
1262525,78 10
1264497,14 25 
1265283,87 75 
1266190,33 72 
1266269,72 70 
1267250,32 80 
1267735,39 83 
1267828,65 64 94
1267875,9 256 
1268192,81 74 351
1268192,81 61 351
1268603,77 150 
1268630,26 68 
1269440,06 92 
1269440,06 65 
1269467,66 103 
1269467,66 101 
1270001,93 100 
1270001,93 2
1270001,93 1930
1270001,93 11
1271973,9 25 
1273347,11 75 
1274257,12 72 
1274333,06 70 
1275319,87 80 
1275851,9 83 
1275996,74 64 145
1276387,33 74 376
1276387,33 62 376
1277200,15 153 
1277226,56 68 
1277526,93 249
1278437,11 92 
1278437,11 65 
1278450,34 103 
1278450,34 101 
1278985 100 
1278985 2
1278985 1930
1278985 11
1280956,8 25 
1280984 75 
1281893,09 72 
1281969,7 70 
1282964,3 80 
1283395,34 83 
1283696,27 64 302
1283820,08 74 105
1283820,08 62 105
1284631,29 151 
1284663,5 69 
1285055,95 249 
1285170,22 256 
1285647,85 182 
1286679,48 93 
1286700,23 103 
1286700,23 101 
1290240,78 100 
1290240,78 2
1290240,78 1930
1290240,78 11
1292218,54 25 
1293844,89 75 
1294752,66 72 
1295017,53 70 
1296178,06 80 
1296762,94 83 
1297000,98 64 238
1297168,66 74 153
1297168,66 62 153
1297576,65 151 
1297603,63 69 
1298104,09 249 
1298490,57 182 
1299769,43 93 
1299787,9 103 
1299787,9 101 
1303325,37 100 
1303325,37 2
1303325,37 1930
1303325,37 10
1305306,37 25 
1305493,48 75 
1306401,72 72 
1306625,86 70 
1307625,01 80 
1308051,35 83 
1308416,51 64 366
1308959,76 74 522
1308959,76 61 522
1309368,28 152 
1309398,7 69 
1309909,67 93 
1309930,26 103 
1309930,26 101 
1313462,12 100 
1313462,12 2
1313462,12 1930
1313462,12 11
1315435,22 25 
1315462,54 75 
1316370,83 72 
1316448,48 70 
1317440,33 80 
1317967,19 83 
1318806,47 64 840
1320153,68 74 1334
1320153,68 62 1334
1320962,56 151 
1320994,49 69 
1321808,36 93 
1321818,45 103 
1321818,45 101 
1325362,32 100 
1325362,32 2
1325362,32 1930
1325362,32 11
1327336,79 25 
1327483,82 75 
1328392,39 72 
1328469,76 70 
1329464,84 80 
1330001,97 83 
1330428,7 64 427
1330448,92 256 
1331206,51 74 765
1331206,51 61 765
1332018,66 151 
1332043,17 69 
1332661,74 256 
1332964,08 249 
1333044,1 181 
1334421,31 93 
1334439,72 103 
1334439,72 101 
1337974,15 100 
1337974,15 2
1337974,15 1930
1337974,15 11
1339944,78 25 
1344649,81 75 
1345558,28 72 
1345635,72 70 
1346622,35 80 
1347128 83 
1348631,15 64 1503
1350124,91 256 
1350322,86 74 1676
1350322,86 62 1676
1350731,17 151 
1350755,11 69 
1351052,91 256 
1351057,73 249 
1351766,26 182 
1352683,56 93 
1352698,57 103 
1352698,57 101 
1356236,05 100 
1356236,05 2
1356236,05 1930
1356236,05 10
1358203,65 25 
1358230,84 75 
1359138,38 72 
1359216,59 70 
1360207,58 80 
1360642,28 83 
1363255,92 64 2614
1366937,54 74 3656
1366937,54 61 3656
1367746,17 150 
1367773,6 68 
1368112,12 249
1368184,27 171
1369382,39 92 
1369382,39 65 
1369398,07 103 
1369398,07 101 
1369936,93 100 
1369936,93 2
1369936,93 1930
1369936,93 10
1371917,75 25 
1373237,54 75 
1374146,12 72 
1374223,52 70 
1375211,6 80 
1375702,48 83 
1375876,26 64 175
1376145,88 74 244
1376145,88 61 244
1376826,69 150 
1376850,47 68 
1377360,68 92 
1377360,68 65 
1377381,32 103 
1377381,32 101 
1377914,38 100 
1377914,38 2
1377914,38 1930
1377914,38 11
1379887,62 25 
1380421,14 75 
1381328,45 72 
1381407,15 70 
1382390,79 80 
1382806,1 83 
1384010,79 64 1205
1384452,7 74 421
1384452,7 63 421
1384862,83 150 
1384887,24 68 
1385697,64 92 
1385697,64 65 
1385711,02 103 
1385711,02 101 
1386242,92 100 
1386242,92 2
1386242,92 1930
1386242,92 11
1388217,45 25 
1388244,69 75 
1389154,26 72 
1389230,55 70 
1390212,88 80 
1390735,91 83 
1390970,29 64 235
1391130,6 74 142
1391130,6 63 142
1391942 150 
1391964,19 68 
1393172,49 92 
1393172,49 65 
1393189,44 103 
1393189,44 101 
1393735,59 100 
1393735,59 2
1393735,59 1930
1393735,59 10
1395707,52 25 
1395734,69 75 
1396642,17 72 
1396720,53 70 
1397708,55 80 
1398239,6 83 
1398563,97 64 325
1399129,81 74 544
1399129,81 61 544
1399544,02 150 
1399574,26 68 
1400782,96 92 
1400782,96 65 
1400797,96 103 
1400797,96 101 
1401330,91 100 
1401330,91 2
1401330,91 1930
1401330,91 10
1403304,26 25 
1404117,6 75 
1405027,22 72 
1405116,92 70 
1406097,29 80 
1406582,54 83 
1406702,22 64 121
1406881,75 74 153
1406881,75 61 153
1407694,15 150 
1407717,44 68 
1408526,5 92 
1408526,5 65 
1408541,27 103 
1408541,27 101 
1409086,53 100 
1409086,53 2
1409086,53 1930
1409086,53 10
1411061,03 25 
1411954,25 75 
1412861,8 72 
1413126,72 70 
1414291,38 80 
1414778,92 83 
1415103,42 64 325
1415285,39 74 161
1415285,39 61 161
1415695,98 150 
1415714,16 68 
1415760,41 249
1415938,39 171
1416225,11 92 
1416225,11 65 
1416244,68 103 
1416244,68 101 
1416788,26 100 
1416788,26 2
1416788,26 1930
1416788,26 11
1418764,24 25 
1419404,47 75 
1420312,59 72 
1420390,51 70 
1421372,63 80 
1421895,94 83 
1422047,86 64 152
1422249,87 74 181
1422249,87 63 181
1423057,94 150 
1423084,24 68 
1423593,61 92 
1423593,61 65 
1423614,8 103 
1423614,8 101 
1424150,79 100 
1424150,79 2
1424150,79 1930
1424150,79 10
1426121,12 25 
1427081,09 75 
1427990,86 72 
1428067,11 70 
1429049,84 80 
1429479,34 83 
1429759,07 64 280
1429959,25 74 188
1429959,25 61 188
1430369,69 152 
1430387,99 69 
1430899,84 93 
1430918,36 103 
1430918,36 101 
1434452,18 100 
1434452,18 2
1434452,18 1930
1434452,18 11
1436423,34 25 
1436464,29 75 
1437372,78 72 
1437449,71 70 
1438435,56 80 
1438915,39 83 
1439034,04 64 119
1439234,03 74 186
1439234,03 63 186
1440042,57 150 
1440063,54 68 
1440876 92 
1440876 65 
1440900,73 103 
1440900,73 101 
1441445,9 100 
1441445,9 2
1441445,9 1930
1441445,9 11
1443420,33 25 
1444566,9 75 
1445473,92 72 
1445552,9 70 
1446533,42 80 
1446965,38 83 
1447152,67 64 188
1447312,97 74 135
1447312,97 63 135
1447721,87 150 
1447740,31 68 
1448948,71 92 
1448948,71 65 
1448963,92 103 
1448963,92 101 
1449497,2 100 
1449497,2 2
1449497,2 1930
1449497,2 10
1451470,26 25 
1454589,26 75 
1455496,08 72 
1455575,31 70 
1456566,34 80 
1457107,45 83 
1457296,87 64 190
1457497,59 74 177
1457497,59 61 177
1458307,84 150 
1458335,65 68 
1458848,58 92 
1458848,58 65 
1458866,36 103 
1458866,36 101 
1459403,57 100 
1459403,57 2
1459403,57 1930
1459403,57 11
1461372,8 25 
1463199,07 75 
1464106,19 72 
1464184,97 70 
1465164,47 80 
1465663,86 83 
1465856,03 64 192
1466048,5 74 172
1466048,5 63 172
1466460,76 150 
1466492,24 68 
1467305,72 92 
1467305,72 65 
1467329,37 103 
1467329,37 101 
1467871,3 100 
1467871,3 2
1467871,3 1930
1467871,3 10
1469849,06 25 
1470809,05 75 
1471715,65 72 
1471794,99 70 
1472779,43 80 
1473300,76 83 
1473509,89 64 209
1473686,59 74 160
1473686,59 63 160
1474495,53 151 
1474515,22 69 
1475527,26 93 
1475539,18 103 
1475539,18 101 
1479074,83 100 
1479074,83 2
1479074,83 1930
1479074,83 10
1481057,52 25 
1482164,12 75 
1483073,13 72 
1483163,41 70 
1484156 80 
1484589,09 83 
1485315,32 64 726
1485864,17 74 530
1485864,17 63 530
1486674,3 151 
1486696,92 69 
1487207,02 93 
1487227,51 103 
1487227,51 101 
1490759,16 100 
1490759,16 2
1490759,16 1930
1490759,16 11
1492732,8 25 
1492759,78 75 
1493668,23 72 
1493745,54 70 
1494722,26 80 
1495211,13 83 
1495388,4 64 178
1495589,78 74 179
1495589,78 63 179
1495998,88 150 
1496027,18 68 
1497236,75 92 
1497236,75 65 
1497263,2 103 
1497263,2 101 
1497811,61 100 
1497811,61 2
1497811,61 1930
1497811,61 11
1499782,9 25 
1500623,05 75 
1501532,49 72 
1501608,87 70 
1502596,99 80 
1503087,85 83 
1503393,34 64 306
1503619,5 74 212
1503619,5 63 212
1504430,29 150 
1504449,54 68 
1504959,85 92 
1504959,85 65 
1504979,97 103 
1504979,97 101 
1505512,69 100 
1505512,69 2
1505512,69 1930
1505512,69 10
1507486,36 25 
1508193,04 75 
1509101,72 72 
1509178,84 70 
1510169,98 80 
1510698,14 83 
1510937,13 64 240
1511307,5 74 357
1511307,5 61 357
1511719,15 150 
1511739,48 68 
1512951,42 92 
1512951,42 65 
1512976,45 103 
1512976,45 101 
1513511,62 100 
1513511,62 2
1513511,62 1930
1513511,62 10
1515482,88 25 
1518002,22 75 
1518910,87 72 
1519174,6 70 
1520486,3 80 
1521026,7 83 
1521343,7 64 316
1522071,54 74 712
1522071,54 63 712
1522882,22 151 
1522907,94 69 
1523416,42 93 
1523438,61 103 
1523438,61 101 
1526978,91 100 
1526978,91 2
1526978,91 1930
1526978,91 11
1528957,11 25 
1528984,11 75 
1529892,36 72 
1529969,97 70 
1530954,99 80 
1531435,59 83 
1533005,72 64 1570
1533676,2 74 655
1533676,2 63 655
1534085,86 150 
1534116,45 68 
1534928,72 92 
1534928,72 65 
1534953,77 103 
1534953,77 101 
1535492,31 100 
1535492,31 2
1535492,31 1930
1535492,31 11
1537460,15 25 
1538100,19 75 
1539009,3 72 
1539086,06 70 
1540072,31 80 
1540511,67 83 
1540759,19 64 248
1540937,04 74 159
1540937,04 63 159
1541347,01 150 
1541366,94 68 
1542580,19 92 
1542580,19 65 
1542603,73 103 
1542603,73 101 
1543136,31 100 
1543136,31 2
1543136,31 1930
1543136,31 10
1545110,09 25 
1545137,72 75 
1546043,48 72 
1546123,08 70 
1547113,62 80 
1547655,36 83 
1547943,71 64 289
1548450,8 74 489
1548450,8 61 489
1549259,29 152 
1549283,35 69 
1549832,49 249 
1550033,29 181 
1551165,01 256 
1554139,53 93 
1554158,86 103 
1554158,86 101 
1557702,64 100 
1557702,64 2
1557702,64 1930
1557702,64 10
1559677,23 25 
1559704,37 75 
1560612,08 72 
1560690,18 70 
1561674,8 80 
1562155,79 83 
1562321,77 64 166
1562540,12 74 199
1562540,12 63 199
1562948,42 151 
1562970,74 69 
1563980,49 93 
1563994,6 103 
1563994,6 101 
1567527,29 100 
1567527,29 2
1567527,29 1930
1567527,29 11
1569499,73 25 
1570766,16 75 
1571675,46 72 
1571752,16 70 
1572741,68 80 
1573284,26 83 
1573525,21 64 242
1574093,46 74 543
1574093,46 63 543
1574903,73 150 
1574925,6 68 
1576137,3 92 
1576137,3 65 
1576162,65 103 
1576162,65 101 
1576698,73 100 
1576698,73 2
1576698,73 1930
1576698,73 11
1578669,04 25 
1580042,12 75 
1580951,17 72 
1581028,2 70 
1582011,69 80 
1582440,51 83 
1583655,31 64 1216
1584642,36 74 963
1584642,36 61 963
1585395,82 151 
1585414,48 69 
1586104,34 249 
1586328,55 181 
1587129,18 93 
1587144,61 103 
1587144,61 101 
1590684,23 100 
1590684,23 2
1590684,23 1930
1590684,23 10
1592663,07 25 
1592836,75 75 
1593746,75 72 
1593836 70 
1594820,48 80 
1595288,28 83 
1595939,24 64 652
1596508,58 74 554
1596508,58 63 554
1597320,53 151 
1597342,6 69 
1597856,24 249 
1597893,66 183 
1598354,86 93 
1598366,54 103 
1598366,54 101 
1601899,84 100 
1601899,84 2
1601899,84 1930
1601899,84 10
1603871,64 25 
1603898,82 75 
1604807,2 72 
1604897,86 70 
1605895,23 80 
1606323,86 83 
1607428,17 64 1105
1607864,96 74 422
1607864,96 61 422
1608278,14 150 
1608311,22 68 
1609120,36 92 
1609120,36 65 
1609135,31 103 
1609135,31 101 
1609667,68 100 
1609667,68 2
1609667,68 1930
1609667,68 11
1611641,48 25 
1613121,27 75 
1614029,22 72 
1614107,26 70 
1615090,53 80 
1615612,89 83 
1615799,59 64 187
1616055,21 74 243
1616055,21 63 243
1616863,99 150 
1616894,23 68 
1617405,83 92 
1617405,83 65 
1617425,04 103 
1617425,04 101 
1617973,9 100 
1617973,9 2
1617973,9 1930
1617973,9 10
1619958 25 
1620731,36 75 
1621639,9 72 
1621984 70 
1623251,45 80 
1623782,73 83 
1624457,75 64 675
1624804,31 74 329
1624804,31 61 329
1625613,86 150 
1625637,46 68 
1626448,78 92 
1626448,78 65 
1626474,54 103 
1626474,54 101 
1627007,19 100 
1627007,19 2
1627007,19 1930
1627007,19 11
1628980,73 25 
1630233,99 75 
1631143,33 72 
1631219,95 70 
1632205,1 80 
1632685,47 83 
1632885,24 64 201
1633063,75 74 165
1633063,75 63 165
1633474,79 150 
1633500,44 68 
1634710,39 92 
1634710,39 65 
1634724,2 103 
1634724,2 101 
1635259,21 100 
1635259,21 2
1635259,21 1930
1635259,21 10
1637230,63 25 
1638137,34 75 
1639046,25 72 
1639123,18 70 
1640109,41 80 
1640628,85 83 
1640897,51 64 269
1641191,36 74 270
1641191,36 61 270
1641603,78 150 
1641630,31 68 
1642139,68 92 
1642139,68 65 
1642161,07 103 
1642161,07 101 
1642700,53 100 
1642700,53 2
1642700,53 1930
1642700,53 10
1644680,77 25 
1646373,71 75 
1647283,1 72 
1647359,63 70 
1648337,45 80 
1648772,17 83 
1648989,58 64 218
1649175,4 74 164
1649175,4 61 164
1649985,3 152 
1650013,28 69 
1650419,96 249 
1650628,74 181 
1652972,66 256 
1654005,37 93 
1654022,63 103 
1654022,63 101 
1657567,4 100 
1657567,4 2
1657567,4 1930
1657567,4 10
1659540,97 25 
1660567,62 75 
1661477,76 72 
1661553,67 70 
1662539,45 80 
1663019,21 83 
1663503,44 64 485
1663877,08 74 352
1663877,08 61 352
1664687,51 150 
1664713,76 68 
1665222,97 92 
1665222,97 65 
1665244,49 103 
1665244,49 101 
1665776,01 100 
1665776,01 2
1665776,01 1930
1665776,01 11
1667750,85 25 
1669217,21 75 
1670127,42 72 
1670203,19 70 
1671194,42 80 
1671735,48 83 
1671802,37 64 68
1672012,32 74 198
1672012,32 63 198
1672420,1 150 
1672443,81 68 
1673652,51 92 
1673652,51 65 
1673667,57 103 
1673667,57 101 
1674209,67 100 
1674209,67 2
1674209,67 1930
1674209,67 11
1676187,25 25 
1677600,37 75 
1678510,04 72 
1678586,38 70 
1679574,61 80 
1680105,27 83 
1680229,55 64 125
1680458,4 74 207
1680458,4 63 207
1681268,8 150 
1681293,35 68 
1682102,35 92 
1682102,35 65 
1682117,24 103 
1682117,24 101 
1682649,81 100 
1682649,81 2
1682649,81 1930
1682649,81 11
1684623,7 25 
1686223,29 75 
1687132,69 72 
1687209,21 70 
1688202,4 80 
1688688,27 83 
1688851,07 64 163
1689055,61 74 181
1689055,61 63 181
1689468,69 150 
1689489,81 68 
1689997,41 92 
1689997,41 65 
1690020,54 103 
1690020,54 101 
1690558,48 100 
1690558,48 2
1690558,48 1930
1690558,48 11
1692526,8 25 
1694659,77 75 
1695570,09 72 
1695658,93 70 
1696643,08 80 
1697071,26 83 
1697238,73 64 168
1697403,56 74 146
1697403,56 63 146
1697811,41 150 
1697833 68 
1699043,38 92 
1699043,38 65 
1699070,01 103 
1699070,01 101 
1699610,48 100 
1699610,48 2
1699610,48 1930
1699610,48 11
1701589,73 25 
1702523 75 
1703430,36 72 
1703509,03 70 
1704498,11 80 
1705027,93 83 
1705110,79 64 83
1705267,29 74 134
1705267,29 63 134
1706076,92 150 
1706095,94 68 
1707307,53 92 
1707307,53 65 
1707333,18 103 
1707333,18 101 
1707868,27 100 
1707868,27 2
1707868,27 1930
1707868,27 10
1709839,39 25 
1711585,72 75 
1712495,04 72 
1712571,78 70 
1713552,95 80 
1714037,26 83 
1714254,35 64 218
1714428,13 74 152
1714428,13 61 152
1714835,79 150 
1714865,61 68 
1714911,97 249
1715113,43 171
1715374,29 92 
1715374,29 65 
1715396,41 103 
1715396,41 101 
1715927,94 100 
1715927,94 2
1715927,94 1930
1715927,94 11
1717902,66 25 
1719489 75 
1720396,21 72 
1720475 70 
1721457,84 80 
1721914,04 83 
1722080 64 166
1722261,35 256 
1722277,07 74 178
1722277,07 63 178
1723086,78 150 
1723115,32 68 
1723927,87 92 
1723927,87 65 
1723952,7 103 
1723952,7 101 
1724497,79 100 
1724497,79 2
1724497,79 1930
1724497,79 10
1726472,34 25 
1727805,4 75 
1728716,33 72 
1728978,02 70 
1730142,51 80 
1730790,13 83 
1731144,11 64 354
1731322,1 74 159
1731322,1 61 159
1732133,7 150 
1732151,6 68 
1732660,54 92 
1732660,54 65 
1732682,22 103 
1732682,22 101 
1733214,7 100 
1733214,7 2
1733214,7 1930
1733214,7 10
1735188,59 25 
1736508,35 75 
1737416,66 72 
1737494,4 70 
1738476,1 80 
1739013,21 83 
1739184,13 64 171
1739366,48 74 167
1739366,48 61 167
1739778,33 150 
1739801,51 68 
1740613,31 92 
1740613,31 65 
1740638,83 103 
1740638,83 101 
1741171,32 100 
1741171,32 2
1741171,32 1930
1741171,32 11
1743145,16 25 
1744451,58 75 
1744458,82 250 
1744476,7 101 
1746490,51 100 
1746490,51 2
1746490,51 1930
1746490,51 11
1746490,51 25 
1747462,86 75 
1748371,52 72 
1748449,71 70 
1749444,52 80 
1749875,34 83 
1750133,8 64 259
1750303,84 74 149
1750303,84 63 149
1750714,36 150 
1750743,7 68 
1751955,98 92 
1751955,98 65 
1751980,61 103 
1751980,61 101 
1752521,95 100 
1752521,95 2
1752521,95 1930
1752521,95 11
1754500,18 25 
1755366,98 75 
1756275,93 72 
1756353 70 
1757335,56 80 
1757820,68 83 
1758386,23 64 569
1758592,61 74 188
1758592,61 63 188
1759401,19 150 
1759419,82 68 
1760631,32 92 
1760631,32 65 
1760656,86 103 
1760656,86 101 
1761195,65 100 
1761195,65 2
1761195,65 1930
1761195,65 10
1763163,21 25 
1763190,4 75 
1764098,84 72 
1764176,35 70 
1765166,1 80 
1765708,42 83 
1765902,37 64 195
1766093,4 74 172
1766093,4 61 172
1766905,12 150 
1766936,54 68 
1767748,74 92 
1767748,74 65 
1767775,06 103 
1767775,06 101 
1768306,07 100 
1768306,07 2
1768306,07 1930
1768306,07 10
1770280,21 25 
1772759,55 75 
1773669,12 72 
1773745,51 70 
1774739,8 80 
1775171,21 83 
1775366,05 64 195
1775591,79 74 208
1775591,79 63 208
1776000,69 153 
1776025,97 68 
1776538,41 92 
1776538,41 65 
1776556,73 103 
1776556,73 101 
1777105,2 100 
1777105,2 2
1777105,2 1930
1777105,2 10
1779076,37 25 
1782168,74 75 
1783076,32 72 
1783154,89 70 
1784141,5 80 
1784567,06 83 
1784804,15 64 238
1784995,12 74 175
1784995,12 61 175
1785804,66 150 
1785835,15 68 
1786644,65 92 
1786644,65 65 
1786659,23 103 
1786659,23 101 
1787191,27 100 
1787191,27 2
1787191,27 1930
1787191,27 11
1789165,33 25 
1790218,69 75 
1791125,2 72 
1791204,72 70 
1792184,51 80 
1792670,2 83 
1792784,98 64 115
1792977,4 74 175
1792977,4 63 175
1793388,25 150 
1793418,56 68 
1794630,87 92 
1794630,87 65 
1794655,61 103 
1794655,61 101 
1795193,71 100 
1795193,71 2
1795193,71 1930
1795193,71 11
1797161,98 25 
1801747,14 75 
1802655,18 72 
1802733,12 70 
1803722,61 80 
1804265,31 83 
1804393 64 128
1804580,49 74 169
1804580,49 63 169
1804989,69 150 
1805013,72 68 
1805525,82 92 
1805525,82 65 
1805544,37 103 
1805544,37 101 
1806082,75 100 
1806082,75 2
1806082,75 1930
1806082,75 10
1808063,92 25 
1810316,88 75 
1811224,5 72 
1811302,76 70 
1812284,39 80 
1812808,28 83 
1813062,28 64 255
1813224,87 74 137
1813224,87 61 137
1814035,1 152 
1814063,03 69 
1815072,56 93 
1815086,89 103 
1815086,89 101 
1818619,55 100 
1818619,55 2
1818619,55 1930
1818619,55 10
1820591,9 25 
1823231,11 75 
1824139,13 72 
1824217,17 70 
1825204,26 80 
1825622,7 250 
1825642,31 101 
1827655,55 100 
1827655,55 2
1827655,55 1930
1827655,55 10
1827655,55 25 
1831947,57 75 
1832855,74 72 
1832933,43 70 
1833921,08 80 
1834825,59 83 
1834991,85 64 167
1835167,51 74 156
1835167,51 61 156
1835976,95 150 
1836000,36 68 
1836812,34 92 
1836812,34 65 
1836837,6 103 
1836837,6 101 
1837371,35 100 
1837371,35 2
1837371,35 1930
1837371,35 11
1839343,81 25 
1839877,33 75 
1840785,69 72 
1841050,13 70 
1842374,75 80 
1843115,26 83 
1844276,87 64 1162
1844570,06 74 269
1844570,06 62 269
1844981,08 151 
1845009,77 69 
1845820,85 93 
1845833,74 103 
1845833,74 101 
1849382,05 100 
1849382,05 2
1849382,05 1930
1849382,05 10
1851352,16 25 
1851379,37 75 
1852289,24 72 
1852578,39 70 
1853628,35 80 
1854270,51 83 
1854351,05 64 81
1854731,71 74 368
1854731,71 62 368
1855543,35 151 
1855565,41 69 
1856077,65 93 
1856095,97 103 
1856095,97 101 
1859629,49 100 
1859629,49 2
1859629,49 1930
1859629,49 10
1861601,04 25 
1861628,11 75 
1862537,09 72 
1862614,12 70 
1863739,53 80 
1864386,19 83 
1864859,71 64 474
1865226,13 74 348
1865226,13 62 348
1865635,8 151 
1865667,51 69 
1866455,6 249 
1866714,13 182 
1869912,4 93 
1869930,07 103 
1869930,07 101 
1873464,79 100 
1873464,79 2
1873464,79 1930
1873464,79 11
1875435,15 25 
1875462,26 75 
1876370,36 72 
1876581,39 70 
1877581,08 80 
1878007,08 83 
1878390,62 64 384
1878657,75 74 251
1878657,75 61 251
1879071,22 151 
1879101,78 69 
1879286,56 249 
1879912,04 93 
1879925,74 103 
1879925,74 101 
1883468,64 100 
1883468,64 2
1883468,64 1930
1883468,64 11
1885444,09 25 
1886137,49 75 
1887046,44 72 
1887123,56 70 
1888107,24 80 
1888522,7 83 
1888812,57 64 291
1889076,82 74 248
1889076,82 63 248
1889888 150 
1889910,45 68 
1890720,2 92 
1890720,2 65 
1890747,76 103 
1890747,76 101 
1891286,64 100 
1891286,64 2
1891286,64 1930
1891286,64 10
1893254,23 25 
1893947,6 75 
1894859,09 72 
1894946,76 70 
1895930,36 80 
1896465,68 83 
1896702,69 64 237
1896860,75 74 142
1896860,75 61 142
1897671,91 150 
1897693,88 68 
1898203,43 92 
1898203,43 65 
1898224,57 103 
1898224,57 101 
1898756,15 100 
1898756,15 2
1898756,15 1930
1898756,15 11
1900730,88 25 
1901504,44 75 
1902413,6 72 
1902490,23 70 
1903476,28 80 
1903955,91 83 
1904347,77 64 392
1904632,81 74 264
1904632,81 63 264
1905042,7 150 
1905064,17 68 
1905266,34 249
1905363,04 173 
1906276,03 92 
1906276,03 65 
1906301,16 103 
1906301,16 101 
1906844,77 100 
1906844,77 2
1906844,77 1930
1906844,77 10
1908820,78 25 
1910633,62 75 
1911541,71 72 
1911619,62 70 
1912608,14 80 
1913098,65 83 
1913787,97 64 690
1913987,4 74 182
1913987,4 61 182
1914399,38 150 
1914419,98 68 
1915231,57 92 
1915231,57 65 
1915257,28 103 
1915257,28 101 
1915790,61 100 
1915790,61 2
1915790,61 1930
1915790,61 10
1917763,53 25 
1918150,44 75 
1919059,08 72 
1919136,45 70 
1920120,05 80 
1920642,29 83 
1920943,13 64 301
1921149,83 74 188
1921149,83 63 188
1921961,67 153 
1921990,12 68 
1922501,38 92 
1922501,38 65 
1922520,83 103 
1922520,83 101 
1923058,7 100 
1923058,7 2
1923058,7 1930
1923058,7 11
1925027,2 25 
1930531,82 75 
1931439,89 72 
1931517,82 70 
1932518,16 80 
1932956,75 83 
1933529,04 64 572
1933766,64 74 224
1933766,64 63 224
1934176,7 150 
1934198,21 68 
1935409,2 92 
1935409,2 65 
1935422,11 103 
1935422,11 101 
1935961,27 100 
1935961,27 6
1935961,27 1930
1935961,27 11
1935961,27 78 
1935961,27 198 
1937941,63 25 
1941847,05 75 
1942755,44 72 
1942832,98 70 
1943814,33 80 
1944245,36 83 
1944573,55 64 329
1944742,52 74 151
1944742,52 61 151
1945551,14 150 
1945580,04 68 
1946391,93 92 
1946391,93 65 
1946417,35 103 
1946417,35 101 
1949749,9 102 
