61,15 100 
61,15 4
61,15 1886
61,15 11
2033,13 25 
2060,24 75 
3274,14 72 
3739,18 70 
4502,83 80 
5151,5 83 
5556,23 64 405
5752,58 74 175
5752,58 61 175
6170,73 150 
6206,16 68 
7026,23 92 
7026,23 65 
7057,02 103 
7057,02 101 
7589,84 100 
7589,84 4
7589,84 1886
7589,84 10
9563,29 25 
9590,72 75 
10802,9 72 
11056,05 70 
11576,91 80 
12015,17 83 
12346,5 64 332
12544,7 74 170
12544,7 62 170
13371,78 152 
13402,7 69 
13912,14 93 
13934,01 103 
13934,01 101 
17466,92 100 
17466,92 4
17466,92 1886
17466,92 10
19438,98 25 
19466,32 75 
20683,17 72 
20771,88 70 
21264,32 80 
21757,72 83 
21944,71 64 188
22134,44 74 177
22134,44 61 177
22561,84 151 
22585,81 69 
23603,81 93 
23623,21 103 
23623,21 101 
27160,35 100 
27160,35 4
27160,35 1886
27160,35 10
29141,56 25 
29168,87 75 
30384,31 72 
30461,12 70 
30962,44 80 
31393,6 83 
31845,15 64 452
32091,1 74 218
32091,1 63 218
32913,06 151 
32940,63 69 
33457,45 93 
33485,67 103 
33485,67 101 
37023,92 100 
37023,92 4
37023,92 1886
37023,92 10
39004 25 
39031,03 75 
40243,22 72 
40323,5 70 
40816,69 80 
41362,59 83 
41596,58 64 235
42214,59 74 586
42214,59 61 586
42639,63 151 
42670,64 69 
43682,83 93 
43694,58 103 
43694,58 101 
47227,28 100 
47227,28 4
47227,28 1886
47227,28 10
49199,62 25 
49226,88 75 
50440,46 72 
50519,17 70 
51019,45 80 
51504,93 83 
51939,8 64 435
52335,08 74 377
52335,08 62 377
53162,98 150 
53186,08 68 
53432,16 249
53925,71 172 
54066,6 92 
54066,6 65 
54103,45 103 
54103,45 101 
54644,1 100 
54644,1 4
54644,1 1886
54644,1 10
56623,1 25 
56663,96 75 
57873,17 72 
57956,04 70 
58457,18 80 
58941,74 83 
59085,37 64 145
59235,51 74 121
59235,51 62 121
59662,71 150 
59690 68 
59952,36 249
60025,21 172 
60901,08 92 
60901,08 65 
60927,22 103 
60927,22 101 
61459,17 100 
61459,17 4
61459,17 1886
61459,17 11
63433,56 25 
63460,47 75 
64670,69 72 
64753,01 70 
65250,59 80 
65792,13 83 
65875,94 64 84
66040,61 74 143
66040,61 61 143
66860,72 150 
66887,07 68 
67403,43 92 
67403,43 65 
67444,43 103 
67444,43 101 
67982,25 100 
67982,25 4
67982,25 1886
67982,25 11
69950,69 25 
69978,04 75 
71190,73 72 
71270,21 70 
71765 80 
72202,72 83 
72513,94 64 312
72691,53 74 156
72691,53 61 156
73507,86 150 
73537,39 68 
74352,49 92 
74352,49 65 
74388,15 103 
74388,15 101 
74927,77 100 
74927,77 4
74927,77 1886
74927,77 10
76907,72 25 
76935,75 75 
78151,64 72 
78227,33 70 
78720,52 80 
79266,39 83 
79346,7 64 81
79510,66 74 138
79510,66 62 138
79931,79 150 
79961,23 68 
80449,71 249
80483,92 92 
80483,92 65 
80518,79 103 
80518,79 101 
81051,31 100 
81051,31 4
81051,31 1886
81051,31 10
83025,05 25 
83053,29 75 
84260,95 72 
84344,59 70 
84848,3 80 
85330,43 83 
85571,82 64 242
85742,53 74 146
85742,53 62 146
86569,45 152 
86597,6 69 
87111,57 93 
87129,31 103 
87129,31 101 
90660,44 100 
90660,44 4
90660,44 1886
90660,44 11
92634,36 25 
92661,6 75 
93873,47 72 
93967,13 70 
94475,9 80 
94912,99 83 
95224,35 64 311
95404,05 74 158
95404,05 61 158
95830,82 150 
95860,33 68 
96671,9 92 
96671,9 65 
96711,88 103 
96711,88 101 
97257,56 100 
97257,56 4
97257,56 1886
97257,56 10
99231,47 25 
99258,79 75 
100471,86 72 
100551,04 70 
101043,84 80 
101590,15 83 
101668,03 64 78
101842,65 74 147
101842,65 62 147
102268,69 150 
102298,3 68 
102574,32 249
102645,57 172 
103512,29 92 
103512,29 65 
103548,91 103 
103548,91 101 
104080,27 100 
104080,27 4
104080,27 1886
104080,27 11
106056,76 25 
106082,27 75 
107290,54 72 
107374,77 70 
107878,55 80 
108373,86 83 
108569 64 195
108724,74 74 138
108724,74 61 138
109549,16 150 
109575,33 68 
109608,84 249
109829,85 171
110391,34 92 
110391,34 65 
110425,96 103 
110425,96 101 
110971,66 100 
110971,66 4
110971,66 1886
110971,66 11
112932,41 25 
112960,22 75 
114172,18 72 
114478,35 70 
115153,6 80 
115717,41 83 
115868,51 64 152
116034,1 74 144
116034,1 61 144
116457,88 150 
116492,18 68 
117001,67 92 
117001,67 65 
117036,46 103 
117036,46 101 
117574,88 100 
117574,88 4
117574,88 1886
117574,88 10
119556,1 25 
119583,36 75 
120799,11 72 
120875,81 70 
121381,63 80 
121874,84 83 
122042,52 64 169
122223,63 74 150
122223,63 62 150
123046,96 150 
123076,19 68 
123561,35 249
123842,74 172 
123893,6 92 
123893,6 65 
123926,84 103 
123926,84 101 
124461,82 100 
124461,82 4
124461,82 1886
124461,82 10
126433,16 25 
126460,47 75 
127673,1 72 
127766,05 70 
128268,13 80 
128805,17 83 
128983,92 64 179
129144,98 74 140
129144,98 62 140
129969,64 150 
129993,13 68 
130558,73 249
130814,7 172 
131210,9 92 
131210,9 65 
131243,7 103 
131243,7 101 
131774,99 100 
131774,99 4
131774,99 1886
131774,99 10
133750,02 25 
133778,04 75 
134990,28 72 
135069,57 70 
135570,61 80 
136002,18 83 
136243,9 64 242
136411 74 143
136411 62 143
136828,68 150 
136856,83 68 
137371,32 92 
137371,32 65 
137414,53 103 
137414,53 101 
137958,64 100 
137958,64 4
137958,64 1886
137958,64 11
139934,11 25 
139961,01 75 
141172,14 72 
141253,59 70 
141754,55 80 
142186,1 83 
142469,43 64 284
142642,31 74 150
142642,31 61 150
143467,32 150 
143493,99 68 
144713,86 92 
144713,86 65 
144744,6 103 
144744,6 101 
145275,71 100 
145275,71 4
145275,71 1886
145275,71 11
147250,9 25 
147277,94 75 
147884,69 250 
147903,1 101 
149916,38 100 
149916,38 4
149916,38 1886
149916,38 11
149916,38 25 
149984 75 
151201,31 72 
151289,29 70 
151789,5 80 
152328,4 83 
152470,45 64 143
152642,32 74 154
152642,32 61 154
153066,52 150 
153089,85 68 
153723,3 249
153787,13 171
153903,04 92 
153903,04 65 
153940,65 103 
153940,65 101 
154478,1 100 
154478,1 4
154478,1 1886
154478,1 11
156446,91 25 
156473,95 75 
157689,46 72 
157779,85 70 
158274,06 80 
158765,63 83 
158943,8 64 179
159122,56 74 158
159122,56 61 158
159549,09 150 
159580,4 68 
160092,63 92 
160092,63 65 
160124,68 103 
160124,68 101 
160661,31 100 
160661,31 4
160661,31 1886
160661,31 10
162630,99 25 
162658,32 75 
163869,18 72 
163950,47 70 
164443,97 80 
164936,29 83 
165106,54 64 171
165278,78 74 143
165278,78 62 143
166098,89 150 
166124,42 68 
166402,07 249
166505,05 172 
167339,73 92 
167339,73 65 
167374,87 103 
167374,87 101 
167906,99 100 
167906,99 4
167906,99 1886
167906,99 10
169881,2 25 
169908,48 75 
171119,51 72 
171200,7 70 
171690,55 80 
172133,36 83 
172334,61 64 202
172492,52 74 134
172492,52 62 134
172918,08 150 
172948,02 68 
173461,25 92 
173461,25 65 
173492,28 103 
173492,28 101 
174023,46 100 
174023,46 4
174023,46 1886
174023,46 11
175998,56 25 
176026,01 75 
177239,85 72 
177318,09 70 
177812,24 80 
178357,16 83 
178463,9 64 107
178630,45 74 141
178630,45 61 141
179457,58 150 
179478,7 68 
179847,1 249
179894,05 171
180289,65 92 
180289,65 65 
180329,32 103 
180329,32 101 
180876,69 100 
180876,69 4
180876,69 1886
180876,69 10
182848,9 25 
182876,39 75 
184089,33 72 
184168,52 70 
184660,74 80 
185100,99 83 
185331,96 64 231
185360,82 256 
185383,05 74 29
185383,05 62 29
186209,2 150 
186235,82 68 
186455,44 249
186570,03 172 
186749,33 92 
186749,33 65 
186780,09 103 
186780,09 101 
187311,73 100 
187311,73 4
187311,73 1886
187311,73 10
189286,15 25 
189526,49 75 
190220,33 250 
190244,64 101 
192258,26 100 
192258,26 4
192258,26 1886
192258,26 10
192258,26 25 
192311,31 75 
193529,68 72 
193617,78 70 
194116,08 80 
194656,84 83 
194716,15 64 59
194868,77 74 132
194868,77 62 132
195289,3 152 
195311,88 69 
196539,31 249 
197117,46 93 
197135,47 103 
197135,47 101 
200668,11 100 
200668,11 4
200668,11 1886
200668,11 11
202640,42 25 
202681,39 75 
203899 72 
203986,64 70 
204481,41 80 
204972,53 83 
205160,75 64 189
205338,21 74 153
205338,21 61 153
205754,43 150 
205786,48 68 
206603,6 92 
206603,6 65 
206638,04 103 
206638,04 101 
207177,13 100 
207177,13 4
207177,13 1886
207177,13 10
209157,64 25 
209185,14 75 
210399,15 72 
210477,23 70 
210969,46 80 
211516,27 83 
211869,58 64 354
211947,66 256 
212185,04 74 296
212185,04 62 296
213004,98 150 
213037,49 68 
213272,28 249
213893,77 172 
213920,18 92 
213920,18 65 
213954,9 103 
213954,9 101 
214493,77 100 
214493,77 4
214493,77 1886
214493,77 11
216462,69 25 
216488,56 75 
217699,1 72 
218007,28 70 
218837,13 80 
219632,98 83 
219647,11 64 14
219797,48 74 125
219797,48 61 125
220617,37 150 
220647,55 68 
220704,25 249
220900,61 171
221459,47 92 
221459,47 65 
221498,33 103 
221498,33 101 
222029,54 100 
222029,54 4
222029,54 1886
222029,54 11
224004,65 25 
224031,67 75 
225251,39 72 
225510,75 70 
226030,52 80 
226469,84 83 
226751,2 64 281
226939,38 74 164
226939,38 61 164
227366,57 150 
227391,4 68 
228608,52 92 
228608,52 65 
228641,98 103 
228641,98 101 
229185,97 100 
229185,97 4
229185,97 1886
229185,97 11
231161,58 25 
231188,62 75 
232397,7 72 
232481,07 70 
232984,08 80 
233426,91 83 
233737,12 64 310
233917,09 74 157
233917,09 61 157
234734,47 150 
234761,48 68 
235280,49 92 
235280,49 65 
235319,12 103 
235319,12 101 
235852,15 100 
235852,15 4
235852,15 1886
235852,15 11
237825,34 25 
238225,65 75 
239437,98 72 
239518,07 70 
240014,18 80 
240557,22 83 
240668,69 64 112
240840,95 74 151
240840,95 61 151
241266,22 150 
241292,08 68 
242512,59 92 
242512,59 65 
242542,63 103 
242542,63 101 
243078,88 100 
243078,88 4
243078,88 1886
243078,88 10
245048,97 25 
245076,45 75 
246286,58 72 
246368,46 70 
246862,99 80 
247354,32 83 
247559,09 64 205
247756,48 74 176
247756,48 62 176
248175,4 150 
248209 68 
248460,48 249
249020,24 92 
249020,24 65 
249059,86 103 
249059,86 101 
249598,86 100 
249598,86 4
249598,86 1886
249598,86 10
251579,49 25 
251606,48 75 
252816,85 72 
252898,99 70 
253395,34 80 
253884,83 83 
254075,71 64 191
254276,63 74 179
254276,63 62 179
255098,81 150 
255125,43 68 
255416,29 249
255503,64 172 
255940,56 92 
255940,56 65 
255976,88 103 
255976,88 101 
256508,52 100 
256508,52 4
256508,52 1886
256508,52 10
258483,16 25 
258510,16 75 
259728,93 72 
259802,97 70 
260305,4 80 
260735,21 83 
260937,35 64 202
261126,26 74 165
261126,26 62 165
261543,41 150 
261576,7 68 
262790,41 92 
262790,41 65 
262827,3 103 
262827,3 101 
263358,45 100 
263358,45 4
263358,45 1886
263358,45 11
265333,6 25 
265361,75 75 
266575,69 72 
266666,42 70 
267160,51 80 
267705,51 83 
267795,4 64 91
267998,69 74 187
267998,69 61 187
268827,42 150 
268853,67 68 
269367,4 92 
269367,4 65 
269411,33 103 
269411,33 101 
269955,84 100 
269955,84 4
269955,84 1886
269955,84 11
271930,76 25 
271957,8 75 
273167,96 72 
273250,36 70 
273752,48 80 
274249,4 83 
274425,25 64 176
274576,77 74 128
274576,77 61 128
275397,51 150 
275424 68 
276240,42 92 
276240,42 65 
276274,86 103 
276274,86 101 
276808,01 100 
276808,01 4
276808,01 1886
276808,01 11
278781,19 25 
278808,48 75 
280017,77 72 
280100,64 70 
280603,47 80 
281153,09 83 
281287,68 64 135
281457,84 74 145
281457,84 61 145
281875,69 150 
281901,3 68 
282420,77 92 
282420,77 65 
282458,88 103 
282458,88 101 
282993,27 100 
282993,27 4
282993,27 1886
282993,27 10
284965,12 25 
284993,61 75 
286207,77 72 
286284,65 70 
286779,95 80 
287217,18 83 
287550,49 64 334
287729,89 74 153
287729,89 62 153
288555,06 152 
288577,77 69 
289065,04 249 
289100,86 93 
289122,65 103 
289122,65 101 
292659,86 100 
292659,86 4
292659,86 1886
292659,86 10
294641,04 25 
294668,05 75 
295875,53 72 
295960,74 70 
296460,12 80 
296999,72 83 
297556,1 64 557
297977,5 74 406
297977,5 62 406
298409,86 150 
298441 68 
298721,09 249
299327,88 172 
299657,33 92 
299657,33 65 
299691,45 103 
299691,45 101 
300227,51 100 
300227,51 4
300227,51 1886
300227,51 10
302197,72 25 
302372,94 75 
303585,05 72 
303663,95 70 
304165,27 80 
304596,35 83 
304816,35 64 220
304995,75 74 160
304995,75 62 160
305417,16 150 
305437,96 68 
306249,48 92 
306249,48 65 
306288,64 103 
306288,64 101 
306823,28 100 
306823,28 4
306823,28 1886
306823,28 11
308794,89 25 
308822,68 75 
310035,05 72 
310114,68 70 
310617,25 80 
311126,98 83 
311324,96 64 198
311498,19 74 145
311498,19 61 145
312326,5 150 
312355,03 68 
312437,1 249
312567,56 171
312868,9 92 
312868,9 65 
312899,2 103 
312899,2 101 
313441,78 100 
313441,78 4
313441,78 1886
313441,78 10
315418,73 25 
315445,84 75 
316656,3 72 
316738,27 70 
317223,39 80 
317657,45 83 
318071,14 64 414
318265,69 74 169
318265,69 62 169
318686,71 150 
318712,21 68 
319080,02 249
319116,89 172 
319229,32 92 
319229,32 65 
319269,72 103 
319269,72 101 
319803,01 100 
319803,01 4
319803,01 1886
319803,01 11
321775,99 25 
321829,68 75 
323046,59 72 
323122,26 70 
323613,55 80 
324148,03 83 
324306,08 64 158
324464,95 74 144
324464,95 61 144
325285,71 150 
325309,33 68 
325737,94 249
325781,27 171
326528,96 92 
326528,96 65 
326560,02 103 
326560,02 101 
327094,18 100 
327094,18 4
327094,18 1886
327094,18 11
329066,21 25 
329093,29 75 
330305,37 72 
330559,02 70 
331071,3 80 
331558,19 83 
331685,68 64 128
331850,53 74 147
331850,53 61 147
332274,44 152 
332305,57 69 
332356,91 249 
332578,25 181 
332818,72 93 
332837,66 103 
332837,66 101 
336377,68 100 
336377,68 4
336377,68 1886
336377,68 10
338355,55 25 
338382,65 75 
339595,87 72 
339675,09 70 
340165,59 80 
340647,67 83 
340991,31 64 344
341195,35 74 176
341195,35 62 176
342013,98 150 
342035,57 68 
342330,96 249
342676,4 172 
342937,07 92 
342937,07 65 
342979,64 103 
342979,64 101 
343510,99 100 
343510,99 4
343510,99 1886
343510,99 10
345485,82 25 
346139,36 75 
347353,88 72 
347445,15 70 
347943,68 80 
348377,61 83 
348645,42 64 269
348816,38 74 146
348816,38 62 146
349644,4 150 
349672,22 68 
349922,22 249
350032,86 172 
350487,34 92 
350487,34 65 
350523,02 103 
350523,02 101 
351055,21 100 
351055,21 4
351055,21 1886
351055,21 11
353029,3 25 
353096,34 75 
354305,83 72 
354388,78 70 
354888,86 80 
355427,9 83 
355634,98 64 207
355803,99 74 150
355803,99 61 150
356222,02 150 
356256,1 68 
357466,53 92 
357466,53 65 
357506,66 103 
357506,66 101 
358052,96 100 
358052,96 4
358052,96 1886
358052,96 11
360026,24 25 
360239,96 75 
361458,92 72 
361545,75 70 
362031,7 80 
362464,91 83 
362699,81 64 235
362884,02 74 153
362884,02 61 153
363304,94 150 
363333,03 68 
364548,62 92 
364548,62 65 
364583,66 103 
364583,66 101 
365115,5 100 
365115,5 4
365115,5 1886
365115,5 10
367090,02 25 
367117 75 
368322,89 72 
368409,55 70 
368902,64 80 
369395,29 83 
369647,8 64 253
369814,63 74 140
369814,63 62 140
370634,81 150 
370663,23 68 
370934,41 249
371037,37 172 
371177,5 92 
371177,5 65 
371207,51 103 
371207,51 101 
371739,8 100 
371739,8 4
371739,8 1886
371739,8 10
373713,81 25 
374260,51 75 
375475,6 72 
375553,04 70 
376045,52 80 
376578,99 83 
376812,7 64 234
377007,78 74 176
377007,78 62 176
377435,19 150 
377459,65 68 
378277,63 92 
378277,63 65 
378311,1 103 
378311,1 101 
378851,93 100 
378851,93 4
378851,93 1886
378851,93 10
380830,84 25 
380857,68 75 
382074,49 72 
382150,25 70 
382642,15 80 
383175,98 83 
383297,58 64 122
383458,27 74 136
383458,27 62 136
384284,52 150 
384310,77 68 
384643,25 249
384784,67 172 
384826,34 92 
384826,34 65 
384868,26 103 
384868,26 101 
385404,59 100 
385404,59 4
385404,59 1886
385404,59 11
387387,87 25 
387415,17 75 
388625,08 72 
388707,4 70 
389207,61 80 
389639,86 83 
389911,63 64 272
390114,68 74 182
390114,68 61 182
390535,01 150 
390561,45 68 
391376,46 92 
391376,46 65 
391412,69 103 
391412,69 101 
391945,04 100 
391945,04 4
391945,04 1886
391945,04 10
393918,5 25 
393945,39 75 
395154,47 72 
395237,92 70 
395732,58 80 
396225,93 83 
396443,01 64 220
396637,14 74 174
396637,14 62 174
397461,39 150 
397491,81 68 
397747,98 249
397854,01 256 
398082,61 172 
399072,74 92 
399072,74 65 
399102,15 103 
399102,15 101 
399644,81 100 
399644,81 4
399644,81 1886
399644,81 11
401621,77 25 
401728,81 75 
402943,59 72 
403021,26 70 
403515,18 80 
403953,8 83 
404161,34 64 207
404335,08 74 155
404335,08 61 155
404752,53 152 
404782 69 
405676,14 249 
405793,98 93 
405819,3 103 
405819,3 101 
409350,46 100 
409350,46 4
409350,46 1886
409350,46 11
411324,3 25 
411351,57 75 
412564,41 72 
412643,91 70 
413134 80 
413616,36 83 
413825,97 64 210
414053,54 74 211
414053,54 61 211
414875,83 150 
414910,89 68 
415725,37 92 
415725,37 65 
415761,71 103 
415761,71 101 
416298,36 100 
416298,36 4
416298,36 1886
416298,36 10
418268,23 25 
418295,03 75 
419502,95 72 
419587,51 70 
420087,4 80 
420639,93 83 
420714,31 64 74
420896,83 74 164
420896,83 62 164
421723,46 150 
421748,02 68 
421991,13 249
422099,55 172 
422265,78 92 
422265,78 65 
422305,54 103 
422305,54 101 
422843,7 100 
422843,7 4
422843,7 1886
422843,7 11
424825,23 25 
424852,66 75 
426063,55 72 
426144,73 70 
426632,06 80 
427117,19 83 
427341,94 64 225
427552,41 74 183
427552,41 61 183
427969,41 150 
427998,68 68 
429213,45 92 
429213,45 65 
429249,25 103 
429249,25 101 
429781,81 100 
429781,81 4
429781,81 1886
429781,81 11
431755,56 25 
431796,07 75 
433011,46 72 
433314,93 70 
433984,89 80 
434660,63 83 
434693,41 64 34
434876,58 74 163
434876,58 61 163
435303,43 150 
435328,82 68 
436144,75 92 
436144,75 65 
436179,68 103 
436179,68 101 
436710,93 100 
436710,93 4
436710,93 1886
436710,93 10
438685,85 25 
438712,87 75 
439922,93 72 
440005,39 70 
440488,32 80 
440924,58 83 
441115,58 64 192
441294,85 74 157
441294,85 62 157
442120,03 150 
442152,64 68 
442453,83 249
442662,51 92 
442662,51 65 
442696,83 103 
442696,83 101 
443242,95 100 
443242,95 4
443242,95 1886
443242,95 10
445216,39 25 
445736,61 75 
446951,9 72 
447029,29 70 
447527,45 80 
448014,9 83 
448153,08 64 138
448354,46 74 181
448354,46 62 181
448782,64 150 
448802,3 68 
449316,65 92 
449316,65 65 
449347,3 103 
449347,3 101 
449879,9 100 
449879,9 4
449879,9 1886
449879,9 11
451853,54 25 
451880,81 75 
453092,73 72 
453173,14 70 
453662,17 80 
454185,54 83 
454347,01 64 162
454532,05 74 160
454532,05 61 160
455350,67 152 
455372,85 69 
456384,01 93 
456397,61 103 
456397,61 101 
459931,68 100 
459931,68 4
459931,68 1886
459931,68 10
461902,55 25 
461929,66 75 
463143,94 72 
463222,15 70 
463715,6 80 
464154,62 83 
464357,55 64 204
464534,18 74 153
464534,18 62 153
464962,65 150 
464982,84 68 
465700,59 249
465789,85 172 
466194,83 92 
466194,83 65 
466233,36 103 
466233,36 101 
466771,66 100 
466771,66 4
466771,66 1886
466771,66 11
468753,02 25 
468781,84 75 
469992,77 72 
470072,55 70 
470563,58 80 
471004,98 83 
471342,64 64 338
471684,33 74 319
471684,33 61 319
472509,8 150 
472539,49 68 
473057,01 92 
473057,01 65 
473083,78 103 
473083,78 101 
473617,91 100 
473617,91 4
473617,91 1886
473617,91 11
475590,02 25 
475617,34 75 
476833,16 72 
476922,9 70 
477413,67 80 
477895,6 83 
478018,32 64 123
478221,45 74 180
478221,45 61 180
479038,67 150 
479070,02 68 
480285,47 92 
480285,47 65 
480320,67 103 
480320,67 101 
480853,66 100 
480853,66 4
480853,66 1886
480853,66 10
482827,06 25 
482947,26 75 
484163,23 72 
484239,81 70 
484735,08 80 
485265,64 83 
485280,79 64 16
485453 74 148
485453 62 148
485881,68 150 
485907,22 68 
486352,25 249
486723,17 92 
486723,17 65 
486757,89 103 
486757,89 101 
487303,97 100 
487303,97 4
487303,97 1886
487303,97 10
489277,58 25 
489304,55 75 
490513,14 72 
490597,07 70 
491089,57 80 
491582,83 83 
491718,53 64 136
491875,29 74 133
491875,29 62 133
492301,2 150 
492330,32 68 
492855,98 249
493108,79 172 
493545 92 
493545 65 
493581,62 103 
493581,62 101 
494112,87 100 
494112,87 4
494112,87 1886
494112,87 11
496087,95 25 
496248,18 75 
497462,92 72 
497540,78 70 
498031,59 80 
498566,6 83 
498665,15 64 99
498841,44 74 156
498841,44 61 156
499662,98 150 
499688,01 68 
500204 92 
500204 65 
500245,43 103 
500245,43 101 
500782,72 100 
500782,72 4
500782,72 1886
500782,72 10
502751,69 25 
503231,89 75 
504442,9 72 
504524,44 70 
505025,1 80 
505470,2 83 
505711,8 64 242
505900,4 74 165
505900,4 62 165
506721,85 150 
506751,63 68 
507033,5 249
507129,9 172 
507561,5 92 
507561,5 65 
507588,97 103 
507588,97 101 
508129,93 100 
508129,93 4
508129,93 1886
508129,93 11
510108,62 25 
510138,03 75 
511351,04 72 
511428,1 70 
511920,73 80 
512453,95 83 
512570,5 64 117
512764,65 74 178
512764,65 61 178
513191,31 150 
513215,34 68 
514432,95 92 
514432,95 65 
514466,09 103 
514466,09 101 
514998,53 100 
514998,53 4
514998,53 1886
514998,53 10
516972,26 25 
517001,23 75 
518210,57 72 
518291,86 70 
518786,24 80 
519277,62 83 
519441,44 64 165
519654,85 74 191
519654,85 62 191
520082,59 150 
520105,88 68 
520318,87 249
520471,36 172 
520623,06 92 
520623,06 65 
520663,37 103 
520663,37 101 
521196,45 100 
521196,45 4
521196,45 1886
521196,45 10
523169,61 25 
523529,88 75 
524743,49 72 
524822,35 70 
525309,93 80 
525741,53 83 
525954,43 64 214
526125,36 74 143
526125,36 62 143
526951,19 150 
526982,14 68 
527256,04 249
527322,95 172 
527790,56 92 
527790,56 65 
527820,26 103 
527820,26 101 
528365,92 100 
528365,92 4
528365,92 1886
528365,92 10
530339,88 25 
530367,3 75 
531581,51 72 
531659,46 70 
532158,03 80 
532645,28 83 
532774,97 64 130
532942,2 74 137
532942,2 62 137
533758,68 150 
533793,29 68 
534083,05 249
534286,81 172 
534315,75 92 
534315,75 65 
534350,79 103 
534350,79 101 
534882,27 100 
534882,27 4
534882,27 1886
534882,27 10
536857,07 25 
537150,65 75 
538361,24 72 
538669,77 70 
539476,54 80 
540147,6 250 
540161,59 101 
542174,83 100 
542174,83 4
542174,83 1886
542174,83 10
542174,83 25 
542495,16 75 
543712,3 72 
544027,68 70 
544848,81 80 
545693 83 
545776,78 64 84
546010,09 74 211
546010,09 62 211
546428,75 150 
546454,44 68 
546756,75 249
546864,34 172 
547271,45 92 
547271,45 65 
547305,33 103 
547305,33 101 
547839,99 100 
547839,99 4
547839,99 1886
547839,99 11
549811,51 25 
549891,85 75 
551101,85 72 
551357,65 70 
551856,7 80 
552290,11 83 
552630,54 64 341
552805,61 74 156
552805,61 61 156
553230,2 150 
553264,26 68 
553760,92 249
554073,04 171
554481,35 92 
554481,35 65 
554515,55 103 
554515,55 101 
555052,45 100 
555052,45 4
555052,45 1886
555052,45 11
557035,22 25 
557208,71 75 
558419,8 72 
558501,25 70 
558992,46 80 
559527,02 83 
559722,3 64 195
559901,94 74 162
559901,94 61 162
560728,28 150 
560755,1 68 
561270,9 92 
561270,9 65 
561312,58 103 
561312,58 101 
561846,87 100 
561846,87 4
561846,87 1886
561846,87 11
563818,89 25 
564299,07 75 
565509,13 72 
565591,56 70 
566080,91 80 
566510,69 83 
566747,46 64 238
566930,17 74 153
566930,17 61 153
567748,57 152 
567777,92 69 
568341,3 249 
568543,38 181 
569643,18 93 
569669,02 103 
569669,02 101 
573202,26 100 
573202,26 4
573202,26 1886
573202,26 10
575174 25 
575201,31 75 
576408,91 72 
576493,51 70 
577001,29 80 
577492,69 83 
577843,22 64 351
578052,36 74 187
578052,36 62 187
578476,43 150 
578507,39 68 
578844,96 249
578947,28 172 
579722,29 92 
579722,29 65 
579757,99 103 
579757,99 101 
580299,55 100 
580299,55 4
580299,55 1886
580299,55 11
582277,6 25 
582306,51 75 
583523,7 72 
583610,5 70 
584096,99 80 
584622,92 83 
584857,34 64 234
585059,12 74 183
585059,12 61 183
585879,68 150 
585904,3 68 
586419,12 92 
586419,12 65 
586448,49 103 
586448,49 101 
586979,57 100 
586979,57 4
586979,57 1886
586979,57 11
588954,84 25 
589448,27 75 
590659,51 72 
590740,72 70 
591237,31 80 
591726,6 83 
591848,44 64 123
592038,97 74 166
592038,97 61 166
592459,53 150 
592488,05 68 
593702,79 92 
593702,79 65 
593738,65 103 
593738,65 101 
594273,33 100 
594273,33 4
594273,33 1886
594273,33 11
596244,99 25 
596271,95 75 
597494,76 72 
597577,84 70 
598066,47 80 
598496,95 83 
598755,38 64 259
598951,52 74 175
598951,52 61 175
599777,27 150 
599804,97 68 
600619,75 92 
600619,75 65 
600655,71 103 
600655,71 101 
601196,82 100 
601196,82 4
601196,82 1886
601196,82 11
603175,28 25 
603908,73 75 
605119,15 72 
605201,26 70 
605695,82 80 
606187,07 83 
606438,47 64 252
606642,43 74 176
606642,43 61 176
607071,05 152 
607095,33 69 
607912,64 93 
607932,56 103 
607932,56 101 
611464,4 100 
611464,4 4
611464,4 1886
611464,4 10
613437,6 25 
613464,69 75 
614679,75 72 
614757,11 70 
615247,67 80 
615782,93 83 
616243,16 64 460
616480,04 74 204
616480,04 62 204
617297,05 150 
617330,78 68 
617657,86 249
617744,45 172 
617842,14 92 
617842,14 65 
617875,01 103 
617875,01 101 
618407,1 100 
618407,1 4
618407,1 1886
618407,1 11
620381,32 25 
620794,93 75 
622009,06 72 
622100,6 70 
622595,98 80 
623033,25 83 
623298,79 64 266
623528,1 74 202
623528,1 61 202
623947 150 
623968,16 68 
625179,21 92 
625179,21 65 
625218,48 103 
625218,48 101 
625766,91 100 
625766,91 4
625766,91 1886
625766,91 10
627738,11 25 
627778,59 75 
628990,9 72 
629070,98 70 
629560,26 80 
629990,2 83 
630222,62 64 233
630411,26 74 168
630411,26 62 168
631237,78 150 
631258,25 68 
631575,49 249
631770,53 92 
631770,53 65 
631802,35 103 
631802,35 101 
632335,39 100 
632335,39 2
632335,39 1886
632335,39 11
632335,39 78 
632335,39 198 
634308,62 25 
634548,95 75 
635758,86 72 
635841,41 70 
636345,43 80 
636880,53 83 
637296,82 64 417
637461,08 256 
637478,26 74 158
637478,26 62 158
637898,87 151 
637921,15 69 
638353,46 249 
639021,54 93 
639039,5 103 
639039,5 101 
642572,04 100 
642572,04 2
642572,04 1886
642572,04 11
644544,2 25 
644571,25 75 
645776,81 72 
645863,77 70 
646357,77 80 
646849,57 83 
647110,37 64 261
647370,88 74 242
647370,88 61 242
647796,76 151 
647823,68 69 
648637,4 93 
648661,76 103 
648661,76 101 
652201,61 100 
652201,61 2
652201,61 1886
652201,61 11
654180,06 25 
654207,1 75 
655418,05 72 
655792,96 70 
656361,12 80 
656911,96 83 
658247,97 64 1336
659198,28 74 927
659198,28 62 927
660018,38 151 
660044,99 69 
660412,79 249 
661467,47 93 
661483,01 103 
661483,01 101 
665021,12 100 
665021,12 2
665021,12 1886
665021,12 11
667001,25 25 
667028,25 75 
668236,75 72 
668494,25 70 
668999,93 80 
669533,24 83 
670822,3 64 1289
671687,55 74 836
671687,55 62 836
672108,27 151 
672133,3 69 
672476,13 249 
673191,77 93 
673211,24 103 
673211,24 101 
676743,7 100 
676743,7 2
676743,7 1886
676743,7 11
678716,29 25 
678743,6 75 
679958,03 72 
680035,76 70 
680536,35 80 
680968,34 83 
681517,16 64 549
681852,93 74 312
681852,93 61 312
682675,78 151 
682702,02 69 
683277,4 249 
683412,32 181 
684399,06 256 
685642,89 93 
685659,35 103 
685659,35 101 
689202,48 100 
689202,48 2
689202,48 1886
689202,48 11
691177,55 25 
691204,84 75 
692416,89 72 
692497,09 70 
692989,62 80 
693522,98 83 
693843,95 64 321
694450,43 74 582
694450,43 62 582
695278,18 151 
695296,82 69 
695639,28 249 
695849,16 182 
696301,89 93 
696321,34 103 
696321,34 101 
699854,59 100 
699854,59 2
699854,59 1886
699854,59 11
701826,3 25 
701853,86 75 
703065,85 72 
703146,11 70 
703636,61 80 
704065,03 83 
704779,91 64 715
705795,84 74 985
705795,84 62 985
706215,65 151 
706239,36 69 
706926,66 249 
707273,88 182 
708009,79 93 
708036,32 103 
708036,32 101 
711593,44 100 
711593,44 2
711593,44 1886
711593,44 11
713567,93 25 
713596,57 75 
714807,06 72 
714887,52 70 
715380,38 80 
715886,78 83 
716434,52 64 549
716770,13 74 311
716770,13 62 311
717597,1 151 
717621,26 69 
718361,8 249 
718638,89 93 
718658,41 103 
718658,41 101 
722199,25 100 
722199,25 2
722199,25 1886
722199,25 11
724176,73 25 
724204,05 75 
725415,83 72 
725496,31 70 
725986,17 80 
726522,11 83 
727447,41 64 926
727736,13 74 268
727736,13 63 268
728157,28 150 
728175,92 68 
728691,19 92 
728691,19 65 
728720,9 103 
728720,9 101 
729255,04 100 
729255,04 2
729255,04 1886
729255,04 11
731227,11 25 
731254,28 75 
732468,69 72 
732546,57 70 
733040,17 80 
733532,39 83 
733862,47 64 331
734105,83 74 214
734105,83 63 214
734926,11 152 
734959,59 69 
735778,01 93 
735797,71 103 
735797,71 101 
739331,67 100 
739331,67 2
739331,67 1886
739331,67 11
741302,71 25 
741343,35 75 
742557,68 72 
742635,67 70 
743132,38 80 
743568,09 83 
744902,51 64 1335
745318,96 74 392
745318,96 63 392
745744,75 150 
745768,93 68 
746588,82 92 
746588,82 65 
746619,74 103 
746619,74 101 
747163,6 100 
747163,6 2
747163,6 1886
747163,6 10
749139,37 25 
749180 75 
750396,97 72 
750472,2 70 
750962,2 80 
751404,71 83 
751834,95 64 431
752046,66 74 189
752046,66 62 189
752865,87 151 
752885,93 69 
753696,2 93 
753710,05 103 
753710,05 101 
757242,73 100 
757242,73 2
757242,73 1886
757242,73 10
759215,05 25 
759242,47 75 
760457,08 72 
760534,61 70 
761027,95 80 
761573,68 83 
762281,48 64 709
762609,28 74 303
762609,28 62 303
763034,08 151 
763068,24 69 
764088,54 93 
764118,91 103 
764118,91 101 
767652,94 100 
767652,94 2
767652,94 1886
767652,94 10
769623,89 25 
769651,07 75 
770865,18 72 
771183,4 70 
771984,51 80 
772688,95 83 
774627,96 64 1939
775055,91 74 395
775055,91 63 395
775473,93 151 
775502,92 69 
776016,7 93 
776033,8 103 
776033,8 101 
779573,48 100 
779573,48 2
779573,48 1886
779573,48 10
781552,12 25 
781579,41 75 
782795,36 72 
783218,19 70 
783993,69 80 
784630,57 83 
785029,16 64 399
785275,4 74 219
785275,4 63 219
786096,67 151 
786125,03 69 
786934,6 93 
786949,13 103 
786949,13 101 
790484,6 100 
790484,6 2
790484,6 1886
790484,6 10
792454,15 25 
792481,37 75 
793695,67 72 
794000,55 70 
794827,31 80 
795639,06 83 
796054,72 64 416
796364,5 74 286
796364,5 62 286
796783,39 151 
796813,73 69 
797330,3 249 
797484,05 182 
797977,54 93 
797997,73 103 
797997,73 101 
801529,24 100 
801529,24 2
801529,24 1886
801529,24 10
803502,71 25 
803530,08 75 
804744,84 72 
805048,97 70 
805873,81 80 
806634,33 83 
806736,97 64 103
806957,03 74 203
806957,03 61 203
807783,77 150 
807809,07 68 
808326,1 92 
808326,1 65 
808366,62 103 
808366,62 101 
808912,49 100 
808912,49 2
808912,49 1886
808912,49 10
810886,25 25 
810913,58 75 
812126,96 72 
812379,06 70 
812899,34 80 
813338,21 83 
813653,72 64 316
813854,16 74 183
813854,16 61 183
814273,77 152 
814299,58 69 
815319,7 93 
815336,96 103 
815336,96 101 
818868,97 100 
818868,97 2
818868,97 1886
818868,97 11
820841,92 25 
820869,85 75 
822084,68 72 
822161,56 70 
822656,85 80 
823147,28 83 
823970,1 64 823
824234,01 74 234
824234,01 62 234
825052,12 151 
825080,94 69 
825895,37 93 
825906,09 103 
825906,09 101 
829440,85 100 
829440,85 2
829440,85 1886
829440,85 11
831410,96 25 
831437,72 75 
832653,42 72 
832730,3 70 
833230,37 80 
833769,46 83 
834538,07 64 769
836664,64 74 2096
836664,64 61 2096
837483,85 151 
837516,26 69 
838027,11 93 
838047,22 103 
838047,22 101 
841587,21 100 
841587,21 2
841587,21 1886
841587,21 11
843565,56 25 
843606,16 75 
843706,95 250 
843724,31 101 
845737,95 100 
845737,95 2
845737,95 1886
845737,95 11
845737,95 25 
845805,48 75 
847023,84 72 
847110,78 70 
847606,76 80 
848149,88 83 
849533,53 64 1384
849804,36 256 
849865,77 74 317
849865,77 63 317
850292,11 150 
850324,2 68 
851136,94 92 
851136,94 65 
851174,89 103 
851174,89 101 
851708,95 100 
851708,95 2
851708,95 1886
851708,95 10
853681,21 25 
853708,89 75 
854922,39 72 
855000,88 70 
855492,47 80 
855933,2 83 
856260,49 64 328
856465,44 74 187
856465,44 61 187
857295,52 150 
857321,15 68 
858532,71 92 
858532,71 65 
858558,48 103 
858558,48 101 
859091,57 100 
859091,57 2
859091,57 1886
859091,57 10
861064,66 25 
861091,95 75 
862304,08 72 
862384,22 70 
862881,1 80 
863370,02 83 
863548,56 64 179
863712,59 74 143
863712,59 61 143
864132,4 150 
864158,22 68 
864676,26 92 
864676,26 65 
864715,76 103 
864715,76 101 
865260,63 100 
865260,63 2
865260,63 1886
865260,63 11
867235,36 25 
867262,6 75 
868472,43 72 
868554,87 70 
869046,62 80 
869540,71 83 
869787,87 64 248
869982,34 74 162
869982,34 63 162
870402,56 150 
870435,48 68 
871643,47 92 
871643,47 65 
871672,79 103 
871672,79 101 
872203,88 100 
872203,88 2
872203,88 1886
872203,88 11
874179,15 25 
874206,29 75 
875422,72 72 
875511,96 70 
876003,88 80 
876431,13 83 
876656,47 64 226
876842,88 74 159
876842,88 63 159
877660,54 150 
877685,71 68 
878095,68 249
878139,18 173 
878202,5 92 
878202,5 65 
878229,95 103 
878229,95 101 
878763,71 100 
878763,71 2
878763,71 1886
878763,71 11
880736,27 25 
880763,31 75 
881972,13 72 
882055,78 70 
882552,59 80 
883094,88 83 
883340,66 64 246
883534,92 74 174
883534,92 63 174
883963,7 150 
883989,73 68 
884806,82 92 
884806,82 65 
884840,48 103 
884840,48 101 
885382,96 100 
885382,96 2
885382,96 1886
885382,96 10
887361,34 25 
888053,52 75 
889263,24 72 
889345,96 70 
889849,56 80 
890345,11 83 
890597,09 64 252
890824,65 74 200
890824,65 61 200
891651,98 150 
891679,98 68 
892194,43 92 
892194,43 65 
892237,32 103 
892237,32 101 
892772,56 100 
892772,56 2
892772,56 1886
892772,56 10
894745,98 25 
895250,44 75 
896463,62 72 
896542,94 70 
897041,24 80 
897475,4 83 
897709,87 64 235
897891,59 74 164
897891,59 61 164
898712,22 150 
898743,33 68 
899954,89 92 
899954,89 65 
899993,95 103 
899993,95 101 
900525,93 100 
900525,93 2
900525,93 1886
900525,93 10
902500,24 25 
903087,12 75 
904301,49 72 
904379,5 70 
904876,2 80 
905418,67 83 
905511,19 64 93
905683,02 74 145
905683,02 61 145
906100,81 150 
906126,99 68 
906943,16 92 
906943,16 65 
906977,63 103 
906977,63 101 
907517,92 100 
907517,92 2
907517,92 1886
907517,92 11
909497,28 25 
909964,12 75 
911171,81 72 
911256,58 70 
911756,92 80 
912202,38 83 
912449,54 64 248
912684,08 74 215
912684,08 63 215
913111,98 150 
913137,23 68 
913656,19 92 
913656,19 65 
913694,74 103 
913694,74 101 
914226,39 100 
914226,39 2
914226,39 1886
914226,39 11
916200,99 25 
916294,73 75 
916321,42 250 
916333,2 101 
918346,77 100 
918346,77 2
918346,77 1886
918346,77 11
918346,77 25 
918413,98 75 
919628,86 72 
919879,53 70 
920402,64 80 
920878,93 83 
921115,81 64 237
921324,69 256 
921413,05 74 268
921413,05 63 268
922230,06 150 
922253,36 68 
923461,69 92 
923461,69 65 
923490,55 103 
923490,55 101 
924024,96 100 
924024,96 2
924024,96 1886
924024,96 11
925996,89 25 
926850,17 75 
928062,01 72 
928142,71 70 
928637,73 80 
929181,75 83 
929260,54 64 80
929454,1 74 166
929454,1 63 166
929882,62 150 
929903,37 68 
930379,46 249
930413,81 173 
930714,5 92 
930714,5 65 
930754,11 103 
930754,11 101 
931292,48 100 
931292,48 2
931292,48 1886
931292,48 10
933275,03 25 
934593,46 75 
935803,53 72 
935886,07 70 
936393,23 80 
936925,11 83 
937137,53 64 213
937322,69 74 158
937322,69 61 158
938141,18 152 
938166,42 69 
938292,95 249 
938895,07 181 
938984,84 93 
939003,96 103 
939003,96 101 
942535,25 100 
942535,25 2
942535,25 1886
942535,25 10
944508,85 25 
944535,9 75 
944817,04 250 
944840,94 101 
946854,6 100 
946854,6 2
946854,6 1886
946854,6 10
946854,6 25 
946907,52 75 
948121,76 72 
948200,77 70 
948696,81 80 
949133,25 83 
949620,79 64 488
949841,37 74 202
949841,37 61 202
950662,6 150 
950694,37 68 
951512,91 92 
951512,91 65 
951545,21 103 
951545,21 101 
952079,57 100 
952079,57 2
952079,57 1886
952079,57 11
954051,45 25 
954079,09 75 
955291,24 72 
955371,03 70 
955862,54 80 
956343,52 83 
956434,05 64 91
956624,46 74 162
956624,46 63 162
957050,79 150 
957078,46 68 
958294,16 92 
958294,16 65 
958328,94 103 
958328,94 101 
958876,39 100 
958876,39 2
958876,39 1886
958876,39 10
960848,51 25 
960876,3 75 
962092 72 
962168,17 70 
962667,48 80 
963100,59 83 
963332,88 64 233
963544,69 74 192
963544,69 61 192
964369,9 150 
964395,19 68 
964915,81 92 
964915,81 65 
964952,74 103 
964952,74 101 
965486,59 100 
965486,59 2
965486,59 1886
965486,59 11
967459,07 25 
967486,13 75 
968702,37 72 
968778,54 70 
969274,16 80 
969764,37 83 
970055,6 64 292
970304,21 74 220
970304,21 63 220
970729,36 152 
970752,57 69 
971564,66 93 
971590,07 103 
971590,07 101 
975122,62 100 
975122,62 2
975122,62 1886
975122,62 10
977094,94 25 
977123,25 75 
978331,13 72 
978414,45 70 
978916,13 80 
979466,85 83 
979644,17 64 177
979852,47 74 186
979852,47 61 186
980677,46 150 
980708,28 68 
981922,13 92 
981922,13 65 
981958,82 103 
981958,82 101 
982499,5 100 
982499,5 2
982499,5 1886
982499,5 11
984478,38 25 
985038,55 75 
986252,82 72 
986331,09 70 
986828,45 80 
987263,59 83 
987485,83 64 223
987692,73 74 177
987692,73 63 177
988122,37 150 
988145,11 68 
988961,42 92 
988961,42 65 
988995,83 103 
988995,83 101 
989530,95 100 
989530,95 2
989530,95 1886
989530,95 10
991502,07 25 
991531,07 75 
992741,96 72 
992821,57 70 
993311,3 80 
993794,08 83 
994060,51 64 267
994249,88 74 163
994249,88 61 163
994670,76 150 
994702,26 68 
995911,57 92 
995911,57 65 
995954,26 103 
995954,26 101 
996485,3 100 
996485,3 2
996485,3 1886
996485,3 11
998459,12 25 
999086,03 75 
1000300,47 72 
1000378,39 70 
1000880,41 80 
1001417,49 83 
1001786,68 64 370
1001983,88 74 167
1001983,88 63 167
1002809,09 150 
1002832,31 68 
1003339,87 92 
1003339,87 65 
1003362,97 103 
1003362,97 101 
1003905,66 100 
1003905,66 2
1003905,66 1886
1003905,66 11
1005882,59 25 
1005909,63 75 
1007121,39 72 
1007202,08 70 
1007694,14 80 
1008187,9 83 
1008358,43 64 171
1008532,11 74 158
1008532,11 63 158
1009357,35 150 
1009389,38 68 
1010600,35 92 
1010600,35 65 
1010639,82 103 
1010639,82 101 
1011170,99 100 
1011170,99 2
1011170,99 1886
1011170,99 10
1013146,07 25 
1013639,55 75 
1014851,17 72 
1014932,15 70 
1015424,29 80 
1015864,84 83 
1016008,42 64 145
1016181,22 74 157
1016181,22 61 157
1016601,97 150 
1016626,15 68 
1017140,55 92 
1017140,55 65 
1017183,68 103 
1017183,68 101 
1017719,67 100 
1017719,67 2
1017719,67 1886
1017719,67 11
1019690,09 25 
1019717,84 75 
1023203,02 250 
1023220,64 101 
1025234,32 100 
1025234,32 2
1025234,32 1886
1025234,32 11
1025234,32 25 
1027379,64 75 
1028606,78 72 
1028926,16 70 
1029749,66 80 
1030591,63 83 
1030657,69 64 67
1030912,32 74 227
1030912,32 63 227
1031738,38 150 
1031766,4 68 
1032581,76 92 
1032581,76 65 
1032617,09 103 
1032617,09 101 
1033156,08 100 
1033156,08 2
1033156,08 1886
1033156,08 10
1035136,64 25 
1035803,38 75 
1037021,4 72 
1037322,52 70 
1038148,11 80 
1038841,43 83 
1039011,74 64 171
1039198,76 74 171
1039198,76 61 171
1039617,19 150 
1039642,99 68 
1040863,35 92 
1040863,35 65 
1040893,52 103 
1040893,52 101 
1041428,14 100 
1041428,14 2
1041428,14 1886
1041428,14 11
1043399,87 25 
1043493,5 75 
1044708,41 72 
1045012,59 70 
1045834,34 80 
1046598,06 83 
1046709,22 64 111
1046900,84 74 170
1046900,84 63 170
1047319,85 150 
1047346,35 68 
1048163,99 92 
1048163,99 65 
1048197,05 103 
1048197,05 101 
1048729,14 100 
1048729,14 2
1048729,14 1886
1048729,14 11
1050703,3 25 
1051758,07 75 
1052970,71 72 
1053222,33 70 
1053737,29 80 
1054274,84 83 
1054462,53 64 189
1054662,45 74 175
1054662,45 63 175
1055489,03 150 
1055516,31 68 
1056028,76 92 
1056028,76 65 
1056060,37 103 
1056060,37 101 
1056608,36 100 
1056608,36 2
1056608,36 1886
1056608,36 10
1058579,98 25 
1059553,19 75 
1060769,28 72 
1060845,79 70 
1061341,5 80 
1061831,54 83 
1061970,34 64 139
1062140,52 74 150
1062140,52 61 150
1062959,67 150 
1062979,64 68 
1063791,72 92 
1063791,72 65 
1063830,33 103 
1063830,33 101 
1064363,02 100 
1064363,02 2
1064363,02 1886
1064363,02 10
1066336,67 25 
1067216,84 75 
1068430,77 72 
1068509,15 70 
1068999,27 80 
1069534,97 83 
1069652,69 64 118
1069850,54 74 170
1069850,54 61 170
1070280,2 150 
1070309,72 68 
1070823,5 92 
1070823,5 65 
1070855,54 103 
1070855,54 101 
1071385,14 100 
1071385,14 2
1071385,14 1886
1071385,14 11
1073360,24 25 
1073387,57 75 
1074600,05 72 
1074679,85 70 
1075168,4 80 
1075599 83 
1075822,14 64 223
1076018,97 74 167
1076018,97 63 167
1076840,36 150 
1076866,94 68 
1078078,56 92 
1078078,56 65 
1078104,21 103 
1078104,21 101 
1078644,75 100 
1078644,75 2
1078644,75 1886
1078644,75 10
1080623,86 25 
1081117,36 75 
1082328,98 72 
1082409,8 70 
1082898,61 80 
1083329,01 83 
1085056,12 64 1727
1085259,6 74 185
1085259,6 62 185
1085679,8 151 
1085703,23 69 
1086516,28 249 
1086558,97 93 
1086580,62 103 
1086580,62 101 
1090117,51 100 
1090117,51 2
1090117,51 1886
1090117,51 10
1092098,89 25 
1092605,77 75 
1093818,04 72 
1093898,22 70 
1094389,52 80 
1094870,75 83 
1095299,77 64 430
1095508,3 74 184
1095508,3 61 184
1096327,4 150 
1096351,9 68 
1097571,8 92 
1097571,8 65 
1097602,51 103 
1097602,51 101 
1098135,8 100 
1098135,8 2
1098135,8 1886
1098135,8 11
1100108,81 25 
1100136,46 75 
1101348,94 72 
1101428,32 70 
1101924,15 80 
1102454,15 83 
1102481,19 64 27
1102684,27 74 177
1102684,27 63 177
1103107,4 150 
1103135,65 68 
1103950,88 92 
1103950,88 65 
1103986,43 103 
1103986,43 101 
1104528,32 100 
1104528,32 2
1104528,32 1886
1104528,32 11
1106506,13 25 
1108758,82 75 
1109969,54 72 
1110051,3 70 
1110548,25 80 
1111037,08 83 
1112467,44 64 1431
1112667,61 74 178
1112667,61 63 178
1113089,74 150 
1113118,08 68 
1114328,68 92 
1114328,68 65 
1114368,72 103 
1114368,72 101 
1114900,13 100 
1114900,13 2
1114900,13 1886
1114900,13 10
1116874,91 25 
1120380,43 75 
1120386,77 250 
1120405,76 101 
1122419,26 100 
1122419,26 2
1122419,26 1886
1122419,26 10
1122419,26 25 
1122845,37 75 
1124056,81 72 
1124139,06 70 
1124632,61 80 
1125071,1 83 
1125326,72 64 256
1125560,49 74 210
1125560,49 61 210
1126387,59 152 
1126418,35 69 
1127430,28 93 
1127456,36 103 
1127456,36 101 
1130991,99 100 
1130991,99 2
1130991,99 1886
1130991,99 10
1132961,44 25 
1138812,7 75 
1140027,33 72 
1140105,16 70 
1140599,98 80 
1141144,16 83 
1141377,88 64 234
1141551,11 74 154
1141551,11 61 154
1142378,02 150 
1142398,84 68 
1142911,84 92 
1142911,84 65 
1142943,06 103 
1142943,06 101 
1143483,26 100 
1143483,26 2
1143483,26 1886
1143483,26 10
1145462,78 25 
1146849,09 75 
1148057,92 72 
1148141,71 70 
1148644,2 80 
1149127,43 83 
1149292,88 64 166
1149491,93 74 178
1149491,93 61 178
1149913,78 150 
1149942,34 68 
1150095,57 249
1150176,8 171
1150762,11 92 
1150762,11 65 
1150793,05 103 
1150793,05 101 
1151327,13 100 
1151327,13 2
1151327,13 1886
1151327,13 11
1153326,02 25 
1153446,26 75 
1154656,9 72 
1155085,48 70 
1155858,36 80 
1156483,84 250 
1156497,24 101 
1158510,45 100 
1158510,45 2
1158510,45 1886
1158510,45 11
1158510,45 25 
1159230,45 75 
1160448,94 72 
1160749,59 70 
1161573,46 80 
1162400,82 250 
1162427,95 101 
1164441,26 100 
1164441,26 2
1164441,26 1886
1164441,26 11
1164441,26 25 
1165027,95 75 
1166238,28 72 
1166547,05 70 
1167360,94 80 
1168092,84 83 
1168324,33 64 231
1168575,7 74 230
1168575,7 63 230
1168995,55 150 
1169027,39 68 
1170238,64 92 
1170238,64 65 
1170278 103 
1170278 101 
1170811,08 100 
1170811,08 2
1170811,08 1886
1170811,08 10
1172784,25 25 
1173677,56 75 
1174888,12 72 
1175196,85 70 
1175879,54 80 
1176475,83 83 
1176770,5 64 296
1177006,29 74 211
1177006,29 61 211
1177825,53 150 
1177850,3 68 
1178367,21 92 
1178367,21 65 
1178407,85 103 
1178407,85 101 
1178953,02 100 
1178953,02 2
1178953,02 1886
1178953,02 10
1180927,42 25 
1184486,28 75 
1185696,97 72 
1185778,81 70 
1186265,64 80 
1186804,59 83 
1187264,18 64 460
1187457,99 74 174
1187457,99 61 174
1188282,95 150 
1188312,52 68 
1189529,19 92 
1189529,19 65 
1189563,08 103 
1189563,08 101 
1190094,15 100 
1190094,15 2
1190094,15 1886
1190094,15 11
1192069,31 25 
1192456,28 75 
1193667 72 
1193748,76 70 
1194253,47 80 
1194734,52 83 
1195016,36 64 282
1195228,11 74 187
1195228,11 63 187
1195652,54 150 
1195682,78 68 
1196499,25 92 
1196499,25 65 
1196533,44 103 
1196533,44 101 
1197064,82 100 
1197064,82 2
1197064,82 1886
1197064,82 11
1199039,73 25 
1200386,16 75 
1201596,71 72 
1201678,7 70 
1202176,41 80 
1202611,32 83 
1203059,78 64 449
1203297,8 74 207
1203297,8 63 207
1204124,84 150 
1204158,96 68 
1204678,87 92 
1204678,87 65 
1204716,55 103 
1204716,55 101 
1205256,5 100 
1205256,5 2
1205256,5 1886
1205256,5 11
1207262,86 25 
1208635,91 75 
1209844,55 72 
1209928,5 70 
1210429,42 80 
1210927,6 83 
1211224,02 64 297
1211447,42 256 
1211466,03 74 219
1211466,03 63 219
1211885,41 150 
1211915,66 68 
1212685 249
1213125,74 92 
1213125,74 65 
1213152,96 103 
1213152,96 101 
1213687,45 100 
1213687,45 2
1213687,45 1886
1213687,45 10
1215659,2 25 
1225442,27 75 
1226656,66 72 
1226734,62 70 
1227224,54 80 
1227653,72 83 
1227922,58 64 270
1228124,85 74 178
1228124,85 62 178
1228944,19 153 
1228974,33 68 
1229327,52 249
1229487,16 92 
1229487,16 65 
1229519,28 103 
1229519,28 101 
1230068,59 100 
1230068,59 2
1230068,59 1886
1230068,59 10
1232038,9 25 
1232772,3 75 
1233984,76 72 
1234064,82 70 
1234559,57 80 
1235103,89 83 
1235599,84 64 496
1239397,44 74 3775
1239397,44 62 3775
1239825,6 151 
1239849,73 69 
1240184,05 249 
1240969,18 182 
1241350,03 93 
1241367,5 103 
1241367,5 101 
1244910,83 100 
1244910,83 6
1244910,83 1886
1244910,83 10
1244910,83 78 
1244910,83 198 
1246885,8 25 
1246912,99 75 
1248125,03 72 
1248205,35 70 
1248698,02 80 
1249231,27 83 
1249642,57 64 412
1249908,61 256 
1249930,55 74 260
1249930,55 63 260
1250352,56 150 
1250378,39 68 
1251194,52 92 
1251194,52 65 
1251216,94 103 
1251216,94 101 
1251748,38 100 
1251748,38 6
1251748,38 1886
1251748,38 10
1253722,89 25 
1254243,09 75 
1255456,12 72 
1255535,57 70 
1256026,13 80 
1256508,02 83 
1257337,2 64 829
1257598,47 74 238
1257598,47 61 238
1258425,09 151 
1258455,73 69 
1259465,95 93 
1259479,76 103 
1259479,76 101 
1263014,39 100 
1263014,39 6
1263014,39 1886
1263014,39 10
1264998,04 25 
1266584,45 75 
1267793,99 72 
1267876,93 70 
1268362,53 80 
1268796,05 83 
1269220,56 64 425
1269473,82 74 225
1269473,82 62 225
1269895,51 151 
1269916,78 69 
1270437,06 93 
1270461,87 103 
1270461,87 101 
1274003,17 100 
1274003,17 6
1274003,17 1886
1274003,17 10
1275980,05 25 
1276007,94 75 
1277228,68 72 
1277672,75 70 
1278447,85 80 
1279138,58 83 
1279483,66 64 346
1279777,93 74 267
1279777,93 63 267
1280601,92 150 
1280632,82 68 
1281846,63 92 
1281846,63 65 
1281883,48 103 
1281883,48 101 
1282416,31 100 
1282416,31 6
1282416,31 1886
1282416,31 10
1284389,81 25 
1284416,98 75 
1285632,54 72 
1285935,84 70 
1286764,4 80 
1287414,76 83 
1287762,6 64 349
1287987,68 74 200
1287987,68 63 200
1288812,21 150 
1288842,69 68 
1289356,57 92 
1289356,57 65 
1289386,91 103 
1289386,91 101 
1289920,64 100 
1289920,64 6
1289920,64 1886
1289920,64 10
1291893,15 25 
1299397,05 75 
1300613,51 72 
1300863,29 70 
1301382,5 80 
1301915,2 83 
1302288,51 64 374
1302523,93 74 209
1302523,93 63 209
1302942,63 152 
1302969,98 69 
1303486,81 93 
1303514,2 103 
1303514,2 101 
1307094,7 100 
1307094,7 6
1307094,7 1886
1307094,7 11
1309072,45 25 
1310472,23 75 
1311682,61 72 
1311764,81 70 
1312253,13 80 
1312683,91 83 
1312975,83 64 292
1313245,88 74 256
1313245,88 62 256
1313674 151 
1313698,39 69 
1314214,68 93 
1314229,6 103 
1314229,6 101 
1317763,95 100 
1317763,95 6
1317763,95 1886
1317763,95 11
1319734,57 25 
1320734,55 75 
1321944,63 72 
1322027,06 70 
1322525,93 80 
1323012,84 83 
1323334,12 64 321
1323666,46 256 
1323683,08 74 324
1323683,08 63 324
1324502,81 151 
1324534,03 69 
1325344,1 93 
1325358,24 103 
1325358,24 101 
1328891,95 100 
1328891,95 6
1328891,95 1886
1328891,95 11
1330863,11 25 
1335394,85 75 
1336604,63 72 
1336687,46 70 
1337186,13 80 
1337726,59 83 
1337953,31 64 227
1338206,55 74 228
1338206,55 63 228
1339029,87 151 
1339061,14 69 
1340076,58 93 
1340098,53 103 
1340098,53 101 
1343637,7 100 
1343637,7 6
1343637,7 1886
1343637,7 11
1345616,77 25 
1354706,62 75 
1355925,79 72 
1356012,44 70 
1356502,28 80 
1357038,22 83 
1357509,84 64 472
1357755,31 74 224
1357755,31 62 224
1358181,75 151 
1358213,15 69 
1359023,7 93 
1359037,1 103 
1359037,1 101 
1362572,15 100 
1362572,15 6
1362572,15 1886
1362572,15 11
1364542,13 25 
1364968,98 75 
1366182,21 72 
1366261,43 70 
1366750,05 80 
1367233,9 83 
1368786,1 64 1552
1369142,94 256 
1369907,5 74 1088
1369907,5 62 1088
1370731,14 151 
1370754,18 69 
1371134,32 249 
1371482,4 182 
1372285,36 93 
1372311,35 103 
1372311,35 101 
1375842,42 100 
1375842,42 6
1375842,42 1886
1375842,42 11
1377816,45 25 
1385679,95 75 
1386892,66 72 
1386972,48 70 
1387470,75 80 
1387904,97 83 
1388334,01 64 429
1388554,04 74 196
1388554,04 62 196
1388792,27 256 
1390012,68 153 
1390039,24 68 
1390727,07 249
1390855,18 92 
1390855,18 65 
1390890,03 103 
1390890,03 101 
1391433,38 100 
1391433,38 6
1391433,38 1886
1391433,38 11
1393409,6 25 
1393689,93 75 
1394902,1 72 
1394982,44 70 
1395479,88 80 
1395968,2 83 
1396150,53 64 183
1396372,7 74 205
1396372,7 62 205
1397192,54 151 
1397222,09 69 
1397732,96 93 
1397753,74 103 
1397753,74 101 
1401287,67 100 
1401287,67 6
1401287,67 1886
1401287,67 11
1403258,73 25 
1413258,96 254 
1413280,42 101 
1415292,83 100 
1415292,83 6
1415292,83 1886
1415292,83 11
1415292,83 25 
1415347,52 75 
1415489,22 250 
1415505,76 101 
1417519,26 100 
1417519,26 6
1417519,26 1886
1417519,26 11
1417519,26 25 
1419438,07 75 
1419585,5 250 
1419610,6 101 
1421624,19 100 
1421624,19 6
1421624,19 1886
1421624,19 11
1421624,19 25 
1421677,38 75 
1422892,04 72 
1423197,13 70 
1423930,22 250 
1423955,87 101 
1425968,98 100 
1425968,98 6
1425968,98 1886
1425968,98 11
1425968,98 25 
1426022,77 75 
1426052,05 250 
1426061,16 101 
1428074,78 100 
1428074,78 6
1428074,78 1886
1428074,78 11
1428074,78 25 
1438077,37 254 
1438096,39 101 
1440108,84 100 
1440108,84 6
1440108,84 1886
1440108,84 11
1440108,84 25 
1440162,75 75 
1440317,97 250 
1440335,12 101 
1442348,63 100 
1442348,63 6
1442348,63 1886
1442348,63 11
1442348,63 25 
1442401,58 75 
1443612,06 72 
1443627,33 70 
1443742,34 80 
1444694,01 83 
1444735,29 64 41
1444953,25 74 193
1444953,25 63 193
1445380,42 151 
1445402,29 69 
1446211,62 93 
1446226,32 103 
1446226,32 101 
1449764,25 100 
1449764,25 6
1449764,25 1886
1449764,25 11
1451744,71 25 
1452291,38 75 
1453500,96 72 
1453810,53 70 
1454628,97 80 
1455382,7 83 
1455649,95 64 268
1455922,89 74 247
1455922,89 62 247
1456751,8 151 
1456770,7 69 
1457413,58 249 
1457654,12 182 
1457780,29 93 
1457794,68 103 
1457794,68 101 
1461333,76 100 
1461333,76 6
1461333,76 1886
1461333,76 11
1463312,95 25 
1463340,23 75 
1464553,24 72 
1464819,1 70 
1465345,88 80 
1465778,26 83 
1466521,15 64 743
1466751,62 74 214
1466751,62 61 214
1467177,81 150 
1467205,45 68 
1468419,7 92 
1468419,7 65 
1468443,44 103 
1468443,44 101 
1468975,3 100 
1468975,3 6
1468975,3 1886
1468975,3 11
1470951,04 25 
1470977,27 75 
1472190,8 72 
1472269,28 70 
1472759,79 80 
1473241,71 83 
1473672,47 64 432
1473851,29 74 156
1473851,29 61 156
1474278,29 150 
1474309,91 68 
1474378,94 249
1474591,2 171
1475123,92 92 
1475123,92 65 
1475160,52 103 
1475160,52 101 
1475691,76 100 
1475691,76 6
1475691,76 1886
1475691,76 10
1477666,86 25 
1477694,23 75 
1478909,51 72 
1478986,62 70 
1479483,18 80 
1480025,46 83 
1480459,75 64 435
1480722,64 74 245
1480722,64 62 245
1481550 151 
1481573,29 69 
1482091,45 93 
1482104,32 103 
1482104,32 101 
1485652,04 100 
1485652,04 6
1485652,04 1886
1485652,04 10
1487622,52 25 
1487649,8 75 
1488860,48 72 
1488942,06 70 
1489423,44 80 
1489914,66 83 
1490342,39 64 429
1490582,33 74 215
1490582,33 61 215
1491412,28 151 
1491449,1 69 
1491961,22 93 
1491980,02 103 
1491980,02 101 
1495511,43 100 
1495511,43 6
1495511,43 1886
1495511,43 10
1497485,07 25 
1497512,06 75 
1498730,3 72 
1498817,89 70 
1499310,91 80 
1499750,38 83 
1514036,6 64 14287
1514369,05 74 305
1514369,05 62 305
1514786,38 151 
1514811,62 69 
1515628,59 93 
1515649,86 103 
1515649,86 101 
1519181,95 100 
1519181,95 6
1519181,95 1886
1519181,95 10
1521154,9 25 
1521181,82 75 
1522399,09 72 
1522487,68 70 
1522980,21 80 
1523526,87 83 
1524141,91 64 615
1524679,4 256 
1524688,28 74 522
1524688,28 63 522
1525508,08 150 
1525541,08 68 
1526059,34 92 
1526059,34 65 
1526098,73 103 
1526098,73 101 
1526638,35 100 
1526638,35 6
1526638,35 1886
1526638,35 10
1528618,28 25 
1528647,16 75 
1529858,46 72 
1529937,88 70 
1530434 80 
1530870,3 83 
1531295,48 64 426
1531521,96 74 199
1531521,96 63 199
1531946,03 150 
1531978,44 68 
1533190,25 92 
1533190,25 65 
1533228,95 103 
1533228,95 101 
1533762,88 100 
1533762,88 6
1533762,88 1886
1533762,88 11
1535735,23 25 
1536428,7 75 
1537637,98 72 
1537721,13 70 
1538222,13 80 
1538760,29 83 
1538825,29 64 65
1539038,12 74 185
1539038,12 61 185
1539458,48 150 
1539481,79 68 
1540302,38 92 
1540302,38 65 
1540332,6 103 
1540332,6 101 
1540864,51 100 
1540864,51 6
1540864,51 1886
1540864,51 11
1542838,83 25 
1550116,32 75 
1551330,8 72 
1551408,66 70 
1551906,15 80 
1552394,5 83 
1552955,95 64 562
1553158,37 74 178
1553158,37 62 178
1553978,09 151 
1554008,86 69 
1555018,99 93 
1555033,08 103 
1555033,08 101 
1558574,15 100 
1558574,15 6
1558574,15 1886
1558574,15 11
1560551,3 25 
1560579,06 75 
1561789,3 72 
1561870,83 70 
1562367,81 80 
1562909,97 83 
1563121,93 64 212
1563317,73 74 168
1563317,73 61 168
1563736,42 150 
1563764,77 68 
1564281,02 92 
1564281,02 65 
1564322,47 103 
1564322,47 101 
1564865,12 100 
1564865,12 6
1564865,12 1886
1564865,12 10
1566828,54 25 
1566882,36 75 
1568099,2 72 
1568468,05 70 
1569033,04 80 
1569573,71 83 
1569884,98 64 312
1570150,63 74 244
1570150,63 62 244
1570977,04 151 
1571001,57 69 
1571518,27 93 
1571532,56 103 
1571532,56 101 
1575066,99 100 
1575066,99 6
1575066,99 1886
1575066,99 10
1577037,56 25 
1579023,71 75 
1584354,26 250 
1584366,59 101 
1586380,21 100 
1586380,21 6
1586380,21 1886
1586380,21 10
1586380,21 25 
1588272,38 75 
1588519,76 250 
1588538,12 101 
1590551,76 100 
1590551,76 6
1590551,76 1886
1590551,76 10
1590551,76 25 
1590951,15 75 
1592168,08 72 
1592244,73 70 
1592749,54 80 
1593190,23 83 
1593518,16 64 328
1593750,39 74 215
1593750,39 61 215
1594178,35 151 
1594205,09 69 
1594803,76 249 
1594901,66 181 
1595703,32 93 
1595722,21 103 
1595722,21 101 
1599260,57 100 
1599260,57 6
1599260,57 1886
1599260,57 10
1601240,44 25 
1604959,32 75 
1606167,97 72 
1606251,85 70 
1606747,21 80 
1607184,26 83 
1607822,06 64 638
1608038,31 74 188
1608038,31 61 188
1608866,13 151 
1608891,29 69 
1609429,05 249 
1609519,44 181 
1610317,66 93 
1610329,24 103 
1610329,24 101 
1613861,34 100 
1613861,34 6
1613861,34 1886
1613861,34 10
1615834,25 25 
1618033,62 75 
1619249,05 72 
1619326,22 70 
1619823,8 80 
1620365,31 83 
1620569,27 64 204
1620819,39 74 228
1620819,39 63 228
1621245,72 152 
1621273,45 69 
1622289,54 93 
1622310,76 103 
1622310,76 101 
1625844,37 100 
1625844,37 6
1625844,37 1886
1625844,37 11
1627815,78 25 
1628135,99 75 
1629345,54 72 
1629428,51 70 
1629918,75 80 
1630414,27 83 
1630581,42 64 168
1630809,05 74 195
1630809,05 61 195
1631633,68 150 
1631668,94 68 
1632488,86 92 
1632488,86 65 
1632519,72 103 
1632519,72 101 
1633069,54 100 
1633069,54 6
1633069,54 1886
1633069,54 10
1635039,38 25 
1637145,42 75 
1638354,77 72 
1638437,94 70 
1638928,47 80 
1639423,78 83 
1639499,34 64 76
1639736,17 256 
1639745,86 74 216
1639745,86 63 216
1640564,69 150 
1640598,44 68 
1641116,43 92 
1641116,43 65 
1641155,99 103 
1641155,99 101 
1641687,03 100 
1641687,03 6
1641687,03 1886
1641687,03 10
1643663,81 25 
1652165,7 75 
1653378,64 72 
1653471,53 70 
1653967,63 80 
1654510,73 83 
1655484,79 64 975
1655685,63 74 176
1655685,63 61 176
1656103,97 151 
1656138,55 69 
1656657,06 93 
1656669,35 103 
1656669,35 101 
1660202,88 100 
1660202,88 6
1660202,88 1886
1660202,88 10
1662174,35 25 
1672175,03 254 
1672195,93 101 
1674208,43 100 
1674208,43 6
1674208,43 1886
1674208,43 10
1674208,43 25 
1675315,9 75 
1675324,15 250 
1675340,89 101 
1677354,49 100 
1677354,49 6
1677354,49 1886
1677354,49 10
1677354,49 25 
1680886,28 75 
1680968,44 250 
1680991,8 101 
1683005,44 100 
1683005,44 6
1683005,44 1886
1683005,44 10
1683005,44 25 
1683058,32 75 
1684275,53 72 
1684591,63 70 
1685313,99 250 
1685323,71 101 
1687336,87 100 
1687336,87 6
1687336,87 1886
1687336,87 10
1687336,87 25 
1688376,77 75 
1689587,14 72 
1689601,99 70 
1689716,38 80 
1690601,85 83 
1690737,07 64 135
1690908,47 74 148
1690908,47 61 148
1691334,34 151 
1691362,18 69 
1692176,64 93 
1692187,56 103 
1692187,56 101 
1695727,61 100 
1695727,61 6
1695727,61 1886
1695727,61 10
1697705,73 25 
1700718,15 75 
1701935,31 72 
1702238,49 70 
1703078,43 80 
1703729,63 83 
1703791,9 64 63
1703998,37 74 190
1703998,37 61 190
1704824,92 151 
1704849,8 69 
1705866,73 93 
1705888,23 103 
1705888,23 101 
1709446,53 100 
1709446,53 6
1709446,53 1886
1709446,53 10
1711419,94 25 
1714685,55 75 
1715895,08 72 
1716191,24 70 
1716869,44 80 
1717470,28 83 
1717741,75 64 272
1717994,37 74 232
1717994,37 62 232
1718413,08 153 
1718445,11 68 
1718792,19 249
1718916,31 172 
1718955,47 92 
1718955,47 65 
1718989,32 103 
1718989,32 101 
1719522,64 100 
1719522,64 6
1719522,64 1886
1719522,64 10
1721495,52 25 
1722122,3 75 
1723334,42 72 
1723588,11 70 
1724110,73 80 
1724653,94 83 
1724745,32 64 91
1724986,16 74 226
1724986,16 61 226
1725096,63 256 
1725919,29 151 
1725947,69 69 
1726764,96 93 
1726785,91 103 
1726785,91 101 
1730327,44 100 
1730327,44 6
1730327,44 1886
1730327,44 10
1732304,28 25 
1735343,37 75 
1736555,13 72 
1736635,82 70 
1737119,11 80 
1737661,64 83 
1737929,24 64 268
1738223,61 74 269
1738223,61 62 269
1739043,13 151 
1739075,43 69 
1739885,19 93 
1739900,28 103 
1739900,28 101 
1743434,02 100 
1743434,02 6
1743434,02 1886
1743434,02 10
1745405,33 25 
1750123,62 75 
1751333,53 72 
1751416,13 70 
1751911,49 80 
1752348,84 83 
1752617,02 64 269
1752836,56 74 195
1752836,56 63 195
1753263,19 150 
1753283,58 68 
1753797,07 92 
1753797,07 65 
1753827,68 103 
1753827,68 101 
1754365,97 100 
1754365,97 6
1754365,97 1886
1754365,97 10
1756334,09 25 
1756694,28 75 
1757904,41 72 
1757986,64 70 
1758484,93 80 
1758972,49 83 
1759156,99 64 185
1759363,47 74 179
1759363,47 63 179
1759780,7 150 
1759813,93 68 
1761024,11 92 
1761024,11 65 
1761064,61 103 
1761064,61 101 
1761602,03 100 
1761602,03 6
1761602,03 1886
1761602,03 11
1763584,13 25 
1766676,52 75 
1767894,59 72 
1767969,31 70 
1768474,07 80 
1768901,55 83 
1769100,35 64 199
1769283,97 74 156
1769283,97 61 156
1770100,05 150 
1770131,09 68 
1771345,08 92 
1771345,08 65 
1771380,12 103 
1771380,12 101 
1771916,48 100 
1771916,48 6
1771916,48 1886
1771916,48 10
1773886,38 25 
1774499,8 75 
1775712,67 72 
1775792,39 70 
1776282,82 80 
1776764,85 83 
1776916,98 64 152
1777156,77 74 219
1777156,77 63 219
1777582,01 150 
1777606,26 68 
1778126,08 92 
1778126,08 65 
1778163,91 103 
1778163,91 101 
1778695,36 100 
1778695,36 6
1778695,36 1886
1778695,36 11
1780670,14 25 
1790671,52 254 
1790691,78 101 
1792704,24 100 
1792704,24 6
1792704,24 1886
1792704,24 11
1792704,24 25 
1793984,83 75 
1795192,62 72 
1795277,36 70 
1795770,48 80 
1796316,46 83 
1796469,51 64 154
1796642,43 74 154
1796642,43 61 154
1797462,49 150 
1797491,21 68 
1798107,09 249
1798161,98 171
1798303,78 92 
1798303,78 65 
1798341,89 103 
1798341,89 101 
1798885,57 100 
1798885,57 6
1798885,57 1886
1798885,57 10
1800861,54 25 
1801661,53 75 
1802872,48 72 
1802954,01 70 
1803446,46 80 
1803950,05 250 
1803966,09 101 
1805979,37 100 
1805979,37 6
1805979,37 1886
1805979,37 10
1805979,37 25 
1812736,87 75 
1812751,64 250 
1812762,1 101 
1814762,43 100 
1814762,43 6
1814762,43 1886
1814762,43 10
1814762,43 25 
1824763,8 254 
1824783,82 101 
1826796,29 100 
1826796,29 6
1826796,29 1886
1826796,29 10
1826796,29 25 
1828715,86 75 
1828734,87 250 
1828755,19 101 
1830768,64 100 
1830768,64 6
1830768,64 1886
1830768,64 10
1830768,64 25 
1834300,12 75 
1834310,91 250 
1834326,37 101 
1836339,58 100 
1836339,58 6
1836339,58 1886
1836339,58 10
1836339,58 25 
1839431,26 75 
1840642,32 72 
1841071,01 70 
1841752,56 250 
1841763,18 101 
1843776,56 100 
1843776,56 6
1843776,56 1886
1843776,56 10
1843776,56 25 
1845616,03 75 
1846832,17 72 
1846854,37 70 
1846972,38 80 
1847960,97 83 
1848003,3 64 42
1848205,11 74 178
1848205,11 62 178
1848633,06 151 
1848655,96 69 
1848985,8 249 
1849675,1 93 
1849693,44 103 
1849693,44 101 
1853224,68 100 
1853224,68 6
1853224,68 1886
1853224,68 10
1855198,23 25 
1860689,52 75 
1860866,07 250 
1860887,95 101 
1862901,52 100 
1862901,52 6
1862901,52 1886
1862901,52 10
1862901,52 25 
1863274,36 75 
1864491,95 72 
1864794,36 70 
1865622,78 80 
1866419,7 83 
1866495,97 64 77
1866724,01 74 198
1866724,01 61 198
1867551,2 151 
1867580,35 69 
1868093,84 93 
1868125,29 103 
1868125,29 101 
1871658,12 100 
1871658,12 6
1871658,12 1886
1871658,12 10
1873630,25 25 
1873659,87 75 
1874870,46 72 
1875176,5 70 
1876004,38 80 
1876655,33 83 
1876928,44 64 274
1877200,04 74 252
1877200,04 62 252
1878021,68 153 
1878043,17 68 
1878352,26 249
1878423,21 172 
1878864,99 92 
1878864,99 65 
1878894 103 
1878894 101 
1879431,58 100 
1879431,58 6
1879431,58 1886
1879431,58 10
1881413,65 25 
1884319,44 75 
1885529,71 72 
1885838,59 70 
1886693,86 80 
1887490,99 83 
1887503,19 64 12
1887743,32 74 226
1887743,32 62 226
1888171,05 151 
1888199,02 69 
1888710,49 93 
1888729,82 103 
1888729,82 101 
1892265,16 100 
1892265,16 6
1892265,16 1886
1892265,16 10
1894235,02 25 
1900979,35 75 
1902190,98 72 
1902444,83 70 
1902980,49 80 
1903537,22 83 
1903891,11 64 354
1904109,91 74 200
1904109,91 62 200
1904927,63 151 
1904951,78 69 
1905962,17 93 
1905978,47 103 
1905978,47 101 
1909508,36 100 
1909508,36 6
1909508,36 1886
1909508,36 10
1911480,75 25 
1911907,61 75 
1913121,57 72 
1913200,3 70 
1913689,87 80 
1914119,27 83 
1915167,23 64 1048
1915462,45 74 265
1915462,45 62 265
1915887,27 151 
1915920,27 69 
1916732,56 93 
1916757,84 103 
1916757,84 101 
1920299,97 100 
1920299,97 6
1920299,97 1886
1920299,97 10
1922277,71 25 
1925555,07 75 
1926769,52 72 
1926847,6 70 
1927349,73 80 
1927886,68 83 
1928058,47 64 173
1928292,32 74 206
1928292,32 62 206
1928716,49 151 
1928741,39 69 
1929485,62 249 
1929750,49 93 
1929765,54 103 
1929765,54 101 
1933298,31 100 
1933298,31 6
1933298,31 1886
1933298,31 10
1935270,57 25 
1936017,31 75 
1937229,23 72 
1937309,77 70 
1937803,46 80 
1938242,4 83 
1938527,79 64 286
1938764,37 74 216
1938764,37 61 216
1939585,46 151 
1939616,13 69 
1940133,63 93 
1940161,07 103 
1940161,07 101 
1943697,11 100 
1943697,11 6
1943697,11 1886
1943697,11 10
1945666,09 25 
1949038,29 75 
1950249,95 72 
1950330,9 70 
1950824,1 80 
1951316,67 83 
1951469,38 64 154
1951684,72 74 195
1951684,72 61 195
1952107,03 151 
1952130,79 69 
1952819,36 249 
1953072,82 181 
1955052,92 256 
2113772,63 93 
2113793,22 103 
2113793,22 101 
2117329,84 100 
2117329,84 6
2117329,84 1886
2117329,84 10
2119311,53 25 
2119391,86 75 
2120606,79 72 
2120924,34 70 
2121760,71 80 
2122403,26 83 
2122940,69 64 538
2123179,97 74 217
2123179,97 61 217
2124005,34 151 
2124031,4 69 
2124845,52 93 
2124868,47 103 
2124868,47 101 
2128400,93 100 
2128400,93 6
2128400,93 1886
2128400,93 10
2130373,5 25 
2130400,81 75 
2131615,96 72 
2131693 70 
2132184,84 80 
2132678,82 83 
2132929,98 64 251
2133207,34 74 249
2133207,34 63 249
2134034,11 152 
2134066,84 69 
2135077,17 93 
2135090,78 103 
2135090,78 101 
2138623 100 
2138623 6
2138623 1886
2138623 10
2140595,77 25 
2144714,4 75 
2145925,85 72 
2146006,85 70 
2146495,86 80 
2147032,64 83 
2148052,08 64 1020
2148256,94 74 185
2148256,94 61 185
2148682,27 151 
2148713,75 69 
2149228,63 93 
2149259,53 103 
2149259,53 101 
2152828,29 100 
2152828,29 6
2152828,29 1886
2152828,29 10
2154802,97 25 
2154830,41 75 
2156044,11 72 
2156122,54 70 
2156617,12 80 
2157055,23 83 
2157468,02 64 413
2157664,91 74 170
2157664,91 62 170
2158084,46 151 
2158109,1 69 
2158626,67 93 
2158640,64 103 
2158640,64 101 
2162173,19 100 
2162173,19 3
2162173,19 1886
2162173,19 10
2162173,19 78 
2162173,19 198 
2164145,65 25 
2164252,61 75 
2165465,96 72 
2165545,19 70 
2166042,09 80 
2166584,31 83 
2167061,87 64 478
2167328,18 74 238
2167328,18 62 238
2168155,08 150 
2168185,49 68 
2168598,2 249
2168683,2 172 
2169397,87 92 
2169397,87 65 
2169436,01 103 
2169436,01 101 
2169969,72 100 
2169969,72 3
2169969,72 1886
2169969,72 10
2171942,27 25 
2171970,53 75 
2173182,65 72 
2173262,02 70 
2173755,75 80 
2174247,63 83 
2174329,48 64 83
2174517,26 74 163
2174517,26 62 163
2174941,32 150 
2174969,28 68 
2175310,71 249
2175367,1 172 
2175786,55 92 
2175786,55 65 
2175819,94 103 
2175819,94 101 
2176360,25 100 
2176360,25 3
2176360,25 1886
2176360,25 11
2178339,64 25 
2178406,62 75 
2179615,06 72 
2179699,09 70 
2180200,62 80 
2180725,47 250 
2180737,78 101 
2182764,32 100 
2182764,32 3
2182764,32 1886
2182764,32 11
2182764,32 25 
2182951,26 75 
2184164,93 72 
2184243,78 70 
2184738,63 80 
2185269,57 83 
2185474,89 64 206
2185687,15 74 191
2185687,15 61 191
2186514,45 151 
2186537,48 69 
2187055,9 93 
2187068,54 103 
2187068,54 101 
2190605,02 100 
2190605,02 3
2190605,02 1886
2190605,02 11
2192586,86 25 
2202608,37 254 
2202635,08 101 
2204647,51 100 
2204647,51 3
2204647,51 1886
2204647,51 11
2204647,51 25 
2206034,76 75 
2207242,72 72 
2207327,2 70 
2207827,94 80 
2208326,36 83 
2208805,94 64 480
2209026,62 74 194
2209026,62 62 194
2209453,91 151 
2209474,31 69 
2210286,15 93 
2210311,87 103 
2210311,87 101 
2213844,52 100 
2213844,52 3
2213844,52 1886
2213844,52 11
2215816,79 25 
2225819,1 254 
2225838,44 101 
2227837,71 100 
2227837,71 3
2227837,71 1886
2227837,71 11
2227837,71 25 
2227892,04 75 
2227912,86 250 
2227930,53 101 
2229944,06 100 
2229944,06 3
2229944,06 1886
2229944,06 11
2229944,06 25 
2230170,7 75 
2230235,3 250 
2230262,81 101 
2232276,47 100 
2232276,47 3
2232276,47 1886
2232276,47 11
2232276,47 25 
2234874,91 75 
2234895,66 250 
2234914,18 101 
2236927,83 100 
2236927,83 3
2236927,83 1886
2236927,83 11
2236927,83 25 
2240033,08 75 
2241243,11 72 
2241552,66 70 
2242225,57 80 
2242818,22 83 
2243161,47 64 344
2243365,82 74 188
2243365,82 62 188
2244192,97 151 
2244219,62 69 
2245166,03 249 
2245234,88 93 
2245243,6 103 
2245243,6 101 
2248785,35 100 
2248785,35 3
2248785,35 1886
2248785,35 11
2250761,79 25 
2260761,22 254 
2260783,42 101 
2262795,9 100 
2262795,9 3
2262795,9 1886
2262795,9 11
2262795,9 25 
2268514,55 75 
2269721,07 72 
2269980,34 70 
2270498,29 80 
2271046,1 83 
2271382,83 64 337
2271584,56 74 179
2271584,56 62 179
2272012,05 151 
2272047,02 69 
2272563,6 93 
2272578,52 103 
2272578,52 101 
2276110,46 100 
2276110,46 3
2276110,46 1886
2276110,46 11
2278083,42 25 
2278111,05 75 
2279320,8 72 
2279402,96 70 
2279904,01 80 
2280348,88 83 
2280675,43 64 326
2280715,18 256 
2280964,15 74 256
2280964,15 62 256
2281792,01 151 
2281816,76 69 
2282760,76 249 
2283102,31 256 
2298193,49 182 
2520831,08 93 
2520858,6 103 
2520858,6 101 
2524395,24 100 
2524395,24 3
2524395,24 1886
2524395,24 11
2526376,9 25 
2528043,29 75 
2529255,86 72 
2529508,99 70 
2530026,19 80 
2530508,15 83 
2530682,52 64 175
2530885,91 74 178
2530885,91 61 178
2531704,69 153 
2531736,24 68 
2532250,87 92 
2532250,87 65 
2532280,4 103 
2532280,4 101 
2532819,94 100 
2532819,94 3
2532819,94 1886
2532819,94 11
2534800,01 25 
2534827,35 75 
2536036,1 72 
2536119,53 70 
2536622,28 80 
2537171,98 83 
2537256,3 64 84
2537431,13 74 153
2537431,13 61 153
2537855,74 151 
2537882,43 69 
2538698,85 93 
2538717,62 103 
2538717,62 101 
2542248,6 100 
2542248,6 3
2542248,6 1886
2542248,6 11
2544222,58 25 
2545169,21 75 
2546387,1 72 
2546475,14 70 
2546975,03 80 
2547443,7 250 
2547460,5 101 
2549460,67 100 
2549460,67 3
2549460,67 1886
2549460,67 11
2549460,67 25 
2549528,47 75 
2550734,76 72 
2550819,85 70 
2551326,05 80 
2551805,68 83 
2552013,62 64 209
2552216,24 74 184
2552216,24 61 184
2552634,72 151 
2552659,72 69 
2553178,95 93 
2553204,71 103 
2553204,71 101 
2556735,87 100 
2556735,87 3
2556735,87 1886
2556735,87 11
2558709,76 25 
2562028,67 75 
2563247,42 72 
2563334,49 70 
2563827,41 80 
2564267,05 83 
2564450,48 64 183
2564685,07 74 205
2564685,07 62 205
2565502,48 151 
2565534,19 69 
2566547,21 93 
2566558,98 103 
2566558,98 101 
2570103,43 100 
2570103,43 3
2570103,43 1886
2570103,43 11
2572077,35 25 
2572104,8 75 
2573314,59 72 
2573396,83 70 
2573889,44 80 
2574422,63 83 
2574768,6 64 347
2575014,8 74 219
2575014,8 62 219
2575833,61 151 
2575863,91 69 
2576767,37 249 
2576890,08 182 
2577890,04 93 
2577914,11 103 
2577914,11 101 
2581446,41 100 
2581446,41 3
2581446,41 1886
2581446,41 11
2583419,16 25 
2584885,61 75 
2586097,29 72 
2586178,08 70 
2586679,33 80 
2587123,83 83 
2587321,89 64 198
2587528,26 74 178
2587528,26 61 178
2587955,01 151 
2587977,91 69 
2588494,48 93 
2588509,6 103 
2588509,6 101 
2592042,45 100 
2592042,45 3
2592042,45 1886
2592042,45 11
2594014,54 25 
2595534,24 75 
2596744,89 72 
2596826,79 70 
2597314,54 80 
2597799,38 83 
2598092,66 64 294
2598347,05 74 228
2598347,05 62 228
2599176,81 151 
2599199,83 69 
2600017,14 93 
2600037,99 103 
2600037,99 101 
2603577,06 100 
2603577,06 3
2603577,06 1886
2603577,06 11
2605556,32 25 
2609968,05 75 
2611185,15 72 
2611260,65 70 
2611761,51 80 
2612246,43 83 
2612872,02 64 626
2613113,86 256 
2613124,46 74 226
2613124,46 63 226
2613545,54 150 
2613567,64 68 
2614788,94 92 
2614788,94 65 
2614818,3 103 
2614818,3 101 
2615355,21 100 
2615355,21 3
2615355,21 1886
2615355,21 10
2617324,63 25 
2624588,54 75 
2625805,8 72 
2625881,24 70 
2626384,26 80 
2626813,5 83 
2626878,3 64 65
2627093,38 74 188
2627093,38 61 188
2627912,89 151 
2627934,9 69 
2628447,8 93 
2628465,82 103 
2628465,82 101 
2631998,63 100 
2631998,63 3
2631998,63 1886
2631998,63 10
2633970,74 25 
2640435,01 75 
2640442,95 250 
2640460,66 101 
2642460,64 100 
2642460,64 3
2642460,64 1886
2642460,64 10
2642460,64 25 
2643593,47 75 
2643607,6 250 
2643632,19 101 
2645645,73 100 
2645645,73 3
2645645,73 1886
2645645,73 10
2645645,73 25 
2647244,71 75 
2648453,62 72 
2648764,71 70 
2649594,51 80 
2650443,36 83 
2650639,06 64 196
2650984,52 74 315
2650984,52 62 315
2651419,65 150 
2651458,09 68 
2651877,59 249
2652277,09 92 
2652277,09 65 
2652308,87 103 
2652308,87 101 
2652853,07 100 
2652853,07 3
2652853,07 1886
2652853,07 10
2654828,6 25 
2657361,14 75 
2658574,32 72 
2658826,86 70 
2659350,49 80 
2659839,31 83 
2659952,29 64 113
2660205,22 74 233
2660205,22 62 233
2660631,92 150 
2660653,46 68 
2660992,24 249
2661163,54 92 
2661163,54 65 
2661185,36 103 
2661185,36 101 
2661717,02 100 
2661717,02 3
2661717,02 1886
2661717,02 10
2663691,37 25 
2668516,35 75 
2669732,52 72 
2669822,15 70 
2670313,55 80 
2670741,29 83 
2670969,25 64 228
2671165,94 74 172
2671165,94 61 172
2671993 151 
2672021,85 69 
2672837,3 93 
2672860,12 103 
2672860,12 101 
2676397,95 100 
2676397,95 3
2676397,95 1886
2676397,95 10
2678378,41 25 
2678818,65 75 
2680033,93 72 
2680111,1 70 
2680616,99 80 
2681163,55 83 
2681278 64 115
2681503,59 74 194
2681503,59 63 194
2682322,66 151 
2682351,63 69 
2683364,48 93 
2683375,57 103 
2683375,57 101 
2686913,39 100 
2686913,39 3
2686913,39 1886
2686913,39 10
2688893,83 25 
2690120,52 75 
2691334,05 72 
2691412,94 70 
2691901,9 80 
2692425,45 83 
2692471,4 64 46
2692675,66 74 184
2692675,66 61 184
2693104,4 153 
2693132,8 68 
2693644,04 92 
2693644,04 65 
2693677,79 103 
2693677,79 101 
2694211,44 100 
2694211,44 3
2694211,44 1886
2694211,44 10
2696184,11 25 
2697623,81 75 
2698833,75 72 
2698916,35 70 
2699416,13 80 
2699848,84 83 
2700173,2 64 324
2700355,94 74 161
2700355,94 61 161
2701180,86 151 
2701210,03 69 
2701726,39 93 
2701754,32 103 
2701754,32 101 
2705286,21 100 
2705286,21 3
2705286,21 1886
2705286,21 10
2707259,29 25 
2709072,2 75 
2710284,28 72 
2710364,82 70 
2710865 80 
2711363,96 83 
2711444,5 64 81
2711681,34 256 
2711692,26 74 235
2711692,26 63 235
2712120,96 151 
2712152,1 69 
2713164,89 93 
2713189,45 103 
2713189,45 101 
2716733,42 100 
2716733,42 3
2716733,42 1886
2716733,42 10
2718707,85 25 
2724265,71 75 
2724296,46 250 
2724317,58 101 
2726331,11 100 
2726331,11 3
2726331,11 1886
2726331,11 10
2726331,11 25 
2728130,02 75 
2728368,07 250 
2728382,45 101 
2730396,02 100 
2730396,02 3
2730396,02 1886
2730396,02 10
2730396,02 25 
2733940,84 75 
2734679,43 250 
2734699,74 101 
2736739,98 100 
2736739,98 3
2736739,98 1886
2736739,98 10
2736739,98 25 
2738325,62 75 
2739540,48 72 
2739632,21 70 
2740127,5 80 
2740618 83 
2740759,68 64 142
2740986,64 74 209
2740986,64 63 209
2741811,5 151 
2741832,71 69 
2741909,82 249 
2742284,32 183 
2742365,9 256 
2843419,3 93 
2843440,22 103 
2843440,22 101 
2846971,3 100 
2846971,3 3
2846971,3 1886
2846971,3 10
2848945,17 25 
2852690,67 75 
2853899,71 72 
2854209,86 70 
2855036,52 80 
2855781,9 83 
2855865,12 64 83
2856068,33 74 180
2856068,33 61 180
2856488,35 151 
2856517,26 69 
2857330,46 93 
2857340,93 103 
2857340,93 101 
2860873,96 100 
2860873,96 3
2860873,96 1886
2860873,96 10
2862845,93 25 
2864192,66 75 
2865411,29 72 
2865711,45 70 
2866381,53 80 
2867083,76 83 
2867097,88 64 15
2867342,6 74 220
2867342,6 63 220
2867769,9 151 
2867791,88 69 
2868310,33 93 
2868322,88 103 
2868322,88 101 
2871861,63 100 
2871861,63 3
2871861,63 1886
2871861,63 10
2873841,19 25 
2875760,78 75 
2876969,11 72 
2877053,32 70 
2877796,24 80 
2878345,57 83 
2878761,53 64 417
2878980,12 74 195
2878980,12 62 195
2879799,43 152 
2879826,87 69 
2880343,02 93 
2880371,03 103 
2880371,03 101 
2883906,48 100 
2883906,48 3
2883906,48 1886
2883906,48 10
2885876,31 25 
2885903,62 75 
2887120,45 72 
2887382,17 70 
2887906,06 80 
2888447,95 83 
2888736,69 64 289
2888951,27 256 
2888977,9 74 224
2888977,9 61 224
2889396,54 151 
2889422,83 69 
2890242,94 93 
2890273,45 103 
2890273,45 101 
2893804,73 100 
2893804,73 3
2893804,73 1886
2893804,73 10
2895778,42 25 
2898510,96 75 
2899728,35 72 
2899816,79 70 
2900314,12 80 
2900749,34 83 
2900951,04 64 202
2901157,72 74 182
2901157,72 62 182
2901976,16 150 
2902004,07 68 
2902372,72 249
2902819,4 92 
2902819,4 65 
2902854,74 103 
2902854,74 101 
2903397,96 100 
2903397,96 3
2903397,96 1886
2903397,96 11
2905374,32 25 
2906121,09 75 
2907337,14 72 
2907413,73 70 
2907912,45 80 
2908466,05 83 
2908477,03 64 11
2908658,92 74 153
2908658,92 61 153
2909084,69 151 
2909107,61 69 
2909921,18 93 
2909945,04 103 
2909945,04 101 
2913476,1 100 
2913476,1 3
2913476,1 1886
2913476,1 11
2915449,97 25 
2921367,85 75 
2922111,55 250 
2922126,13 101 
2924139,6 100 
2924139,6 3
2924139,6 1886
2924139,6 11
2924139,6 25 
2924206,18 75 
2925419,11 72 
2925499,12 70 
2925990,04 80 
2926431,65 83 
2926647,13 64 216
2926878,01 74 207
2926878,01 62 207
2927697,82 151 
2927726,21 69 
2928739,62 93 
2928750,26 103 
2928750,26 101 
2932286,13 100 
2932286,13 3
2932286,13 1886
2932286,13 11
2934268,62 25 
2936241,42 75 
2937458,44 72 
2937534,01 70 
2938034,74 80 
2938519,74 83 
2938690,16 64 170
2938892,64 74 174
2938892,64 63 174
2939317,4 150 
2939347,17 68 
2940559,8 92 
2940559,8 65 
2940598,54 103 
2940598,54 101 
2941140,68 100 
2941140,68 3
2941140,68 1886
2941140,68 11
2943118,11 25 
2944104,79 75 
2945317,45 72 
2945397,27 70 
2945890,88 80 
2946383,13 83 
2946601,43 64 218
2946808,8 74 186
2946808,8 63 186
2947638,92 150 
2947664,38 68 
2948477,87 92 
2948477,87 65 
2948515,16 103 
2948515,16 101 
2949049,84 100 
2949049,84 3
2949049,84 1886
2949049,84 10
2951021,48 25 
2954553,79 75 
2954980,68 250 
2955005,25 101 
2957018,81 100 
2957018,81 3
2957018,81 1886
2957018,81 10
2957018,81 25 
2962163,07 75 
2963376,96 72 
2963456,24 70 
2963955,32 80 
2964388,69 83 
2964597,72 64 210
2964800,77 74 186
2964800,77 61 186
2965225,28 151 
2965256,79 69 
2965768,68 93 
2965787,72 103 
2965787,72 101 
2969318,71 100 
2969318,71 3
2969318,71 1886
2969318,71 10
2971292,69 25 
2977010,77 75 
2978227,12 72 
2978303,76 70 
2978795,2 80 
2979342,25 83 
2979835,16 64 493
2980088,71 74 227
2980088,71 62 227
2980913,58 150 
2980943,67 68 
2981268,28 249
2981322,16 172 
2982155,72 92 
2982155,72 65 
2982180,72 103 
2982180,72 101 
2982728,62 100 
2982728,62 3
2982728,62 1886
2982728,62 10
2984700,26 25 
2986539,87 75 
2987757,07 72 
2988072,39 70 
2988744,71 80 
2989284,69 83 
2989368,55 64 85
2989569,06 74 178
2989569,06 62 178
2990396,37 150 
2990418,56 68 
2990763,7 249
2990936,89 92 
2990936,89 65 
2990977,48 103 
2990977,48 101 
2991507,73 100 
2991507,73 3
2991507,73 1886
2991507,73 10
2993483,17 25 
2994363,28 75 
2995580,35 72 
2995669,05 70 
2996166,4 80 
2996694,92 83 
2996856,03 64 161
2997079,15 74 198
2997079,15 62 198
2997505,89 150 
2997535,61 68 
2997884,99 249
2998746,32 92 
2998746,32 65 
2998786,89 103 
2998786,89 101 
2999321,85 100 
2999321,85 3
2999321,85 1886
2999321,85 10
3001293,15 25 
3011293,75 254 
3011314,79 101 
3013314,17 100 
3013314,17 3
3013314,17 1886
3013314,17 10
3013314,17 25 
3015847,29 75 
3017057,18 72 
3017139,97 70 
3017642,13 80 
3018072,28 83 
3018212,6 64 141
3018398,54 256 
3018534,2 74 302
3018534,2 63 302
3018952,7 151 
3018979,76 69 
3019497,71 93 
3019524,71 103 
3019524,71 101 
3023063,55 100 
3023063,55 3
3023063,55 1886
3023063,55 10
3025042,97 25 
3029241,6 75 
3030456,41 72 
3030534,04 70 
3031031,25 80 
3031573,23 83 
3031661,35 64 88
3031887,4 74 208
3031887,4 61 208
3032715,84 153 
3032747,17 68 
3033556,65 92 
3033556,65 65 
3033598,65 103 
3033598,65 101 
3034135,18 100 
3034135,18 3
3034135,18 1886
3034135,18 10
3036105,12 25 
3038650,98 75 
3039865,06 72 
3039943,39 70 
3040433,2 80 
3040862,67 83 
3041152,11 64 290
3041345,04 256 
3041366,99 74 198
3041366,99 63 198
3042195,66 151 
3042223,75 69 
3042738,64 93 
3042768,03 103 
3042768,03 101 
3046300,85 100 
3046300,85 3
3046300,85 1886
3046300,85 10
3048272,99 25 
3050898,88 75 
3050913,63 250 
3050937,6 101 
3052950,99 100 
3052950,99 3
3052950,99 1886
3052950,99 10
3052950,99 25 
3057615,28 75 
3057659,59 250 
3057681,18 101 
3059696,11 100 
3059696,11 3
3059696,11 1886
3059696,11 10
3059696,11 25 
3067104,6 75 
3067148,18 250 
3067170,54 101 
3069184,03 100 
3069184,03 3
3069184,03 1886
3069184,03 10
3069184,03 25 
3072742,14 75 
3073953,88 72 
3074035,41 70 
3074527,99 80 
3075021,24 83 
3075489,89 64 469
3082098,01 74 6584
3082098,01 62 6584
3082524,4 150 
3082553,29 68 
3082958,32 249
3083064,79 172 
3083089,5 92 
3083089,5 65 
3083124,05 103 
3083124,05 101 
3085493,01 102 
